1 0.7459499262695313 0.8522117960000001 0.7427589594726562 0.8502010726666668 0.7329405991210938 0.8378016086666666 0.7282768779296875 0.8341152813333333 0.71919489453125 0.8341152813333333 0.7120765830078125 0.8371313673333334 0.6492390771484375 0.8491957106666667 0.637947962890625 0.8569034853333333 0.6362297495117187 0.8612600533333332 0.63770250390625 0.8669571046666666 0.641875306640625 0.8726541553333333 0.6480117822265625 0.8780160859999999 0.6494845361328125 0.8830428953333334 0.6445753559570313 0.8890750673333334 0.6431026020507813 0.9095174260000001 0.6450662739257812 0.9132037533333334 0.6487481591796875 0.9165549599999999 0.6647029946289063 0.9286193026666667 0.6693667158203125 0.9282841820000001 0.681885125 0.9212466486666667 0.7437407954101563 0.9111930293333333 0.7663230239257812 0.9172252013333333 0.7714776630859375 0.9168900806666667 0.780068728515625 0.9108579086666667 0.7857142856445313 0.9044906166666666 0.7859597446289063 0.9008042893333333 0.779086892578125 0.8887399466666668 0.7668139418945312 0.8803619300000001 0.7547864506835937 0.8783512066666667 0.7525773198242187 0.875 0.7520864013671875 0.872989276 0.7540500737304687 0.8706434313333332 0.7636229750976562 0.865616622 0.7633775161132812 0.8602546919999999 0.759204712890625 0.8518766753333332 0.7547864506835937 0.8502010726666668 0.7459499262695313 0.8522117960000001
1 0.15267550341796876 0.061327078 0.1514482080078125 0.058310992 0.14531173291015625 0.051943699999999995 0.14285714306640626 0.049932976 0.140893470703125 0.049932976 0.11561119287109375 0.05462466466666667 0.1124202255859375 0.05864611266666666 0.1109474716796875 0.06434316333333334 0.1121747666015625 0.06802949066666666 0.11438389794921874 0.07037533533333333 0.12322042236328125 0.071715818 0.14482081494140625 0.06836461133333332 0.15267550341796876 0.061327078
1 0.9032891508789063 0.6766085793333333 0.9086892490234375 0.6689008040000001 0.9091801669921875 0.6638739946666667 0.9077074130859375 0.660522788 0.8946980854492188 0.654155496 0.8917525771484375 0.6504691686666667 0.88021600390625 0.650134048 0.8757977416992188 0.6518096513333334 0.861070201171875 0.6652144773333334 0.861070201171875 0.6772788206666667 0.8652430043945313 0.6866621986666668 0.8694158076171875 0.6893431633333333 0.8927344135742188 0.6786193026666667 0.9032891508789063 0.6766085793333333
1 0.8161512026367187 0.7751340480000001 0.8038782524414062 0.7721179626666667 0.798969072265625 0.7731233246666668 0.7967599409179688 0.7754691686666667 0.7947962690429687 0.7868632706666667 0.79872361328125 0.7955764073333333 0.8102601865234375 0.7982573726666666 0.8161512026367187 0.7955764073333333 0.820078546875 0.7878686326666666 0.818360333984375 0.7784852546666666 0.8161512026367187 0.7751340480000001
1 0.778105056640625 0.741621984 0.780068728515625 0.7473190346666667 0.7827687778320312 0.7513404826666666 0.7869415805664063 0.7506702413333334 0.7940598920898437 0.7456434313333332 0.799459990234375 0.7459785520000001 0.8026509575195313 0.7443029493333333 0.8026509575195313 0.7389410186666667 0.800932744140625 0.731233244 0.802405498046875 0.7238605899999999 0.79774177734375 0.7201742626666667 0.7945508100585937 0.7195040213333334 0.7908689248046875 0.7211796246666666 0.7874324985351563 0.7241957106666667 0.7869415805664063 0.731233244 0.7837506137695313 0.7329088473333333 0.779086892578125 0.7325737266666666 0.778350515625 0.7349195713333333 0.778105056640625 0.741621984
1 0.29430535107421874 0.4058310993333334 0.29577810498046875 0.3954423593333333 0.30166912109375 0.3827077746666666 0.301423662109375 0.375 0.2982326953125 0.3672922253333334 0.2925871381835938 0.36695710466666664 0.28522336767578127 0.37064343133333333 0.261659302734375 0.41018766733333334 0.260677466796875 0.4128686326666667 0.260677466796875 0.41823056333333336 0.26313205712890625 0.4222520106666667 0.26534118798828127 0.4235924933333333 0.2724594990234375 0.423927614 0.28325969580078125 0.42158176933333336 0.29430535107421874 0.4058310993333334
1 0.5785468828125 0.49363270800000003 0.582228767578125 0.49195710466666664 0.5841924399414062 0.4872654153333334 0.5856651938476563 0.4805630026666667 0.5854197348632812 0.47654155466666664 0.5827196860351562 0.47319034866666665 0.577810505859375 0.47285522799999996 0.5571919487304687 0.4664879353333333 0.5549828178710937 0.46715817666666665 0.5520373095703125 0.476206434 0.5520373095703125 0.4805630026666667 0.5544918999023437 0.4829088473333334 0.56111929296875 0.48458445066666667 0.5677466865234375 0.48961126 0.5785468828125 0.49363270800000003
1 0.38610702001953123 0.44805629999999996 0.3902798232421875 0.44571045600000003 0.3917525771484375 0.43431635399999996 0.3917525771484375 0.42962466466666666 0.3905252822265625 0.428284182 0.38635247900390624 0.425938338 0.380461462890625 0.4262734586666666 0.37628865966796876 0.42493297599999996 0.361070201171875 0.42459785533333333 0.358615611328125 0.42493297599999996 0.35738831591796877 0.42694370000000004 0.35837015234375 0.4410187666666667 0.360579283203125 0.4433646113333333 0.38610702001953123 0.44805629999999996
1 0.6305841923828125 0.586461126 0.6062837504882812 0.5727211793333333 0.59990181640625 0.5747319033333333 0.5969563081054687 0.5787533513333334 0.597692685546875 0.5827747986666667 0.6094747177734375 0.5901474533333333 0.6168384877929688 0.5971849866666666 0.6296023564453125 0.5971849866666666 0.6323024052734375 0.59383378 0.6325478647460937 0.590482574 0.6305841923828125 0.586461126
1 0.4482081494140625 0.475871314 0.45311732958984374 0.47252010733333333 0.45336278857421874 0.46816353866666666 0.4506627392578125 0.46481233266666666 0.44329896923828127 0.46280160866666664 0.43348060888671874 0.456099196 0.4285714287109375 0.45542895466666666 0.42636229736328124 0.4564343166666667 0.4243986254882812 0.4607908846666667 0.4239077075195313 0.46481233266666666 0.42538046142578123 0.47050938333333336 0.4295532646484375 0.47386059 0.4371624936523438 0.476206434 0.4482081494140625 0.475871314
1 0.4283259697265625 0.4808981233333333 0.42685321533203124 0.478217158 0.4248895434570312 0.47754691666666665 0.41801669140625 0.480227882 0.41335297021484374 0.48424933000000003 0.4099165439453125 0.48860589800000004 0.4084437900390625 0.49664879333333334 0.4096710849609375 0.5003351206666667 0.4172803139648438 0.4993297586666667 0.4275895927734375 0.49631367266666665 0.4288168876953125 0.4922922253333334 0.4283259697265625 0.4808981233333333
1 0.39396170849609374 0.37935656866666667 0.397889052734375 0.379021448 0.4015709375 0.37667560333333333 0.40648011767578124 0.37701072399999996 0.4106529208984375 0.3753351206666667 0.41335297021484374 0.37131367266666665 0.41261659326171873 0.36695710466666664 0.4101620029296875 0.36427613933333336 0.4045164458007813 0.36193029466666665 0.398870888671875 0.35656836466666664 0.38684339697265624 0.35187667533333333 0.381934216796875 0.35221179599999997 0.37555228271484375 0.362600536 0.37530682373046875 0.366621984 0.382425134765625 0.37868632733333335 0.38659793798828124 0.37868632733333335 0.3897889052734375 0.37634048266666664 0.39396170849609374 0.37935656866666667
1 0.38659793798828124 0.2784852546666667 0.38708885595703124 0.27580428933333334 0.38586156103515623 0.26675603200000003 0.382425134765625 0.25335120666666666 0.37923416796875 0.25134048266666664 0.37309769287109373 0.25268096533333334 0.3718703974609375 0.25636729199999997 0.37285223388671873 0.26910187666666663 0.3706431025390625 0.28418230533333333 0.37481590576171875 0.2882037533333333 0.378006873046875 0.28518766733333334 0.37923416796875 0.282171582 0.38659793798828124 0.2784852546666667
1 0.18483063330078126 0.31936997333333333 0.19366715771484375 0.32875335133333333 0.198576337890625 0.32942359266666665 0.20594010791015624 0.32808311 0.2115856650390625 0.325067024 0.21747668115234375 0.3247319033333333 0.22263132080078124 0.31970509399999997 0.22287677978515624 0.31534852533333335 0.221404025390625 0.3086461126666667 0.21723122216796875 0.3026139413333333 0.21305841943359374 0.30160857933333335 0.19673539501953125 0.304289544 0.19317623974609374 0.30395442333333333 0.18630338720703124 0.30060321733333334 0.18139420703125 0.3002680966666667 0.178203240234375 0.3019437 0.17746686279296875 0.30395442333333333 0.178203240234375 0.30764075066666663 0.18483063330078126 0.31936997333333333
1 0.841678939453125 0.11729222533333332 0.841678939453125 0.111595174 0.840697103515625 0.110589812 0.82056946484375 0.10254691666666668 0.8156602846679688 0.10355227866666666 0.8107511044921875 0.111595174 0.8100147275390625 0.11461125999999999 0.8100147275390625 0.11963807000000001 0.8163966616210937 0.12533512066666666 0.81860579296875 0.13002680933333333 0.82204221875 0.13170241266666666 0.838242513671875 0.12432975866666668 0.841678939453125 0.11729222533333332
1 0.7847324497070313 0.13505361933333335 0.7852233676757813 0.12768096533333334 0.7874324985351563 0.125 0.7891507119140625 0.12030831066666667 0.7886597939453125 0.11494638066666667 0.7866961215820313 0.11226541533333333 0.7771232202148437 0.10857908866666666 0.7702503681640624 0.10857908866666666 0.7677957783203125 0.11461125999999999 0.7680412373046875 0.11930294933333332 0.7712322041015625 0.12466487933333334 0.7751595483398438 0.12533512066666666 0.7771232202148437 0.127010724 0.779086892578125 0.13538874 0.7830142368164063 0.13605898133333333 0.7847324497070313 0.13505361933333335
1 0.7648502700195312 0.03351206466666667 0.7653411879882812 0.03183646133333333 0.7643593520507812 0.029155496 0.759204712890625 0.022788204 0.7555228276367187 0.022453083333333335 0.7511045654296875 0.024798927333333335 0.7434953364257813 0.022788204 0.7415316640625 0.025134048000000003 0.740549828125 0.028820375333333332 0.7430044184570312 0.032171582000000004 0.7508591064453125 0.037533512000000005 0.7552773686523437 0.037868632666666666 0.7648502700195312 0.03351206466666667
1 0.9243986254882812 0.9101876673333333 0.9280805107421874 0.8997989273333332 0.9322533134765625 0.9001340480000001 0.9317623955078125 0.896782842 0.9295532646484375 0.8944369973333334 0.9273441333007812 0.88538874 0.9241531665039062 0.8830428953333334 0.921207658203125 0.883378016 0.91801669140625 0.8857238606666666 0.9148257241210938 0.9071715819999999 0.9160530190429688 0.9098525466666667 0.919734904296875 0.91152815 0.9243986254882812 0.9101876673333333
1 0.6885125185546875 0.9731903486666666 0.6951399116210938 0.9674932973333332 0.6948944526367188 0.9557640753333333 0.6909671083984374 0.9507372653333334 0.6882670595703125 0.9430294906666666 0.6860579282226562 0.939678284 0.68139420703125 0.9400134046666667 0.6742758959960937 0.9453753353333333 0.6735395190429687 0.9587801606666667 0.6774668627929687 0.9631367293333333 0.67844869921875 0.9671581766666667 0.68237604296875 0.9725201073333333 0.6848306333007812 0.9741957106666667 0.6885125185546875 0.9731903486666666
1 0.820078546875 0.6809651473333334 0.8065783012695312 0.6752680966666667 0.80068728515625 0.675938338 0.798969072265625 0.6772788206666667 0.7982326953125 0.680294906 0.801423662109375 0.684316354 0.8124693173828125 0.6893431633333333 0.817869416015625 0.689678284 0.821305841796875 0.6866621986666668 0.821796759765625 0.6846514746666666 0.820078546875 0.6809651473333334
1 0.8325969565429687 0.5945040213333334 0.8301423662109375 0.5891420913333333 0.8264604809570313 0.5911528153333334 0.8149239077148438 0.6085790886666667 0.8092783505859374 0.6216487933333333 0.8100147275390625 0.627010724 0.81860579296875 0.6276809653333333 0.82204221875 0.6266756033333334 0.8254786450195313 0.6119302946666667 0.8303878251953125 0.6065683646666666 0.8325969565429687 0.5991957106666667 0.8325969565429687 0.5945040213333334
1 0.719931271484375 0.6712466486666666 0.7160039272460937 0.6715817693333334 0.7147766323242187 0.6819705093333334 0.7162493862304687 0.6920241286666666 0.7172312221679688 0.694705094 0.7196858125 0.6967158179999999 0.721649484375 0.69269437 0.7228767797851563 0.6859919573333333 0.7228767797851563 0.6769437 0.719931271484375 0.6712466486666666
1 0.818360333984375 0.43364611266666664 0.8095238095703124 0.42895442333333333 0.8063328422851562 0.428284182 0.8038782524414062 0.4299597853333333 0.8031418754882812 0.4326407506666667 0.8036327934570312 0.43599195733333335 0.8070692192382812 0.44135388733333336 0.818114875 0.44604557666666667 0.821796759765625 0.44403485266666665 0.821305841796875 0.43800268066666664 0.818360333984375 0.43364611266666664
1 0.9774177709960937 0.3746648793333333 0.98060873828125 0.36126005333333333 0.9850270004882813 0.35891420933333334 0.9867452133789063 0.3558981233333333 0.9860088364257813 0.350871314 0.979135984375 0.34550938333333336 0.9752086401367187 0.344839142 0.9712812958984375 0.351206434 0.9673539516601563 0.355227882 0.9634266079101562 0.3629356566666667 0.962444771484375 0.37064343133333333 0.9634266079101562 0.37164879333333334 0.9673539516601563 0.37064343133333333 0.9715267548828125 0.37835120666666666 0.9754540991210937 0.3773458446666667 0.9774177709960937 0.3746648793333333
1 0.8853706430664062 0.4611260053333333 0.880952380859375 0.46481233266666666 0.880952380859375 0.46883378000000003 0.8841433481445312 0.4701742626666667 0.8927344135742188 0.46816353866666666 0.8969072163085937 0.4684986593333333 0.89813451171875 0.46715817666666665 0.898870888671875 0.46481233266666666 0.8937162495117188 0.46012064333333336 0.8853706430664062 0.4611260053333333
1 0.779577810546875 0.5717158179999999 0.778105056640625 0.5693699733333334 0.7668139418945312 0.5680294906666666 0.7560137456054687 0.5787533513333334 0.7550319096679687 0.5827747986666667 0.75994108984375 0.5837801606666667 0.7658321059570312 0.5810991959999999 0.7714776630859375 0.5837801606666667 0.7736867944335938 0.5807640753333333 0.778595974609375 0.57808311 0.779577810546875 0.5757372653333334 0.779577810546875 0.5717158179999999
1 0.5670103090820312 0.31266756 0.5638193422851563 0.314678284 0.561364751953125 0.31936997333333333 0.562346587890625 0.32439678266666666 0.5746195385742188 0.33210455733333333 0.57903780078125 0.3314343166666667 0.581737849609375 0.327077748 0.5824742265625 0.32339142066666665 0.579774177734375 0.31936997333333333 0.5670103090820312 0.31266756
1 0.6968581245117188 0.24128686333333332 0.6917034853515625 0.24095174266666666 0.6850760922851562 0.247989276 0.6828669614257813 0.25636729199999997 0.6828669614257813 0.26105898133333333 0.6853215512695312 0.262399464 0.6956308295898438 0.2590482573333333 0.6973490424804687 0.25737265400000003 0.699067255859375 0.251005362 0.69931271484375 0.24865951733333336 0.6968581245117188 0.24128686333333332
1 0.678694158203125 0.3160187666666667 0.680657830078125 0.31166219866666667 0.6809032890625 0.3069705093333333 0.6833578793945313 0.299932976 0.680657830078125 0.29457104533333334 0.6708394697265625 0.29222520133333335 0.6647029946289063 0.29591152800000003 0.6683848798828125 0.29926273466666664 0.6691212568359375 0.30227882066666667 0.6656848305664063 0.31534852533333335 0.6664212075195313 0.31970509399999997 0.6686303388671875 0.32104557666666667 0.6725576831054687 0.32037533533333334 0.678694158203125 0.3160187666666667
1 0.7322042216796875 0.10589812333333333 0.738340697265625 0.10388739933333332 0.74104074609375 0.10020107266666668 0.741286205078125 0.09550938333333332 0.73809523828125 0.090482574 0.7290132548828125 0.08143431666666667 0.7238586157226562 0.08076407533333334 0.72115856640625 0.08411528133333333 0.720422189453125 0.08679624666666666 0.72115856640625 0.09215817666666667 0.7172052036132812 0.101159182 0.7219361806640625 0.10274497333333332 0.72591998046875 0.09730764066666668 0.7285223369140625 0.10422252 0.7322042216796875 0.10589812333333333
1 0.9035346098632813 0.039879356666666664 0.9059891997070313 0.04457104533333333 0.9067255766601563 0.048592493333333334 0.9081983310546875 0.049932976 0.9107304858398437 0.050674932666666665 0.9154612172851563 0.04569068333333333 0.922515955078125 0.04772955733333333 0.920225822265625 0.057305629999999996 0.9300441826171875 0.057305629999999996 0.9374079526367187 0.06400804266666667 0.93986254296875 0.064678284 0.9423171328125 0.061997319333333335 0.9432989692382813 0.060321716 0.9428080512695313 0.048257372666666666 0.94182621484375 0.04457104533333333 0.9354442807617187 0.03652815 0.9342169858398438 0.03183646133333333 0.9322533134765625 0.028820375333333332 0.92047128125 0.026474530666666666 0.9099165439453125 0.026809651333333333 0.9054982817382813 0.028820375333333332 0.9042709868164063 0.03083109933333333 0.9030436918945313 0.03652815 0.9035346098632813 0.039879356666666664
1 0.9811946489257812 0.2570687 0.9820814921875 0.26675603200000003 0.9833087875976563 0.2684316353333333 0.9884634267578125 0.26742627333333335 0.9889963178710938 0.253217158 0.9960726557617188 0.25268096533333334 0.9953362788085938 0.24865951733333336 0.9900753559570312 0.24075670266666668 0.9887088857421875 0.23357908866666666 0.9833087875976563 0.22888739933333332 0.979135984375 0.230227882 0.9771723120117187 0.23357908866666666 0.9778748159179688 0.23894403466666667 0.9744722631835937 0.24664879333333334 0.9754540991210937 0.25268096533333334 0.9804477172851562 0.2520844506666666 0.9811946489257812 0.2570687
1 0.8902798232421875 0.08746648800000001 0.8878252333984376 0.08679624666666666 0.882425134765625 0.08947721200000001 0.880706921875 0.09182305600000001 0.879970544921875 0.095844504 0.8816887578125 0.09819034866666668 0.8856161020507812 0.09886059 0.8905252822265625 0.095844504 0.8922434951171875 0.09316353866666666 0.8919980361328125 0.08981233266666667 0.8902798232421875 0.08746648800000001
1 0.7509605751953125 0 0.738570201171875 0.000821716 0.7377820322265625 0.0018706433333333333 0.7374754541015625 0.002883378 0.7363711337890625 0.005948726666666667 0.7363770249023438 0.011058981333333332 0.741286205078125 0.012734584666666668 0.7486499755859375 0.010723860666666666 0.7555228276367187 0.005026809333333333 0.7559830634765625 0 0.7509605751953125 0
1 0.6229749633789062 0.18197050933333334 0.622484044921875 0.18666219866666667 0.6261659301757813 0.19738605866666667 0.6300932744140625 0.20040214466666664 0.6337751596679687 0.19705093866666668 0.6340206186523437 0.18934316333333334 0.6323024052734375 0.18465147466666668 0.6291114384765625 0.18197050933333334 0.6229749633789062 0.18197050933333334
1 0.6227295043945312 0.31166219866666667 0.6222385859375 0.3160187666666667 0.6251840942382813 0.32004021466666666 0.6303387333984375 0.32104557666666667 0.6332842416992187 0.318699732 0.6330387827148437 0.31233244 0.6308296513671875 0.30998659533333334 0.6254295532226563 0.30965147466666665 0.6227295043945312 0.31166219866666667
1 0.5920471279296875 0.35187667533333333 0.5895925380859375 0.3555630026666667 0.5888561611328125 0.3585790886666667 0.5893470791015625 0.3622654153333334 0.5903289150390625 0.36360589800000004 0.5945017182617187 0.3629356566666667 0.597692685546875 0.35757372666666665 0.5972017670898437 0.35221179599999997 0.5945017182617187 0.350871314 0.5920471279296875 0.35187667533333333
1 0.43888070703125 0.25134048266666664 0.4371624936523438 0.24865951733333336 0.43323514990234374 0.247989276 0.4278350517578125 0.25703753333333335 0.42709867431640625 0.26072386066666664 0.4297987236328125 0.264410188 0.43372606787109375 0.26508042866666665 0.43789887109375 0.26306970533333335 0.43986254296875 0.26038874 0.440108001953125 0.25569705066666665 0.43888070703125 0.25134048266666664
1 0.37677957763671877 0.04323056333333333 0.38217967578125 0.03820375333333333 0.38217967578125 0.036193029333333335 0.3797250859375 0.036193029333333335 0.37495483544921876 0.03647050933333333 0.37432498779296874 0.023793566 0.3724648994140625 0.024123324666666668 0.36765095751953125 0.02027178266666667 0.3658252333984375 0.022650804 0.36931099658203126 0.03261930266666666 0.36671575830078124 0.04557640733333333 0.3699067255859375 0.048592493333333334 0.37457044677734375 0.04926273466666667 0.37677957763671877 0.04323056333333333
1 0.36278841455078126 0.131367292 0.3649975454101563 0.1347184986666667 0.3703976435546875 0.1347184986666667 0.3706431025390625 0.13002680933333333 0.3696612666015625 0.12734584466666665 0.36696121728515624 0.12567024133333332 0.36303387353515626 0.12734584466666665 0.36278841455078126 0.131367292
1 0.37432498779296874 0.18867292200000002 0.3708885615234375 0.18934316333333334 0.3696612666015625 0.19403485266666667 0.3706431025390625 0.20040214466666664 0.37432498779296874 0.205093834 0.37653411865234376 0.20308310999999998 0.37727049560546877 0.20040214466666664 0.37727049560546877 0.19436997333333333 0.37579774169921876 0.19001340466666666 0.37432498779296874 0.18867292200000002
1 0.29635935205078123 0.262560992 0.32395336279296877 0.25241722533333333 0.321712322265625 0.24505428933333334 0.29291261669921875 0.25490951733333334 0.29635935205078123 0.262560992
1 0.15706627392578126 0.5174517426666666 0.16243225341796874 0.5188538873333334 0.1642039765625 0.5143930966666667 0.1651998037109375 0.50838941 0.1718394697265625 0.5071434313333333 0.1740805107421875 0.5022724533333334 0.167772705078125 0.5009132040000001 0.1675238095703125 0.49604222533333336 0.16262690234375 0.4947959113333333 0.16030314208984375 0.500686662 0.1558213056640625 0.4997801606666667 0.1550743740234375 0.505330764 0.1579791357421875 0.5103150133333334 0.15706627392578126 0.5174517426666666
1 0.30706921923828123 0.652144772 0.30731467822265623 0.6454423593333334 0.3063328422851562 0.641756032 0.30387825244140626 0.6390750673333334 0.279577810546875 0.6404155493333333 0.27589592529296875 0.6420911526666666 0.2729504174804688 0.6454423593333334 0.2734413354492187 0.6494638066666666 0.278105056640625 0.654155496 0.2925871381835938 0.6581769439999999 0.299950908203125 0.659517426 0.3053510063476563 0.6554959786666666 0.30706921923828123 0.652144772
1 0.3114874814453125 0.7342493299999999 0.3078055966796875 0.7329088473333333 0.301914580078125 0.7359249326666666 0.2982326953125 0.7473190346666667 0.3075601376953125 0.757372654 0.31467844873046874 0.7556970506666667 0.317869416015625 0.7516756033333333 0.320078546875 0.7476541553333333 0.320078546875 0.7436327079999999 0.3114874814453125 0.7342493299999999
1 0.23686794287109375 0.7778150133333334 0.2376043203125 0.7744638066666666 0.23613156591796874 0.771782842 0.2302405498046875 0.7711126006666666 0.22459499267578126 0.7761394100000001 0.21747668115234375 0.7774798926666667 0.2101129111328125 0.7828418233333333 0.2093765341796875 0.7871983913333334 0.21354933740234375 0.788538874 0.21698576318359375 0.7851876673333333 0.2290132548828125 0.7851876673333333 0.2312223857421875 0.7818364613333333 0.23686794287109375 0.7778150133333334
1 0.44998772705078127 1 0.4516445751953125 0.998994638 0.45336278857421874 0.9949731906666666 0.45409916552734375 0.9909517426666666 0.45311732958984374 0.9855898120000001 0.4482081494140625 0.9745308313333333 0.44477172314453123 0.9725201073333333 0.438635248046875 0.9755361933333334 0.4383897890625 0.9795576406666667 0.44256259228515626 0.9912868633333333 0.4440353461914063 0.998994638 0.448085419921875 1 0.44998772705078127 1
1 0.4300441826171875 0.9671581766666667 0.4302896416015625 0.9631367293333333 0.4293078056640625 0.960455764 0.42317133056640627 0.9527479893333334 0.41408934716796875 0.9490616620000001 0.4118802158203125 0.9497319033333333 0.4096710849609375 0.9524128686666666 0.4081983310546875 0.959450402 0.41384388818359374 0.9684986593333333 0.41605301904296876 0.96883378 0.421698576171875 0.9731903486666666 0.42562592041015623 0.9735254693333333 0.4300441826171875 0.9671581766666667
1 0.5061364750976562 0.7077747986666667 0.5157093764648437 0.7111260053333334 0.5198821796875 0.7091152813333333 0.5250368188476563 0.7037533513333333 0.5274914086914062 0.7034182306666666 0.5306823759765625 0.700067024 0.5346097202148438 0.69269437 0.5346097202148438 0.6886729220000001 0.5324005888671876 0.6849865953333333 0.5265095727539062 0.6819705093333334 0.5238095239257813 0.6786193026666667 0.519636720703125 0.6769437 0.5152184584960937 0.6799597853333333 0.5132547866210937 0.6890080426666667 0.5056455571289062 0.6970509386666666 0.5044182622070312 0.7017426273333334 0.5046637211914062 0.7050938339999999 0.5061364750976562 0.7077747986666667
1 0.501227294921875 0.7691018766666666 0.50245458984375 0.766756032 0.5029455083007812 0.759383378 0.49950908203125 0.7530160859999999 0.4968090327148437 0.7513404826666666 0.4923907705078125 0.7513404826666666 0.4882179677734375 0.7476541553333333 0.48429062353515623 0.7473190346666667 0.4830633286132813 0.748994638 0.481345115234375 0.7630697053333333 0.48502700048828123 0.7711126006666666 0.4889543447265625 0.7724530833333333 0.49582719677734377 0.771782842 0.501227294921875 0.7691018766666666
1 0.5046637211914062 0.8123324399999999 0.502209130859375 0.8133378013333332 0.49729995068359373 0.8227211793333332 0.49582719677734377 0.8337801606666667 0.5 0.8367962466666666 0.5051546391601562 0.8347855226666667 0.5103092783203125 0.8220509386666666 0.5110456552734375 0.81769437 0.5095729013671875 0.8143431633333333 0.5046637211914062 0.8123324399999999
1 0.4960726557617188 0.835455764 0.49263622998046874 0.8394772119999999 0.4914089345703125 0.8498659519999999 0.49509081982421876 0.8535522786666667 0.5041728032226562 0.8569034853333333 0.5083456064453125 0.8569034853333333 0.5105547373046875 0.8538873993333334 0.5108001962890625 0.8491957106666667 0.5076092294921875 0.836461126 0.4960726557617188 0.835455764
1 0.5439371625976562 0.53116622 0.5355915561523438 0.5284852546666666 0.5230731469726563 0.5278150133333334 0.5198821796875 0.5315013406666667 0.520618556640625 0.535522788 0.522091310546875 0.5371983913333334 0.5284732451171875 0.5402144773333334 0.5439371625976562 0.5422252013333333 0.5483554248046875 0.5392091153333334 0.5495827197265625 0.535522788 0.5439371625976562 0.53116622
1 0.5164457534179687 0.5683646113333334 0.520618556640625 0.5670241286666667 0.5243004418945313 0.5640080426666667 0.5230731469726563 0.5596514746666666 0.517673048828125 0.5586461126666666 0.5137457045898437 0.5609919573333333 0.5110456552734375 0.5670241286666667 0.5164457534179687 0.5683646113333334
1 0.5773195874023438 0.5804289546666667 0.5753559155273438 0.5787533513333334 0.5635738833007813 0.5787533513333334 0.55817378515625 0.5827747986666667 0.5576828671875 0.5867962466666667 0.55915562109375 0.5898123326666667 0.5630829653320313 0.5921581766666667 0.5753559155273438 0.5924932973333333 0.5785468828125 0.5911528153333334 0.579283259765625 0.5857908846666666 0.5773195874023438 0.5804289546666667
1 0.542464408203125 0.3317694366666667 0.539518900390625 0.32942359266666665 0.5314187529296875 0.32908847199999997 0.5299459990234375 0.33277479866666665 0.5326460483398437 0.34718498666666664 0.5358370151367188 0.3485254693333333 0.539518900390625 0.34450402133333335 0.54025527734375 0.33914209133333334 0.5436917036132812 0.33512064333333336 0.542464408203125 0.3317694366666667
1 0.540009818359375 0.20878016066666666 0.5378006875 0.205093834 0.5319096708984375 0.20241286866666666 0.5277368681640625 0.20308310999999998 0.5245459008789063 0.205093834 0.5218458515625 0.209450402 0.5255277368164063 0.21246648799999998 0.5274914086914062 0.21849865933333334 0.5316642119140625 0.22453083133333332 0.539027982421875 0.2221849866666667 0.54025527734375 0.22017426266666668 0.540009818359375 0.20878016066666666
1 0.8625429555664063 0.60924933 0.8630338735351563 0.6142761393333334 0.8691703486328125 0.6256702413333334 0.8723613154296875 0.6273458446666667 0.8772704956054688 0.6256702413333334 0.8772704956054688 0.617627346 0.8691703486328125 0.6069034853333334 0.8640157094726563 0.6065683646666666 0.8625429555664063 0.60924933
1 0.5355915561523438 0.8099865953333333 0.5314187529296875 0.8126675600000001 0.5277368681640625 0.826072386 0.5309278349609375 0.8317694366666666 0.5427098676757812 0.8341152813333333 0.5473735883789063 0.8337801606666667 0.5513009326171875 0.8277479893333334 0.5513009326171875 0.8237265413333333 0.5471281293945313 0.8136729220000001 0.5355915561523438 0.8099865953333333
1 0.560628375 0.7560321713333333 0.56111929296875 0.7610589813333333 0.5638193422851563 0.7640750673333334 0.5709376533203125 0.7644101879999999 0.5736377026367188 0.7607238606666666 0.5733922436523438 0.757372654 0.5711831123046875 0.7550268093333334 0.562346587890625 0.7546916893333334 0.560628375 0.7560321713333333
1 0.4879725087890625 0.7831769439999999 0.4801178203125 0.7804959786666666 0.47275405029296874 0.7835120646666666 0.47250859130859374 0.7868632706666667 0.4766813940429688 0.7871983913333334 0.479381443359375 0.7915549599999999 0.4840451645507812 0.7949061660000001 0.4879725087890625 0.7945710453333333 0.4901816396484375 0.790549598 0.4904270986328125 0.7861930293333333 0.4879725087890625 0.7831769439999999
1 0.4518900341796875 0.8434986593333333 0.44698085400390625 0.8495308313333333 0.45287187060546874 0.8609249326666666 0.46588119775390624 0.8538873993333334 0.4675994111328125 0.8518766753333332 0.4683357880859375 0.8498659519999999 0.46539027978515624 0.844839142 0.457535591796875 0.8424932973333332 0.4518900341796875 0.8434986593333333
1 0.48453608251953123 0.8934316353333334 0.480363279296875 0.8944369973333334 0.479381443359375 0.89577748 0.4801178203125 0.9024798926666667 0.48429062353515623 0.9075067026666668 0.4911634755859375 0.9095174260000001 0.49459990185546876 0.9078418233333333 0.4965635737304688 0.9044906166666666 0.4899361806640625 0.8964477213333333 0.48453608251953123 0.8934316353333334
1 0.21723122216796875 0.17761394133333333 0.21281296044921874 0.18230563 0.2120765830078125 0.19001340466666666 0.21821305859375 0.189678284 0.221404025390625 0.19101876666666665 0.22484045166015626 0.194705094 0.2292587138671875 0.19403485266666667 0.2280314189453125 0.185321716 0.22214040234375 0.17794906133333332 0.21723122216796875 0.17761394133333333
1 0.20348551806640625 0.17794906133333332 0.201521845703125 0.17560321733333334 0.19734904248046875 0.17459785533333336 0.1909671083984375 0.17794906133333332 0.1897398134765625 0.183310992 0.1899852724609375 0.19001340466666666 0.19366715771484375 0.1913538873333333 0.197594501953125 0.19101876666666665 0.20225822265625 0.18666219866666667 0.20397643603515625 0.18163538866666668 0.20348551806640625 0.17794906133333332
1 0.0279823271484375 0.5164209113333333 0.0299459990234375 0.5050268093333333 0.0301914580078125 0.49396782866666666 0.0294550810546875 0.49095174266666664 0.02528227783203125 0.4879356566666667 0.020864015625 0.48693029466666665 0.01939126171875 0.48827077733333335 0.0115365732421875 0.5060321713333333 0.0100638193359375 0.5117292226666666 0.0100638193359375 0.5201072386666666 0.01374570458984375 0.5234584453333333 0.01742758935546875 0.5244638066666666 0.02650957275390625 0.519772118 0.0279823271484375 0.5164209113333333
1 0 0.5471048846666666 0.00564555712890625 0.54691689 0.0100638193359375 0.5442359246666667 0.0100638193359375 0.5402144773333334 0.0083456064453125 0.537533512 0.00540009814453125 0.53652815 0 0.5367124666666667 0 0.5471048846666666
1 0.2584683359375 0.033176944 0.258713794921875 0.03686327066666666 0.26435935205078126 0.043900804 0.2685321552734375 0.043900804 0.2702503681640625 0.04222520133333334 0.2722140400390625 0.03485254666666667 0.2680412373046875 0.029155496 0.26411389306640626 0.027815013333333336 0.2584683359375 0.033176944
1 0.2923416787109375 0.5807640753333333 0.2857142856445313 0.5861260053333333 0.28399607275390626 0.5898123326666667 0.28448699072265626 0.5911528153333334 0.2920962197265625 0.59383378 0.29602356396484375 0.59383378 0.299950908203125 0.5918230560000001 0.299950908203125 0.5841152813333333 0.29602356396484375 0.5797587133333333 0.2923416787109375 0.5807640753333333
1 0.12320152197265626 0.7100576406666668 0.1266551298828125 0.701546582 0.10996195361328125 0.687535858 0.1058365244140625 0.695785188 0.12320152197265626 0.7100576406666668
1 0.24007241064453125 0.6167245306666667 0.23957461962890625 0.6117426273333333 0.23986254296875 0.6095164206666667 0.2433161513671875 0.6058502013333333 0.24063009326171875 0.5977319033333334 0.22393667138671874 0.594720174 0.22451227294921874 0.6006126006666667 0.235833087890625 0.6034932973333333 0.23055645556640625 0.6061119300000001 0.223265095703125 0.6075522786666667 0.22307339208984375 0.611218834 0.22623932275390626 0.6147540213333333 0.24007241064453125 0.6167245306666667
1 0.32414040234375 0.5527530159999999 0.327402552734375 0.5488247319999999 0.32068679443359377 0.539266086 0.31560211083984374 0.5439798926666667 0.318768041015625 0.5526219840000001 0.31454663720703124 0.5581216486666667 0.3179045166015625 0.562311662 0.32212592041015625 0.5592999326666667 0.3253878251953125 0.5638830426666667 0.327786205078125 0.5606095846666667 0.32414040234375 0.5527530159999999
1 0.31963132080078127 0.5717396113333333 0.3086944033203125 0.5775010053333333 0.31061315673828127 0.5803817026666667 0.31512223876953127 0.5803817026666667 0.3208787431640625 0.5764534179999999 0.31963132080078127 0.5717396113333333
1 0.32298919970703127 0.504217158 0.32202994580078126 0.49622955733333335 0.31013352978515624 0.49596782866666667 0.3133954345703125 0.504217158 0.32298919970703127 0.504217158
1 0.3135660283203125 0.35252010733333333 0.31721158544921874 0.35880529466666666 0.3216877763671875 0.3593790213333333 0.3219126166992187 0.35448424933333333 0.31778718701171876 0.344009048 0.3140456552734375 0.339949732 0.311934953125 0.342699732 0.3135660283203125 0.35252010733333333
1 0.687987236328125 0.017385053333333334 0.6893303876953125 0.02052748 0.6941389296875 0.01890449066666667 0.6991161020507812 0.012409182 0.6986362299804687 0.005731233333333334 0.6937434951171875 0.004814678 0.6896180659179687 0.009397453333333333 0.687987236328125 0.017385053333333334
1 0.7342987236328125 0.053394102000000006 0.7415208642578125 0.048396448 0.7409452626953125 0.044599195999999994 0.7373954345703125 0.04368230533333334 0.7331740302734375 0.04682506733333333 0.7316391752929687 0.05049128666666667 0.7342987236328125 0.053394102000000006
1 0.7140029453125 0.08876809666666666 0.7165768286132812 0.07702915533333334 0.71379455078125 0.074410188 0.7110122729492188 0.078600536 0.709765095703125 0.086064008 0.710340697265625 0.088814008 0.7140029453125 0.08876809666666666
1 0.7793205693359375 0.09392057666666667 0.7814310258789062 0.09025435666666667 0.789777859375 0.09130160866666667 0.7910250366210938 0.08396916866666668 0.7791286206054687 0.080564678 0.773756013671875 0.08135020133333333 0.769630583984375 0.08383813666666666 0.7684793813476563 0.08946849866666667 0.7715495825195312 0.09156367266666667 0.7722209130859375 0.09915817666666667 0.7762503681640625 0.098241622 0.7761543935546875 0.09208746666666667 0.7793205693359375 0.09392057666666667
1 0.644814923828125 0.5828374666666667 0.6478848798828125 0.5857181633333333 0.653978890625 0.588720174 0.6569990180664063 0.5870274799999999 0.6555601376953125 0.580480228 0.6476931762695313 0.57694504 0.645198576171875 0.5779926273333333 0.644814923828125 0.5828374666666667
1 0.606343642578125 0.6417174933333333 0.6072071674804688 0.6482647453333333 0.610565046875 0.6494430293333333 0.6233247421875 0.6483954426666667 0.6248306333007813 0.6479715146666667 0.6239963178710938 0.63936059 0.619870888671875 0.6390988606666667 0.6130594008789062 0.6389678286666667 0.606343642578125 0.6417174933333333
1 0.8310282280273438 0.5468609246666667 0.8335571918945313 0.5298495306666667 0.8284725087890625 0.526182976 0.8265535102539062 0.530766086 0.8246347568359375 0.5453006033333334 0.827321060546875 0.5475264746666667 0.8310282280273438 0.5468609246666667
1 0.913281787109375 0.6462788206666666 0.9152005400390625 0.6462788206666666 0.9174072163085938 0.651909182 0.9204771723632813 0.6516474533333333 0.9216286206054688 0.6474574399999999 0.920765095703125 0.6419577746666666 0.921148748046875 0.638422252 0.9174072163085938 0.6364581100000001 0.9170235639648437 0.633446716 0.912130583984375 0.6323991286666667 0.9080051547851562 0.6356725873333333 0.9056067749023438 0.6389460453333333 0.9019612172851562 0.6397319033333333 0.9026327934570313 0.644183646 0.9092525771484375 0.64287433 0.913281787109375 0.6462788206666666
1 0.9503139418945312 0.6636940346666667 0.9476278842773438 0.657016086 0.9390893471679688 0.660813338 0.9414877270507812 0.6656581766666666 0.9503139418945312 0.6636940346666667
1 0.9064702993164062 0.5930506033333334 0.9000424643554688 0.5994668233333333 0.903879970703125 0.606275804 0.9044555717773437 0.606144772 0.9129941088867187 0.596455094 0.9064702993164062 0.5930506033333334
1 0.886802896484375 0.5866347186666667 0.8854597446289062 0.588991622 0.8887216494140625 0.592788874 0.8939982817382812 0.5917412866666667 0.8922714775390626 0.5867654153333334 0.886802896484375 0.5866347186666667
1 0.1571102109375 0.91554122 0.1268267060546875 0.9257768093333334 0.13138389794921876 0.9426353886666667 0.13721281298828125 0.938322386 0.16225552294921874 0.9336038873333333 0.1571102109375 0.91554122
1 0.12300441845703125 0.884432976 0.11903534619140625 0.9034993299999999 0.12362935693359375 0.908185992 0.13064899365234375 0.904301944 0.13285395166015626 0.8938656166666666 0.13344207177734374 0.8828274126666666 0.12947275390625 0.880017426 0.12300441845703125 0.884432976
1 0.32519023095703126 0.9502030833333334 0.33139224365234377 0.9438944366666666 0.32835198828125 0.9374195713333333 0.322150220703125 0.9448904153333333 0.32519023095703126 0.9502030833333334
1 0.37091408935546877 0.8167855226666667 0.3749270986328125 0.813133378 0.3723735883789063 0.808650804 0.361550564453125 0.8043341153333334 0.3581455571289062 0.809314678 0.362766568359375 0.813133378 0.37091408935546877 0.8167855226666667
1 0.2221899853515625 0.7966193026666667 0.22595974462890625 0.7996079086666666 0.227431271484375 0.8007650806666667 0.23422901318359374 0.7976156166666666 0.234107265625 0.7923029493333333 0.231310505859375 0.7876544906666666 0.22328448681640625 0.7891484586666667 0.2221899853515625 0.7966193026666667
1 0.493576337890625 0.4185740613333333 0.49802356396484376 0.4164004693333333 0.4966438388671875 0.4095901473333333 0.4917614140625 0.406257708 0.489108001953125 0.4085760726666667 0.48847128125 0.4135026806666666 0.493576337890625 0.4185740613333333
1 0.5876394208984375 0.43132506733333337 0.5854104072265625 0.43291923600000004 0.5851983310546875 0.4377007373333333 0.5897196860351562 0.43817996000000003 0.5910358369140625 0.43407841799999997 0.5876394208984375 0.43132506733333337
1 0.5250191459960938 0.4846933646666666 0.5261867944335937 0.4874463806666667 0.5289513989257812 0.48719403466666666 0.5309626904296875 0.48092593866666666 0.5319180166015625 0.47397084466666667 0.5289462446289063 0.4713626006666667 0.5261867944335937 0.47484014733333335 0.5250191459960938 0.4846933646666666
1 0.5590888559570313 0.5131162866666666 0.5593011782226562 0.516593834 0.5615245458984375 0.5197107906666667 0.5653507607421875 0.5158693026666666 0.5672611684570312 0.5105080426666667 0.565881443359375 0.5073203753333333 0.5620606284179688 0.5083347853333333 0.5590888559570313 0.5131162866666666
1 0.42180191455078125 0.7046869973333334 0.417981099609375 0.7048317693333334 0.4140540009765625 0.708599196 0.4116129111328125 0.7110623326666667 0.41108222900390623 0.7138156833333335 0.411931271484375 0.7171481233333334 0.41617673046875 0.7172932306666666 0.42063451171875 0.716134048 0.42492758935546876 0.7131377346666666 0.4233939619140625 0.7075847853333334 0.42180191455078125 0.7046869973333334
1 0.7506588120117188 0.31504624666666664 0.7535510556640626 0.31189175599999996 0.75238365234375 0.30464678266666667 0.7478198330078125 0.30595107266666666 0.7476075112304688 0.31189175599999996 0.7488811977539063 0.31464477199999996 0.7506588120117188 0.31504624666666664
1 0.6467783505859375 0.023917895333333335 0.6455046635742188 0.026526139333333334 0.6457169858398437 0.029569034666666667 0.650493126953125 0.03116286866666667 0.654165439453125 0.030285522666666665 0.6550569462890625 0.026526139333333334 0.6534648994140625 0.024642426000000002 0.6497501225585938 0.024062667333333333 0.6467783505859375 0.023917895333333335