1 0.949462890625 0.4553333333333333 0.9560546875 0.4513333333333333 0.962890625 0.442 0.970703125 0.426 0.973388671875 0.416 0.97314453125 0.412 0.970703125 0.4083333333333333 0.967041015625 0.39666666666666667 0.96337890625 0.3923333333333333 0.954833984375 0.3873333333333333 0.947265625 0.38766666666666666 0.935791015625 0.395 0.931884765625 0.4003333333333333 0.927734375 0.4106666666666667 0.924560546875 0.425 0.923828125 0.432 0.92431640625 0.43966666666666665 0.944580078125 0.455 0.949462890625 0.4553333333333333
1 0.916259765625 0.368 0.920166015625 0.36566666666666664 0.93603515625 0.34933333333333333 0.940185546875 0.33466666666666667 0.941650390625 0.322 0.939208984375 0.318 0.935546875 0.31633333333333336 0.91943359375 0.31466666666666665 0.90771484375 0.3243333333333333 0.896240234375 0.337 0.896728515625 0.3416666666666667 0.903076171875 0.354 0.91162109375 0.36633333333333334 0.916259765625 0.368
1 0.861083984375 0.14633333333333334 0.869873046875 0.14333333333333334 0.87841796875 0.13033333333333333 0.878173828125 0.099 0.87744140625 0.09533333333333334 0.876708984375 0.094 0.87158203125 0.09266666666666666 0.860595703125 0.09333333333333334 0.853515625 0.09533333333333334 0.838623046875 0.115 0.83447265625 0.127 0.834228515625 0.14233333333333334 0.83642578125 0.14666666666666667 0.849609375 0.14733333333333334 0.861083984375 0.14633333333333334
1 0.867919921875 0.04633333333333333 0.88427734375 0.048 0.893798828125 0.047 0.896240234375 0.04566666666666667 0.903076171875 0.037 0.892822265625 0.023666666666666666 0.87744140625 0.017 0.85546875 0.016 0.853515625 0.016666666666666666 0.843505859375 0.026333333333333334 0.842529296875 0.029333333333333333 0.844482421875 0.03333333333333333 0.85693359375 0.042 0.867919921875 0.04633333333333333
1 0.773681640625 0 0.773681640625 0.0023333333333333335 0.77490234375 0.006666666666666667 0.77734375 0.009333333333333334 0.783203125 0.03233333333333333 0.783447265625 0.037333333333333336 0.792724609375 0.041 0.802978515625 0.05366666666666667 0.80615234375 0.052333333333333336 0.810546875 0.04666666666666667 0.825439453125 0.04633333333333333 0.829345703125 0.045 0.838134765625 0.037 0.837890625 0.03266666666666666 0.83447265625 0.025333333333333333 0.827880859375 0.018666666666666668 0.821044921875 0.015666666666666666 0.818115234375 0.012666666666666666 0.822021484375 0.007666666666666666 0.83154296875 0.005666666666666667 0.833740234375 0.003 0.834228515625 0 0.773681640625 0
1 0.71630859375 0 0.71240234375 0.029 0.712890625 0.03766666666666667 0.714111328125 0.04133333333333333 0.72021484375 0.045 0.740478515625 0.048 0.748291015625 0.04666666666666667 0.75341796875 0.041 0.755126953125 0.036333333333333336 0.75830078125 0.019333333333333334 0.760498046875 0 0.71630859375 0
1 0.67333984375 0.08733333333333333 0.680908203125 0.08133333333333333 0.690185546875 0.07633333333333334 0.695556640625 0.06833333333333333 0.695068359375 0.064 0.689697265625 0.04766666666666667 0.684326171875 0.03866666666666667 0.681640625 0.037 0.6708984375 0.03966666666666667 0.650390625 0.05 0.64599609375 0.055 0.640380859375 0.06766666666666667 0.64013671875 0.07233333333333333 0.64306640625 0.08066666666666666 0.66162109375 0.08933333333333333 0.67333984375 0.08733333333333333
1 0.833984375 0.41 0.84619140625 0.407 0.861328125 0.399 0.864013671875 0.3963333333333333 0.864501953125 0.392 0.863525390625 0.3883333333333333 0.856689453125 0.36966666666666664 0.853271484375 0.36566666666666664 0.845703125 0.36033333333333334 0.82958984375 0.35233333333333333 0.8232421875 0.3506666666666667 0.818603515625 0.351 0.810546875 0.35433333333333333 0.807373046875 0.35733333333333334 0.80712890625 0.35933333333333334 0.807373046875 0.38066666666666665 0.813232421875 0.39366666666666666 0.8232421875 0.409 0.833984375 0.41
1 0.7373046875 0.38766666666666666 0.740966796875 0.39266666666666666 0.740966796875 0.4003333333333333 0.742919921875 0.4083333333333333 0.74462890625 0.411 0.77490234375 0.425 0.77978515625 0.425 0.7841796875 0.42033333333333334 0.792724609375 0.3963333333333333 0.79736328125 0.373 0.79736328125 0.365 0.796630859375 0.364 0.78515625 0.35733333333333334 0.7840576171875 0.35583333333333333 0.782958984375 0.3486666666666667 0.7802734375 0.3476666666666667 0.779052734375 0.3456666666666667 0.77587890625 0.345 0.767333984375 0.3446666666666667 0.763916015625 0.347 0.755859375 0.3456666666666667 0.746663330078125 0.35133333333333333 0.73681640625 0.3486666666666667 0.73291015625 0.34933333333333333 0.730712890625 0.354 0.72802734375 0.36433333333333334 0.7275390625 0.37366666666666665 0.728271484375 0.38 0.732177734375 0.38466666666666666 0.7373046875 0.38766666666666666
1 0.65771484375 0.2876666666666667 0.670166015625 0.2853333333333333 0.683837890625 0.281 0.689208984375 0.278 0.7021484375 0.25566666666666665 0.702880859375 0.252 0.701416015625 0.248 0.687255859375 0.23166666666666666 0.681396484375 0.228 0.669189453125 0.22933333333333333 0.64501953125 0.236 0.638916015625 0.23966666666666667 0.633056640625 0.24933333333333332 0.63232421875 0.25566666666666665 0.640625 0.274 0.64990234375 0.285 0.65771484375 0.2876666666666667
1 0.79931640625 0.475 0.81005859375 0.4676666666666667 0.8125 0.46166666666666667 0.81689453125 0.455 0.81884765625 0.4483333333333333 0.81982421875 0.43433333333333335 0.8193359375 0.42733333333333334 0.816162109375 0.4186666666666667 0.810791015625 0.4176666666666667 0.782958984375 0.43333333333333335 0.777099609375 0.43533333333333335 0.769775390625 0.4483333333333333 0.76953125 0.463 0.7734375 0.4693333333333333 0.780029296875 0.472 0.79931640625 0.475
1 0.845458984375 0.5956666666666667 0.84814453125 0.6086666666666667 0.84912109375 0.61 0.851318359375 0.61 0.865234375 0.6076666666666667 0.882080078125 0.6 0.883544921875 0.5963333333333334 0.8837890625 0.589 0.8798828125 0.5526666666666666 0.876708984375 0.5386666666666666 0.873291015625 0.5363333333333333 0.868896484375 0.537 0.849365234375 0.5436666666666666 0.84765625 0.545 0.84619140625 0.5486666666666666 0.84716796875 0.5686666666666667 0.845703125 0.572 0.8447265625 0.5806666666666667 0.845458984375 0.5956666666666667
1 0.888427734375 0.7016666666666667 0.91650390625 0.706 0.9365234375 0.7013333333333334 0.93896484375 0.6976666666666667 0.93115234375 0.683 0.92578125 0.666 0.9228515625 0.662 0.9189453125 0.6613333333333333 0.915771484375 0.663 0.908447265625 0.6573333333333333 0.900390625 0.6573333333333333 0.894775390625 0.6606666666666666 0.885009765625 0.6706666666666666 0.876953125 0.672 0.87255859375 0.6756666666666666 0.87109375 0.6776666666666666 0.87646484375 0.6903333333333334 0.884521484375 0.699 0.888427734375 0.7016666666666667
1 0.775146484375 0.747 0.77734375 0.7516666666666667 0.782958984375 0.7553333333333333 0.787109375 0.7553333333333333 0.792724609375 0.752 0.798828125 0.7436666666666667 0.80126953125 0.7383333333333333 0.804931640625 0.735 0.80810546875 0.735 0.81787109375 0.742 0.8232421875 0.7416666666666667 0.829833984375 0.736 0.83544921875 0.736 0.834716796875 0.7336666666666667 0.8369140625 0.7313333333333333 0.845458984375 0.7263333333333334 0.846923828125 0.717 0.8466796875 0.7086666666666667 0.845458984375 0.7046666666666667 0.8359375 0.7006666666666667 0.8349609375 0.6976666666666667 0.8359375 0.689 0.834228515625 0.6853333333333333 0.820556640625 0.6886666666666666 0.8173828125 0.6883333333333334 0.811279296875 0.685 0.80615234375 0.685 0.799560546875 0.6926666666666667 0.7958984375 0.7046666666666667 0.793212890625 0.7086666666666667 0.775146484375 0.7163333333333334 0.7685546875 0.7203333333333334 0.767333984375 0.7226666666666667 0.767578125 0.728 0.77392578125 0.7316666666666667 0.77490234375 0.7356666666666667 0.775146484375 0.747
1 0.7822265625 0.6853333333333333 0.79833984375 0.683 0.805419921875 0.666 0.80517578125 0.6606666666666666 0.80078125 0.6513333333333333 0.798583984375 0.6486666666666666 0.792724609375 0.6473333333333333 0.775390625 0.6483333333333333 0.7724609375 0.6513333333333333 0.7685546875 0.662 0.76904296875 0.6696666666666666 0.77490234375 0.6813333333333333 0.778564453125 0.6846666666666666 0.7822265625 0.6853333333333333
1 0.75732421875 0.6266666666666667 0.763671875 0.6283333333333333 0.77197265625 0.6276666666666667 0.776611328125 0.6246666666666667 0.781494140625 0.6193333333333333 0.77978515625 0.6106666666666667 0.772705078125 0.5916666666666667 0.75537109375 0.578 0.752197265625 0.5766666666666667 0.734619140625 0.5756666666666667 0.729736328125 0.5776666666666667 0.72705078125 0.584 0.72705078125 0.591 0.732177734375 0.6073333333333333 0.736328125 0.6116666666666667 0.75732421875 0.6266666666666667
1 0.699462890625 0.5106666666666667 0.708984375 0.516 0.712890625 0.5166666666666667 0.71923828125 0.5153333333333333 0.732421875 0.51 0.743408203125 0.502 0.747314453125 0.493 0.748291015625 0.487 0.747314453125 0.47933333333333333 0.740234375 0.46166666666666667 0.732177734375 0.44633333333333336 0.729248046875 0.443 0.724609375 0.44066666666666665 0.71630859375 0.44033333333333335 0.708740234375 0.44233333333333336 0.690673828125 0.45066666666666666 0.68505859375 0.4543333333333333 0.6826171875 0.4573333333333333 0.68017578125 0.4676666666666667 0.680419921875 0.47333333333333333 0.6845703125 0.48733333333333334 0.689453125 0.49333333333333335 0.699462890625 0.5106666666666667
1 0.84130859375 0.868 0.85107421875 0.8696666666666667 0.857177734375 0.8693333333333333 0.868896484375 0.865 0.873046875 0.8613333333333333 0.87353515625 0.8533333333333334 0.870849609375 0.8393333333333334 0.86181640625 0.826 0.8564453125 0.8203333333333334 0.85107421875 0.8166666666666667 0.845703125 0.8026666666666666 0.84228515625 0.7983333333333333 0.83740234375 0.7996666666666666 0.8359375 0.8026666666666666 0.834716796875 0.8103333333333333 0.831787109375 0.8146666666666667 0.822021484375 0.8183333333333334 0.817138671875 0.822 0.815673828125 0.825 0.815673828125 0.8293333333333334 0.820068359375 0.8453333333333334 0.82958984375 0.8576666666666667 0.84130859375 0.868
1 0.77001953125 0.854 0.77880859375 0.8593333333333333 0.786865234375 0.8613333333333333 0.79541015625 0.8613333333333333 0.803955078125 0.8586666666666667 0.814453125 0.85 0.818115234375 0.8453333333333334 0.81884765625 0.842 0.818603515625 0.8373333333333334 0.813232421875 0.826 0.80419921875 0.8206666666666667 0.798828125 0.819 0.7890625 0.8193333333333334 0.779296875 0.8216666666666667 0.768798828125 0.8293333333333334 0.759521484375 0.8406666666666667 0.759033203125 0.8416666666666667 0.7607421875 0.8456666666666667 0.76708984375 0.8503333333333334 0.77001953125 0.854
1 0.927001953125 0.7973333333333333 0.931884765625 0.7966666666666666 0.939208984375 0.8026666666666666 0.950927734375 0.8076666666666666 0.955810546875 0.8083333333333333 0.958740234375 0.8073333333333333 0.9609375 0.8026666666666666 0.96240234375 0.7906666666666666 0.96044921875 0.779 0.955078125 0.7723333333333333 0.953857421875 0.769 0.955078125 0.7623333333333333 0.959228515625 0.7523333333333333 0.957275390625 0.744 0.955078125 0.7416666666666667 0.9482421875 0.7426666666666667 0.939453125 0.7476666666666667 0.93505859375 0.7536666666666667 0.931640625 0.7523333333333333 0.927001953125 0.7476666666666667 0.924072265625 0.7463333333333333 0.919677734375 0.7466666666666667 0.91796875 0.7506666666666667 0.916748046875 0.7733333333333333 0.914306640625 0.779 0.9140625 0.7833333333333333 0.915283203125 0.788 0.921875 0.796 0.927001953125 0.7973333333333333
1 0.86669921875 0.9996666666666667 0.922119140625 0.9996666666666667 0.9228515625 0.9823333333333333 0.919189453125 0.9773333333333334 0.916259765625 0.9696666666666667 0.9169921875 0.9666666666666667 0.911865234375 0.9623333333333334 0.9111328125 0.9543333333333334 0.9091796875 0.9476666666666667 0.904296875 0.941 0.894775390625 0.9353333333333333 0.88427734375 0.9336666666666666 0.873046875 0.938 0.864501953125 0.944 0.857421875 0.9463333333333334 0.856201171875 0.948 0.8564453125 0.958 0.861328125 0.981 0.866455078125 0.994 0.86669921875 0.9996666666666667
1 0.873046875 0.9303333333333333 0.879150390625 0.933 0.88427734375 0.932 0.895751953125 0.9336666666666666 0.899658203125 0.9366666666666666 0.911376953125 0.941 0.916259765625 0.941 0.92236328125 0.939 0.92822265625 0.94 0.939697265625 0.9353333333333333 0.943359375 0.9323333333333333 0.946533203125 0.9263333333333333 0.94677734375 0.9233333333333333 0.9423828125 0.9083333333333333 0.938720703125 0.9003333333333333 0.9296875 0.8986666666666666 0.896728515625 0.882 0.888427734375 0.881 0.872802734375 0.887 0.870849609375 0.8886666666666667 0.867431640625 0.896 0.86328125 0.908 0.86376953125 0.9196666666666666 0.869140625 0.927 0.873046875 0.9303333333333333
1 0.821533203125 0.991 0.826171875 0.9916666666666667 0.828369140625 0.9893333333333333 0.83203125 0.9793333333333333 0.83349609375 0.97 0.831787109375 0.9626666666666667 0.827880859375 0.9543333333333334 0.82421875 0.943 0.822021484375 0.9396666666666667 0.815185546875 0.9363333333333334 0.8115234375 0.938 0.805419921875 0.947 0.8037109375 0.951 0.802734375 0.9576666666666667 0.802734375 0.9676666666666667 0.806640625 0.983 0.80908203125 0.982 0.821533203125 0.991
1 0.763671875 0.985 0.77734375 0.974 0.779296875 0.9666666666666667 0.783935546875 0.9596666666666667 0.785400390625 0.955 0.789306640625 0.9356666666666666 0.7890625 0.9313333333333333 0.787109375 0.9266666666666666 0.779052734375 0.9206666666666666 0.750732421875 0.908 0.74658203125 0.9096666666666666 0.7412109375 0.916 0.736328125 0.9303333333333333 0.732421875 0.9466666666666667 0.73193359375 0.9583333333333334 0.7353515625 0.9673333333333334 0.743896484375 0.975 0.763671875 0.985
1 0.7158203125 0.859 0.724365234375 0.865 0.72900390625 0.866 0.732177734375 0.8646666666666667 0.740234375 0.854 0.751953125 0.827 0.752197265625 0.822 0.74951171875 0.818 0.740966796875 0.8103333333333333 0.72412109375 0.7973333333333333 0.7197265625 0.7963333333333333 0.712890625 0.798 0.711181640625 0.8 0.701416015625 0.8156666666666667 0.696533203125 0.826 0.69482421875 0.8326666666666667 0.695068359375 0.8376666666666667 0.69677734375 0.8416666666666667 0.705322265625 0.8483333333333334 0.7158203125 0.859
1 0.666259765625 0.764 0.672607421875 0.7676666666666667 0.68505859375 0.767 0.691162109375 0.764 0.69873046875 0.7516666666666667 0.699951171875 0.744 0.703857421875 0.7363333333333333 0.705322265625 0.7266666666666667 0.705078125 0.721 0.701904296875 0.7196666666666667 0.692138671875 0.719 0.6845703125 0.7226666666666667 0.677978515625 0.718 0.673583984375 0.7173333333333334 0.663818359375 0.7306666666666667 0.659423828125 0.7403333333333333 0.6591796875 0.7473333333333333 0.66162109375 0.752 0.664306640625 0.754 0.666259765625 0.764
1 0.704345703125 0.6866666666666666 0.70751953125 0.685 0.719482421875 0.6826666666666666 0.728759765625 0.677 0.72998046875 0.6736666666666666 0.724365234375 0.6656666666666666 0.716064453125 0.658 0.714599609375 0.654 0.709228515625 0.6526666666666666 0.70556640625 0.654 0.7041015625 0.6586666666666666 0.689208984375 0.6696666666666666 0.687255859375 0.6723333333333333 0.68701171875 0.675 0.697265625 0.6903333333333334 0.701171875 0.6903333333333334 0.704345703125 0.6866666666666666
1 0.607421875 0.20066666666666666 0.61962890625 0.20166666666666666 0.630126953125 0.20566666666666666 0.636474609375 0.205 0.638427734375 0.19833333333333333 0.642333984375 0.19766666666666666 0.656005859375 0.207 0.662109375 0.21266666666666667 0.668701171875 0.21466666666666667 0.67333984375 0.21333333333333335 0.677734375 0.209 0.6796875 0.201 0.680419921875 0.185 0.687255859375 0.17 0.68798828125 0.163 0.68359375 0.154 0.662109375 0.13866666666666666 0.654296875 0.13966666666666666 0.642333984375 0.14633333333333334 0.634033203125 0.144 0.63232421875 0.14233333333333334 0.630859375 0.13466666666666666 0.621826171875 0.123 0.61474609375 0.11866666666666667 0.609130859375 0.11733333333333333 0.59912109375 0.118 0.59375 0.12266666666666666 0.59228515625 0.12666666666666668 0.591796875 0.14533333333333334 0.589111328125 0.15866666666666668 0.589599609375 0.17566666666666667 0.595703125 0.18933333333333333 0.6005859375 0.197 0.607421875 0.20066666666666666
1 0.530029296875 0.08 0.530029296875 0.084 0.532958984375 0.088 0.53955078125 0.087 0.542805908203125 0.08877766666666667 0.544921875 0.09166666666666666 0.54296875 0.09466666666666666 0.54296875 0.10166666666666667 0.5439453125 0.105 0.545654296875 0.10666666666666667 0.548583984375 0.10833333333333334 0.556884765625 0.10866666666666666 0.563720703125 0.11433333333333333 0.567626953125 0.11566666666666667 0.588134765625 0.11866666666666667 0.59130859375 0.12066666666666667 0.59814453125 0.11666666666666667 0.611083984375 0.11533333333333333 0.613037109375 0.11133333333333334 0.617919921875 0.09033333333333333 0.61865234375 0.08 0.6162109375 0.076 0.60986328125 0.073 0.6044921875 0.06833333333333333 0.6025390625 0.06533333333333333 0.604248046875 0.060333333333333336 0.601318359375 0.05733333333333333 0.600830078125 0.05266666666666667 0.599365234375 0.051333333333333335 0.593180419921875 0.049666666666666665 0.57861328125 0.03933333333333333 0.575439453125 0.03833333333333333 0.567138671875 0.04133333333333333 0.554443359375 0.049666666666666665 0.540771484375 0.050666666666666665 0.537109375 0.051666666666666666 0.535888671875 0.05366666666666667 0.535888671875 0.06466666666666666 0.534423828125 0.06866666666666667 0.53369140625 0.07566666666666666 0.530029296875 0.08
1 0.568115234375 0 0.568359375 0.010333333333333333 0.57080078125 0.025333333333333333 0.578125 0.038 0.583740234375 0.042333333333333334 0.592041015625 0.04566666666666667 0.5986328125 0.044 0.615478515625 0.036333333333333336 0.6181640625 0.029 0.615478515625 0.021 0.608154296875 0.008333333333333333 0.6015625 0.002 0.601318359375 0 0.568115234375 0
1 0.6015625 0.271 0.604736328125 0.2786666666666667 0.607666015625 0.2803333333333333 0.6103515625 0.2786666666666667 0.612060546875 0.2673333333333333 0.614013671875 0.264 0.626708984375 0.24866666666666667 0.629150390625 0.244 0.626953125 0.239 0.619384765625 0.23333333333333334 0.60595703125 0.232 0.591064453125 0.236 0.585693359375 0.243 0.584228515625 0.247 0.584228515625 0.25166666666666665 0.587158203125 0.25933333333333336 0.592529296875 0.266 0.6015625 0.271
1 0.7626953125 0.14233333333333334 0.761962890625 0.13866666666666666 0.755859375 0.13533333333333333 0.751953125 0.13466666666666666 0.74072265625 0.137 0.737060546875 0.14166666666666666 0.73828125 0.14533333333333334 0.74755859375 0.14966666666666667 0.75634765625 0.14766666666666667 0.7626953125 0.14233333333333334
1 0.708740234375 0.137 0.708984375 0.13 0.705810546875 0.11533333333333333 0.70263671875 0.10633333333333334 0.700927734375 0.10466666666666667 0.697021484375 0.10433333333333333 0.6904296875 0.10766666666666666 0.687744140625 0.11033333333333334 0.689697265625 0.13066666666666665 0.697265625 0.14033333333333334 0.701171875 0.142 0.708740234375 0.137
1 0.73876953125 0.17766666666666667 0.741455078125 0.17266666666666666 0.74755859375 0.16966666666666666 0.748046875 0.166 0.746337890625 0.16466666666666666 0.7451171875 0.16033333333333333 0.745361328125 0.15366666666666667 0.742431640625 0.14833333333333334 0.736328125 0.147 0.732421875 0.15833333333333333 0.72802734375 0.17366666666666666 0.732177734375 0.17866666666666667 0.736083984375 0.17966666666666667 0.73876953125 0.17766666666666667
1 0.898681640625 0.5046666666666667 0.90380859375 0.5026666666666667 0.905029296875 0.498 0.905029296875 0.49266666666666664 0.90234375 0.471 0.900390625 0.469 0.896728515625 0.468 0.88818359375 0.4686666666666667 0.8857421875 0.4706666666666667 0.886962890625 0.496 0.888427734375 0.503 0.890869140625 0.5046666666666667 0.898681640625 0.5046666666666667
1 0.919677734375 0.5766666666666667 0.931396484375 0.582 0.935302734375 0.58 0.935546875 0.5716666666666667 0.93408203125 0.568 0.9365234375 0.5643333333333334 0.936279296875 0.56 0.931396484375 0.552 0.927734375 0.5493333333333333 0.923583984375 0.5496666666666666 0.916748046875 0.5553333333333333 0.91064453125 0.5573333333333333 0.90869140625 0.5616666666666666 0.908447265625 0.5643333333333334 0.90966796875 0.5676666666666667 0.912109375 0.571 0.919677734375 0.5766666666666667
1 0.64794921875 0.9706666666666667 0.657958984375 0.9743333333333334 0.67333984375 0.9743333333333334 0.681396484375 0.9773333333333334 0.692138671875 0.9756666666666667 0.697021484375 0.971 0.69775390625 0.9676666666666667 0.697265625 0.9586666666666667 0.6923828125 0.9386666666666666 0.677490234375 0.9153333333333333 0.669677734375 0.909 0.65966796875 0.906 0.656005859375 0.9066666666666666 0.649169921875 0.913 0.638671875 0.93 0.638916015625 0.9386666666666666 0.646484375 0.9543333333333334 0.6455078125 0.967 0.64794921875 0.9706666666666667
1 0.658203125 0.8613333333333333 0.662353515625 0.861 0.6708984375 0.855 0.677978515625 0.8456666666666667 0.678466796875 0.8416666666666667 0.677001953125 0.835 0.67236328125 0.8223333333333334 0.648681640625 0.8043333333333333 0.644775390625 0.8036666666666666 0.638916015625 0.806 0.6298828125 0.8143333333333334 0.62744140625 0.8183333333333334 0.627197265625 0.8256666666666667 0.6357421875 0.8413333333333334 0.650390625 0.859 0.658203125 0.8613333333333333
1 0.529296875 0.9316666666666666 0.53271484375 0.9386666666666666 0.537353515625 0.9426666666666667 0.543212890625 0.9516666666666667 0.551513671875 0.959 0.56396484375 0.9646666666666667 0.5771484375 0.963 0.580078125 0.966 0.584228515625 0.9736666666666667 0.58642578125 0.975 0.595703125 0.9716666666666667 0.602294921875 0.9603333333333334 0.607177734375 0.9566666666666667 0.614013671875 0.955 0.61962890625 0.951 0.621826171875 0.9473333333333334 0.6220703125 0.9433333333333334 0.6201171875 0.93 0.61767578125 0.9196666666666666 0.61572265625 0.916 0.618408203125 0.9043333333333333 0.61767578125 0.8963333333333333 0.613525390625 0.8883333333333333 0.607177734375 0.8813333333333333 0.60302734375 0.8786666666666667 0.595458984375 0.8763333333333333 0.581787109375 0.876 0.561279296875 0.8816666666666667 0.55615234375 0.8843333333333333 0.552001953125 0.8883333333333333 0.537353515625 0.9096666666666666 0.534423828125 0.9113333333333333 0.528564453125 0.912 0.528564453125 0.9166666666666666 0.52978515625 0.9196666666666666 0.52783203125 0.924 0.529296875 0.9316666666666666
1 0.57080078125 0.8733333333333333 0.574951171875 0.8746666666666667 0.603759765625 0.8733333333333333 0.611328125 0.867 0.614501953125 0.861 0.61572265625 0.853 0.615478515625 0.842 0.613525390625 0.8376666666666667 0.599609375 0.8256666666666667 0.5849609375 0.8256666666666667 0.571044921875 0.8316666666666667 0.568115234375 0.8376666666666667 0.56787109375 0.8416666666666667 0.564453125 0.8533333333333334 0.56396484375 0.8576666666666667 0.566162109375 0.8633333333333333 0.566650390625 0.869 0.57080078125 0.8733333333333333
1 0.567138671875 0.7483333333333333 0.57421875 0.748 0.58740234375 0.739 0.59228515625 0.73 0.601318359375 0.7226666666666667 0.603515625 0.7163333333333334 0.606689453125 0.7006666666666667 0.60546875 0.6983333333333334 0.6025390625 0.6963333333333334 0.591552734375 0.694 0.579345703125 0.7016666666666667 0.572509765625 0.7036666666666667 0.55224609375 0.7146666666666667 0.5498046875 0.7173333333333334 0.546875 0.7246666666666667 0.54638671875 0.7293333333333333 0.547607421875 0.7363333333333333 0.55126953125 0.7403333333333333 0.567138671875 0.7483333333333333
1 0.62255859375 0.5553333333333333 0.6318359375 0.554 0.654296875 0.5376666666666666 0.65673828125 0.5426666666666666 0.657958984375 0.5533333333333333 0.668212890625 0.5556666666666666 0.677978515625 0.556 0.680908203125 0.5536666666666666 0.68359375 0.5486666666666666 0.6826171875 0.5446666666666666 0.684814453125 0.5393333333333333 0.689697265625 0.538 0.694091796875 0.533 0.694091796875 0.525 0.6865234375 0.5056666666666667 0.68115234375 0.5033333333333333 0.677490234375 0.49733333333333335 0.656494140625 0.491 0.644775390625 0.482 0.638671875 0.479 0.626708984375 0.47833333333333333 0.623046875 0.4826666666666667 0.619384765625 0.48333333333333334 0.6123046875 0.48733333333333334 0.6025390625 0.5 0.59814453125 0.5136666666666667 0.59814453125 0.5246666666666666 0.60302734375 0.5406666666666666 0.611083984375 0.5496666666666666 0.62255859375 0.5553333333333333
1 0.5732421875 0.4483333333333333 0.568115234375 0.455 0.56884765625 0.46 0.57470703125 0.4666666666666667 0.583984375 0.472 0.594482421875 0.47533333333333333 0.599365234375 0.474 0.611083984375 0.47433333333333333 0.615234375 0.471 0.6181640625 0.466 0.6279296875 0.46 0.632568359375 0.455 0.63525390625 0.444 0.63623046875 0.44333333333333336 0.63330078125 0.44033333333333335 0.632568359375 0.43766666666666665 0.625732421875 0.434 0.62255859375 0.43066666666666664 0.612060546875 0.4256666666666667 0.603271484375 0.415 0.59619140625 0.4116666666666667 0.583740234375 0.4096666666666667 0.578857421875 0.41 0.576171875 0.41233333333333333 0.576416015625 0.425 0.5751953125 0.43133333333333335 0.576171875 0.44116666666666665 0.5732421875 0.4483333333333333
1 0.626220703125 0.418 0.623046875 0.4236666666666667 0.623046875 0.42733333333333334 0.624755859375 0.42866666666666664 0.64013671875 0.43433333333333335 0.640869140625 0.43533333333333335 0.63818359375 0.43933333333333335 0.639404296875 0.43833333333333335 0.640869140625 0.44 0.646484375 0.43966666666666665 0.649658203125 0.433 0.653564453125 0.42933333333333334 0.660400390625 0.414 0.671142578125 0.401 0.673095703125 0.39266666666666666 0.670166015625 0.38866666666666666 0.66162109375 0.384 0.6474609375 0.38066666666666665 0.645751953125 0.38066666666666665 0.643798828125 0.38266666666666665 0.640625 0.39266666666666666 0.638427734375 0.396 0.63623046875 0.4053333333333333 0.626220703125 0.418
1 0.593017578125 0.37733333333333335 0.596435546875 0.38766666666666666 0.59814453125 0.38966666666666666 0.6025390625 0.39066666666666666 0.61474609375 0.38766666666666666 0.625732421875 0.38133333333333336 0.634765625 0.37966666666666665 0.6396484375 0.377 0.643798828125 0.369 0.646484375 0.3566666666666667 0.646484375 0.353 0.64208984375 0.3496666666666667 0.640380859375 0.3456666666666667 0.64453125 0.3416666666666667 0.64306640625 0.33766666666666667 0.629638671875 0.33166666666666667 0.62646484375 0.3283333333333333 0.622802734375 0.32766666666666666 0.611328125 0.32866666666666666 0.603515625 0.3333333333333333 0.595458984375 0.335 0.575927734375 0.35433333333333333 0.5751953125 0.35933333333333334 0.576416015625 0.365 0.58154296875 0.37 0.593017578125 0.37733333333333335
1 0.660888671875 0.3456666666666667 0.673095703125 0.345 0.681640625 0.3416666666666667 0.6865234375 0.338 0.689453125 0.3333333333333333 0.69140625 0.3233333333333333 0.6884765625 0.31833333333333336 0.681884765625 0.315 0.677490234375 0.31433333333333335 0.67138671875 0.316 0.662841796875 0.313 0.657470703125 0.313 0.642333984375 0.322 0.638427734375 0.33066666666666666 0.638916015625 0.336 0.650390625 0.339 0.656005859375 0.344 0.660888671875 0.3456666666666667
1 0.552978515625 0.31433333333333335 0.564208984375 0.30833333333333335 0.569091796875 0.307 0.57177734375 0.30266666666666664 0.571044921875 0.2976666666666667 0.572021484375 0.2936666666666667 0.578369140625 0.287 0.57861328125 0.283 0.576171875 0.2786666666666667 0.570068359375 0.2786666666666667 0.564208984375 0.273 0.559814453125 0.273 0.556640625 0.274 0.546875 0.2813333333333333 0.541748046875 0.2876666666666667 0.5400390625 0.2916666666666667 0.5400390625 0.29933333333333334 0.5419921875 0.30766666666666664 0.545166015625 0.31133333333333335 0.552978515625 0.31433333333333335
1 0.541015625 0.13866666666666666 0.545166015625 0.155 0.550048828125 0.15966666666666668 0.56787109375 0.16633333333333333 0.578125 0.16433333333333333 0.58642578125 0.157 0.588623046875 0.15033333333333335 0.5888671875 0.142 0.58544921875 0.12266666666666666 0.577392578125 0.11833333333333333 0.5615234375 0.11466666666666667 0.556396484375 0.116 0.55126953125 0.11966666666666667 0.544677734375 0.12833333333333333 0.540771484375 0.13066666666666665 0.54150390625 0.13366666666666666 0.541015625 0.13866666666666666
1 0.436767578125 0 0.436279296875 0.0023333333333333335 0.425537109375 0.013 0.420166015625 0.012666666666666666 0.412109375 0.007 0.408203125 0.007 0.40380859375 0.009333333333333334 0.404296875 0.013 0.40283203125 0.016666666666666666 0.40283203125 0.021333333333333333 0.405517578125 0.025666666666666667 0.406005859375 0.029 0.40966796875 0.03166666666666667 0.410400390625 0.041 0.415771484375 0.04833333333333333 0.438232421875 0.06433333333333334 0.447998046875 0.06733333333333333 0.468505859375 0.061 0.472900390625 0.058 0.474853515625 0.055 0.4755859375 0.04766666666666667 0.478271484375 0.037333333333333336 0.477783203125 0.034666666666666665 0.474853515625 0.029 0.466552734375 0.019666666666666666 0.458740234375 0.018333333333333333 0.454345703125 0.013666666666666667 0.457275390625 0.005666666666666667 0.4580078125 0 0.436767578125 0
1 0.499755859375 0.08133333333333333 0.509521484375 0.07933333333333334 0.521728515625 0.06866666666666667 0.5224609375 0.06333333333333334 0.52099609375 0.053 0.517333984375 0.043666666666666666 0.512451171875 0.04 0.511474609375 0.029333333333333333 0.505615234375 0.03 0.500244140625 0.03333333333333333 0.48876953125 0.04833333333333333 0.4873046875 0.052333333333333336 0.4873046875 0.07233333333333333 0.489501953125 0.08 0.499755859375 0.08133333333333333
1 0.498779296875 0.9033333333333333 0.500732421875 0.908 0.509765625 0.912 0.528564453125 0.899 0.533935546875 0.8913333333333333 0.534912109375 0.8883333333333333 0.534912109375 0.8816666666666667 0.53662109375 0.8783333333333333 0.545166015625 0.8706666666666667 0.54833984375 0.865 0.544921875 0.8573333333333333 0.53759765625 0.8556666666666667 0.529296875 0.8516666666666667 0.5068359375 0.8516666666666667 0.4990234375 0.8543333333333333 0.485595703125 0.8706666666666667 0.485107421875 0.873 0.4873046875 0.8963333333333333 0.489990234375 0.9 0.498779296875 0.9033333333333333
1 0.437744140625 0.936 0.4453125 0.9386666666666666 0.459228515625 0.951 0.48291015625 0.9546666666666667 0.486083984375 0.9566666666666667 0.491455078125 0.9566666666666667 0.498779296875 0.95 0.50439453125 0.9393333333333334 0.5029296875 0.9263333333333333 0.506103515625 0.9196666666666666 0.505859375 0.9156666666666666 0.50244140625 0.9103333333333333 0.49462890625 0.904 0.485595703125 0.8993333333333333 0.478515625 0.8923333333333333 0.47509765625 0.8953333333333333 0.462890625 0.8956666666666667 0.459228515625 0.8976666666666666 0.45458984375 0.898 0.447265625 0.8956666666666667 0.443603515625 0.893 0.439208984375 0.8933333333333333 0.4267578125 0.903 0.42138671875 0.9106666666666666 0.4208984375 0.913 0.42236328125 0.9196666666666666 0.427001953125 0.9283333333333333 0.437744140625 0.936
1 0.427734375 0.866 0.437255859375 0.871 0.443115234375 0.8756666666666667 0.45556640625 0.8796666666666667 0.458740234375 0.8783333333333333 0.46142578125 0.8726666666666667 0.465087890625 0.8593333333333333 0.468994140625 0.8496666666666667 0.469970703125 0.8413333333333334 0.467529296875 0.837 0.451171875 0.8263333333333334 0.4189453125 0.8146666666666667 0.415771484375 0.816 0.414306640625 0.8183333333333334 0.406005859375 0.842 0.404052734375 0.851 0.40478515625 0.857 0.41162109375 0.861 0.419677734375 0.865 0.427734375 0.866
1 0.486572265625 0.7233333333333334 0.497802734375 0.731 0.501953125 0.7316666666666667 0.508056640625 0.7283333333333334 0.513671875 0.7206666666666667 0.515625 0.7093333333333334 0.515380859375 0.7043333333333334 0.5166015625 0.701 0.515380859375 0.6933333333333334 0.510009765625 0.6773333333333333 0.50732421875 0.672 0.50537109375 0.6703333333333333 0.499267578125 0.6543333333333333 0.486572265625 0.6416666666666667 0.4794921875 0.641 0.475341796875 0.6453333333333333 0.470947265625 0.6536666666666666 0.467529296875 0.6653333333333333 0.4609375 0.6743333333333333 0.461181640625 0.683 0.464599609375 0.6933333333333334 0.4775390625 0.7143333333333334 0.486572265625 0.7233333333333334
1 0.497802734375 0.288 0.51318359375 0.282 0.52197265625 0.2763333333333333 0.5302734375 0.26766666666666666 0.529541015625 0.2633333333333333 0.513427734375 0.24433333333333335 0.4990234375 0.249 0.491455078125 0.24966666666666668 0.485595703125 0.256 0.484130859375 0.26166666666666666 0.483642578125 0.2673333333333333 0.484619140625 0.2713333333333333 0.49462890625 0.2856666666666667 0.497802734375 0.288
1 0.364990234375 0.2836666666666667 0.380615234375 0.305 0.404541015625 0.2996666666666667 0.408203125 0.29733333333333334 0.416015625 0.29533333333333334 0.416748046875 0.2946666666666667 0.416015625 0.29 0.4208984375 0.28633333333333333 0.424560546875 0.2793333333333333 0.42529296875 0.25966666666666666 0.423095703125 0.25333333333333335 0.418212890625 0.244 0.411865234375 0.23533333333333334 0.40380859375 0.22933333333333333 0.385986328125 0.22466666666666665 0.374267578125 0.22733333333333333 0.3662109375 0.236 0.361572265625 0.248 0.358154296875 0.25166666666666665 0.3583984375 0.25633333333333336 0.356689453125 0.26266666666666666 0.35791015625 0.2713333333333333 0.364990234375 0.2836666666666667
1 0.437744140625 0.30333333333333334 0.445556640625 0.304 0.45458984375 0.30133333333333334 0.46337890625 0.294 0.46826171875 0.287 0.46826171875 0.2826666666666667 0.466796875 0.2786666666666667 0.460205078125 0.2673333333333333 0.4560546875 0.263 0.4453125 0.25566666666666665 0.4384765625 0.255 0.430419921875 0.25666666666666665 0.42578125 0.259 0.4248046875 0.2633333333333333 0.42529296875 0.2796666666666667 0.423828125 0.2866666666666667 0.4296875 0.29633333333333334 0.437744140625 0.30333333333333334
1 0.475341796875 0.38166666666666665 0.486083984375 0.38533333333333336 0.49462890625 0.38533333333333336 0.513916015625 0.37933333333333336 0.524658203125 0.365 0.525390625 0.35733333333333334 0.519287109375 0.35233333333333333 0.506591796875 0.348 0.501220703125 0.34833333333333333 0.482421875 0.353 0.47802734375 0.357 0.47216796875 0.365 0.470947265625 0.36833333333333335 0.470947265625 0.37333333333333335 0.472412109375 0.37766666666666665 0.475341796875 0.38166666666666665
1 0.4892578125 0.5183333333333333 0.498046875 0.518 0.502197265625 0.5163333333333333 0.513671875 0.525 0.51708984375 0.5246666666666666 0.518798828125 0.5226666666666666 0.519287109375 0.5203333333333333 0.51806640625 0.517 0.521484375 0.5116666666666667 0.52685546875 0.5143333333333333 0.543701171875 0.513 0.547607421875 0.5146666666666667 0.553466796875 0.5146666666666667 0.559326171875 0.5123333333333333 0.5634765625 0.5133333333333333 0.56787109375 0.5123333333333333 0.576904296875 0.506 0.58251953125 0.498 0.583740234375 0.494 0.583251953125 0.487 0.5810546875 0.48133333333333334 0.57373046875 0.47333333333333333 0.56884765625 0.4703333333333333 0.548583984375 0.4686666666666667 0.53369140625 0.47333333333333333 0.5283203125 0.47333333333333333 0.526123046875 0.4703333333333333 0.52587890625 0.46266666666666667 0.535888671875 0.447 0.537109375 0.443 0.534912109375 0.43933333333333335 0.53076171875 0.436 0.513916015625 0.425 0.509765625 0.427 0.5078125 0.43 0.501220703125 0.435 0.4931640625 0.443 0.4873046875 0.4513333333333333 0.484375 0.459 0.48486328125 0.46266666666666667 0.487548828125 0.466 0.489013671875 0.4713333333333333 0.486083984375 0.474 0.48291015625 0.47433333333333333 0.47802734375 0.4776666666666667 0.4755859375 0.48333333333333334 0.475341796875 0.49433333333333335 0.478515625 0.5056666666666667 0.482666015625 0.5146666666666667 0.4892578125 0.5183333333333333
1 0.525146484375 0.562 0.544677734375 0.564 0.552978515625 0.5623333333333334 0.564453125 0.5536666666666666 0.569091796875 0.5446666666666666 0.570068359375 0.535 0.5693359375 0.529 0.564453125 0.5246666666666666 0.556640625 0.5193333333333333 0.54833984375 0.517 0.532958984375 0.519 0.525390625 0.5233333333333333 0.523193359375 0.527 0.518798828125 0.5306666666666666 0.51318359375 0.5406666666666666 0.512939453125 0.5446666666666666 0.515869140625 0.548 0.51953125 0.5566666666666666 0.525146484375 0.562
1 0.50537109375 0.6286666666666667 0.50927734375 0.6306666666666667 0.516845703125 0.6313333333333333 0.520751953125 0.6296666666666667 0.527587890625 0.635 0.5322265625 0.6423333333333333 0.53369140625 0.6476666666666666 0.537109375 0.6516666666666666 0.542724609375 0.65 0.560546875 0.6503333333333333 0.563232421875 0.647 0.563720703125 0.6423333333333333 0.5703125 0.631 0.571533203125 0.6256666666666667 0.57177734375 0.6223333333333333 0.565185546875 0.591 0.544677734375 0.5656666666666667 0.53955078125 0.5633333333333334 0.525146484375 0.5626666666666666 0.512939453125 0.5776666666666667 0.49755859375 0.607 0.49609375 0.611 0.4970703125 0.6153333333333333 0.499267578125 0.6203333333333333 0.50537109375 0.6286666666666667
1 0.510498046875 0.6803333333333333 0.5166015625 0.7006666666666667 0.516845703125 0.7086666666666667 0.536865234375 0.7196666666666667 0.544677734375 0.7186666666666667 0.548583984375 0.7163333333333334 0.58349609375 0.6856666666666666 0.585205078125 0.6816666666666666 0.583984375 0.6733333333333333 0.580322265625 0.6656666666666666 0.5732421875 0.655 0.564453125 0.6443333333333333 0.552978515625 0.6343333333333333 0.54443359375 0.634 0.536865234375 0.6393333333333333 0.534423828125 0.6393333333333333 0.53125 0.6363333333333333 0.529052734375 0.6306666666666667 0.52099609375 0.6276666666666667 0.504638671875 0.6303333333333333 0.499267578125 0.635 0.496826171875 0.642 0.49658203125 0.6513333333333333 0.497802734375 0.6576666666666666 0.506591796875 0.671 0.510498046875 0.6803333333333333
1 0.450685302734375 0.16302866666666668 0.435874755859375 0.18203599999999998 0.427876953125 0.1937636666666667 0.435302734375 0.221 0.438720703125 0.224 0.451171875 0.221 0.473876953125 0.21166666666666667 0.478515625 0.208 0.502685546875 0.19533333333333333 0.505615234375 0.19666666666666666 0.513427734375 0.196 0.5244140625 0.18833333333333332 0.533203125 0.185 0.537841796875 0.18133333333333335 0.5498046875 0.15833333333333333 0.548583984375 0.15433333333333332 0.545166015625 0.15266666666666667 0.542724609375 0.13866666666666666 0.540283203125 0.13066666666666665 0.537841796875 0.128 0.534423828125 0.118 0.529296875 0.111 0.521484375 0.10533333333333333 0.514892578125 0.104 0.50439453125 0.105 0.492919921875 0.10133333333333333 0.491455078125 0.09866666666666667 0.4931640625 0.09166666666666666 0.481689453125 0.082 0.46484375 0.081 0.458984375 0.07866666666666666 0.453857421875 0.07866666666666666 0.447998046875 0.08166666666666667 0.4423828125 0.08666666666666667 0.434814453125 0.097 0.426513671875 0.119 0.42626953125 0.131 0.42919921875 0.138 0.428466796875 0.14266666666666666 0.450685302734375 0.16302866666666668
1 0.360595703125 0.212 0.363037109375 0.212 0.365234375 0.21133333333333335 0.370361328125 0.20466666666666666 0.3759765625 0.20266666666666666 0.38134765625 0.20266666666666666 0.388427734375 0.19866666666666666 0.38916015625 0.197 0.38720703125 0.19366666666666665 0.38720703125 0.1915 0.39013671875 0.188 0.396728515625 0.187 0.402587890625 0.17666666666666667 0.405680419921875 0.17433333333333334 0.412841796875 0.175 0.415771484375 0.17733333333333334 0.43505859375 0.17866666666666667 0.44091796875 0.17366666666666666 0.44140625 0.17133333333333334 0.443603515625 0.16933333333333334 0.444091796875 0.16566666666666666 0.4287109375 0.14166666666666666 0.4189453125 0.13066666666666665 0.41845703125 0.12666666666666668 0.416015625 0.123 0.399658203125 0.115 0.39208984375 0.11466666666666667 0.384765625 0.11966666666666667 0.376708984375 0.13166666666666665 0.358154296875 0.166 0.35302734375 0.17733333333333334 0.350830078125 0.18566666666666667 0.35107421875 0.193 0.355224609375 0.20066666666666666 0.358154296875 0.20933333333333334 0.360595703125 0.212
1 0.39453125 0.32966666666666666 0.395751953125 0.33266666666666667 0.395751953125 0.33766666666666667 0.400146484375 0.3426666666666667 0.4072265625 0.343 0.431396484375 0.334 0.434814453125 0.32966666666666666 0.436767578125 0.322 0.436279296875 0.31066666666666665 0.434326171875 0.30566666666666664 0.43212890625 0.30233333333333334 0.426513671875 0.29833333333333334 0.423828125 0.29333333333333333 0.419189453125 0.2956666666666667 0.416015625 0.29433333333333334 0.413818359375 0.297 0.409912109375 0.299 0.39111328125 0.302 0.384521484375 0.306 0.380859375 0.306 0.381103515625 0.31466666666666665 0.383056640625 0.323 0.385009765625 0.326 0.39453125 0.32966666666666666
1 0.25390625 0 0.247802734375 0.010333333333333333 0.245849609375 0.01633333333333333 0.24560546875 0.021333333333333333 0.247802734375 0.027 0.265869140625 0.043 0.27099609375 0.05333333333333334 0.282470703125 0.07166666666666667 0.286865234375 0.076 0.29052734375 0.07733333333333334 0.3037109375 0.076 0.310546875 0.072 0.31298828125 0.067 0.3173828125 0.06533333333333333 0.341796875 0.069 0.3505859375 0.064 0.3564453125 0.059333333333333335 0.360107421875 0.05333333333333334 0.364990234375 0.033 0.366455078125 0.022333333333333334 0.365966796875 0.02 0.36279296875 0.015666666666666666 0.355224609375 0.009666666666666667 0.3408203125 0.004333333333333333 0.33349609375 0.0033333333333333335 0.331298828125 0.0016666666666666668 0.331298828125 0 0.25390625 0
1 0.32861328125 0.3963333333333333 0.33349609375 0.4026666666666667 0.34130859375 0.4093333333333333 0.345947265625 0.41133333333333333 0.357666015625 0.4196666666666667 0.36279296875 0.42766666666666664 0.36328125 0.43066666666666664 0.361083984375 0.43633333333333335 0.344482421875 0.4663333333333333 0.343994140625 0.4703333333333333 0.3447265625 0.4713333333333333 0.349853515625 0.47433333333333333 0.380615234375 0.484 0.397705078125 0.484 0.40380859375 0.48 0.40869140625 0.47433333333333333 0.4140625 0.46266666666666667 0.414794921875 0.452 0.4169921875 0.444 0.418212890625 0.436 0.417236328125 0.41833333333333333 0.422119140625 0.408 0.42333984375 0.401 0.422607421875 0.3963333333333333 0.421142578125 0.3943333333333333 0.415771484375 0.3883333333333333 0.404296875 0.37966666666666665 0.400146484375 0.37933333333333336 0.395751953125 0.383 0.388671875 0.394 0.378255126953125 0.39366666666666666 0.367431640625 0.382 0.357177734375 0.381 0.3564453125 0.37566666666666665 0.358154296875 0.37333333333333335 0.359619140625 0.36533333333333334 0.357421875 0.34933333333333333 0.353271484375 0.3433333333333333 0.349609375 0.3423333333333333 0.33935546875 0.3446666666666667 0.33447265625 0.34933333333333333 0.324462890625 0.37266666666666665 0.32373046875 0.381 0.324951171875 0.38533333333333336 0.328125 0.3903333333333333 0.32861328125 0.3963333333333333
1 0.430908203125 0.4806666666666667 0.435546875 0.481 0.439208984375 0.479 0.44384765625 0.47933333333333333 0.4462890625 0.47733333333333333 0.44873046875 0.471 0.452392578125 0.4666666666666667 0.452880859375 0.4583333333333333 0.455078125 0.451 0.455078125 0.439 0.449462890625 0.432 0.44287109375 0.428 0.437744140625 0.42733333333333334 0.4228515625 0.43 0.419677734375 0.433 0.4169921875 0.43933333333333335 0.41748046875 0.44733333333333336 0.4150390625 0.45466666666666666 0.414794921875 0.4706666666666667 0.41943359375 0.4766666666666667 0.427490234375 0.482 0.430908203125 0.4806666666666667
1 0.435302734375 0.5163333333333333 0.454345703125 0.5133333333333333 0.464111328125 0.5023333333333333 0.46435546875 0.498 0.455078125 0.4876666666666667 0.448486328125 0.48433333333333334 0.443359375 0.4826666666666667 0.429931640625 0.483 0.423095703125 0.484 0.41259765625 0.49366666666666664 0.408935546875 0.5006666666666667 0.408935546875 0.5056666666666667 0.413330078125 0.5093333333333333 0.427734375 0.516 0.435302734375 0.5163333333333333
1 0.358642578125 0.5743333333333334 0.372314453125 0.572 0.37548828125 0.5666666666666667 0.385009765625 0.5566666666666666 0.386474609375 0.5526666666666666 0.386474609375 0.5483333333333333 0.385009765625 0.5443333333333333 0.37890625 0.5366666666666666 0.376220703125 0.529 0.365234375 0.5243333333333333 0.348876953125 0.5226666666666666 0.345458984375 0.5233333333333333 0.339599609375 0.529 0.33447265625 0.5526666666666666 0.3349609375 0.5603333333333333 0.341796875 0.5683333333333334 0.353515625 0.5746666666666667 0.358642578125 0.5743333333333334
1 0.357666015625 0.6256666666666667 0.364990234375 0.626 0.375 0.6143333333333333 0.385009765625 0.607 0.389404296875 0.589 0.396240234375 0.5796666666666667 0.39892578125 0.5686666666666667 0.400146484375 0.5683333333333334 0.39697265625 0.5666666666666667 0.396240234375 0.5643333333333334 0.392333984375 0.5653333333333334 0.38916015625 0.563 0.386962890625 0.563 0.380859375 0.5643333333333334 0.380615234375 0.5693333333333334 0.369140625 0.5723333333333334 0.357666015625 0.573 0.349365234375 0.5876666666666667 0.346435546875 0.5953333333333334 0.34130859375 0.603 0.340087890625 0.607 0.33935546875 0.6113333333333333 0.34130859375 0.6143333333333333 0.349853515625 0.618 0.357666015625 0.6256666666666667
1 0.443359375 0.604 0.45263671875 0.596 0.453125 0.5916666666666667 0.447265625 0.5826666666666667 0.44775390625 0.576 0.447021484375 0.5733333333333334 0.4404296875 0.5643333333333334 0.434814453125 0.564 0.41943359375 0.5723333333333334 0.416259765625 0.576 0.417724609375 0.5796666666666667 0.439208984375 0.603 0.443359375 0.604
1 0.468017578125 0.578 0.471435546875 0.5793333333333334 0.474853515625 0.584 0.473876953125 0.5866666666666667 0.474365234375 0.589 0.486328125 0.5803333333333334 0.487548828125 0.5723333333333334 0.486572265625 0.5643333333333334 0.482666015625 0.5536666666666666 0.4794921875 0.55 0.47509765625 0.5483333333333333 0.470703125 0.55 0.466552734375 0.556 0.464111328125 0.564 0.463134765625 0.568 0.4638671875 0.572 0.467529296875 0.576 0.468017578125 0.578
1 0.408935546875 0.7276666666666667 0.40966796875 0.7323333333333333 0.412841796875 0.7346666666666667 0.420166015625 0.735 0.439208984375 0.727 0.444091796875 0.7136666666666667 0.447265625 0.7083333333333334 0.453125 0.694 0.452392578125 0.6853333333333333 0.45068359375 0.684 0.443359375 0.6856666666666666 0.435791015625 0.672 0.431396484375 0.673 0.423583984375 0.6786666666666666 0.41357421875 0.6893333333333334 0.4150390625 0.6963333333333334 0.41552734375 0.7066666666666667 0.41015625 0.721 0.408935546875 0.7276666666666667
1 0.392822265625 0.7666666666666667 0.396240234375 0.7686666666666667 0.40478515625 0.7693333333333333 0.407470703125 0.7653333333333333 0.407958984375 0.7596666666666667 0.4111328125 0.7476666666666667 0.408203125 0.741 0.400146484375 0.7366666666666667 0.3955078125 0.736 0.392578125 0.737 0.388427734375 0.7416666666666667 0.38671875 0.751 0.384521484375 0.7563333333333333 0.3837890625 0.7596666666666667 0.384521484375 0.7643333333333333 0.38818359375 0.769 0.392822265625 0.7666666666666667
1 0.359130859375 0.791 0.362548828125 0.799 0.366455078125 0.8003333333333333 0.375732421875 0.798 0.3818359375 0.8026666666666666 0.384765625 0.8026666666666666 0.386962890625 0.8 0.388916015625 0.7943333333333333 0.389404296875 0.787 0.383056640625 0.7673333333333333 0.380615234375 0.763 0.3662109375 0.7516666666666667 0.36181640625 0.7503333333333333 0.35791015625 0.751 0.35595703125 0.753 0.353515625 0.7626666666666667 0.353271484375 0.7673333333333333 0.355224609375 0.775 0.359619140625 0.786 0.359130859375 0.791
1 0.239501953125 0.8806666666666667 0.248779296875 0.8843333333333333 0.249267578125 0.8946666666666667 0.252197265625 0.903 0.25732421875 0.906 0.2626953125 0.9073333333333333 0.273193359375 0.9073333333333333 0.27734375 0.9056666666666666 0.281982421875 0.9013333333333333 0.32080078125 0.8983333333333333 0.326171875 0.9126666666666666 0.3310546875 0.9136666666666666 0.33740234375 0.9116666666666666 0.3603515625 0.8963333333333333 0.363037109375 0.892 0.364501953125 0.886 0.364013671875 0.872 0.3681640625 0.8576666666666667 0.367431640625 0.8533333333333334 0.364990234375 0.8513333333333334 0.355224609375 0.851 0.3466796875 0.853 0.341552734375 0.8526666666666667 0.318115234375 0.8263333333333334 0.3115234375 0.822 0.30126953125 0.8266666666666667 0.299560546875 0.83 0.294677734375 0.835 0.271240234375 0.835 0.2646484375 0.8296666666666667 0.25830078125 0.8276666666666667 0.24609375 0.828 0.240234375 0.826 0.236572265625 0.8266666666666667 0.228271484375 0.837 0.226806640625 0.8416666666666667 0.224853515625 0.8533333333333334 0.227783203125 0.867 0.234619140625 0.8736666666666667 0.239501953125 0.8806666666666667
1 0.341796875 0.9526666666666667 0.3505859375 0.955 0.3603515625 0.952 0.372802734375 0.9403333333333334 0.376953125 0.93 0.37744140625 0.9233333333333333 0.3759765625 0.9196666666666666 0.372802734375 0.9173333333333333 0.364990234375 0.913 0.360595703125 0.912 0.35791015625 0.914 0.3447265625 0.9153333333333333 0.3349609375 0.9243333333333333 0.328857421875 0.9273333333333333 0.328857421875 0.9396666666666667 0.330078125 0.945 0.337646484375 0.953 0.341796875 0.9526666666666667
1 0.30419921875 0.9646666666666667 0.31298828125 0.9623333333333334 0.318603515625 0.959 0.317626953125 0.955 0.31298828125 0.9533333333333334 0.3076171875 0.9446666666666667 0.30712890625 0.9403333333333334 0.308837890625 0.9356666666666666 0.30859375 0.9283333333333333 0.30615234375 0.9233333333333333 0.302734375 0.9206666666666666 0.289794921875 0.918 0.283447265625 0.912 0.279541015625 0.91 0.27294921875 0.9103333333333333 0.25048828125 0.9196666666666666 0.25146484375 0.9273333333333333 0.283203125 0.9706666666666667 0.291259765625 0.9703333333333334 0.30419921875 0.9646666666666667
1 0.185302734375 0 0.182861328125 0.021 0.183837890625 0.028666666666666667 0.185302734375 0.03133333333333333 0.19091796875 0.035 0.191650390625 0.04133333333333333 0.18505859375 0.07466666666666667 0.181640625 0.07766666666666666 0.173828125 0.07833333333333334 0.172607421875 0.08 0.171630859375 0.08733333333333333 0.171142578125 0.09566666666666666 0.172607421875 0.10633333333333334 0.17333984375 0.13466666666666666 0.175048828125 0.141 0.175048828125 0.14933333333333335 0.178955078125 0.154 0.187255859375 0.159 0.19970703125 0.17 0.206787109375 0.173 0.2294921875 0.173 0.231201171875 0.17233333333333334 0.23681640625 0.162 0.240478515625 0.15833333333333333 0.244140625 0.15966666666666668 0.256591796875 0.17133333333333334 0.267578125 0.171 0.27197265625 0.166 0.276123046875 0.16366666666666665 0.29248046875 0.178 0.29296875 0.18133333333333335 0.296142578125 0.18433333333333332 0.293701171875 0.18966666666666668 0.294677734375 0.191 0.29736328125 0.18966666666666668 0.29931640625 0.192 0.298583984375 0.2 0.301513671875 0.206 0.318603515625 0.219 0.3251953125 0.21933333333333332 0.333740234375 0.216 0.341064453125 0.20866666666666667 0.346435546875 0.197 0.34765625 0.18933333333333333 0.34912109375 0.155 0.35595703125 0.13866666666666666 0.355712890625 0.13066666666666665 0.353759765625 0.124 0.345703125 0.11533333333333333 0.325927734375 0.102 0.318115234375 0.102 0.306884765625 0.10533333333333333 0.30419921875 0.10433333333333333 0.302001953125 0.10133333333333333 0.299072265625 0.093 0.295166015625 0.08766666666666667 0.279296875 0.07233333333333333 0.275390625 0.06966666666666667 0.2705078125 0.07066666666666667 0.265625 0.069 0.263671875 0.06266666666666666 0.26123046875 0.06566666666666666 0.255615234375 0.06766666666666667 0.2451171875 0.059333333333333335 0.23828125 0.056 0.236083984375 0.049666666666666665 0.235595703125 0.03333333333333333 0.238525390625 0.012666666666666666 0.2373046875 0 0.185302734375 0
1 0.208984375 0.224 0.216064453125 0.22533333333333333 0.228515625 0.22566666666666665 0.2376708984375 0.21933333333333332 0.243408203125 0.21833333333333332 0.2509765625 0.21 0.254150390625 0.20833333333333334 0.262939453125 0.212 0.277099609375 0.21266666666666667 0.2822265625 0.21166666666666667 0.29150390625 0.20766666666666667 0.294921875 0.205 0.29638671875 0.20133333333333334 0.295166015625 0.19433333333333333 0.2919921875 0.18533333333333332 0.284423828125 0.177 0.27587890625 0.172 0.2548828125 0.17133333333333334 0.24365234375 0.17866666666666667 0.240234375 0.17866666666666667 0.232177734375 0.175 0.2119140625 0.17466666666666666 0.19482421875 0.185 0.191650390625 0.191 0.191162109375 0.19333333333333333 0.197509765625 0.213 0.204833984375 0.22133333333333333 0.208984375 0.224
1 0.252685546875 0.25633333333333336 0.25830078125 0.25833333333333336 0.263916015625 0.25833333333333336 0.271484375 0.25366666666666665 0.274169921875 0.24866666666666667 0.27392578125 0.244 0.271240234375 0.237 0.257080078125 0.224 0.25537109375 0.22066666666666668 0.248779296875 0.21833333333333332 0.243896484375 0.21833333333333332 0.234375 0.222 0.228515625 0.22733333333333333 0.2275390625 0.22833333333333333 0.22802734375 0.232 0.239501953125 0.24766666666666667 0.252685546875 0.25633333333333336
1 0.238525390625 0.3426666666666667 0.244140625 0.3433333333333333 0.251708984375 0.33866666666666667 0.26025390625 0.32666666666666666 0.261962890625 0.31433333333333335 0.260986328125 0.31033333333333335 0.25146484375 0.29533333333333334 0.243896484375 0.28833333333333333 0.240234375 0.2866666666666667 0.2314453125 0.2876666666666667 0.21923828125 0.3016666666666667 0.217529296875 0.305 0.21728515625 0.315 0.221435546875 0.3293333333333333 0.231689453125 0.3383333333333333 0.238525390625 0.3426666666666667
1 0.294677734375 0.42966666666666664 0.29736328125 0.43066666666666664 0.3115234375 0.43166666666666664 0.3232421875 0.43033333333333335 0.327880859375 0.4236666666666667 0.33251953125 0.408 0.327880859375 0.3993333333333333 0.3203125 0.393 0.314697265625 0.3863333333333333 0.304931640625 0.38166666666666665 0.29541015625 0.38166666666666665 0.288818359375 0.38333333333333336 0.282470703125 0.3923333333333333 0.280517578125 0.398 0.280029296875 0.404 0.28369140625 0.416 0.290771484375 0.4256666666666667 0.294677734375 0.42966666666666664
1 0.30126953125 0.485 0.31201171875 0.4866666666666667 0.319091796875 0.48533333333333334 0.33154296875 0.4746666666666667 0.341796875 0.45866666666666667 0.3447265625 0.4513333333333333 0.3447265625 0.449 0.337646484375 0.43666666666666665 0.333984375 0.43533333333333335 0.331298828125 0.436 0.326171875 0.43233333333333335 0.306396484375 0.43233333333333335 0.29931640625 0.431 0.294677734375 0.43233333333333335 0.290771484375 0.43533333333333335 0.278564453125 0.447 0.27685546875 0.4523333333333333 0.2763671875 0.45866666666666667 0.2783203125 0.46266666666666667 0.29345703125 0.4796666666666667 0.30126953125 0.485
1 0.193115234375 0.4643333333333333 0.200927734375 0.465 0.212890625 0.461 0.237060546875 0.479 0.248291015625 0.4806666666666667 0.2509765625 0.4856666666666667 0.25146484375 0.49233333333333335 0.25390625 0.498 0.25830078125 0.5016666666666667 0.279296875 0.511 0.2841796875 0.5113333333333333 0.290283203125 0.5096666666666667 0.301025390625 0.498 0.30078125 0.49366666666666664 0.297119140625 0.4846666666666667 0.293701171875 0.482 0.28271484375 0.4673333333333333 0.275390625 0.4613333333333333 0.25341796875 0.4513333333333333 0.248291015625 0.43533333333333335 0.231689453125 0.4196666666666667 0.2255859375 0.417 0.219970703125 0.4166666666666667 0.211181640625 0.4206666666666667 0.20068359375 0.42033333333333334 0.195068359375 0.417 0.19189453125 0.41 0.187255859375 0.4056666666666667 0.180419921875 0.4026666666666667 0.173583984375 0.403 0.1669921875 0.412 0.16748046875 0.4196666666666667 0.169677734375 0.4236666666666667 0.17822265625 0.432 0.193115234375 0.4643333333333333
1 0.315673828125 0.537 0.328857421875 0.523 0.33935546875 0.5153333333333333 0.345458984375 0.5153333333333333 0.349609375 0.5136666666666667 0.3544921875 0.5056666666666667 0.353271484375 0.498 0.35205078125 0.49766666666666665 0.351318359375 0.494 0.34912109375 0.491 0.341796875 0.48833333333333334 0.333740234375 0.489 0.322509765625 0.49833333333333335 0.314208984375 0.5026666666666667 0.30859375 0.511 0.305908203125 0.513 0.302001953125 0.523 0.3017578125 0.5256666666666666 0.3056640625 0.537 0.310791015625 0.5396666666666666 0.315673828125 0.537
1 0.302734375 0.6656666666666666 0.318359375 0.676 0.326171875 0.677 0.344482421875 0.6753333333333333 0.350341796875 0.6723333333333333 0.367431640625 0.654 0.36962890625 0.6466666666666666 0.369873046875 0.6383333333333333 0.369140625 0.634 0.364013671875 0.6256666666666667 0.35986328125 0.6233333333333333 0.353271484375 0.6156666666666667 0.3505859375 0.616 0.3447265625 0.6133333333333333 0.3369140625 0.613 0.314208984375 0.6146666666666667 0.30908203125 0.6173333333333333 0.30224609375 0.623 0.290283203125 0.6366666666666667 0.28759765625 0.642 0.287353515625 0.6466666666666666 0.29296875 0.6546666666666666 0.2939453125 0.6583333333333333 0.302734375 0.6656666666666666
1 0.231689453125 0.705 0.236083984375 0.718 0.242431640625 0.7236666666666667 0.248046875 0.732 0.2509765625 0.733 0.253662109375 0.7363333333333333 0.259765625 0.7373333333333333 0.263427734375 0.7393333333333333 0.271240234375 0.7476666666666667 0.27783203125 0.7516666666666667 0.282958984375 0.7536666666666667 0.28662109375 0.7523333333333333 0.288330078125 0.7483333333333333 0.290771484375 0.7353333333333333 0.29248046875 0.7326666666666667 0.29150390625 0.728 0.293701171875 0.7243333333333334 0.287109375 0.7126666666666667 0.281494140625 0.706 0.279296875 0.7 0.280029296875 0.677 0.27783203125 0.6723333333333333 0.276123046875 0.6696666666666666 0.271728515625 0.6666666666666666 0.2587890625 0.6673333333333333 0.251220703125 0.666 0.243896484375 0.667 0.23876953125 0.673 0.2275390625 0.6893333333333334 0.228271484375 0.6966666666666667 0.232177734375 0.7016666666666667 0.231689453125 0.705
1 0.22412109375 0.6913333333333334 0.227294921875 0.6903333333333334 0.23095703125 0.684 0.23681640625 0.6773333333333333 0.2431640625 0.6656666666666666 0.2431640625 0.6616666666666666 0.239990234375 0.657 0.236328125 0.6463333333333333 0.22509765625 0.6293333333333333 0.220458984375 0.6253333333333333 0.216552734375 0.6263333333333333 0.205078125 0.6356666666666667 0.20068359375 0.633 0.196533203125 0.638 0.1943359375 0.6476666666666666 0.189208984375 0.6536666666666666 0.187744140625 0.657 0.188720703125 0.6636666666666666 0.201416015625 0.6796666666666666 0.213623046875 0.683 0.22412109375 0.6913333333333334
1 0.18353955078125 0.7696666666666667 0.189453125 0.7713333333333333 0.19384765625 0.7706666666666667 0.201904296875 0.7733333333333333 0.20703125 0.771 0.21533203125 0.7636666666666667 0.229736328125 0.769 0.23681640625 0.7673333333333333 0.23876953125 0.762 0.236328125 0.7473333333333333 0.232177734375 0.74 0.2138671875 0.7243333333333334 0.209716796875 0.723 0.2001953125 0.723 0.19384765625 0.7253333333333334 0.189208984375 0.7233333333333334 0.181640625 0.7236666666666667 0.17529296875 0.73 0.167236328125 0.734 0.156494140625 0.747 0.1533203125 0.7533333333333333 0.15283203125 0.7596666666666667 0.157958984375 0.768 0.165771484375 0.771 0.18353955078125 0.7696666666666667
1 0.150390625 0.8026666666666666 0.154541015625 0.8063333333333333 0.165771484375 0.8103333333333333 0.16845703125 0.8096666666666666 0.173828125 0.8163333333333334 0.173583984375 0.819 0.179443359375 0.826 0.185791015625 0.8266666666666667 0.197021484375 0.8336666666666667 0.20849609375 0.838 0.212646484375 0.837 0.214111328125 0.8206666666666667 0.212890625 0.811 0.210693359375 0.8066666666666666 0.201171875 0.7943333333333333 0.194580078125 0.78 0.1884765625 0.771 0.185546875 0.7693333333333333 0.157958984375 0.769 0.155517578125 0.7713333333333333 0.15283203125 0.7786666666666666 0.145751953125 0.782 0.14501953125 0.784 0.146240234375 0.791 0.149658203125 0.7966666666666666 0.150390625 0.8026666666666666
1 0.1748046875 0.9763333333333334 0.17626953125 0.9793333333333333 0.175048828125 0.982 0.17333984375 0.983 0.173095703125 0.9863333333333333 0.17431640625 0.9863333333333333 0.17724609375 0.9826666666666667 0.181884765625 0.9823333333333333 0.18603515625 0.9843333333333333 0.189208984375 0.9913333333333333 0.192626953125 0.9946666666666667 0.197265625 0.9963333333333333 0.200439453125 0.9996666666666667 0.21142578125 0.9996666666666667 0.21142578125 0.998 0.21533203125 0.994 0.21728515625 0.993 0.220458984375 0.9946666666666667 0.22412109375 0.9886666666666667 0.228271484375 0.986 0.230712890625 0.9796666666666667 0.234619140625 0.9743333333333334 0.234619140625 0.972 0.238037109375 0.963 0.23828125 0.9586666666666667 0.236083984375 0.9533333333333334 0.225341796875 0.9463333333333334 0.214599609375 0.945 0.201904296875 0.94 0.188720703125 0.94 0.18701171875 0.941 0.17724609375 0.955 0.17236328125 0.9636666666666667 0.17138671875 0.9663333333333334 0.172607421875 0.9716666666666667 0.171875 0.9746666666666667 0.1748046875 0.9763333333333334
1 0.087646484375 0.08666666666666667 0.107177734375 0.087 0.111572265625 0.085 0.115966796875 0.079 0.115234375 0.07166666666666667 0.103515625 0.042666666666666665 0.095703125 0.032 0.084716796875 0.025 0.080810546875 0.024 0.076171875 0.025 0.0712890625 0.035333333333333335 0.06298828125 0.048 0.060546875 0.05466666666666667 0.060546875 0.057666666666666665 0.0654296875 0.06566666666666666 0.079833984375 0.08433333333333333 0.087646484375 0.08666666666666667
1 0.0478515625 0.236 0.048583984375 0.23966666666666667 0.055908203125 0.24366666666666667 0.058837890625 0.25 0.061279296875 0.25966666666666666 0.067626953125 0.2673333333333333 0.072265625 0.27 0.079833984375 0.272 0.091552734375 0.27 0.095703125 0.26566666666666666 0.098388671875 0.25933333333333336 0.09912109375 0.25166666666666665 0.09716796875 0.23966666666666667 0.097900390625 0.236 0.100830078125 0.23333333333333334 0.111328125 0.23266666666666666 0.115234375 0.22833333333333333 0.11572265625 0.20533333333333334 0.116943359375 0.194 0.1142578125 0.18533333333333332 0.104248046875 0.17733333333333334 0.092041015625 0.17333333333333334 0.074462890625 0.17133333333333334 0.068359375 0.16866666666666666 0.063720703125 0.169 0.060546875 0.171 0.056640625 0.177 0.047119140625 0.197 0.041748046875 0.21233333333333335 0.039794921875 0.22166666666666668 0.040283203125 0.22566666666666665 0.048828125 0.22933333333333333 0.049560546875 0.23266666666666666 0.0478515625 0.236
1 0.126708984375 0.23166666666666666 0.13037109375 0.229 0.135009765625 0.22933333333333333 0.139404296875 0.23133333333333334 0.14892578125 0.22433333333333333 0.150634765625 0.22066666666666668 0.1513671875 0.21 0.1552734375 0.201 0.154296875 0.19066666666666668 0.155517578125 0.185 0.154296875 0.18133333333333335 0.152099609375 0.18033333333333335 0.150390625 0.177 0.146484375 0.178 0.14453125 0.18333333333333332 0.138671875 0.18733333333333332 0.1279296875 0.20533333333333334 0.122802734375 0.21133333333333335 0.120361328125 0.21666666666666667 0.12158203125 0.221 0.12451171875 0.22333333333333333 0.126708984375 0.23166666666666666
1 0.11962890625 0.3446666666666667 0.122802734375 0.34833333333333333 0.123046875 0.3536666666666667 0.124267578125 0.357 0.126708984375 0.3596666666666667 0.1357421875 0.35933333333333334 0.146484375 0.3636666666666667 0.150634765625 0.36333333333333334 0.154541015625 0.361 0.16064453125 0.35333333333333333 0.1640625 0.3456666666666667 0.16259765625 0.34 0.162353515625 0.333 0.171630859375 0.30266666666666664 0.16943359375 0.283 0.16748046875 0.2786666666666667 0.16259765625 0.2733333333333333 0.154296875 0.26866666666666666 0.149658203125 0.2683333333333333 0.138427734375 0.2743333333333333 0.132568359375 0.28 0.124755859375 0.2833333333333333 0.119873046875 0.2876666666666667 0.11572265625 0.27566666666666667 0.11572265625 0.2713333333333333 0.111572265625 0.27 0.109130859375 0.2713333333333333 0.107177734375 0.27366666666666667 0.10595703125 0.2813333333333333 0.103515625 0.2866666666666667 0.104248046875 0.2916666666666667 0.103515625 0.295 0.10791015625 0.296 0.108642578125 0.299 0.107177734375 0.30233333333333334 0.103515625 0.304 0.100830078125 0.3313333333333333 0.1005859375 0.338 0.102294921875 0.3423333333333333 0.110107421875 0.3456666666666667 0.11962890625 0.3446666666666667
1 0 0.2733333333333333 0.018798828125 0.281 0.042236328125 0.288 0.045166015625 0.28733333333333333 0.04833984375 0.2846666666666667 0.05859375 0.2713333333333333 0.05908203125 0.2673333333333333 0.057861328125 0.26 0.054931640625 0.25 0.052490234375 0.24533333333333332 0.039794921875 0.24033333333333334 0.032958984375 0.23466666666666666 0.02880859375 0.235 0.010009765625 0.22866666666666666 0.005615234375 0.23 0 0.23466666666666666 0 0.2733333333333333
1 0.102294921875 0.42633333333333334 0.107421875 0.425 0.123779296875 0.4156666666666667 0.126220703125 0.41233333333333333 0.123046875 0.3983333333333333 0.1171875 0.38133333333333336 0.114990234375 0.376 0.111572265625 0.37233333333333335 0.103759765625 0.37333333333333335 0.094482421875 0.377 0.087646484375 0.38133333333333336 0.084228515625 0.38533333333333336 0.084716796875 0.39466666666666667 0.095703125 0.42966666666666664 0.099365234375 0.43066666666666664 0.102294921875 0.42633333333333334
1 0 0.217 0.008544921875 0.22 0.015869140625 0.226 0.021240234375 0.22866666666666666 0.02587890625 0.22666666666666666 0.02880859375 0.22133333333333333 0.033203125 0.22466666666666665 0.036376953125 0.22066666666666668 0.03466796875 0.215 0.0341796875 0.20833333333333334 0.037841796875 0.198 0.037109375 0.19266666666666668 0.032958984375 0.189 0.017333984375 0.181 0.01416015625 0.18166666666666667 0.0048828125 0.18866666666666668 0 0.193 0 0.217
1 0.102783203125 0.48033333333333333 0.111083984375 0.4786666666666667 0.119140625 0.4746666666666667 0.130126953125 0.4666666666666667 0.131591796875 0.4633333333333333 0.127197265625 0.4543333333333333 0.11962890625 0.44366666666666665 0.1201171875 0.43466666666666665 0.111328125 0.427 0.10546875 0.433 0.10107421875 0.43566666666666665 0.095703125 0.43666666666666665 0.08349609375 0.447 0.080078125 0.451 0.07568359375 0.461 0.075439453125 0.467 0.076416015625 0.469 0.09130859375 0.47833333333333333 0.102783203125 0.48033333333333333
1 0.130859375 0.5243333333333333 0.136474609375 0.525 0.14453125 0.5213333333333333 0.14794921875 0.516 0.154296875 0.5163333333333333 0.16650390625 0.506 0.16943359375 0.5016666666666667 0.169921875 0.49766666666666665 0.167236328125 0.494 0.15576171875 0.4846666666666667 0.137939453125 0.4816666666666667 0.1220703125 0.48433333333333334 0.115234375 0.501 0.11474609375 0.5096666666666667 0.115966796875 0.5136666666666667 0.123291015625 0.5213333333333333 0.130859375 0.5243333333333333
1 0.18798828125 0.5573333333333333 0.18896484375 0.5646666666666667 0.187255859375 0.5663333333333334 0.185302734375 0.572 0.18896484375 0.5743333333333334 0.193359375 0.5723333333333334 0.19580078125 0.5636666666666666 0.199951171875 0.5583333333333333 0.2021484375 0.5583333333333333 0.204833984375 0.5616666666666666 0.208740234375 0.562 0.214111328125 0.5563333333333333 0.2158203125 0.553 0.2255859375 0.5446666666666666 0.225830078125 0.5366666666666666 0.2275390625 0.5293333333333333 0.224365234375 0.5293333333333333 0.221923828125 0.526 0.220458984375 0.5213333333333333 0.2177734375 0.5176666666666667 0.214111328125 0.5056666666666667 0.20849609375 0.498 0.200927734375 0.498 0.18017578125 0.5076666666666667 0.1728515625 0.5133333333333333 0.1708984375 0.5163333333333333 0.16943359375 0.522 0.169677734375 0.5313333333333333 0.173095703125 0.549 0.17919921875 0.555 0.18798828125 0.5573333333333333
1 0.106689453125 0.5756666666666667 0.10791015625 0.58 0.1142578125 0.5843333333333334 0.13427734375 0.5743333333333334 0.1416015625 0.576 0.1522216796875 0.574 0.169921875 0.576 0.171875 0.5733333333333334 0.1728515625 0.5686666666666667 0.17236328125 0.5443333333333333 0.169677734375 0.5353333333333333 0.167724609375 0.533 0.16748046875 0.5293333333333333 0.142578125 0.522 0.134765625 0.528 0.1328125 0.5336666666666666 0.109619140625 0.5473333333333333 0.103759765625 0.5526666666666666 0.106201171875 0.561 0.102294921875 0.5643333333333334 0.10302734375 0.5693333333333334 0.106689453125 0.5756666666666667
1 0 0.6066666666666667 0.017822265625 0.615 0.0244140625 0.61 0.042724609375 0.5833333333333334 0.046142578125 0.5773333333333334 0.047607421875 0.567 0.0400390625 0.5523333333333333 0.017822265625 0.529 0.013427734375 0.5283333333333333 0.009033203125 0.5326666666666666 0 0.544 0 0.6066666666666667
1 0 0.6626666666666666 0.003662109375 0.663 0.01318359375 0.6673333333333333 0.019287109375 0.6763333333333333 0.02490234375 0.6796666666666666 0.029541015625 0.68 0.033203125 0.6786666666666666 0.036865234375 0.6753333333333333 0.041015625 0.677 0.049641845703125 0.673 0.052734375 0.673 0.0595703125 0.669 0.061279296875 0.666 0.064453125 0.6546666666666666 0.068115234375 0.6373333333333333 0.068603515625 0.6306666666666667 0.06494140625 0.625 0.06103515625 0.6213333333333333 0.05322265625 0.618 0.045166015625 0.6166666666666667 0.03076171875 0.617 0.024658203125 0.6153333333333333 0.01708984375 0.619 0.0087890625 0.6303333333333333 0.002685546875 0.6463333333333333 0.003173828125 0.6556666666666666 0.001708984375 0.659 0 0.659 0 0.6626666666666666
1 0.025390625 0.47633333333333333 0.02783203125 0.4796666666666667 0.031005859375 0.4886666666666667 0.0361328125 0.49633333333333335 0.037109375 0.497 0.044677734375 0.49433333333333335 0.0517578125 0.48833333333333334 0.052490234375 0.4866666666666667 0.052001953125 0.48233333333333334 0.047119140625 0.4666666666666667 0.036865234375 0.444 0.03271484375 0.44233333333333336 0.027587890625 0.44466666666666665 0.02001953125 0.45166666666666666 0.0185546875 0.4553333333333333 0.017578125 0.465 0.01806640625 0.471 0.020751953125 0.47433333333333333 0.025390625 0.47633333333333333
1 0 0.41 0.0185546875 0.4136666666666667 0.02197265625 0.41933333333333334 0.0263671875 0.431 0.02978515625 0.434 0.037109375 0.434 0.04638671875 0.42733333333333334 0.05615234375 0.4256666666666667 0.059814453125 0.4236666666666667 0.0625 0.421 0.06787109375 0.4096666666666667 0.072509765625 0.408 0.0712890625 0.4 0.06982421875 0.3973333333333333 0.0673828125 0.395 0.064453125 0.39466666666666667 0.056640625 0.3883333333333333 0.05126953125 0.389 0.04638671875 0.38566666666666666 0.042724609375 0.38533333333333336 0.040771484375 0.38566666666666666 0.036865234375 0.3893333333333333 0.028564453125 0.39266666666666666 0.02392578125 0.38133333333333336 0.021240234375 0.37933333333333336 0.007568359375 0.3863333333333333 0 0.392 0 0.41
1 0.040771484375 0.7836666666666666 0.04443359375 0.7836666666666666 0.047607421875 0.7766666666666666 0.052734375 0.775 0.068359375 0.7636666666666667 0.07275390625 0.7573333333333333 0.076171875 0.7453333333333333 0.079833984375 0.74 0.078857421875 0.7283333333333334 0.074951171875 0.722 0.072998046875 0.715 0.072998046875 0.7116666666666667 0.0771484375 0.701 0.078857421875 0.6936666666666667 0.076904296875 0.6853333333333333 0.073974609375 0.6816666666666666 0.0595703125 0.672 0.0556640625 0.6713333333333333 0.051025390625 0.673 0.04150390625 0.673 0.038330078125 0.675 0.03759765625 0.677 0.033203125 0.6773333333333333 0.029296875 0.6806666666666666 0.025146484375 0.687 0.02001953125 0.699 0.016357421875 0.7173333333333334 0.015869140625 0.725 0.01708984375 0.7433333333333333 0.033203125 0.781 0.040771484375 0.7836666666666666
1 0.045166015625 0.853 0.04931640625 0.855 0.052490234375 0.8593333333333333 0.056884765625 0.8593333333333333 0.0751953125 0.85 0.081298828125 0.843 0.087158203125 0.8333333333333334 0.08837890625 0.827 0.087890625 0.8176666666666667 0.083984375 0.8103333333333333 0.0771484375 0.8053333333333333 0.063720703125 0.8056666666666666 0.05517578125 0.8103333333333333 0.046875 0.8183333333333334 0.035400390625 0.8363333333333334 0.035400390625 0.842 0.040771484375 0.8463333333333334 0.041748046875 0.8493333333333334 0.045166015625 0.853
1 0.13671875 0.714 0.14697265625 0.7133333333333334 0.154541015625 0.7086666666666667 0.16064453125 0.701 0.16943359375 0.6776666666666666 0.1708984375 0.6706666666666666 0.170654296875 0.6616666666666666 0.166259765625 0.6553333333333333 0.162353515625 0.6533333333333333 0.1494140625 0.651 0.142333984375 0.6536666666666666 0.137939453125 0.6563333333333333 0.130126953125 0.6663333333333333 0.12744140625 0.6743333333333333 0.122802734375 0.6763333333333333 0.1142578125 0.6826666666666666 0.109619140625 0.689 0.10888671875 0.692 0.109375 0.697 0.115234375 0.701 0.123291015625 0.712 0.13671875 0.714
1 0.134765625 0.6446666666666667 0.14599609375 0.6346666666666667 0.150634765625 0.6273333333333333 0.15625 0.6153333333333333 0.16259765625 0.5953333333333334 0.154052734375 0.595 0.130615234375 0.601 0.122314453125 0.6113333333333333 0.1142578125 0.6273333333333333 0.114990234375 0.6346666666666667 0.122802734375 0.643 0.126708984375 0.6446666666666667 0.134765625 0.6446666666666667
1 0.083251953125 0.6263333333333333 0.09033203125 0.6236666666666667 0.093017578125 0.621 0.096923828125 0.6126666666666667 0.1015625 0.6066666666666667 0.10791015625 0.5916666666666667 0.107421875 0.5866666666666667 0.102783203125 0.58 0.101318359375 0.576 0.084228515625 0.571 0.079833984375 0.571 0.076171875 0.573 0.068115234375 0.5896666666666667 0.064697265625 0.5993333333333334 0.066650390625 0.615 0.072509765625 0.6223333333333333 0.083251953125 0.6263333333333333
1 0.0595703125 0.9186666666666666 0.083740234375 0.9183333333333333 0.088623046875 0.9153333333333333 0.091796875 0.9106666666666666 0.09423828125 0.9016666666666666 0.0927734375 0.8906666666666667 0.0869140625 0.8683333333333333 0.080810546875 0.8583333333333333 0.076416015625 0.856 0.064697265625 0.8583333333333333 0.055419921875 0.864 0.048828125 0.8713333333333333 0.04931640625 0.8966666666666666 0.05322265625 0.9113333333333333 0.056884765625 0.9173333333333333 0.0595703125 0.9186666666666666
1 0.982421875 0.282 0.986328125 0.284 0.99169921875 0.2846666666666667 0.999755859375 0.283 0.999755859375 0.237 0.990966796875 0.232 0.974365234375 0.22833333333333333 0.970458984375 0.231 0.966064453125 0.23633333333333334 0.96044921875 0.24866666666666667 0.960205078125 0.252 0.962890625 0.25933333333333336 0.96728515625 0.267 0.982421875 0.282
1 0.290771484375 0.359 0.299072265625 0.3526666666666667 0.300048828125 0.3496666666666667 0.30078125 0.337 0.2998046875 0.334 0.295166015625 0.3283333333333333 0.290283203125 0.32766666666666666 0.279052734375 0.3313333333333333 0.271728515625 0.33766666666666667 0.270751953125 0.3423333333333333 0.271240234375 0.34933333333333333 0.279541015625 0.3606666666666667 0.28369140625 0.36233333333333334 0.290771484375 0.359
1 0.311767578125 0.30633333333333335 0.318359375 0.30966666666666665 0.32177734375 0.309 0.328125 0.289 0.331298828125 0.2833333333333333 0.335693359375 0.2793333333333333 0.336181640625 0.2773333333333333 0.3359375 0.2713333333333333 0.33056640625 0.25566666666666665 0.325927734375 0.25533333333333336 0.32177734375 0.26 0.318359375 0.2673333333333333 0.318115234375 0.271 0.316162109375 0.2723333333333333 0.31494140625 0.2773333333333333 0.31201171875 0.283 0.31201171875 0.288 0.309326171875 0.2956666666666667 0.310302734375 0.30366666666666664 0.311767578125 0.30633333333333335
1 0.055419921875 0.36333333333333334 0.060302734375 0.36866666666666664 0.064697265625 0.36833333333333335 0.076171875 0.37533333333333335 0.0810546875 0.374 0.091552734375 0.36033333333333334 0.092041015625 0.35733333333333334 0.091064453125 0.35333333333333333 0.08154296875 0.3426666666666667 0.080810546875 0.3398333333333333 0.08154296875 0.3263333333333333 0.076171875 0.323 0.072021484375 0.3243333333333333 0.06884765625 0.32966666666666666 0.0654296875 0.3323333333333333 0.056396484375 0.3333333333333333 0.05224609375 0.336 0.05029296875 0.33766666666666667 0.0498046875 0.3403333333333333 0.047607421875 0.3433333333333333 0.0419921875 0.347 0.041259765625 0.349 0.0419921875 0.3536666666666667 0.044189453125 0.357 0.055419921875 0.36333333333333334
1 0.10302734375 0.7553333333333333 0.110595703125 0.7543333333333333 0.120361328125 0.748 0.123291015625 0.7443333333333333 0.125244140625 0.7366666666666667 0.125 0.732 0.123291015625 0.7283333333333334 0.118408203125 0.7246666666666667 0.11474609375 0.72 0.107421875 0.7156666666666667 0.102783203125 0.7156666666666667 0.09521484375 0.7223333333333334 0.087646484375 0.7226666666666667 0.083740234375 0.726 0.08056640625 0.7316666666666667 0.080322265625 0.7403333333333333 0.082763671875 0.7476666666666667 0.08837890625 0.7513333333333333 0.10302734375 0.7553333333333333
1 0.102783203125 0.7136666666666667 0.1083984375 0.715 0.109130859375 0.7136666666666667 0.108642578125 0.7046666666666667 0.109619140625 0.7006666666666667 0.099853515625 0.683 0.091796875 0.672 0.082275390625 0.6736666666666666 0.081298828125 0.678 0.0830078125 0.6853333333333333 0.091552734375 0.701 0.102783203125 0.7136666666666667
1 0.90087890625 0.06766666666666667 0.906005859375 0.06166666666666667 0.913330078125 0.057 0.916259765625 0.05266666666666667 0.91650390625 0.04833333333333333 0.911865234375 0.045 0.9013671875 0.046 0.89208984375 0.052 0.88818359375 0.058 0.887451171875 0.060333333333333336 0.88916015625 0.06433333333333334 0.896728515625 0.06766666666666667 0.90087890625 0.06766666666666667
1 0.83837890625 0.33366666666666667 0.845947265625 0.335 0.848388671875 0.33366666666666667 0.850341796875 0.3303333333333333 0.850341796875 0.326 0.84912109375 0.32466666666666666 0.830322265625 0.31633333333333336 0.8203125 0.31733333333333336 0.81689453125 0.32 0.816650390625 0.32233333333333336 0.820068359375 0.326 0.827880859375 0.3303333333333333 0.83837890625 0.33366666666666667
1 0.911865234375 0.12533333333333332 0.925048828125 0.117 0.93212890625 0.108 0.932373046875 0.10333333333333333 0.93115234375 0.101 0.928955078125 0.10033333333333333 0.921875 0.101 0.904296875 0.11466666666666667 0.90283203125 0.11866666666666667 0.9033203125 0.123 0.908203125 0.12566666666666668 0.911865234375 0.12533333333333332
1 0.36083984375 0.6973333333333334 0.367431640625 0.6926666666666667 0.373046875 0.692 0.38427734375 0.6856666666666666 0.38818359375 0.685 0.392578125 0.6873333333333334 0.40087890625 0.687 0.403076171875 0.6853333333333333 0.40380859375 0.682 0.40185546875 0.6696666666666666 0.392822265625 0.6613333333333333 0.388671875 0.6623333333333333 0.382080078125 0.6666666666666666 0.37158203125 0.668 0.36181640625 0.6716666666666666 0.3544921875 0.6716666666666666 0.352783203125 0.6726666666666666 0.35107421875 0.676 0.351806640625 0.6816666666666666 0.35546875 0.6856666666666666 0.3564453125 0.6933333333333334 0.36083984375 0.6973333333333334
1 0.342529296875 0.998 0.339111328125 0.9933333333333333 0.3271484375 0.9826666666666667 0.30859375 0.9703333333333334 0.30615234375 0.9703333333333334 0.3037109375 0.9723333333333334 0.2958984375 0.983 0.2919921875 0.9903333333333333 0.291015625 0.9936666666666667 0.291748046875 0.9996666666666667 0.342529296875 0.9996666666666667 0.342529296875 0.998
1 0 0.868 0.010009765625 0.8706666666666667 0.02294921875 0.87 0.029296875 0.868 0.03125 0.862 0.030029296875 0.845 0.03076171875 0.8413333333333334 0.02978515625 0.8373333333333334 0.025390625 0.832 0.005615234375 0.8313333333333334 0 0.8323333333333334 0 0.868
1 0.117431640625 0.8013333333333333 0.119140625 0.8016666666666666 0.12255859375 0.7996666666666666 0.132568359375 0.8006666666666666 0.1357421875 0.7983333333333333 0.136474609375 0.795 0.130859375 0.786 0.132568359375 0.779 0.130615234375 0.7743333333333333 0.126220703125 0.774 0.119140625 0.7756666666666666 0.113037109375 0.78 0.107177734375 0.7793333333333333 0.103759765625 0.7866666666666666 0.103759765625 0.791 0.109375 0.794 0.112548828125 0.7993333333333333 0.117431640625 0.8013333333333333