1 0.4213300546875 1 0.4225372509765625 0.9903810506666667 0.4222798994140625 0.9844050806666668 0.41919168359375 0.9738592513333333 0.41944903466796873 0.9682348093333334 0.42150784521484375 0.961907312 0.421250494140625 0.955931342 0.417132873046875 0.9432763473333333 0.4137873056640625 0.9376519053333333 0.412500548828125 0.9281606593333332 0.4096696845703125 0.9221846893333333 0.4037506040039063 0.9151541366666667 0.399890333984375 0.9081235839999999 0.3970594692382812 0.9067174733333333 0.38496395703125 0.9256999659999999 0.38136103857421877 0.9260514933333334 0.37595666064453126 0.9246453826666666 0.3731257958984375 0.9267545486666666 0.35485385205078124 0.929215242 0.3540817978515625 0.9323789906666666 0.3540817978515625 0.949463234 0.3540817978515625 0.9513614833333333 0.3553685546875 0.954525232 0.3610302836914063 0.9580405080000001 0.36540525634765625 0.9587435633333333 0.36746406689453126 0.9612042566666668 0.3648905537109375 0.9682348093333334 0.3584567705078125 0.979483694 0.357170013671875 0.984756608 0.35922882421875 0.9900295226666667 0.35922882421875 1 0.4213300546875 1
1 0.23570018798828124 0.07922142133333333 0.2393031064453125 0.08484586333333333 0.24033251171875 0.09082183333333334 0.242133970703125 0.09433710933333334 0.24625159228515625 0.09890696866666668 0.25011186181640627 0.101367662 0.2537147807617188 0.10207071733333334 0.261692671875 0.09714933066666667 0.267869103515625 0.10382835533333334 0.27147202197265624 0.10171919 0.27353083251953125 0.097500858 0.27353083251953125 0.09433710933333334 0.2699279140625 0.084494336 0.2709573193359375 0.07851836599999999 0.2730161298828125 0.07394850666666666 0.27172937353515625 0.06305115 0.27044261669921876 0.06023892866666667 0.2614353203125 0.062348094666666666 0.25242802392578123 0.05883281866666667 0.24805305126953126 0.06269962266666668 0.2454795380859375 0.06937864733333333 0.24033251171875 0.072893924 0.2372442958984375 0.07359697933333334 0.23570018798828124 0.07711225533333334 0.23570018798828124 0.07922142133333333
1 0.314964396484375 0.13581737066666666 0.31650850439453126 0.14073875733333333 0.318824666015625 0.14425403333333334 0.32525844921875 0.14355097866666666 0.3288613681640625 0.14460556133333333 0.33143488134765625 0.14671472733333332 0.33246428662109373 0.14038722933333334 0.33452309716796874 0.13581737066666666 0.33452309716796874 0.128786818 0.3327216376953125 0.12316237533333332 0.3304054760742188 0.11929557133333332 0.32525844921875 0.11824098866666666 0.3224275849609375 0.12035015466666665 0.32088347705078124 0.12386543066666666 0.31650850439453126 0.12948987266666667 0.314964396484375 0.13441126 0.314964396484375 0.13581737066666666
1 0.310589423828125 0.16921249600000002 0.31316293701171877 0.17553999333333334 0.3136776396484375 0.18538276666666664 0.31830996337890627 0.19276484733333332 0.3213981796875 0.194170958 0.32783196240234375 0.19311637466666665 0.3306628271484375 0.19487401333333332 0.33246428662109373 0.194170958 0.3329789892578125 0.19100720933333332 0.33143488134765625 0.18503123933333332 0.3327216376953125 0.1737823546666667 0.3309201787109375 0.16850944066666668 0.32577315185546873 0.16323652600000002 0.31316293701171877 0.16147888800000001 0.31110412646484376 0.16323652600000002 0.310589423828125 0.1681579126666667 0.310589423828125 0.16921249600000002
1 0.23878840380859376 0.13581737066666666 0.24161926806640624 0.15409680733333334 0.24290602490234375 0.155502918 0.2457368896484375 0.155502918 0.2495971591796875 0.15198764133333334 0.2503692133789063 0.14003570199999998 0.24933980810546874 0.12984140066666666 0.24033251171875 0.122810848 0.2393031064453125 0.124568486 0.23878840380859376 0.133591146 0.23878840380859376 0.13581737066666666
1 0.2220605673828125 0.17518846533333332 0.22283262158203124 0.1776491586666667 0.2284943505859375 0.18503123933333332 0.23029581005859376 0.190304154 0.23441343115234375 0.19663165133333332 0.2372442958984375 0.19628012333333333 0.2411045654296875 0.19241331933333333 0.24058986279296876 0.1794067973333333 0.23956045751953126 0.174836938 0.2351854853515625 0.1720247166666667 0.23132521533203124 0.16640027466666668 0.22823699951171875 0.16640027466666668 0.2220605673828125 0.17448541 0.2220605673828125 0.17518846533333332
0 0.3357146337890625 0.17086397266666664 0.3395926611328125 0.195671278 0.3563390263671875 0.20313772466666669 0.37132253515625 0.18579651466666666 0.369207107421875 0.15255922533333335 0.35774905419921876 0.14653790866666666 0.34206066015625 0.15039170599999999 0.33677234765625 0.16147080266666666 0.3357146337890625 0.17086397266666664
0 0.21000483837890624 0 0.20996505517578126 0.00012770333333333333 0.20996505517578126 0.00047923133333333337 0.2115091630859375 0.00364298 0.21408267626953126 0.016649502 0.216913541015625 0.02368005466666667 0.225148783203125 0.035631994666666666 0.23132521533203124 0.03949879866666667 0.23441343115234375 0.037741159999999996 0.2434207275390625 0.038092688 0.24933980810546874 0.034225884 0.25242802392578123 0.03035908 0.25731769921875 0.01735255733333333 0.2604059150390625 0.006103673333333333 0.25995906884765624 0 0.21000483837890624 0
1 0.4266548720703125 0.045474768 0.42794162841796873 0.047583934 0.43334600634765624 0.050044627333333334 0.43669157373046874 0.05602059733333333 0.43875038427734375 0.057426708 0.43977978955078123 0.057426708 0.44389741064453125 0.05285684866666667 0.4456988701171875 0.04617782333333333 0.442610654296875 0.034577411333333335 0.43669157373046874 0.021922416666666666 0.43360335791015625 0.019461723333333333 0.429743087890625 0.021922416666666666 0.42716957470703126 0.026843803333333333 0.4266548720703125 0.043014074666666666 0.4266548720703125 0.045474768
1 0.197864189453125 0 0.1982115625 0.007567434 0.221480240234375 0.0010645246666666666 0.22161009716796876 0 0.197864189453125 0
1 0.5077815024414063 0 0.5102791264648437 0.010457694666666666 0.5169777241210938 0.007085841333333333 0.5154272495117187 0 0.5077815024414063 0
1 0.4658502509765625 0.017442197333333333 0.46990456396484376 0.012384417333333333 0.45527362646484376 0.004918322 0.455449912109375 0.013107158 0.4658502509765625 0.017442197333333333
1 0.43108398046875 0 0.42975260986328123 0.004677174 0.43359151953125 0.008049378666666667 0.43870354638671877 0.006845044666666666 0.44011383154296874 0.0017872653333333333 0.43854428173828125 0 0.43108398046875 0
1 0.46637910791015624 0.051643023999999996 0.47201999169921877 0.05284735733333333 0.47237256298828123 0.031170757333333333 0.4670842504882812 0.031170757333333333 0.46637910791015624 0.051643023999999996
1 0.5201506088867187 0.050197893333333334 0.5261440639648437 0.04995709733333334 0.5264966352539062 0.040323130666666665 0.5243812075195312 0.035265351333333333 0.5178591528320312 0.031170757333333333 0.5086928129882813 0.029484830666666666 0.5093976982421875 0.042249853999999996 0.5201506088867187 0.050197893333333334
1 0.4057180546875 0.078858996 0.413121794921875 0.07428316133333333 0.418410107421875 0.06416725 0.4247561337890625 0.05790513666666666 0.422288134765625 0.049475504000000003 0.4147083662109375 0.04995709733333334 0.41083008154296874 0.05814593333333334 0.4060706259765625 0.07018856733333333 0.4051552275390625 0.080183904 0.4057180546875 0.078858996
1 0.4050275810546875 0.17688528933333336 0.41948223291015624 0.17495821466666667 0.4223028037109375 0.16941884266666668 0.4173670625 0.16532424866666665 0.40784789453125 0.16725097133333333 0.4011878994140625 0.17375388133333336 0.4050275810546875 0.17688528933333336
1 0.564579484375 0.17640334533333332 0.5737460815429688 0.18314705133333334 0.577271537109375 0.19639401866666667 0.5836175634765625 0.19880233466666666 0.582559849609375 0.18266545799999998 0.5860853056640625 0.17351308466666668 0.5815021357421875 0.159302932 0.5855564482421876 0.15135489200000002 0.5792106796875 0.139553406 0.5725120815429687 0.11739521333333333 0.5649320556640625 0.117876806 0.56193545703125 0.13473642266666666 0.5589388579101563 0.14172092533333333 0.5642271704101562 0.15400435533333331 0.5571760014648437 0.16556504466666666 0.564579484375 0.17640334533333332
1 0.6195924482421875 0.14533392666666667 0.6238230463867187 0.13907181333333332 0.6128938505859375 0.12389812266666667 0.6090158232421875 0.12895590266666668 0.6195924482421875 0.14533392666666667
1 0.6978810375976563 0.066816714 0.7012302080078125 0.07163369733333333 0.7103965473632813 0.07115175266666666 0.7132171181640625 0.06344486066666667 0.7151560029296875 0.04827117066666667 0.7031693500976562 0.049716300666666664 0.6985861806640625 0.054774079999999996 0.6968233237304687 0.06224052733333334 0.6978810375976563 0.066816714
1 0.8197242807617188 0.1804979386666667 0.8340026469726562 0.18459218133333333 0.8489861557617188 0.12895590266666668 0.8341789326171875 0.12221219666666668 0.8195479951171875 0.17784847533333334 0.8197242807617188 0.1804979386666667
1 0.7077741376953125 0.18362899533333332 0.7125335927734375 0.15689461600000001 0.7077741376953125 0.15448594866666668 0.7034969584960937 0.17953440133333334 0.7077741376953125 0.18362899533333332
1 0.7550264145507812 0.20915904133333332 0.7592572705078126 0.201211002 0.7453312182617188 0.19422649933333333 0.742905681640625 0.20410126199999998 0.7550264145507812 0.20915904133333332
1 0.7726542084960938 0.25178950066666667 0.7767085209960938 0.24528659133333333 0.7797051201171875 0.255161354 0.783583404296875 0.2515487046666667 0.7818205478515625 0.23830173733333335 0.7834071186523438 0.23300316133333335 0.7867562890625 0.22963130799999998 0.7830545473632813 0.224091584 0.783583404296875 0.213494432 0.779352548828125 0.20578718866666668 0.76824732421875 0.24239633066666666 0.7726542084960938 0.25178950066666667
1 0.6769215737304688 0.20169259466666664 0.6822098862304687 0.20024746466666665 0.6848539135742188 0.19735720399999998 0.6841487709960937 0.19229942466666666 0.6786841728515625 0.19133623866666669 0.6746679482421875 0.19543048133333332 0.6769215737304688 0.20169259466666664
1 0.6083281806640625 0.2809321966666667 0.6102670654296874 0.268649118 0.61872851953125 0.28213653 0.6234879750976563 0.28647192066666666 0.6256031455078125 0.27707875066666665 0.62930514453125 0.27298415666666664 0.6241931176757812 0.2662404506666667 0.6229591181640625 0.248658444 0.6194336625976562 0.24962198133333333 0.6174945200195312 0.24263712733333334 0.6122062075195313 0.24600898066666665 0.6134402075195312 0.23950607066666665 0.60409758203125 0.23709775466666666 0.5989855551757812 0.278283084 0.6083281806640625 0.2809321966666667
1 0.5906859750976563 0.29441996 0.5966794301757813 0.28719430933333334 0.59650314453125 0.2693715073333333 0.5884449599609375 0.28285927066666666 0.5906859750976563 0.29441996
1 0.6850157875976562 0.2932156266666667 0.6895989575195313 0.295624294 0.6915378422851562 0.29128890333333335 0.6851920732421874 0.26768558066666664 0.6790223325195313 0.26768558066666664 0.6793749038085938 0.27804228799999997 0.6850157875976562 0.2932156266666667
1 0.5557832163085937 0.2698531 0.5623055283203126 0.2679263766666667 0.566712412109375 0.2556429466666667 0.5578986440429687 0.25251189 0.550671189453125 0.254198168 0.5482034477539063 0.26551806133333333 0.5557832163085937 0.2698531
1 0.367476419921875 0.25251189 0.37487990283203126 0.25082596333333335 0.37770047314453126 0.243359868 0.37523247412109373 0.2332439573333333 0.3764664736328125 0.219033804 0.36500842041015624 0.225536714 0.367476419921875 0.25251189
1 0.35001770556640627 0.29755101666666667 0.35530601806640627 0.29923694333333334 0.3611231875 0.30188640733333333 0.3611231875 0.29225244066666667 0.365706357421875 0.288880588 0.3660589287109375 0.28189573333333334 0.3616520444335937 0.2826181226666667 0.359007759765625 0.27659715733333334 0.3547771611328125 0.27876467666666666 0.3524854477539062 0.2840632533333333 0.34881947802734375 0.2857491793333333 0.35001770556640627 0.29755101666666667
1 0.302408482421875 0.22385078733333333 0.3073442236328125 0.22385078733333333 0.30452391015625 0.19976587133333332 0.2998892705078125 0.19687561133333334 0.302408482421875 0.22385078733333333
1 0.19027484765625 0.267444784 0.1929191328125 0.28213653 0.20279061474609375 0.2814141406666667 0.20825495556640625 0.271539378 0.21037038330078126 0.2635909866666667 0.208078669921875 0.25492055733333335 0.2019091865234375 0.25492055733333335 0.20596349951171875 0.24624977666666667 0.19750230224609375 0.2505851673333333 0.19503430322265625 0.254198168 0.19009856201171876 0.24962198133333333 0.189569705078125 0.257810818 0.1865731064453125 0.2616642633333333 0.19027484765625 0.267444784
1 0.20596349951171875 0.319950006 0.20966524072265624 0.3110384293333333 0.200146330078125 0.30188640733333333 0.19538687451171874 0.31031604 0.20596349951171875 0.319950006
1 0.2447514912109375 0.252753038 0.25338923095703125 0.25299383466666664 0.2581486865234375 0.25178950066666667 0.25955871435546873 0.2436006646666667 0.257796115234375 0.24143279399999998 0.2507449462890625 0.24311872 0.24633806201171876 0.23806094066666666 0.241754892578125 0.248658444 0.2447514912109375 0.252753038
1 0.27824422216796874 0.279487418 0.2800068212890625 0.28599032733333335 0.2838848486328125 0.2814141406666667 0.29146487451171876 0.27996901066666663 0.2918174458007812 0.273947694 0.2845899912109375 0.272502564 0.2831799633789063 0.270335044 0.2780679365234375 0.26816717333333334 0.2740133666992188 0.26720398733333334 0.2713693388671875 0.27467008333333337 0.27291138818359373 0.2817751593333333 0.27824422216796874 0.279487418
1 0.2838848486328125 0.33391936266666666 0.2891731611328125 0.33512369666666664 0.2905834462890625 0.33199264 0.288291990234375 0.318504876 0.2816397158203125 0.3193478393333333 0.2838848486328125 0.33391936266666666
1 0.21291533056640624 0.3694447453333333 0.2249019833984375 0.36872235666666664 0.23494975146484376 0.3701671346666667 0.248523232421875 0.3747433213333334 0.2407669208984375 0.3595699826666666 0.24676037548828125 0.3465641633333333 0.2398854921875 0.341506032 0.2333634375 0.352344332 0.22842769677734376 0.3513811466666667 0.2289565537109375 0.3340399366666667 0.2222579560546875 0.33114967666666667 0.21573564404296874 0.341506032 0.2187325 0.3193478393333333 0.21221018798828126 0.3179027093333333 0.20780330419921875 0.36077396466666667 0.21291533056640624 0.3694447453333333
1 0.20921358935546874 0.42122757866666666 0.2148542158203125 0.4178557253333333 0.21503050146484376 0.422431912 0.22102395654296875 0.420986782 0.22014252783203125 0.41400192799999996 0.2270174111328125 0.408703352 0.22507826904296874 0.40171849800000003 0.21855621435546874 0.40509070266666664 0.21978995654296876 0.39762425533333334 0.21467793017578124 0.39858744133333335 0.21467793017578124 0.4065358326666667 0.20850844677734376 0.4106300746666667 0.20921358935546874 0.42122757866666666
1 0.19687410791015625 0.4062946846666667 0.20057584912109375 0.4082217593333333 0.20322013427734376 0.40099610866666663 0.2012809921875 0.3949747913333333 0.19687410791015625 0.3969015146666666 0.1959926796875 0.40509070266666664 0.19687410791015625 0.4062946846666667
1 0.3201060185546875 0.4780681906666667 0.3213397607421875 0.485534638 0.32715693017578124 0.489388084 0.3506016357421875 0.4831259706666666 0.352893349609375 0.47975411733333334 0.3530696352539063 0.46987935466666664 0.34848646533203126 0.46144937066666664 0.32051932470703126 0.47072231800000003 0.3201060185546875 0.4780681906666667
1 0.3031833671875 0.360051576 0.3114682783203125 0.3679996153333333 0.318343162109375 0.36438696600000003 0.31957716162109373 0.3557161853333334 0.31041082177734375 0.34921327533333335 0.3035359384765625 0.34535983000000003 0.298831298828125 0.3536688886666667 0.3031833671875 0.360051576
1 0.3865839838867188 0.415447058 0.3941637524414062 0.41930085533333333 0.3964554658203125 0.423635894 0.39980463623046875 0.427730488 0.40526923388671876 0.4347149906666667 0.4080898046875 0.430138804 0.4028014921875 0.4178557253333333 0.4043878056640625 0.4108708713333333 0.399275779296875 0.40677662866666664 0.3936348955078125 0.40918494466666666 0.38958058251953126 0.40677662866666664 0.38611200146484376 0.41472466866666663 0.3865839838867188 0.415447058
1 0.4522561821289062 0.542369626 0.45965992236328124 0.5430920153333333 0.46530080615234376 0.5421288293333334 0.47182286083984376 0.5117814486666667 0.46300909228515624 0.5043153533333333 0.45631049462890627 0.5081687993333334 0.4485544404296875 0.534421586 0.4522561821289062 0.542369626
1 0.4357723149414062 0.56854824 0.4414131982421875 0.57216089 0.44687779638671876 0.553615698 0.43683002880859373 0.54542651 0.4304840024414063 0.568307444 0.4357723149414062 0.56854824
1 0.391174359375 0.5960050093333333 0.399811841796875 0.5986544733333333 0.40316126953125 0.5878161733333334 0.3989306708984375 0.5673439066666667 0.39029293115234376 0.5654171833333334 0.38729633203125 0.5798681333333333 0.391174359375 0.5960050093333333
1 0.1640793134765625 0.6321325586666667 0.1677813125 0.6164776273333333 0.16531331298828125 0.6082884393333333 0.1621404287109375 0.609974366 0.15914357275390625 0.62924265 0.1640793134765625 0.6321325586666667
1 0.35185751025390627 0.5391647486666666 0.3537963955078125 0.541573064 0.36402044873046874 0.53747847 0.3633155634765625 0.530734764 0.3571458227539063 0.5319390979999999 0.35225769189453127 0.5345885613333333 0.35185751025390627 0.5391647486666666
1 0.5676707885742187 0.5767370766666666 0.5733116723632813 0.5784230033333333 0.5867086103515625 0.56276772 0.5872374672851562 0.5485575666666667 0.5828305830078125 0.5420546573333334 0.5759556997070312 0.5473535846666667 0.565731646484375 0.56276772 0.5676707885742187 0.5767370766666666
1 0.5622061904296874 0.5557832173333334 0.573840529296875 0.5483167706666666 0.5798337270507813 0.5418138606666666 0.5810677265625 0.53747847 0.5865323247070312 0.5247134473333334 0.5823017260742187 0.5186921306666666 0.5757794140625 0.5319390979999999 0.5713725302734375 0.5314575046666666 0.5655553608398437 0.5391647486666666 0.554626421875 0.5485575666666667 0.5622061904296874 0.5557832173333334
1 0.5341783149414062 0.6193675359999999 0.5412292265625 0.6174408126666666 0.5518058515625 0.6138281633333333 0.5537449936523438 0.6041941973333333 0.541934369140625 0.6063617166666667 0.5327680297851562 0.6111786993333334 0.5341783149414062 0.6193675359999999
1 0.6366167529296874 0.475339282 0.636264181640625 0.471485836 0.62233838671875 0.4652237226666667 0.61951781640625 0.47413494799999995 0.6357353247070312 0.482082988 0.6366167529296874 0.475339282
1 0.6181075307617188 0.4803970613333333 0.6212806728515625 0.4683547793333333 0.6221621010742188 0.45823886866666663 0.6193415307617187 0.44860490199999997 0.6184601025390625 0.4413792513333334 0.6145820751953125 0.43897093600000003 0.6125132280273438 0.460888332 0.6181075307617188 0.4803970613333333
1 0.618812673828125 0.34889303400000005 0.6285078701171875 0.35949053733333336 0.6332673256835938 0.35924938933333334 0.6411999228515625 0.36165805666666667 0.6438439501953125 0.3525056833333333 0.6293892983398437 0.3481702933333333 0.6218095297851562 0.3397406606666667 0.6185964985351563 0.346364144 0.618812673828125 0.34889303400000005
1 0.6985115483398437 0.342390124 0.7053864321289063 0.3481702933333333 0.7101458872070312 0.34889303400000005 0.7106744868164062 0.34263092066666667 0.6951623784179688 0.327216434 0.692388388671875 0.33371934333333336 0.6985115483398437 0.342390124
1 0.7052101459960938 0.31734167133333335 0.7117322006835938 0.309875224 0.7094407446289063 0.300482054 0.703976146484375 0.303131518 0.7015081474609375 0.309634428 0.7052101459960938 0.31734167133333335
1 0.7395840483398437 0.3924870306666667 0.7473401025390625 0.37610900666666663 0.7528047006835937 0.36165805666666667 0.7496318159179688 0.352987628 0.7446960747070313 0.36478911333333336 0.7408177905273438 0.3558775366666667 0.737116048828125 0.3563594806666667 0.7399363623046875 0.37081043066666663 0.7335905932617187 0.3857429726666667 0.7342957358398438 0.39152349333333336 0.7395840483398437 0.3924870306666667
1 0.78471806640625 0.4086239066666667 0.79000637890625 0.397304014 0.7884198081054687 0.38863323333333333 0.7836603525390625 0.38863323333333333 0.7785483256835938 0.402843386 0.78471806640625 0.4086239066666667
1 0.7124445493164062 0.6013039366666667 0.7251366020507812 0.6022671226666666 0.7313063427734375 0.59672775 0.7350080844726562 0.5861302466666667 0.7246077451171875 0.582036004 0.7138548344726563 0.58444432 0.70534834375 0.5945602306666666 0.7124445493164062 0.6013039366666667
1 0.7903589501953125 0.6123830333333333 0.7968810048828125 0.6044349933333333 0.7977624331054688 0.5957642126666667 0.801111603515625 0.5772190206666666 0.795823291015625 0.5728836306666667 0.7928266918945313 0.5774598173333333 0.7889486650390625 0.5931151006666666 0.782602638671875 0.5911880260000001 0.7815449248046875 0.6000996033333333 0.7882435224609375 0.6041941973333333 0.7896538076171875 0.612864626 0.7903589501953125 0.6123830333333333
1 0.8411263891601563 0.58733458 0.8478249868164063 0.5796273366666667 0.8333703349609375 0.5644539980000001 0.8300211645507812 0.5709569073333333 0.8411263891601563 0.58733458
1 0.8568150405273437 0.5969685466666667 0.8606930678710938 0.594078286 0.859635611328125 0.5880569693333334 0.8520555849609375 0.5798681333333333 0.849058986328125 0.5882981173333334 0.8568150405273437 0.5969685466666667
1 0.5022502797851562 0.4642601853333333 0.5063048500976562 0.45968399866666665 0.5105354487304687 0.45992479533333336 0.5151186181640625 0.4435471226666667 0.517938931640625 0.4293369693333333 0.511416876953125 0.432468026 0.5059522788085937 0.43800739866666666 0.5024265654296876 0.44932764266666664 0.49925368115234375 0.4618518693333333 0.5022502797851562 0.4642601853333333
1 0.17298264013671874 0.23828802733333335 0.17603534130859375 0.2422694293333333 0.177284267578125 0.239804518 0.17714555517578126 0.229756452 0.17714555517578126 0.22160417466666668 0.1731213525390625 0.22236241933333334 0.173260322265625 0.23051469666666666 0.17242779052734375 0.23620241400000003 0.17298264013671874 0.23828802733333335
1 0.4362710615234375 0.262555386 0.4394624755859375 0.2640718766666667 0.44196006982421876 0.27430976733333334 0.44459663427734375 0.27298275066666666 0.4439028154296875 0.26274485933333336 0.4434864208984375 0.25193819733333334 0.4361323491210938 0.25061118 0.4362710615234375 0.262555386
1 0.5133050634765625 0.33839079466666666 0.5178841157226562 0.34218272266666666 0.5244056557617187 0.34218272266666666 0.52731964453125 0.34066588133333336 0.5275970693359375 0.33440939266666664 0.5244056557617187 0.3321343053333333 0.5160800830078125 0.331565534 0.5119614321289062 0.3345043046666667 0.5133050634765625 0.33839079466666666
1 0.6128122700195312 0.3859777933333333 0.6204440239257812 0.38010025133333336 0.6196114921875 0.37024165866666664 0.6110625385742188 0.3751711306666667 0.6128122700195312 0.3859777933333333
1 0.6240631552734375 0.39754270066666664 0.628780919921875 0.39754270066666664 0.6329435776367187 0.3914756853333333 0.6316949091796875 0.3865465653333333 0.62614435546875 0.3854090213333333 0.6229295229492188 0.393087088 0.6240631552734375 0.39754270066666664
1 0.6174427924804687 0.047422934666666666 0.6206231401367187 0.047422934666666666 0.6240227514648438 0.048021937333333334 0.627531994140625 0.044725662666666666 0.6251193251953125 0.04292759933333334 0.6177719448242187 0.041878992000000004 0.6159076918945312 0.044575911999999995 0.6174427924804687 0.047422934666666666
1 0.753671974609375 0.34626817733333337 0.7569616962890625 0.353310682 0.761128986328125 0.362001148 0.7670508979492188 0.3579554166666667 0.7578390073242187 0.33248337266666667 0.750820779296875 0.3380273146666667 0.753671974609375 0.34626817733333337
1 0.8487704956054688 0.39713738933333337 0.8567759233398438 0.38739796466666665 0.854911669921875 0.3779583933333333 0.8441646787109375 0.39069423933333336 0.8487704956054688 0.39713738933333337
1 0.7908548662109375 0.47400242200000003 0.7921707036132812 0.4677093746666667 0.7869070966796875 0.46740987266666667 0.7786821484375 0.470406646 0.7780004248046875 0.4784225306666666 0.7908548662109375 0.47400242200000003
1 0.7583856215820313 0.4437358926666667 0.7617849750976563 0.44478485133333334 0.7684745654296875 0.45002894066666665 0.7684745654296875 0.44658291533333333 0.7764799931640625 0.44913008466666665 0.7768088881835937 0.44253718333333336 0.7707773452148438 0.43999001466666665 0.7694615078125 0.43654363733333335 0.764636427734375 0.434446072 0.7675972548828125 0.4281530246666667 0.7660618969726563 0.42560585533333334 0.7610175532226563 0.43204865333333337 0.7558633212890625 0.429052232 0.7554585073242187 0.43954041066666666 0.7583856215820313 0.4437358926666667
1 0.7051808081054688 0.49033439599999995 0.7080320034179688 0.4861392653333333 0.703864970703125 0.47610033933333334 0.7013249130859375 0.4826928886666667 0.7051808081054688 0.49033439599999995
1 0.7013426704101563 0.5469721773333334 0.7033165551757813 0.547121928 0.7062773823242188 0.5432262986666666 0.704084234375 0.530789954 0.7007942548828126 0.5300408486666667 0.6999169443359375 0.5375326053333334 0.7013426704101563 0.5469721773333334
1 0.6730404584960937 0.5346855833333333 0.6741372895507812 0.5301905993333333 0.6778657958984375 0.5268943246666666 0.6807169912109375 0.523447948 0.6742469213867187 0.5050184086666667 0.6749047114257812 0.49977396799999996 0.669421583984375 0.5002235713333334 0.66744769921875 0.5340862286666667 0.6730404584960937 0.5346855833333333
1 0.6363032993164063 0.5514671613333333 0.6381678095703125 0.5460729693333334 0.6383870727539063 0.539930024 0.6375097622070313 0.535284938 0.6338908876953125 0.5337867273333333 0.6333424721679688 0.5504182026666666 0.6363032993164063 0.5514671613333333
1 0.359441396484375 0.38934577933333336 0.36459562890625 0.375710726 0.36108638623046874 0.3718150966666667 0.35538399560546874 0.38634900666666666 0.359441396484375 0.38934577933333336
1 0.4413599267578125 0.4115215486666667 0.44717194921875 0.41167129999999996 0.4453076962890625 0.40343043733333334 0.4405922475585938 0.40088326799999996 0.43576691015625 0.400733166 0.43642495751953125 0.407625568 0.4413599267578125 0.4115215486666667
1 0.13974726025390624 0.6746027213333333 0.144059181640625 0.67652382 0.146215271484375 0.6754991173333333 0.14743382958984375 0.6679426793333334 0.145746634765625 0.6616665046666667 0.14096581884765624 0.6594891426666667 0.13752889208984376 0.666533756 0.13974726025390624 0.6746027213333333
1 0.2607034130859375 0.7611843293333334 0.2619219716796875 0.7695095586666666 0.26576525634765624 0.7755291179999999 0.270264787109375 0.7911548726666666 0.27907649658203126 0.7937164546666666 0.28291978125 0.786544236 0.28441962451171876 0.7552927266666667 0.280107703125 0.7528591006666667 0.2732644741210937 0.7528591006666667 0.27260822802734375 0.7474796733333333 0.267546384765625 0.7469674973333333 0.2656715805664063 0.7494011233333334 0.26042212841796875 0.7552927266666667 0.2607034130859375 0.7611843293333334
1 0.14764202685546876 0.8644803733333333 0.14811092138671875 0.8845888086666667 0.1742645068359375 0.8793376886666666 0.16882744580078124 0.9298008873333333 0.1710772109375 0.9464513453333334 0.20107408154296874 0.9508060693333333 0.20707345556640624 0.9212197460000001 0.21335411474609375 0.8584608140000001 0.209042193359375 0.8460371246666667 0.193668796875 0.8462930366666667 0.19432478564453126 0.796854542 0.17520178076171875 0.801209266 0.1766079482421875 0.851928728 0.14857955810546875 0.8570518913333334 0.14764202685546876 0.8644803733333333
1 0.5891689096679688 1 0.5809256689453125 0.977157284 0.569411255859375 0.977920802 0.5698585322265625 0.9991520166666666 0.5693695610351562 1 0.5891689096679688 1
1 0.4206974462890625 0.9279743493333333 0.4243865771484375 0.9452340046666666 0.42740505126953127 0.9559260693333334 0.43243549755859373 0.9629520519999999 0.43411239892578124 0.9476781766666666 0.43321810302734376 0.9380551073333333 0.4285229853515625 0.9130056 0.419356130859375 0.9168242446666667 0.4206974462890625 0.9279743493333333
1 0.5152385439453125 0.6859194506666666 0.5283768442382812 0.680600486 0.5220508911132813 0.6298504413333333 0.5085486962890625 0.6412634893333333 0.5152385439453125 0.6859194506666666
1 0.43071227294921877 0.7056433146666666 0.4331452724609375 0.7173889073333333 0.44563478955078123 0.711405556 0.44855418310546874 0.7014327166666667 0.44952748583984375 0.6910166013333334 0.433631923828125 0.7001028880000001 0.43071227294921877 0.7056433146666666
1 0.37765955419921876 0.7493019926666666 0.3786328569335938 0.7619341380000001 0.38301220458984375 0.7699124093333333 0.3907978544921875 0.768361118 0.3933929848632812 0.7519612993333333 0.38966242041015625 0.7439830279999999 0.377010771484375 0.7375563993333334 0.3734423383789062 0.7433182893333332 0.37765955419921876 0.7493019926666666
1 0.3234922470703125 0.932637012 0.32742457568359373 0.932637012 0.329390482421875 0.9380097606666666 0.33262049853515624 0.9249617573333333 0.329390482421875 0.9170945693333333 0.3244753291015625 0.920356394 0.322789935546875 0.9291832533333333 0.3234922470703125 0.932637012
1 0.3751902685546875 0.9069248746666667 0.3767351484375 0.8896553766666666 0.3760328364257812 0.8835152433333333 0.371960251953125 0.8837071773333334 0.37111768359375 0.9032791813333333 0.3751902685546875 0.9069248746666667
1 0.3931662587890625 0.888696058 0.39386831298828123 0.8729616806666666 0.3833356953125 0.871810428 0.3837569794921875 0.8871609366666666 0.3931662587890625 0.888696058
1 0.41128250537109373 0.8894634426666667 0.4131081552734375 0.88677742 0.4171809975585937 0.8850503646666666 0.4215343525390625 0.8706591746666666 0.4236410307617188 0.8585708426666667 0.41732125390625 0.8568437873333334 0.41366995361328124 0.8666296133333333 0.41043993701171877 0.87488067 0.40819300244140627 0.8896553766666666 0.41128250537109373 0.8894634426666667
1 0.6689130576171874 0.9121056886666666 0.67410923828125 0.9076922593333334 0.6602058330078125 0.875072604 0.655992734375 0.8844745620000001 0.6689130576171874 0.9121056886666666
1 0.7030450493164062 0.8796776159999999 0.7092240546875 0.8758399893333334 0.7022022241210938 0.8541574126666666 0.6963039887695313 0.8620246013333334 0.7030450493164062 0.8796776159999999
1 0.7274983154296875 0.853390028 0.730868845703125 0.8572276553333333 0.7433676274414063 0.8324748366666667 0.7353627143554687 0.8246076486666666 0.7258504946289063 0.84801728 0.7274983154296875 0.853390028
1 0.7244088125 0.9635299633333334 0.7314306435546875 0.9754267133333333 0.7360650263671875 0.9650650846666667 0.7215998227539062 0.9405042006666666 0.7185103203125 0.9500980926666667 0.7244088125 0.9635299633333334
1 0.708117958984375 0.8328587053333334 0.714016451171875 0.838806904 0.7201957138671875 0.83612053 0.7279195991210937 0.8407255419999999 0.7311496157226562 0.8334341559999999 0.7164038994140625 0.8188513833333333 0.71092669140625 0.8134786353333334 0.7078371884765625 0.82863721 0.708117958984375 0.8328587053333334
1 0.6765762080078125 0.711013954 0.6847216352539063 0.7223349013333333 0.6896367880859375 0.7200323953333333 0.6791041704101562 0.6979659513333333 0.673205677734375 0.706024722 0.6765762080078125 0.711013954
1 0.6799467387695313 0.725404792 0.6841598369140625 0.72079978 0.6710992573242187 0.7138919106666667 0.6678692407226563 0.7188807906666665 0.6799467387695313 0.725404792
1 0.6616899780273438 0.792179576 0.6647794809570312 0.7553384246666667 0.6570555952148438 0.7501576106666666 0.651890296875 0.7901649706666667 0.6616899780273438 0.792179576
1 0.8208453032226563 0.7758697480000001 0.82828841796875 0.7758697480000001 0.8289907299804687 0.7827776173333333 0.8334845986328125 0.7843123873333334 0.8355912768554687 0.7645488006666666 0.84612389453125 0.7420984879999999 0.8473877465820312 0.7332719806666668 0.8431746484375 0.7213752313333333 0.8391020634765625 0.7215671653333334 0.8327825444335938 0.7290508366666666 0.8285694458007813 0.7290508366666666 0.8295525278320313 0.739604048 0.8267435380859375 0.7480470386666666 0.8162109204101563 0.7467038519999999 0.8129809038085938 0.75610581 0.8198622211914063 0.7576409306666666 0.8187388823242188 0.7666593726666666 0.8208453032226563 0.7758697480000001
1 0.811009078125 0.7171540873333333 0.8174691108398437 0.71082202 0.8169073129882812 0.7019955126666667 0.8126942143554687 0.6927851366666667 0.8132560122070313 0.6806964533333333 0.8080598315429688 0.6812722553333334 0.807217263671875 0.6874123886666667 0.8051105854492188 0.6998845893333334 0.8035657055664063 0.718113406 0.811009078125 0.7171540873333333
1 0.7271508911132812 0.7286669686666667 0.7333301538085938 0.7232942206666667 0.7267296069335938 0.7016116446666667 0.7208311142578125 0.7029548313333333 0.7155255595703125 0.7049694360000001 0.7230783061523437 0.7292424193333333 0.7271508911132812 0.7286669686666667
1 0.5647712114257812 0.7678106253333333 0.5674394296875 0.7703050653333333 0.5680012275390625 0.7775968033333334 0.5723548403320312 0.7745265606666667 0.5748828022460938 0.7672351746666667 0.5783935888671875 0.7703050653333333 0.5813428349609375 0.776061682 0.5851346494140625 0.7787480560000001 0.585415419921875 0.77299144 0.5887859501953125 0.7745265606666667 0.5889264638671875 0.768770296 0.5861177319335937 0.7601353713333333 0.5819046333007812 0.7547626226666666 0.580781037109375 0.7468957860000001 0.5764274248046874 0.7476631706666667 0.5727761240234375 0.7534197873333333 0.5688437958984375 0.7609031073333334 0.5630860747070312 0.7689618786666667 0.5647712114257812 0.7678106253333333
1 0.623487203125 0.591472412 0.629171064453125 0.5881778946666667 0.6279653735351562 0.5695870046666667 0.6194833310546874 0.5778232966666667 0.623487203125 0.591472412
1 0.5264932895507812 0.474395782 0.5301103623046876 0.47604339199999995 0.5397556328125 0.475572696 0.5450949008789062 0.463335316 0.5428559443359375 0.456746282 0.5380331806640625 0.4621587533333333 0.5316603896484375 0.46663018466666667 0.52769898046875 0.467571224 0.5264932895507812 0.474395782
1 0.5146044306640625 0.5740580846666666 0.5170158125 0.5754701706666666 0.5202882919921875 0.5709987393333333 0.5199436982421874 0.5632331426666667 0.5152933598632813 0.5594675786666666 0.5130541459960938 0.5691163086666666 0.5146044306640625 0.5740580846666666
1 0.30961174609375 0.735505236 0.31375201416015625 0.7344176093333333 0.31231882470703126 0.707873406 0.307860212890625 0.710266606 0.30961174609375 0.735505236
1 0.36090752734375 0.800560346 0.3556524130859375 0.8033890886666667 0.35947433740234375 0.8327616833333333 0.365366138671875 0.8308036746666667 0.36122587060546874 0.7990375279999999 0.36090752734375 0.800560346
1 0.427337625 0.7537818606666666 0.4257451352539062 0.7576982299999999 0.43068164794921876 0.7635726079999999 0.4357774619140625 0.7594386433333334 0.4388031411132812 0.750518278 0.4343442724609375 0.7500830866666667 0.42685998095703126 0.7450787393333334 0.4252674912109375 0.748342322 0.427337625 0.7537818606666666
1 0.815899525390625 0.9625600986666667 0.8167608803710937 0.9673988766666667 0.8215465854492188 0.9663527306666666 0.824418111328125 0.957329016 0.8218337895507812 0.953536736 0.8181966430664063 0.9528828946666666 0.8154208515625 0.9577213206666667 0.815899525390625 0.9625600986666667
1 0.763483236328125 0.8035360273333334 0.7619517387695313 0.8085055733333334 0.7653974155273437 0.8145212660000001 0.7678860029296875 0.8141289613333333 0.7698959169921875 0.8085055733333334 0.7734375859375 0.8100747926666666 0.7775531484375 0.806674818 0.7800417353515625 0.7966049573333333 0.7781275561523437 0.7879738993333334 0.7752560302734375 0.7837889626666666 0.7722890268554687 0.7858812553333334 0.7664502397460937 0.7833966579999999 0.7658760888671875 0.7915046426666666 0.7609946489257813 0.7899354233333333 0.7602290288085938 0.7939895913333334 0.7653974155273437 0.799220674 0.765014734375 0.8052363666666666 0.763483236328125 0.8035360273333334
1 0.6682745693359375 0.835310962 0.6696977221679687 0.8323293046666667 0.6703619458007812 0.8266254173333334 0.6684644946289062 0.82053274 0.6660924873046875 0.8130142673333333 0.6641950361328125 0.8135327706666667 0.6639104052734375 0.818847868 0.6659975244140625 0.8316810873333333 0.6682745693359375 0.835310962
1 0.25402308740234375 0.6084125286666666 0.2581826572265625 0.6101177893333334 0.2581826572265625 0.6017820146666666 0.2541617998046875 0.5998876320000001 0.25152729443359373 0.6034869233333333 0.2514163759765625 0.608317968 0.25402308740234375 0.6084125286666666
1 0.23473280419921874 0.6076549866666666 0.24943013818359375 0.56806032 0.23833778173828124 0.5487368460000001 0.22333111083984375 0.593256766 0.23473280419921874 0.6076549866666666
1 0.13675220556640624 0.49455483666666666 0.14354628076171874 0.4699268106666667 0.1373067978515625 0.46575874799999994 0.1337890625 0.4776211386666666 0.1337890625 0.4911654486666666 0.13675220556640624 0.49455483666666666
1 0.19160972900390624 0.312521524 0.195180736328125 0.294631228 0.1751147958984375 0.2746493426666667 0.1715437890625 0.29253999066666664 0.19160972900390624 0.312521524
1 0.5220918100585937 0.30394882 0.5271621455078125 0.319289134 0.5333192763671875 0.31994895133333334 0.5340437202148437 0.313350778 0.527403798828125 0.294216426 0.5225746010742187 0.2947113766666667 0.5220918100585937 0.30394882
0 0.80213045703125 0.057426708 0.804446619140625 0.08133058733333333 0.81088040234375 0.08941572266666667 0.8124245102539063 0.093634054 0.8206597529296875 0.101367662 0.8345567241210937 0.10664057666666668 0.8438213720703125 0.09925849666666667 0.855402181640625 0.07183934066666667 0.8566889384765625 0.062348094666666666 0.8564315869140625 0.044068658 0.8546301279296875 0.037389632666666665 0.8517992631835938 0.034225884 0.851284560546875 0.02332852733333333 0.8481963447265625 0.020164778666666664 0.8435640209960937 0.010673532666666666 0.84073315625 0.012431170666666666 0.8376449404296875 0.012431170666666666 0.834299373046875 0.012079642666666668 0.8286376440429688 0.008564366666666667 0.825806779296875 0.008915894 0.8183435908203125 0.011728115333333332 0.8103656997070312 0.022976999333333335 0.8049613217773437 0.039147270666666664 0.80213045703125 0.05426295933333334 0.80213045703125 0.057426708
1 0.8269535366210937 0.5508291386666666 0.8344401440429687 0.5472955826666667 0.8246396909179687 0.5218161566666667 0.8187864921875 0.5270236866666667 0.8269535366210937 0.5508291386666666
1 0.7994578637695312 0.45039980199999996 0.8061276381835938 0.449470012 0.8104833090820313 0.4479819953333333 0.8104833090820313 0.4399847413333334 0.8068080747070312 0.43514947866666664 0.8028608203125 0.4314296133333333 0.7976883159179687 0.4297559906666667 0.795374212890625 0.432545714 0.7961910458984375 0.44314638133333334 0.7968714829101563 0.44965597 0.7994578637695312 0.45039980199999996
1 0.7788725883789063 0.6192947693333333 0.782907857421875 0.615117918 0.7800952646484375 0.6047594533333334 0.7757918359375 0.6084350266666667 0.7788725883789063 0.6192947693333333
1 0.7588190009765625 0.6897989099999999 0.7574738256835938 0.6914693693333334 0.7574738256835938 0.6979852853333334 0.7660333305664062 0.7065059633333334 0.7719027426757813 0.7039999233333333 0.7754487866210937 0.7060046853333334 0.779606296875 0.7061716606666667 0.7780166376953125 0.6968157526666667 0.7646884125976563 0.686457288 0.7618758203125 0.6914693693333334 0.7588190009765625 0.6897989099999999
1 0.7985187885742188 0.5609267693333334 0.7994040771484375 0.5642525726666667 0.8040508129882813 0.5607756126666666 0.806927228515625 0.547473104 0.8068165673828125 0.5406706926666667 0.8034975073242188 0.5414264773333334 0.80084215625 0.5473219473333334 0.7984081274414062 0.55306626 0.7985187885742188 0.5609267693333334
1 0.7281975385742188 0.7578254833333333 0.7327742749023437 0.7548550746666667 0.7304859067382813 0.7332811206666667 0.7247649868164062 0.7368765453333334 0.7281975385742188 0.7578254833333333
1 0.38642699951171877 0.822259444 0.38679218115234376 0.8269154273333333 0.3884958466796875 0.8300746059999999 0.3916599814453125 0.8287444260000001 0.394702388671875 0.8214280813333333 0.3936071015625 0.8172712666666666 0.3893476796875 0.8162736313333333 0.3874005595703125 0.8192665373333332 0.38642699951171877 0.822259444
1 0.3381203540039063 0.9616253866666666 0.34244848876953127 0.9636645986666668 0.34617982568359373 0.9595861753333333 0.34438891748046874 0.953264302 0.3437918623046875 0.950817318 0.34185169091796874 0.9459229986666666 0.3391649428710938 0.9497975366666667 0.338159728515625 0.957342726 0.3381203540039063 0.9616253866666666
1 0.236298787109375 0.9595861753333333 0.23868675 0.9595861753333333 0.24152250439453124 0.9577508493333333 0.2428658779296875 0.9526526439999999 0.23868675 0.9465346573333333 0.23600025927734375 0.9504091946666667 0.23450762158203126 0.9583625073333333 0.236298787109375 0.9595861753333333
1 0.23788484326171874 0.7320588586666666 0.24005380029296874 0.7273522553333334 0.24094680908203125 0.7055624633333334 0.2360988251953125 0.7027734433333334 0.23367457568359376 0.7111408553333334 0.232398884765625 0.7219485726666667 0.23431254931640624 0.7320588586666666 0.23788484326171874 0.7320588586666666
1 0.189020517578125 0.7566380226666667 0.19016881884765624 0.771280906 0.19463437939453124 0.7738955686666666 0.1985893544921875 0.7683171766666667 0.1942514404296875 0.748619326 0.189020517578125 0.7524541406666667 0.189020517578125 0.7566380226666667
1 0.237312236328125 0.46096355933333333 0.2443307216796875 0.450066554 0.2393859736328125 0.44309259733333334 0.23172951416015625 0.45551523266666666 0.237312236328125 0.46096355933333333