1 0.6489879619140625 0.062315824 0.6519333579101563 0.059969890666666664 0.657578701171875 0.04555915533333334 0.6590513989257812 0.03416462133333333 0.6553696538085938 0.018413352666666667 0.653651505859375 0.016067419333333333 0.6497243110351563 0.016067419333333333 0.6448153168945312 0.02109442 0.6293519868164063 0.04354835533333334 0.6264065903320313 0.05125642266666667 0.626161140625 0.05695369 0.6273883891601563 0.061980690666666664 0.6327882822265625 0.06499689066666667 0.6376972758789062 0.06633742399999999 0.64039722265625 0.06566715733333334 0.6489879619140625 0.062315824
1 0.7147684790039063 0.04354835533333334 0.7162411767578125 0.042542955333333334 0.7184502241210937 0.043213222 0.7221319692382813 0.04053215533333333 0.7221319692382813 0.034834888 0.7211501708984375 0.03181868733333333 0.7174684252929687 0.026456554 0.7150139282226563 0.019083620000000003 0.7128048813476563 0.017407952666666667 0.7083867866210938 0.018748486666666668 0.702495994140625 0.027461954 0.695377953125 0.03349435466666666 0.6936598056640625 0.037851088 0.694396154296875 0.042207822 0.6980778999023437 0.046229422666666665 0.7012687456054687 0.047569956000000004 0.7042141420898438 0.052932089999999994 0.7071595385742188 0.05360235666666667 0.7110867333984375 0.050586156 0.7147684790039063 0.04354835533333334
1 0.7518313818359375 0.10923449533333333 0.7582130737304688 0.099180494 0.7577221743164062 0.094153494 0.7496223349609376 0.08208869266666667 0.7444678911132813 0.08208869266666667 0.732931755859375 0.08611029266666666 0.7297409096679688 0.09247782666666665 0.7294954599609375 0.10219669466666666 0.7307227084960938 0.11225069533333334 0.732931755859375 0.11660742933333333 0.7356317026367187 0.118283096 0.7388225483398437 0.11794796266666667 0.7518313818359375 0.10923449533333333
1 0.43080794970703123 0 0.43495583203125 0.013386352666666667 0.437901228515625 0.027126820666666666 0.44477381982421876 0.031483554 0.44992826318359375 0.031483554 0.45545088134765627 0.026791687333333335 0.45950080126953124 0.026121420666666666 0.46760064111328126 0.014391752666666667 0.47079148681640626 0.0073539519999999995 0.47224716015625 0 0.43080794970703123 0
1 0.39676125439453125 0 0.40010197607421877 0.010035018666666668 0.41654710546875 0.039861888666666664 0.4214560991210938 0.042207822 0.42489239501953124 0.042207822 0.42759234130859375 0.03550515466666666 0.4305377377929688 0.03751595466666667 0.43201043603515626 0.036845688 0.4344649326171875 0.03349435466666666 0.435937630859375 0.02779708733333333 0.437901228515625 0.024780886666666665 0.435937630859375 0.019083620000000003 0.43471038232421877 0.009364752 0.4316745693359375 0 0.39676125439453125 0
1 0.47349143359375 0.08376435933333333 0.4791367763671875 0.072704958 0.4791367763671875 0.066672558 0.476682279296875 0.05561315666666667 0.4710369365234375 0.038856488 0.46931878857421877 0.03651055466666667 0.4597462509765625 0.030478154 0.456309955078125 0.02980788733333333 0.45041916259765624 0.03349435466666666 0.4364285302734375 0.034834888 0.42661054248046876 0.040197022 0.4172834545898437 0.061980690666666664 0.41654710546875 0.06700769133333334 0.41949250146484374 0.07304009133333333 0.4305377377929688 0.082423826 0.44624651806640625 0.08812109333333333 0.46318254638671874 0.08845622666666667 0.47349143359375 0.08376435933333333
1 0.37010915869140626 0 0.3699116640625 0.008359352 0.3677026171875 0.013721486000000001 0.36500267041015627 0.016402552666666667 0.35935732763671874 0.011375551999999999 0.35420288427734375 0.011375551999999999 0.34929389013671874 0.013051219333333334 0.328185216796875 0.024445753333333334 0.32376712255859375 0.028467354 0.32106717578125 0.03349435466666666 0.32131262548828127 0.041202421999999995 0.3326033115234375 0.07236982466666667 0.336285056640625 0.07739682533333334 0.3448757958984375 0.080077892 0.3500302392578125 0.08376435933333333 0.35322108544921876 0.08376435933333333 0.35984822705078123 0.07471575866666667 0.38022055126953125 0.065332024 0.385129544921875 0.061310424 0.39077488818359374 0.04723482266666666 0.39642023095703127 0.041872688666666665 0.399365626953125 0.027126820666666666 0.40353827197265624 0.019083620000000003 0.3998565263671875 0.013386352666666667 0.3966656806640625 0.001991818 0.39543482177734374 0 0.37010915869140626 0
1 0.6104523603515625 0 0.6104523603515625 0.0026620846666666666 0.6146250053710938 0.026456554 0.6175704013671875 0.028467354 0.6195339990234375 0.02813222066666667 0.622970294921875 0.025116020000000003 0.622970294921875 0.019418753333333334 0.6199480815429688 0 0.6104523603515625 0
1 0.6143795556640625 0.083429226 0.6143795556640625 0.078067092 0.6124159580078125 0.07002389133333334 0.6089796625976562 0.06164555733333333 0.60578881640625 0.06064015733333333 0.592534533203125 0.065332024 0.5827165454101563 0.07236982466666667 0.58345289453125 0.077061692 0.5817347465820313 0.083429226 0.5846801430664063 0.08745082666666668 0.5871346401367188 0.094153494 0.5890982373046875 0.09549402733333333 0.5969526274414062 0.09549402733333333 0.6025979702148437 0.09783996066666667 0.6062797158203125 0.09716969399999999 0.6143795556640625 0.083429226
1 0.65266970703125 0.17425036800000002 0.6570878017578125 0.165872034 0.6592968486328125 0.15347209933333333 0.6585604995117188 0.14207756533333332 0.6563514526367188 0.13470463066666669 0.6563514526367188 0.120293896 0.64653346484375 0.11258582866666665 0.6389245244140624 0.09951562733333333 0.6315610336914063 0.09180756000000001 0.6293519868164063 0.09348322666666667 0.6266520400390625 0.099180494 0.6234611938476563 0.11023989533333334 0.6239520932617187 0.12565603 0.6266520400390625 0.13135329733333334 0.6278792885742187 0.13705056466666668 0.6345064301757812 0.149115366 0.637451826171875 0.15816396666666666 0.6453062163085937 0.173244968 0.649478861328125 0.17827196866666667 0.6521788076171875 0.17793683533333335 0.65266970703125 0.17425036800000002
1 0.6642058427734375 0.22519064 0.6676421381835937 0.217817706 0.6774601259765625 0.204077238 0.6794237236328124 0.19670430400000002 0.6781964750976562 0.184974636 0.6725511318359375 0.16118016666666668 0.6669057890625 0.152131566 0.6622422451171875 0.14945049933333332 0.660769546875 0.14945049933333332 0.6590513989257812 0.15313696599999999 0.6408881220703125 0.166877434 0.6376972758789062 0.17927736866666666 0.6386790747070312 0.19033677 0.6502152104492187 0.23289870733333332 0.6521788076171875 0.23524464066666667 0.6580696005859376 0.23423924066666665 0.6642058427734375 0.22519064
1 0.30143120068359375 0.17726656866666668 0.315912732421875 0.17257470133333333 0.3193490283203125 0.16922336799999999 0.32106717578125 0.15548289999999998 0.3330942109375 0.13705056466666668 0.33456690869140626 0.132023564 0.33505780810546876 0.12532089666666668 0.33432145947265623 0.12062902933333333 0.330148814453125 0.10588316133333332 0.3230307734375 0.092031094 0.3230307734375 0.08845622666666667 0.315912732421875 0.07773195866666667 0.309776490234375 0.07672655866666667 0.29627675732421876 0.08074815933333333 0.28400427294921876 0.069688758 0.26731369384765624 0.06298609066666666 0.2614229013671875 0.063321224 0.25258671240234376 0.067677958 0.24792316845703125 0.072704958 0.24129602685546875 0.083429226 0.23957787890625 0.08812109333333333 0.24031422802734376 0.09448862733333334 0.2552866591796875 0.11895336266666667 0.25823205517578124 0.11861822933333334 0.26412284765625 0.12297496333333334 0.26633189501953125 0.12900736399999999 0.2655955458984375 0.13705056466666668 0.2665773447265625 0.14241269866666667 0.283267923828125 0.176596302 0.287440568359375 0.18028276866666665 0.29578585791015627 0.180617902 0.30143120068359375 0.17726656866666668
1 0.43667397998046875 0.18229356866666668 0.4393739267578125 0.177601702 0.4406011748046875 0.17290983466666668 0.44035572509765625 0.16252070066666666 0.4364285302734375 0.141742432 0.4334831337890625 0.135374898 0.4307831875 0.134034364 0.41630165576171874 0.13705056466666668 0.413601708984375 0.14140729800000001 0.41433805810546875 0.1584991 0.4160562060546875 0.16922336799999999 0.4190016025390625 0.17726656866666668 0.4221924482421875 0.18262870266666667 0.42759234130859375 0.18598003600000002 0.4310286372070313 0.184974636 0.43667397998046875 0.18229356866666668
1 0.796994125 0.29724431333333334 0.8016576689453125 0.27680117800000004 0.7996940712890624 0.2700985106666667 0.8019031186523438 0.26071477666666665 0.8016576689453125 0.253676976 0.79895772265625 0.242952708 0.7901215336914063 0.24127704133333336 0.7874215869140625 0.23859597466666665 0.784721640625 0.23859597466666665 0.7761309013671875 0.24965537533333335 0.7744127534179688 0.2583688433333333 0.77269460546875 0.2603796433333333 0.77269460546875 0.2657417773333333 0.7761309013671875 0.26708231066666666 0.7803035458984375 0.29255244666666663 0.7839852915039063 0.302271314 0.7903669833984375 0.30763344800000003 0.7935578291015625 0.303276714 0.796994125 0.29724431333333334
1 0.8249753896484375 0.3894059893333333 0.8318479809570313 0.3843789886666667 0.8568838491210937 0.36259532 0.8568838491210937 0.356227786 0.8551657016601563 0.34986025200000004 0.8478022109375 0.33276845066666666 0.8392114716796875 0.334108984 0.8345479272460937 0.3408116513333333 0.8279207856445312 0.3438278513333333 0.8220299931640624 0.3522061853333333 0.8046030654296875 0.36393585333333334 0.8038667163085937 0.3686277206666667 0.8046030654296875 0.3733195873333333 0.8085302602539063 0.38337358866666665 0.8146665024414063 0.3894059893333333 0.8222754428710938 0.39007625599999995 0.8249753896484375 0.3894059893333333
1 0.769503759765625 0.3471791853333333 0.7785853979492188 0.3408116513333333 0.7800580961914062 0.3347792506666667 0.7758854516601562 0.32338471599999996 0.7699946591796875 0.3126604486666667 0.7687674106445312 0.30294158066666665 0.7636129672851563 0.2935578466666667 0.7501132338867188 0.280152512 0.7479041870117188 0.279147112 0.7425042939453125 0.28149304533333336 0.7353862529296875 0.2878605793333333 0.7265500639648438 0.29255244666666663 0.7255682651367188 0.2985848466666667 0.726795513671875 0.30260644733333336 0.7314590576171875 0.31232531533333335 0.7351408032226563 0.32338471599999996 0.7422588442382813 0.335114384 0.7483950864257812 0.348854852 0.7501132338867188 0.355222386 0.7528131806640626 0.35957911933333336 0.7643493159179687 0.35254131866666666 0.769503759765625 0.3471791853333333
1 0.8453477138671875 0.4976540666666667 0.8517294057617187 0.4865946653333333 0.8551657016601563 0.48558926533333335 0.8568838491210937 0.48692979866666664 0.859092896484375 0.4835784653333333 0.8622837426757812 0.4822379313333333 0.8608110444335938 0.4741947306666667 0.863265541015625 0.46447586333333335 0.8622837426757812 0.4604542626666666 0.8593383461914063 0.455427262 0.857129298828125 0.45509212866666665 0.8517294057617187 0.4601191293333333 0.8480476606445313 0.4601191293333333 0.8441204653320312 0.4507353953333333 0.8313570815429687 0.4346489933333333 0.8276753359375 0.4326381933333333 0.824484490234375 0.4326381933333333 0.816384650390625 0.4245949926666666 0.8104938579101563 0.4232544593333334 0.8043576157226563 0.437665194 0.800184970703125 0.451405662 0.8004304204101562 0.45509212866666665 0.8077939111328125 0.476875798 0.81343925390625 0.4812325313333333 0.8151574018554687 0.4782163313333333 0.8198209462890625 0.4741947306666667 0.8217845434570312 0.47486499733333337 0.8284116850585937 0.48022713133333333 0.830620732421875 0.485254132 0.8311116318359375 0.4909513993333333 0.832584330078125 0.49396759933333334 0.8372478740234375 0.4983243333333333 0.8426477670898438 0.49865946666666666 0.8453477138671875 0.4976540666666667
1 0.8328297797851563 0.415546392 0.8298843833007813 0.40415185733333336 0.8271844370117187 0.4001302566666667 0.8220299931640624 0.3977843233333333 0.8200663959960938 0.3987897233333333 0.81343925390625 0.4075031906666666 0.8129483549804688 0.4158815253333333 0.8190845971679688 0.42224905933333334 0.824484490234375 0.42560039266666666 0.8303752827148437 0.4252652593333333 0.8328297797851563 0.415546392
1 0.844856814453125 0.5723888073333333 0.8480476606445313 0.5660212733333334 0.8546748022460937 0.5489294713333334 0.8578656479492187 0.5335133366666667 0.857129298828125 0.523124202 0.8534475537109375 0.5134053346666667 0.849029458984375 0.5067026673333334 0.8392114716796875 0.4993297333333333 0.8333206791992187 0.49798919999999997 0.8301298330078125 0.4993297333333333 0.8276753359375 0.5023459333333333 0.82350269140625 0.5120648013333333 0.8190845971679688 0.5325079366666666 0.8166301000976562 0.539210604 0.8171209995117188 0.544572738 0.8220299931640624 0.554961872 0.8311116318359375 0.5693726066666667 0.8389660219726562 0.5767455406666666 0.8416659682617188 0.5757401406666667 0.844856814453125 0.5723888073333333
1 0.820311845703125 0.5378700706666667 0.8237481411132812 0.5174269353333333 0.8212936440429688 0.5103891346666667 0.8129483549804688 0.5036864673333333 0.8107393076171875 0.49229193266666665 0.8095120590820313 0.491621666 0.8075484614257813 0.4949729993333334 0.8048485151367187 0.4959783993333333 0.8058303139648437 0.4969838 0.806075763671875 0.5026810666666667 0.79895772265625 0.5023459333333333 0.7893851845703125 0.5177620686666666 0.7884033857421875 0.522118802 0.7886488354492187 0.527480936 0.7903669833984375 0.5345187366666666 0.7992031723632812 0.5361944033333333 0.80509396484375 0.5395457373333333 0.8100029584960937 0.545578138 0.8131938046875 0.547588938 0.8168755498046875 0.546583538 0.820311845703125 0.5378700706666667
1 0.7761309013671875 0.5201080020000001 0.7773581499023438 0.5123999346666667 0.77662180078125 0.5036864673333333 0.77269460546875 0.4865946653333333 0.77048555859375 0.484248732 0.7690128603515625 0.484248732 0.7547767783203125 0.4886054653333333 0.7530586303710938 0.490616266 0.7535495297851562 0.5026810666666667 0.7545313286132812 0.5097188673333334 0.7584585234375 0.523124202 0.7621402690429687 0.5251350026666667 0.77048555859375 0.5227890686666666 0.7761309013671875 0.5201080020000001
1 0.7476587373046875 0.7426365573333332 0.7520768315429688 0.7376095566666666 0.7540404291992188 0.7302366226666667 0.76238571875 0.7097934873333334 0.7663129135742187 0.6883449520000001 0.77048555859375 0.6823125513333334 0.7768672504882812 0.6762801506666667 0.7820216938476563 0.67326395 0.78275804296875 0.6715882833333333 0.7830034926757813 0.6672315493333333 0.781776244140625 0.6635450826666667 0.775640001953125 0.6521505479999999 0.7709764580078124 0.630031746 0.7702401088867188 0.621653412 0.7672947124023437 0.617296678 0.75428587890625 0.6260101453333333 0.7483950864257812 0.6367344133333334 0.7429951928710937 0.651145148 0.7422588442382813 0.658518082 0.7383316489257813 0.665891016 0.7331772055664062 0.67125315 0.7302318090820312 0.6699126166666667 0.7270409633789062 0.67024775 0.7213956206054688 0.6913611519999999 0.7194320229492187 0.694712486 0.718695673828125 0.7010800193333333 0.7194320229492187 0.716831288 0.7238501171875 0.7372744233333333 0.7285136616210938 0.744312224 0.7326863061523438 0.7479986906666667 0.7373498500976563 0.7479986906666667 0.7476587373046875 0.7426365573333332
1 0.7621402690429687 0.6132750779999999 0.7687674106445312 0.5955130093333333 0.7753945522460938 0.5827779413333334 0.7753945522460938 0.5727239406666667 0.7773581499023438 0.560324006 0.7761309013671875 0.5552970053333334 0.773676404296875 0.5522808053333333 0.7626311684570313 0.5459132713333333 0.7530586303710938 0.5385403373333334 0.7368589506835937 0.5713834066666666 0.73587715234375 0.582442808 0.732931755859375 0.5914914086666667 0.7324408564453125 0.6008751433333334 0.7351408032226563 0.6085832106666667 0.7385770986328125 0.6115994106666667 0.7417679448242187 0.6092534773333333 0.7434860922851563 0.6112642773333333 0.7474132875976562 0.6115994106666667 0.7501132338867188 0.6146156113333333 0.7528131806640626 0.614280478 0.7560040268554687 0.6166264113333333 0.7587039731445312 0.6162912779999999 0.7621402690429687 0.6132750779999999
1 0.7304772587890624 0.6424316806666667 0.7321954067382812 0.6377398133333334 0.734895353515625 0.6357290133333333 0.7415224951171875 0.6377398133333334 0.743240642578125 0.6367344133333334 0.7456951396484375 0.633047946 0.7474132875976562 0.6250047453333333 0.74422244140625 0.6209831453333333 0.7412770454101563 0.619307478 0.739067998046875 0.614280478 0.7398043471679687 0.6085832106666667 0.7427497436523437 0.6028859433333333 0.73587715234375 0.590821142 0.7314590576171875 0.6002048766666667 0.7277773125 0.6042264766666666 0.7184502241210937 0.6052318766666667 0.7155048276367187 0.6065724106666667 0.7140321298828125 0.609923744 0.714523029296875 0.6250047453333333 0.7128048813476563 0.6296966126666667 0.712559431640625 0.6357290133333333 0.7155048276367187 0.6454478806666667 0.7184502241210937 0.6461181473333334 0.722868318359375 0.6431019473333334 0.7272864130859376 0.644777614 0.7304772587890624 0.6424316806666667
1 0.8363952319335938 1 0.8362660751953125 0.993651448 0.8276753359375 0.9825920473333334 0.8217845434570312 0.9805812466666667 0.8104938579101563 0.9862785139999999 0.8090374038085938 1 0.8363952319335938 1
1 0.8507476069335937 0.8679764360000001 0.8485385600585937 0.8679764360000001 0.8478022109375 0.8659656360000001 0.844856814453125 0.8659656360000001 0.8414205190429688 0.858592702 0.8392114716796875 0.858592702 0.8330752294921875 0.8693169693333332 0.8311116318359375 0.8750142366666668 0.8266935375976563 0.881716904 0.8252208393554687 0.8884195713333334 0.8222754428710938 0.9350031093333334 0.8232572416992188 0.9467327766666668 0.8249753896484375 0.952430044 0.82742988671875 0.9554462446666666 0.8333206791992187 0.9554462446666666 0.8460840629882812 0.94706791 0.8505021572265625 0.9396949760000001 0.857129298828125 0.9417057766666667 0.8662109375 0.9417057766666667 0.8662109375 0.90819244 0.8649836889648438 0.90819244 0.86203829296875 0.9051762393333334 0.8551657016601563 0.887079038 0.8551657016601563 0.8760196366666667 0.853938453125 0.8703223693333333 0.8507476069335937 0.8679764360000001
1 0.830620732421875 0.8746791033333334 0.8355297260742187 0.8629494353333332 0.8374933237304687 0.8344630993333334 0.8362660751953125 0.8234036979999999 0.8323388803710937 0.8150253639999999 0.8284116850585937 0.8103334966666667 0.8249753896484375 0.8093280966666666 0.8195754965820312 0.8126794306666667 0.8131938046875 0.8210577646666667 0.8104938579101563 0.8317820326666666 0.8100029584960937 0.8435117 0.8104938579101563 0.8663007693333334 0.8117211064453125 0.870992636 0.81736644921875 0.8823871706666667 0.8212936440429688 0.884733104 0.824484490234375 0.8843979706666667 0.830620732421875 0.8746791033333334
1 0.8478022109375 0.813014564 0.8478022109375 0.7955876286666667 0.8470658618164062 0.7932416953333333 0.83577517578125 0.7821822940000001 0.8301298330078125 0.7731336933333334 0.8254662890625 0.7704526266666667 0.8220299931640624 0.7701174933333333 0.8200663959960938 0.7751444933333334 0.820557294921875 0.7912308953333332 0.8271844370117187 0.8073172966666666 0.8374933237304687 0.8150253639999999 0.843875015625 0.8173712973333332 0.8465749624023438 0.8167010306666667 0.8478022109375 0.813014564
1 0.834793376953125 0.7647553593333334 0.8374933237304687 0.7587229586666667 0.8384751225585938 0.7423014233333334 0.836756974609375 0.7382798233333333 0.8338115786132813 0.7366041566666666 0.8281662353515625 0.7376095566666666 0.8230117919921875 0.7352636226666667 0.819330046875 0.730571756 0.8075484614257813 0.7309068893333334 0.806075763671875 0.734593356 0.806075763671875 0.7396203566666666 0.81123020703125 0.7513500246666668 0.8185936977539062 0.7597283586666668 0.8210481943359375 0.7607337586666666 0.8222754428710938 0.7654256260000001 0.8242390405273438 0.7654256260000001 0.8262026381835937 0.7684418260000001 0.82963893359375 0.7684418260000001 0.834793376953125 0.7647553593333334
1 0.8222754428710938 0.67225855 0.8252208393554687 0.6662261493333334 0.832584330078125 0.6464532806666667 0.8303752827148437 0.6407560139999999 0.8298843833007813 0.6357290133333333 0.8247299399414062 0.6290263460000001 0.8220299931640624 0.6276858126666667 0.8185936977539062 0.6296966126666667 0.8158937509765625 0.628020946 0.8090211596679687 0.6206480120000001 0.8048485151367187 0.6102588773333334 0.8028849174804688 0.6082480773333333 0.7955214267578125 0.606907544 0.7906124331054688 0.608918344 0.7866852377929687 0.614280478 0.7864397880859375 0.6223236786666666 0.7871761372070313 0.6360641466666667 0.7903669833984375 0.6498046146666666 0.7933123793945313 0.6504748813333333 0.7982213735351562 0.6467884146666667 0.8028849174804688 0.6487992146666667 0.8036212666015625 0.6521505479999999 0.8023940180664062 0.6571775486666667 0.8068121123046875 0.6648856160000001 0.8139301533203125 0.6709180166666666 0.8190845971679688 0.6735990833333334 0.8208027446289062 0.67326395 0.8222754428710938 0.67225855
1 0.84583861328125 0.6250047453333333 0.842893216796875 0.615285878 0.8451022641601562 0.60556701 0.8451022641601562 0.6028859433333333 0.8431386665039062 0.5991994766666666 0.8414205190429688 0.598194076 0.8269389873046875 0.6035562099999999 0.8252208393554687 0.608918344 0.8284116850585937 0.6166264113333333 0.8362660751953125 0.6276858126666667 0.8392114716796875 0.6293614793333334 0.84191141796875 0.6290263460000001 0.84583861328125 0.6250047453333333
1 0.8487840092773438 0.7818471606666667 0.850993056640625 0.7738039600000001 0.8500112578125 0.762074292 0.8478022109375 0.758052692 0.8455931635742188 0.7570472920000001 0.8365115249023437 0.7627445586666666 0.8328297797851563 0.7691120926666667 0.8318479809570313 0.7734688266666667 0.8328297797851563 0.7788309606666667 0.8384751225585938 0.7868741613333333 0.844856814453125 0.7868741613333333 0.8487840092773438 0.7818471606666667
1 0.7616493696289063 0.7825174273333334 0.7628766181640625 0.77480936 0.7618948193359375 0.758052692 0.7609130205078125 0.7536959579999999 0.759440322265625 0.7523554246666666 0.7501132338867188 0.755706758 0.74814963671875 0.764420226 0.7483950864257812 0.7751444933333334 0.7501132338867188 0.787544428 0.7528131806640626 0.789555228 0.7564949262695313 0.7888849613333333 0.7616493696289063 0.7825174273333334
1 0.7547767783203125 0.9839325806666668 0.7572312749023438 0.9765596466666666 0.7599312216796875 0.9527651773333333 0.7596857719726563 0.9407003766666666 0.7577221743164062 0.9286355753333334 0.759440322265625 0.9252842413333333 0.7643493159179687 0.9256193746666667 0.7677856118164063 0.9152302406666666 0.7677856118164063 0.9088627066666666 0.76655836328125 0.9045059726666667 0.7668038129882813 0.8988087053333333 0.7687674106445312 0.8931114386666666 0.7685219609375 0.8766899033333334 0.7631220678710937 0.8716629026666666 0.7412770454101563 0.8636197019999999 0.7321954067382812 0.8706575026666666 0.7304772587890624 0.8766899033333334 0.7302318090820312 0.8877493046666667 0.726795513671875 0.8931114386666666 0.7199229223632813 0.8978033053333333 0.7172229755859375 0.9021600393333333 0.7174684252929687 0.9145599739999999 0.7260591645507812 0.930311242 0.7307227084960938 0.9517597773333334 0.7304772587890624 0.9581273113333333 0.7356317026367187 0.97588938 0.7407861459960937 0.9825920473333334 0.7486405361328125 0.9876190473333333 0.75232228125 0.9876190473333333 0.7547767783203125 0.9839325806666668
1 0.7250773657226562 0.8927763053333333 0.728759111328125 0.8830574373333334 0.7297409096679688 0.8763547700000001 0.729986359375 0.8599332353333332 0.728759111328125 0.8421711666666667 0.722868318359375 0.8240739646666666 0.7211501708984375 0.812009164 0.7194320229492187 0.8153604973333333 0.7140321298828125 0.8197172313333334 0.712559431640625 0.8197172313333334 0.7087549614257812 0.8255820653333333 0.7047050415039062 0.8291009653333333 0.7020050947265625 0.8384847 0.6970961010742187 0.844852234 0.6958688525390625 0.850884634 0.7010232958984375 0.8663007693333334 0.706423189453125 0.8780304366666666 0.7174684252929687 0.894451972 0.7221319692382813 0.895457372 0.7250773657226562 0.8927763053333333
1 0.7240955668945313 0.8200523646666668 0.7236046674804687 0.8069821633333333 0.7213956206054688 0.7996092293333333 0.7189411235351563 0.7962578953333334 0.712559431640625 0.7952524953333333 0.7051959409179688 0.790895762 0.6946416040039063 0.7919011619999999 0.6848236166992188 0.7898903613333333 0.6826145693359374 0.7915660286666666 0.68114187109375 0.7962578953333334 0.6816327705078125 0.8049713633333334 0.6843327172851562 0.8123442973333334 0.6865417646484375 0.8146902306666666 0.6924325571289063 0.8177064313333333 0.6956234028320313 0.8173712973333332 0.7037232426757812 0.8230685646666668 0.71575027734375 0.8207226313333333 0.7184502241210937 0.8234036979999999 0.72188651953125 0.8234036979999999 0.7240955668945313 0.8200523646666668
1 0.6639603930664062 0.8029605626666666 0.665923990234375 0.7962578953333334 0.6654330913085937 0.7912308953333332 0.6438335185546875 0.77480936 0.64039722265625 0.77480936 0.638433625 0.7798363606666667 0.6376972758789062 0.7855336279999999 0.6426062700195313 0.790895762 0.6428517197265625 0.7972632959999999 0.6421153706054687 0.8002794959999999 0.6330337319335938 0.8163658973333333 0.6320519331054687 0.8234036979999999 0.6367154775390625 0.8294360986666667 0.6411335717773438 0.831111766 0.6426062700195313 0.8287658320000001 0.6428517197265625 0.8230685646666668 0.6445698671875 0.8177064313333333 0.6499697607421875 0.8056416299999999 0.65266970703125 0.803295696 0.6553696538085938 0.8039659633333334 0.6580696005859376 0.8066470299999999 0.6619967954101562 0.8059767633333332 0.6639603930664062 0.8029605626666666
1 0.6612604462890626 0.726215022 0.6610149965820312 0.7181718213333333 0.6534060561523437 0.7134799540000001 0.6453062163085937 0.7064421533333334 0.6408881220703125 0.693371952 0.6386790747070312 0.6913611519999999 0.6320519331054687 0.694377352 0.627142939453125 0.6994043526666666 0.6256702412109375 0.7054367533333334 0.6293519868164063 0.729566356 0.6318064833984375 0.7399554899999999 0.6357336787109376 0.7476635573333333 0.6408881220703125 0.7520202913333333 0.64653346484375 0.7536959579999999 0.6489879619140625 0.7453176239999999 0.657578701171875 0.7429716906666666 0.6612604462890626 0.726215022
1 0.62812473828125 0.6725936833333334 0.63426098046875 0.6578478153333333 0.6322973828125 0.6307020126666666 0.6295974365234375 0.6223236786666666 0.6266520400390625 0.6199777453333334 0.621006697265625 0.621653412 0.6116796088867188 0.63338308 0.6060342661132813 0.6504748813333333 0.60578881640625 0.6571775486666667 0.608734212890625 0.6719234166666667 0.6111887094726562 0.6782909506666667 0.61388865625 0.6813071513333333 0.617079501953125 0.6826476846666667 0.6185522001953125 0.681977418 0.62812473828125 0.6725936833333334
1 0.6462954458007812 1 0.6435880688476563 0.990635248 0.6430971694335937 0.97991098 0.6416244711914062 0.9732083126666666 0.6364700278320312 0.964159712 0.6349973295898438 0.9628191786666667 0.6318064833984375 0.9628191786666667 0.6197794487304688 0.968516446 0.61192505859375 0.9805812466666667 0.6089796625976562 0.9889595813333334 0.6069111669921875 1 0.6462954458007812 1
1 0.7263046142578125 0.9785704466666666 0.7238501171875 0.9628191786666667 0.7184502241210937 0.9517597773333334 0.70961403515625 0.9393598426666667 0.7032323432617188 0.948408444 0.6980778999023437 0.9624840453333333 0.6968506513671875 0.9675110453333333 0.6968506513671875 0.973543446 0.7010232958984375 0.9825920473333334 0.7037232426757812 0.985273114 0.7110867333984375 0.9829271806666667 0.7236046674804687 0.9825920473333334 0.7263046142578125 0.9785704466666666
1 0.7844465395507813 1 0.7908578828125 0.9899649813333333 0.7974850244140625 0.984267714 0.7992031723632812 0.9785704466666666 0.796012326171875 0.9711975126666667 0.796012326171875 0.9574570446666667 0.7952759770507812 0.9564516446666667 0.7881579360351563 0.9527651773333333 0.7839852915039063 0.9551111113333333 0.7795671967773438 0.9490787106666667 0.7761309013671875 0.9477381773333333 0.7699946591796875 0.9510895106666667 0.76655836328125 0.9544408446666667 0.764594765625 0.9732083126666666 0.761403919921875 0.9789055799999999 0.7609130205078125 0.9849379806666667 0.7643493159179687 0.9996838486666667 0.7645177138671875 1 0.7844465395507813 1
1 0.6045615678710937 0.9779001799999999 0.6168340522460938 0.9628191786666667 0.6185522001953125 0.957792178 0.6178158510742188 0.9500841106666666 0.614870455078125 0.9480733106666667 0.6099614609375 0.9487435773333334 0.600634373046875 0.957792178 0.5954799291992188 0.9681813126666666 0.5947435805664063 0.9785704466666666 0.601616171875 0.97991098 0.6045615678710937 0.9779001799999999
1 0.6300883359375 0.935673376 0.6298428862304688 0.9296409753333333 0.6283701879882813 0.9256193746666667 0.626161140625 0.9232734413333332 0.6205157978515625 0.9212626413333334 0.6116796088867188 0.924949108 0.6104523603515625 0.927295042 0.6106978100585938 0.9353382426666667 0.612906857421875 0.9393598426666667 0.6146250053710938 0.9403652433333334 0.6237066435546875 0.9413706433333333 0.629106537109375 0.9373490426666667 0.6300883359375 0.935673376
1 0.5216228408203125 1 0.5215995727539062 0.9993487153333334 0.5240540698242188 0.9825920473333334 0.5434445952148438 0.9779001799999999 0.5451627431640625 0.9748839800000001 0.5554716298828125 0.965165112 0.5576806772460937 0.9614786453333333 0.5581715766601563 0.9520949106666667 0.555962529296875 0.94204091 0.5574352275390625 0.9350031093333334 0.555962529296875 0.913554574 0.5512989853515625 0.8907655046666667 0.5495808374023438 0.886073638 0.5454081928710938 0.8823871706666667 0.5429536958007812 0.8750142366666668 0.5164451293945312 0.8673061693333334 0.4985273017578125 0.8652953693333334 0.49410920751953125 0.8666359026666667 0.488709314453125 0.8820520373333334 0.4882184150390625 0.8931114386666666 0.4906729116210938 0.9115437733333334 0.4906729116210938 0.918581574 0.4894456630859375 0.921932908 0.48306397119140626 0.9293058420000001 0.47962767578125 0.927295042 0.4771731787109375 0.922938308 0.47373688330078123 0.9232734413333332 0.46956423828125 0.9155653739999999 0.462446197265625 0.9091978399999999 0.4587644521484375 0.91221404 0.45655540478515627 0.918581574 0.45753720361328126 0.9373490426666667 0.45900990185546875 0.94706791 0.4607280498046875 0.951424644 0.46097349951171873 0.9574570446666667 0.46318254638671874 0.9604732446666667 0.4649006943359375 0.966170512 0.4656370434570313 0.9738785793333333 0.464409794921875 0.9792407133333333 0.474473232421875 0.9929811813333334 0.47570048046875 0.9963325153333333 0.4754766435546875 1 0.5216228408203125 1
1 0.4771731787109375 0.8726683033333333 0.4801185751953125 0.8673061693333334 0.484782119140625 0.8549062346666666 0.49410920751953125 0.836138766 0.49509100634765624 0.827760432 0.4914092607421875 0.8193820980000001 0.4781549775390625 0.8009497626666666 0.468582439453125 0.7975984293333332 0.45704630419921877 0.7982686959999999 0.45189186083984373 0.8016200293333333 0.44722831640625 0.80765243 0.44182842333984373 0.8190469646666667 0.4406011748046875 0.8230685646666668 0.44035572509765625 0.8307766320000001 0.44109207421875 0.8438468333333333 0.4437920209960938 0.850884634 0.45091006201171874 0.8606035019999999 0.4649006943359375 0.87233317 0.47079148681640626 0.8756845033333334 0.4742277827148437 0.87534937 0.4771731787109375 0.8726683033333333
1 0.5662153276367188 1 0.5657805170898438 0.994656848 0.5635714697265625 0.9896298480000001 0.5515444350585937 0.9725380459999999 0.545899091796875 0.9725380459999999 0.54467184375 0.97588938 0.5400082993164063 0.9785704466666666 0.5341175068359375 0.9789055799999999 0.531417560546875 0.9809163799999999 0.5228268212890625 0.982256914 0.522335921875 0.984267714 0.5208649985351562 1 0.5662153276367188 1
1 0.5525262338867187 0.8411657666666666 0.5547352807617187 0.834127966 0.5557170795898437 0.8150253639999999 0.5525262338867187 0.7996092293333333 0.5451627431640625 0.7805066273333333 0.545653642578125 0.7587229586666667 0.5476172397460938 0.7573824253333333 0.5481081391601562 0.7540310913333332 0.5466354409179688 0.7426365573333332 0.5441809443359376 0.7369392899999999 0.5400082993164063 0.73593389 0.5368174536132813 0.7386149566666667 0.5311721108398437 0.7396203566666666 0.52037232421875 0.7446473573333333 0.5137451826171875 0.7510148913333334 0.5046635439453125 0.7667661593333334 0.5022090473632812 0.7774904273333333 0.5017181479492188 0.786539028 0.5039271948242188 0.7962578953333334 0.5056453427734375 0.8123442973333334 0.511290685546875 0.824744232 0.515217880859375 0.8274252986666667 0.5201268745117188 0.8264198986666667 0.5245449692382812 0.8284306986666667 0.5262631166992188 0.8358036326666667 0.5348538559570313 0.8441819666666667 0.5392719501953125 0.8515549006666667 0.5461445415039062 0.8518900346666666 0.5525262338867187 0.8411657666666666
1 0.7577221743164062 0.39476812333333333 0.7589494228515625 0.3904113893333333 0.7587039731445312 0.38404385533333335 0.753304080078125 0.38035738799999996 0.7498677846679688 0.3813627886666667 0.7415224951171875 0.3716439206666666 0.7385770986328125 0.371979054 0.7304772587890624 0.383708722 0.729986359375 0.3887357226666666 0.7326863061523438 0.39476812333333333 0.7385770986328125 0.402811324 0.7483950864257812 0.40348159066666667 0.7577221743164062 0.39476812333333333
1 0.7415224951171875 0.5090486006666667 0.7437315419921875 0.5016756666666666 0.747167837890625 0.49564326599999997 0.7479041870117188 0.48927573199999996 0.747167837890625 0.4822379313333333 0.7437315419921875 0.4815676646666667 0.7375952998046875 0.484248732 0.7351408032226563 0.48391359866666667 0.7277773125 0.478886598 0.7223774189453125 0.48022713133333333 0.7231137680664063 0.48558926533333335 0.729004560546875 0.49363246600000005 0.7304772587890624 0.49798919999999997 0.730968158203125 0.5067026673333334 0.7324408564453125 0.5100540006666667 0.734895353515625 0.5123999346666667 0.7373498500976563 0.5123999346666667 0.7415224951171875 0.5090486006666667
1 0.6644512924804687 0.3877303226666667 0.6676421381835937 0.376335788 0.6715693334960937 0.36829258733333337 0.6757419780273437 0.34650891866666667 0.675987427734375 0.3347792506666667 0.6725511318359375 0.31735231533333336 0.6681330375976563 0.3083037146666667 0.6551242041015625 0.29791458 0.6408881220703125 0.2902065126666667 0.6347518798828125 0.289536246 0.6259156909179687 0.29959024733333334 0.6207612475585937 0.308638848 0.6146250053710938 0.32472524933333335 0.61192505859375 0.3512007853333334 0.61192505859375 0.36259532 0.6133977568359374 0.367957454 0.6116796088867188 0.37298445399999997 0.6192885493164062 0.3790168546666666 0.6249338920898437 0.38035738799999996 0.63033378515625 0.383708722 0.6349973295898438 0.38504925533333334 0.637451826171875 0.3830384553333333 0.6435880688476563 0.382703322 0.6546333046875 0.3887357226666666 0.6624876948242188 0.39007625599999995 0.6644512924804687 0.3877303226666667
1 0.6838418178710938 0.44101652733333335 0.686050865234375 0.4373300606666667 0.69120530859375 0.42224905933333334 0.6958688525390625 0.4212436586666667 0.7007778461914063 0.42291932600000004 0.7039686923828125 0.42224905933333334 0.7078958872070312 0.4128653246666667 0.72581371484375 0.39979512333333334 0.7255682651367188 0.39443299000000004 0.7216410703125 0.3863897886666667 0.7123139819335937 0.375330388 0.708632236328125 0.3726493206666667 0.7047050415039062 0.3723141873333333 0.6877690126953125 0.380692522 0.6788100991210938 0.373487154 0.6754965283203125 0.36929798733333336 0.6723056826171875 0.3686277206666667 0.6651876416015625 0.37767632133333334 0.6612604462890626 0.3887357226666666 0.6629785942382812 0.4232544593333334 0.6664148896484375 0.4316327933333334 0.6710784340820313 0.437665194 0.6781964750976562 0.4423570613333333 0.6806509716796875 0.44202192799999995 0.6838418178710938 0.44101652733333335
1 0.5571897778320313 0.44202192799999995 0.57118041015625 0.43230306 0.5778075517578125 0.4232544593333334 0.5807529482421875 0.4168869253333333 0.581489296875 0.40348159066666667 0.5805074985351563 0.394097856 0.5778075517578125 0.38236818866666666 0.5719167592773438 0.36762232066666667 0.560135173828125 0.3485197186666667 0.5564534287109375 0.346844052 0.5485990385742188 0.34918998533333334 0.5370629033203125 0.34181705133333334 0.5277358149414062 0.33846571733333336 0.5196359750976562 0.33846571733333336 0.5002454497070312 0.35019538533333333 0.4965637041015625 0.3568980526666667 0.4933728583984375 0.36661692 0.490918361328125 0.38337358866666665 0.4914092607421875 0.39074652266666665 0.49410920751953125 0.39443299000000004 0.5012272485351562 0.39979512333333334 0.5166905791015625 0.4061626573333333 0.5201268745117188 0.40582752399999994 0.5260176669921875 0.4024761906666667 0.531417560546875 0.3977843233333333 0.5358356547851563 0.3977843233333333 0.53657200390625 0.4024761906666667 0.5343629565429687 0.4054923906666667 0.5341175068359375 0.411189658 0.5358356547851563 0.4128653246666667 0.537553802734375 0.41833905800000004 0.5368174536132813 0.42660579266666665 0.5382901518554688 0.4319679266666667 0.545899091796875 0.44269219466666665 0.5530171328125 0.4433624613333333 0.5571897778320313 0.44202192799999995
1 0.5299448623046875 0.050921289333333335 0.5331357080078125 0.039861888666666664 0.5331357080078125 0.02913762066666667 0.5323993588867187 0.024780886666666665 0.5299448623046875 0.02008902 0.525526767578125 0.016067419333333333 0.5174269282226562 0.013721486000000001 0.5115361352539063 0.014056619333333333 0.5058907924804688 0.017407952666666667 0.50196359765625 0.016737685999999998 0.4997545502929687 0.018748486666666668 0.497054603515625 0.017407952666666667 0.494845556640625 0.023775486666666665 0.49410920751953125 0.03617542133333333 0.494845556640625 0.05025102266666667 0.497054603515625 0.05728882333333333 0.5026999467773438 0.05929962333333333 0.5098179877929687 0.05728882333333333 0.5139906323242187 0.05896449 0.5250358681640624 0.05963475666666666 0.5299448623046875 0.050921289333333335
1 0.34315764794921877 0.28752544599999996 0.34880299072265625 0.27110391066666667 0.3480666420898437 0.2657417773333333 0.336285056640625 0.24630404199999997 0.3353032578125 0.23859597466666665 0.3357941572265625 0.23256357400000002 0.33039426416015627 0.23189330733333335 0.3225398740234375 0.23323384066666666 0.3205762763671875 0.23524464066666667 0.31419458447265625 0.254682376 0.3112491884765625 0.25970937666666666 0.305603845703125 0.27546064466666664 0.30658564404296873 0.28719031266666667 0.31812177978515627 0.3083037146666667 0.32376712255859375 0.314000982 0.328185216796875 0.312995582 0.34315764794921877 0.28752544599999996
1 0.31100373876953125 0.25401210933333335 0.3164036318359375 0.24328784133333334 0.31885812890625 0.22049877266666665 0.3183672294921875 0.21212043866666666 0.31100373876953125 0.19536377000000002 0.3073219931640625 0.19067190333333334 0.301676650390625 0.18933136933333333 0.29774945556640625 0.18966650333333332 0.28964961572265624 0.19837997066666666 0.28645876953125 0.21748257266666668 0.287440568359375 0.236585174 0.2898950654296875 0.2506607753333333 0.295540408203125 0.26607691066666667 0.29824035498046875 0.269428244 0.29922215380859374 0.26909311066666664 0.31100373876953125 0.25401210933333335
1 0.1447858798828125 0 0.14311615087890625 0.008359352 0.14311615087890625 0.014391752666666667 0.14630699658203125 0.035840288 0.1517068896484375 0.042542955333333334 0.15416138671875 0.043883488666666665 0.15686133349609374 0.04354835533333334 0.1637339248046875 0.035170021333333336 0.1669247705078125 0.027461954 0.16913381787109374 0.019418753333333334 0.17011561669921876 0.0073539519999999995 0.168519767578125 0 0.1447858798828125 0
1 0.4771731787109375 0.6467884146666667 0.477664078125 0.6357290133333333 0.47938222607421876 0.6296966126666667 0.4820821728515625 0.6250047453333333 0.480609474609375 0.608822496 0.4815912734375 0.586799542 0.47938222607421876 0.5807671413333333 0.4658824931640625 0.5703780066666666 0.46220074755859375 0.5703780066666666 0.45655540478515627 0.5764104073333333 0.45336455908203127 0.5914914086666667 0.4528736596679688 0.6042264766666666 0.4548372568359375 0.6239993453333333 0.45655540478515627 0.630031746 0.46220074755859375 0.6420965473333333 0.4683369897460937 0.650139748 0.4739823330078125 0.6548316153333333 0.4752095815429688 0.654496482 0.4771731787109375 0.6467884146666667
1 0.40525641943359375 0.7922362953333333 0.41114721240234375 0.7691120926666667 0.4059927685546875 0.7490040906666666 0.40255647314453125 0.7446473573333333 0.39617478125 0.7319122893333333 0.39200213623046876 0.7268852886666667 0.3875840419921875 0.7248744886666667 0.38488409521484374 0.7282258220000001 0.38193869921875 0.7369392899999999 0.378993302734375 0.756041892 0.378993302734375 0.7660958926666667 0.3875840419921875 0.7855336279999999 0.3991201772460938 0.794917362 0.40206557373046875 0.7965930286666667 0.40304737255859374 0.7955876286666667 0.40525641943359375 0.7922362953333333
1 0.433974033203125 0.8609386353333333 0.43667397998046875 0.8555765013333333 0.44035572509765625 0.8381495666666666 0.4401102758789063 0.8234036979999999 0.433974033203125 0.80765243 0.4307831875 0.8036308293333333 0.4283286904296875 0.8029605626666666 0.413601708984375 0.8093280966666666 0.4079563662109375 0.8140199640000001 0.40525641943359375 0.8187118313333334 0.4023110234375 0.8337928326666667 0.40353827197265624 0.8515549006666667 0.40722001708984373 0.858592702 0.41114721240234375 0.861608902 0.41041086328125 0.8659656360000001 0.41581075634765624 0.870992636 0.4221924482421875 0.8689818359999999 0.433974033203125 0.8609386353333333
1 0.4415829736328125 0.9708623793333333 0.4487010146484375 0.9678461793333333 0.4523827602539062 0.9628191786666667 0.45385545849609377 0.957792178 0.4528736596679688 0.9531003106666667 0.4536100087890625 0.9467327766666668 0.45091006201171874 0.933662576 0.44747376611328127 0.9256193746666667 0.442073873046875 0.9192518406666667 0.44133752392578124 0.9162356406666666 0.4393739267578125 0.9138897073333333 0.43667397998046875 0.9145599739999999 0.429801388671875 0.9222680413333333 0.4246469453125 0.924949108 0.42440149560546875 0.9299761086666667 0.419737951171875 0.9373490426666667 0.418510703125 0.94505711 0.42047430029296873 0.9537705773333334 0.42391059619140625 0.958797578 0.4273468916015625 0.9675110453333333 0.4332376840820312 0.973543446 0.4369194296875 0.9745488466666667 0.43912847705078123 0.973543446 0.4415829736328125 0.9708623793333333
1 0.5902951240234375 1 0.5881164384765625 0.9866136473333332 0.5832074448242187 0.971532646 0.580262048828125 0.9691867126666666 0.572162208984375 0.9775650466666665 0.5677441142578125 0.9839325806666668 0.5655350673828125 0.9923109146666668 0.5666944814453125 1 0.5902951240234375 1
1 0.37107534130859376 0.8197685066666667 0.37051743408203125 0.8088478506666666 0.36568158447265625 0.803006476 0.3595436240234375 0.7882763593333334 0.35061588232421875 0.7809114686666667 0.3416878955078125 0.78370514 0.33554993505859376 0.7936100066666666 0.33722390185546874 0.82180042 0.34057183544921876 0.8416098186666666 0.34708189794921873 0.8487210133333333 0.3599157255859375 0.8459273413333334 0.36475157568359373 0.84084806 0.36913972509765625 0.83133664 0.37107534130859376 0.8197685066666667
1 0.326191919921875 0.7392607586666666 0.3174502294921875 0.732149564 0.29494445654296875 0.7303716813333334 0.2837848408203125 0.7311337746666666 0.28025085595703125 0.741546368 0.27932084716796873 0.7603399773333334 0.2737410395507813 0.7798956793333334 0.2739268447265625 0.8012289286666667 0.300710560546875 0.8073239993333333 0.3114983198242188 0.794117734 0.3207981630859375 0.7758321873333333 0.3222860791015625 0.7618638286666666 0.32582006396484375 0.7430702193333333 0.326191919921875 0.7392607586666666
1 0.24964131640625 0.5100540006666667 0.25258671240234376 0.5016756666666666 0.25553210888671873 0.48257306466666666 0.2552866591796875 0.45710292933333335 0.256759357421875 0.443027328 0.25602300830078123 0.4158815253333333 0.25258671240234376 0.4024761906666667 0.24988676611328126 0.39979512333333334 0.246695919921875 0.4001302566666667 0.23515978466796875 0.40716805733333333 0.228287193359375 0.41621665866666663 0.22411454833984376 0.425935526 0.22411454833984376 0.43330845999999995 0.22730539453125 0.449394862 0.22951444140625 0.480897398 0.23466888525390625 0.4973189333333333 0.24399597314453125 0.5113945346666667 0.24743226904296875 0.5123999346666667 0.24964131640625 0.5100540006666667
1 0.293576810546875 0.39945999 0.29652220703125 0.39476812333333333 0.30241299951171874 0.3796871213333333 0.3031493486328125 0.370973654 0.30143120068359375 0.34114678466666665 0.29922215380859374 0.32975225 0.29676765673828126 0.3237198493333333 0.29284046142578124 0.3183577153333333 0.287440568359375 0.3163469153333333 0.27860437939453125 0.319027982 0.2705045400390625 0.324390116 0.262895599609375 0.3458386513333333 0.26265014990234375 0.3495251186666667 0.26363194873046875 0.36226018666666665 0.27344993603515627 0.38337358866666665 0.2776225810546875 0.3977843233333333 0.28105887646484373 0.403816724 0.28351337353515627 0.404822124 0.28621331982421877 0.40415185733333336 0.293576810546875 0.39945999
1 0.34953933984375 0.5040216006666667 0.3581300791015625 0.48625953200000005 0.35935732763671874 0.48022713133333333 0.35739372998046876 0.4738595973333333 0.3529756357421875 0.4658163966666667 0.33333966064453124 0.445038128 0.3274488681640625 0.443027328 0.31566728271484373 0.4433624613333333 0.30953104052734376 0.4507353953333333 0.30486749658203127 0.4591137293333334 0.3043765971679688 0.46380559666666665 0.3070765434570312 0.4741947306666667 0.3075674428710938 0.480897398 0.31296733642578123 0.48894059866666667 0.32106717578125 0.4953081326666667 0.324012572265625 0.5016756666666666 0.3357941572265625 0.5090486006666667 0.3384941040039062 0.506367534 0.34413944677734376 0.5067026673333334 0.34953933984375 0.5040216006666667
1 0.35076658837890623 0.423924726 0.354448333984375 0.40884372466666663 0.3613209252929688 0.3937627226666667 0.361566375 0.38337358866666665 0.35641193115234376 0.3672871873333334 0.3500302392578125 0.3568980526666667 0.346348494140625 0.355222386 0.3357941572265625 0.345503518 0.3274488681640625 0.3438278513333333 0.315912732421875 0.35388185266666666 0.31419458447265625 0.36393585333333334 0.31272188671875 0.36628178666666666 0.3080583422851563 0.3686277206666667 0.30486749658203127 0.3726493206666667 0.3038856977539062 0.3800222546666666 0.3070765434570312 0.3967789233333333 0.31051283935546875 0.406832924 0.32327622314453125 0.4212436586666667 0.3276943173828125 0.4242598593333333 0.33800320458984373 0.42560039266666666 0.3453666953125 0.4289517266666667 0.35076658837890623 0.423924726
1 0.38782949169921876 0.5673618066666667 0.3937202841796875 0.5596537393333333 0.39494753271484373 0.5331782033333333 0.39347483447265624 0.524464736 0.39102033740234377 0.5177620686666666 0.3846386455078125 0.5080432006666666 0.3762933564453125 0.5023459333333333 0.36892986572265624 0.5 0.364757220703125 0.4949729993333334 0.361566375 0.49296219933333335 0.35690283056640626 0.4989946 0.354448333984375 0.5070378006666667 0.3539574345703125 0.5284863360000001 0.3549392333984375 0.5325079366666666 0.36794806689453124 0.5630050726666667 0.3704025634765625 0.5717185406666667 0.3762933564453125 0.56970774 0.3831659477539063 0.57071314 0.38782949169921876 0.5673618066666667
1 0.1698701669921875 0.490616266 0.17109741552734375 0.47017313066666666 0.17060651611328126 0.4584434626666667 0.16766111962890626 0.45341646199999996 0.165206623046875 0.44001112733333336 0.16250667626953125 0.4319679266666667 0.159315830078125 0.42660579266666665 0.15342503759765624 0.4202382586666667 0.14925239306640625 0.41755719199999997 0.14360705029296875 0.41755719199999997 0.1337890625 0.42599758800000004 0.1337890625 0.4884495893333334 0.140907103515625 0.49229193266666665 0.1504796416015625 0.5016756666666666 0.15907038037109375 0.5033513333333334 0.16299757568359374 0.5023459333333333 0.16766111962890626 0.4969838 0.1698701669921875 0.490616266
1 0.24129602685546875 0.23423924066666665 0.246695919921875 0.22787170666666667 0.24890496728515624 0.21982850599999998 0.2491504169921875 0.211450172 0.246695919921875 0.199720504 0.23515978466796875 0.18296383600000002 0.23221438818359375 0.18363410266666666 0.22853264306640625 0.176596302 0.22362364892578124 0.17425036800000002 0.2096330166015625 0.177601702 0.2054603720703125 0.18095303533333335 0.1993241298828125 0.18866110266666666 0.19760598193359374 0.19636917066666668 0.2015331767578125 0.216812306 0.203987673828125 0.221839306 0.20938756689453125 0.22787170666666667 0.21086026513671874 0.22686630666666668 0.22362364892578124 0.23960137466666667 0.2381051806640625 0.2362500406666667 0.24129602685546875 0.23423924066666665
1 0.19416968603515625 0.29221731333333334 0.20006047900390625 0.279147112 0.210123916015625 0.2506607753333333 0.2115966142578125 0.24965537533333335 0.21110571484375 0.24513107533333334 0.2130693125 0.238931108 0.19245153857421876 0.19938537066666667 0.18950614208984376 0.19569890333333334 0.1872970947265625 0.20139617066666665 0.17330646240234376 0.21212043866666666 0.16569752197265625 0.23222844066666667 0.16348847509765624 0.240941908 0.1575976826171875 0.253676976 0.157106783203125 0.26239044333333333 0.157106783203125 0.26607691066666667 0.1588249306640625 0.2714390446666667 0.16299757568359374 0.27680117800000004 0.16667932080078124 0.27713631133333333 0.17109741552734375 0.280152512 0.175515509765625 0.2848443786666667 0.17821545654296875 0.291547046 0.18336989990234376 0.29690918 0.18852434326171874 0.2975794466666667 0.19416968603515625 0.29221731333333334
1 0.26215925048828126 0.18899623599999998 0.26117745166015627 0.17425036800000002 0.2594593037109375 0.166877434 0.25553210888671873 0.134034364 0.25258671240234376 0.11928849600000001 0.2506231147460937 0.11694256266666668 0.2481686181640625 0.109904762 0.23687793212890626 0.09281296 0.22411454833984376 0.08845622666666667 0.22141460205078126 0.08946162666666667 0.21233296337890625 0.08879136 0.20840576806640626 0.11660742933333333 0.2091421171875 0.138391098 0.21184206396484376 0.15313696599999999 0.21380566162109374 0.15782883333333333 0.21429656103515626 0.16955850133333333 0.21797830615234376 0.1759260353333333 0.22460544775390626 0.17492063466666666 0.22656904541015624 0.1759260353333333 0.24178692626953124 0.19502863666666667 0.24890496728515624 0.20106103733333336 0.25209581298828126 0.207093438 0.2533230615234375 0.20642317133333332 0.254795759765625 0.202736704 0.26117745166015627 0.19670430400000002 0.26215925048828126 0.18899623599999998
1 0.22092370263671876 0.618302078 0.22730539453125 0.598194076 0.228287193359375 0.587804942 0.22755084423828126 0.572053674 0.226323595703125 0.5660212733333334 0.222396400390625 0.5606591393333333 0.2115966142578125 0.5499348713333333 0.20938756689453125 0.5482592046666667 0.20619672119140625 0.5482592046666667 0.19907868017578126 0.5552970053333334 0.197851431640625 0.5599888726666666 0.19711508251953125 0.5723888073333333 0.19809688134765624 0.60054001 0.1993241298828125 0.608918344 0.20079682763671874 0.611934544 0.20938756689453125 0.6219885453333333 0.21184206396484376 0.6233290786666666 0.2157692587890625 0.6229939453333333 0.22092370263671876 0.618302078
1 0.203005875 0.6789612173333334 0.2064421708984375 0.6779558173333333 0.2130693125 0.6679018166666666 0.20987846630859375 0.6410911473333333 0.2015331767578125 0.6186372113333334 0.197851431640625 0.6126048106666666 0.19490603515625 0.610929144 0.1831244501953125 0.6102588773333334 0.17846090625 0.6122696773333333 0.17477916064453125 0.610929144 0.17207921435546875 0.611934544 0.16766111962890626 0.6176318113333333 0.1659429716796875 0.6243344786666667 0.161279427734375 0.630031746 0.16152487744140626 0.63438848 0.163243025390625 0.6377398133333334 0.1647157236328125 0.648128948 0.1669247705078125 0.6551667486666667 0.1708519658203125 0.6789612173333334 0.180669953125 0.6856638846666666 0.18631529638671876 0.6856638846666666 0.197851431640625 0.6792963506666667 0.20128772705078124 0.680972018 0.203005875 0.6789612173333334
1 0.3733479599609375 0.622658812 0.378993302734375 0.6166264113333333 0.38193869921875 0.6032210766666667 0.3824295986328125 0.5928319426666667 0.38169324951171874 0.588810342 0.37972965185546875 0.5817725413333333 0.37555700732421876 0.576075274 0.3733479599609375 0.5743996073333334 0.36892986572265624 0.5747347406666667 0.36303907275390623 0.573059074 0.3438939970703125 0.5733942073333334 0.3274488681640625 0.57071314 0.32425802197265624 0.5757401406666667 0.315912732421875 0.5790914746666667 0.30854924169921877 0.608918344 0.31002193994140625 0.6146156113333333 0.3122309873046875 0.6156210113333334 0.32131262548828127 0.6250047453333333 0.32843066650390623 0.6260101453333333 0.3330942109375 0.6303668793333334 0.3389850034179688 0.6313722793333333 0.3419303994140625 0.6303668793333334 0.34978478955078124 0.6239993453333333 0.3677026171875 0.6243344786666667 0.3733479599609375 0.622658812
1 0.338248654296875 0.74096089 0.3429121982421875 0.7332528226666667 0.34561214501953125 0.7118042873333333 0.3453666953125 0.694377352 0.3490484404296875 0.6873395513333334 0.3549392333984375 0.6803017506666666 0.35690283056640626 0.6668964159999999 0.3500302392578125 0.6464532806666667 0.34463034619140626 0.6390803466666667 0.3384941040039062 0.6337182133333333 0.31566728271484373 0.628020946 0.3060947451171875 0.6357290133333333 0.30290389892578123 0.643772214 0.29774945556640625 0.6679018166666666 0.297504005859375 0.6735990833333334 0.29578585791015627 0.679631484 0.2898950654296875 0.6906908853333332 0.291367763671875 0.7101286206666667 0.29284046142578124 0.7195123546666667 0.2960313076171875 0.7268852886666667 0.3102673896484375 0.7319122893333333 0.32131262548828127 0.73794469 0.32720341845703127 0.746323024 0.3330942109375 0.7453176239999999 0.338248654296875 0.74096089
1 0.2979949052734375 0.6752747506666666 0.3006948515625 0.6508100146666667 0.30192210009765624 0.6464532806666667 0.3021675498046875 0.63438848 0.3006948515625 0.6253398786666666 0.29922215380859374 0.6229939453333333 0.28719511865234376 0.611934544 0.28400427294921876 0.6105940106666667 0.2783589296875 0.6122696773333333 0.270995439453125 0.624669612 0.2717317880859375 0.6286912126666667 0.2705045400390625 0.6578478153333333 0.2717317880859375 0.67326395 0.27418628515625 0.681977418 0.2783589296875 0.685999018 0.28105887646484373 0.6910260186666666 0.2879314677734375 0.6910260186666666 0.2979949052734375 0.6752747506666666
1 0.3731025102539062 0.9162356406666666 0.38611134375 0.9051762393333334 0.38979308935546875 0.8971330386666667 0.39249303564453125 0.8867439046666666 0.3991201772460938 0.886073638 0.4028019228515625 0.8830574373333334 0.4037837216796875 0.870992636 0.40010197607421877 0.8652953693333334 0.39077488818359374 0.8589278353333334 0.37923875244140626 0.8539008346666667 0.3731025102539062 0.8495441006666666 0.35886642822265624 0.8458576339999999 0.3529756357421875 0.849879234 0.34733029296875 0.8515549006666667 0.338248654296875 0.8663007693333334 0.3367759560546875 0.8798177033333333 0.33235786181640625 0.887079038 0.3306397138671875 0.898473572 0.3326033115234375 0.9041708393333333 0.3490484404296875 0.9262896413333332 0.35886642822265624 0.9309815086666667 0.36549356982421877 0.9262896413333332 0.3731025102539062 0.9162356406666666
1 0.4264114052734375 1 0.4268559921875 0.994991982 0.4263650927734375 0.971532646 0.42243789794921877 0.9614786453333333 0.4190016025390625 0.9581273113333333 0.4118835615234375 0.9571219113333334 0.4089381650390625 0.9554462446666666 0.4047655205078125 0.9467327766666668 0.3954384321289062 0.9360085093333333 0.39077488818359374 0.933327442 0.38488409521484374 0.9329923086666666 0.38193869921875 0.9390247093333334 0.3733479599609375 0.9396949760000001 0.3713843623046875 0.94103551 0.36696626806640625 0.9480733106666667 0.3640208715820312 0.9564516446666667 0.3652481201171875 0.9725380459999999 0.36500267041015627 0.999013582 0.36511103759765623 1 0.4264114052734375 1
1 0.3532077744140625 1 0.35641193115234376 0.9896298480000001 0.35518468310546875 0.9835974473333334 0.35984822705078123 0.971532646 0.3610754755859375 0.964159712 0.35935732763671874 0.9407003766666666 0.356657380859375 0.931316642 0.34757574267578123 0.927295042 0.3407031513671875 0.9159005073333333 0.3326033115234375 0.9055113726666667 0.32695796875 0.9004843726666666 0.3245034716796875 0.8961276386666667 0.31566728271484373 0.8914357713333334 0.3073219931640625 0.8894249713333333 0.29873125439453124 0.8914357713333334 0.2921041127929688 0.8951222386666666 0.29063141455078123 0.8978033053333333 0.2908768642578125 0.903835706 0.28621331982421877 0.9138897073333333 0.2820406752929687 0.918581574 0.28056797705078124 0.9246139746666666 0.28621331982421877 0.9407003766666666 0.2815497758789062 0.967175912 0.2827770244140625 0.9892947146666667 0.2869496689453125 0.993651448 0.289367482421875 1 0.3532077744140625 1
1 0.28692695458984374 1 0.2869496689453125 0.9993487153333334 0.28449517236328126 0.994656848 0.28056797705078124 0.9916406480000001 0.27909527880859375 0.9872839139999999 0.2660864453125 0.967175912 0.27074998974609377 0.9581273113333333 0.27074998974609377 0.9517597773333334 0.26829549267578123 0.94706791 0.26682279443359375 0.9390247093333334 0.26363194873046875 0.9329923086666666 0.2597047534179687 0.9316517753333332 0.25823205517578124 0.9246139746666666 0.2574957060546875 0.9256193746666667 0.248659517578125 0.9212626413333334 0.2410505771484375 0.9148951073333332 0.2339325361328125 0.9179113073333333 0.22460544775390626 0.9306463753333334 0.22264185009765625 0.9363436426666667 0.21724195703125 0.9413706433333333 0.2147874599609375 0.9541057113333333 0.21846920556640625 0.9732083126666666 0.21846920556640625 0.9792407133333333 0.2147874599609375 0.9889595813333334 0.2096330166015625 0.994656848 0.2095547509765625 1 0.28692695458984374 1
1 0.1593557978515625 1 0.165206623046875 0.9691867126666666 0.1647157236328125 0.9463976433333334 0.16250667626953125 0.9407003766666666 0.1546522861328125 0.9329923086666666 0.13771625732421874 0.9256193746666667 0.1337890625 0.9259768506666666 0.1337890625 1 0.1593557978515625 1
1 0.1831244501953125 0.958797578 0.18705164501953125 0.9363436426666667 0.1868061953125 0.9189167073333333 0.183615349609375 0.9125491733333333 0.179442705078125 0.9125491733333333 0.17649730859375 0.91120864 0.17477916064453125 0.9088627066666666 0.1688883681640625 0.9088627066666666 0.16545207275390625 0.91221404 0.16447027392578126 0.9148951073333332 0.16397937451171876 0.9252842413333333 0.1622612265625 0.9299761086666667 0.16250667626953125 0.9350031093333334 0.165206623046875 0.94204091 0.16839746875 0.9624840453333333 0.1750246103515625 0.9695218459999999 0.17772455712890625 0.9701921126666666 0.179442705078125 0.9678461793333333 0.1831244501953125 0.958797578
1 0.24080512744140625 0.858257568 0.24595957080078126 0.847868434 0.25823205517578124 0.8401603666666666 0.2655955458984375 0.8327874326666667 0.269031841796875 0.818376698 0.26780459326171874 0.8036308293333333 0.2601956528320313 0.7841930946666666 0.2543048603515625 0.7761498933333334 0.2437505234375 0.77078776 0.23835063037109375 0.7741390933333334 0.2268144951171875 0.7912308953333332 0.22509634716796875 0.801284896 0.22607814599609374 0.8103334966666667 0.2309871396484375 0.8230685646666668 0.23221438818359375 0.8347982326666666 0.2319689384765625 0.8438468333333333 0.2268144951171875 0.855241368 0.22656904541015624 0.8609386353333333 0.2349143349609375 0.8652953693333334 0.23638703271484374 0.864625102 0.24080512744140625 0.858257568
1 0.5531317578125 0.13210165000000001 0.5493712231445312 0.111048572 0.5473654086914063 0.08742837266666667 0.53909228125 0.07681637466666667 0.5128934721679688 0.08041068 0.5108879028320312 0.08794179666666667 0.516152798828125 0.11618348533333334 0.5224203564453125 0.15794713533333332 0.5429782407226562 0.14938883466666666 0.547992287109375 0.14442517400000002 0.553628302734375 0.137244942 0.5531317578125 0.13210165000000001
1 0.5328247236328125 0.14767730866666667 0.521668298828125 0.2272674613333333 0.5456106884765625 0.23582576200000002 0.5552627524414062 0.15794713533333332 0.5328247236328125 0.14767730866666667
1 0.6147190126953125 0.24712243733333333 0.5957909140625 0.244897152 0.5887710532226562 0.2490052166666667 0.5843836396484375 0.27348134733333335 0.5843836396484375 0.2936784946666667 0.605944431640625 0.2972728 0.6171283466796875 0.25049421466666666 0.6147190126953125 0.24712243733333333
1 0.57936959375 0.19988170333333335 0.5782415068359374 0.17215343866666669 0.5739795185546875 0.11960687266666667 0.5688400473632812 0.12029155 0.5553020244140625 0.13620938 0.5549259951171875 0.20604346533333334 0.5585611049804687 0.21836732466666667 0.566207599609375 0.22093478133333333 0.5762359375 0.21819607133333332 0.58049792578125 0.209124346 0.57936959375 0.19988170333333335
1 0.6008049604492187 0.21648454533333333 0.5861386049804688 0.20553004066666666 0.5762359375 0.21271898666666667 0.5605666748046875 0.2243578333333333 0.5520426977539062 0.22897932266666665 0.5566807153320312 0.244897152 0.5710964663085938 0.27707565266666667 0.5786175356445312 0.2767334813333333 0.5916541049804688 0.27142731466666664 0.6014315932617188 0.2616712473333333 0.60569358203125 0.247635862 0.6051923735351562 0.2243578333333333 0.6008049604492187 0.21648454533333333
1 0.5575581977539062 0.076473868 0.5412625473632813 0.11002172333333333 0.5381286455078125 0.12987636466666666 0.5549259951171875 0.14613703533333333 0.576174083984375 0.09262327466666666 0.5575581977539062 0.076473868
1 0.5953090961914063 0.3246588933333333 0.5925512236328125 0.3161005926666667 0.584152671875 0.30223646 0.5817708276367187 0.326199166 0.5742497583007813 0.32482981133333333 0.573999154296875 0.32842445133333337 0.5751272412109375 0.33321685866666667 0.5822722817382813 0.3337302833333333 0.58051731640625 0.33852302533333334 0.5770076313476562 0.3481078393333333 0.5800161079101562 0.35341400599999995 0.5872865732421875 0.3416039066666666 0.5938047353515625 0.35170248 0.5970647978515625 0.33691405 0.5953090961914063 0.3246588933333333
1 0.6111887094726562 0.6159561446666667 0.6163431528320312 0.608918344 0.6234611938476563 0.5874698086666666 0.6217430463867187 0.57071314 0.61806130078125 0.5593186059999999 0.610943259765625 0.5469186713333334 0.601616171875 0.53485387 0.592534533203125 0.5278160693333334 0.5832074448242187 0.5284863360000001 0.5746167055664062 0.5335133366666667 0.570198611328125 0.5388754706666667 0.5618533217773437 0.5737293406666667 0.5552261801757813 0.5821076746666667 0.5530171328125 0.5874698086666666 0.5542443813476563 0.5904860086666667 0.5598897241210937 0.5955130093333333 0.5603806235351563 0.5975238093333334 0.5623442211914063 0.5965184093333333 0.564062369140625 0.5991994766666666 0.5692168125 0.617296678 0.5729802924804688 0.6176318113333333 0.5861528413085938 0.6273506793333333 0.5942526811523438 0.6273506793333333 0.6111887094726562 0.6159561446666667
1 0.653651505859375 0.5881400753333333 0.6580696005859376 0.5807671413333333 0.65880594921875 0.577080674 0.6585604995117188 0.5710482733333333 0.6553696538085938 0.5670266733333333 0.6521788076171875 0.5673618066666667 0.6462880151367187 0.574064474 0.6379427255859375 0.5871346753333333 0.6381881752929688 0.5928319426666667 0.6411335717773438 0.598194076 0.6484970625 0.6018805433333334 0.6497243110351563 0.6018805433333334 0.6514424584960937 0.59953461 0.653651505859375 0.5881400753333333
1 0.67500562890625 0.6350587466666666 0.6752510786132813 0.6293614793333334 0.6737783803710937 0.6219885453333333 0.6723056826171875 0.619307478 0.6676421381835937 0.6189723446666667 0.659787748046875 0.6209831453333333 0.6553696538085938 0.6179669446666667 0.6521788076171875 0.6179669446666667 0.6457971157226563 0.628020946 0.6457971157226563 0.6337182133333333 0.6470243642578125 0.6367344133333334 0.6580696005859376 0.63841008 0.6612604462890626 0.6367344133333334 0.6669057890625 0.6394154799999999 0.6693602861328125 0.6420965473333333 0.6725511318359375 0.6431019473333334 0.67304203125 0.6420965473333333 0.67500562890625 0.6350587466666666
1 0.26191380078125 0.28283357866666664 0.26191380078125 0.27546064466666664 0.25872295458984373 0.25970937666666666 0.25553210888671873 0.25233644266666666 0.24645047021484376 0.24194730799999997 0.24448687255859375 0.240941908 0.24178692626953124 0.24161217466666668 0.2400687783203125 0.243958108 0.2390869794921875 0.254682376 0.23933242919921874 0.2764660446666667 0.24080512744140625 0.2818281786666667 0.24399597314453125 0.28719031266666667 0.2503776650390625 0.2942281133333333 0.25553210888671873 0.2955686466666667 0.25823205517578124 0.29288758 0.26191380078125 0.28283357866666664
1 0.5198814248046875 0.5388754706666667 0.5279812646484375 0.5140756013333333 0.5321539091796875 0.5073729339999999 0.531417560546875 0.5013405333333334 0.5292085131835937 0.4976540666666667 0.5093270883789063 0.479891998 0.5026999467773438 0.47520013066666666 0.5002454497070312 0.47587039733333336 0.4975455029296875 0.479891998 0.49877275146484373 0.484248732 0.49877275146484373 0.4909513993333333 0.49410920751953125 0.5073729339999999 0.49410920751953125 0.5134053346666667 0.5013089833984375 0.5212250013333333 0.5039271948242188 0.5325079366666666 0.5078543901367187 0.539210604 0.5125179340820313 0.5428970706666667 0.5169360288085938 0.5425619373333334 0.5198814248046875 0.5388754706666667
1 0.6124159580078125 0.5110594013333334 0.6146250053710938 0.5087134673333333 0.6178158510742188 0.5077080673333333 0.6237066435546875 0.49798919999999997 0.6249338920898437 0.48558926533333335 0.6234611938476563 0.483243332 0.621006697265625 0.4822379313333333 0.6131523071289062 0.4815676646666667 0.6033343193359375 0.4741947306666667 0.5981798759765625 0.47520013066666666 0.5947435805664063 0.4792217313333333 0.5920436337890626 0.48022713133333333 0.5890982373046875 0.478886598 0.5854164921875 0.4849189986666667 0.5866437407226562 0.490616266 0.5856619418945312 0.4959783993333333 0.5809983974609375 0.5010054 0.5800165991210937 0.5036864673333333 0.5797711494140625 0.5077080673333333 0.5809983974609375 0.5123999346666667 0.5832074448242187 0.5154161346666667 0.5876255395507812 0.5174269353333333 0.6018616215820313 0.516756668 0.6050524672851563 0.5187674686666667 0.6055433666992187 0.523124202 0.6084887631835938 0.523124202 0.6124159580078125 0.5110594013333334
1 0.6720602329101563 0.9232734413333332 0.675987427734375 0.9199221080000001 0.68114187109375 0.90718704 0.6843327172851562 0.9085275733333333 0.6889962612304688 0.9145599739999999 0.6936598056640625 0.9142248406666666 0.6985687993164063 0.9159005073333333 0.7012687456054687 0.9138897073333333 0.702495994140625 0.9105383733333333 0.7022505444335938 0.9051762393333334 0.6889962612304688 0.8907655046666667 0.6828600190429688 0.8746791033333334 0.6710784340820313 0.8632845686666666 0.660769546875 0.8482035673333334 0.6578241508789062 0.8482035673333334 0.651687908203125 0.8602683686666666 0.65046066015625 0.8659656360000001 0.65046066015625 0.8719980359999999 0.6480061630859375 0.8770250366666668 0.6435880688476563 0.8773601699999999 0.6349973295898438 0.8659656360000001 0.6293519868164063 0.8659656360000001 0.6234611938476563 0.8776953033333332 0.6217430463867187 0.887079038 0.6227248452148437 0.9035005726666666 0.625179341796875 0.9118789066666667 0.6327882822265625 0.9202572413333334 0.638433625 0.9226031746666666 0.6408881220703125 0.9256193746666667 0.6440789682617187 0.9252842413333333 0.6462880151367187 0.9215977746666667 0.6484970625 0.9202572413333334 0.6681330375976563 0.9242788413333333 0.6720602329101563 0.9232734413333332
1 0.6008798227539063 0.7476635573333333 0.6062797158203125 0.7386149566666667 0.6092251118164063 0.7282258220000001 0.608734212890625 0.7218582880000001 0.6070160649414063 0.7161610213333334 0.6082433134765625 0.7064421533333334 0.6075069643554688 0.698734086 0.6052979169921875 0.6970584193333335 0.6023525205078125 0.6970584193333335 0.588607337890625 0.6994043526666666 0.5805074985351563 0.6960530193333334 0.5741258061523438 0.6953827526666667 0.5719167592773438 0.6957178860000001 0.5674986645507812 0.6994043526666666 0.5598897241210937 0.7107988873333334 0.557926126953125 0.7181718213333333 0.553998931640625 0.7268852886666667 0.5537534819335937 0.7339230893333334 0.5687259130859375 0.7456527573333332 0.5716713095703125 0.7530256913333333 0.574371255859375 0.755706758 0.58345289453125 0.7577175586666667 0.5851710424804687 0.7553716246666666 0.5898345864257812 0.7536959579999999 0.5976889765625 0.7553716246666666 0.6008798227539063 0.7476635573333333
1 0.5689713627929688 0.6890152186666666 0.5704440610351562 0.6813071513333333 0.5758439541015625 0.6729288166666667 0.5778075517578125 0.6672315493333333 0.578298451171875 0.6591883486666666 0.5765803032226563 0.6518154146666667 0.5692168125 0.6357290133333333 0.5687259130859375 0.6286912126666667 0.5699531616210938 0.617296678 0.5689713627929688 0.6062372773333333 0.5674986645507812 0.60054001 0.5633260200195312 0.5918265420000001 0.5618533217773437 0.581437408 0.560135173828125 0.5784212073333334 0.551789884765625 0.5854590086666667 0.5483535888671875 0.586799542 0.5463899912109375 0.5847887413333334 0.5451627431640625 0.5767455406666666 0.54270824609375 0.5743996073333334 0.529453962890625 0.5928319426666667 0.5279812646484375 0.5978589426666666 0.5279812646484375 0.6038913433333333 0.52429951953125 0.6139453446666666 0.5245449692382812 0.619307478 0.527490365234375 0.6233290786666666 0.5287176137695313 0.63539388 0.5287176137695313 0.641761414 0.5262631166992188 0.654496482 0.5262631166992188 0.6632099493333333 0.5279812646484375 0.6685720833333333 0.5395173999023437 0.6836530846666666 0.541726447265625 0.6886800853333334 0.5461445415039062 0.6890152186666666 0.5544898310546875 0.6967232860000001 0.5618533217773437 0.6967232860000001 0.5689713627929688 0.6890152186666666
1 0.6062797158203125 0.8545711013333332 0.6089796625976562 0.8492089673333333 0.6106978100585938 0.8391549666666667 0.6072615146484375 0.8334576993333334 0.5964617280273438 0.824744232 0.594498130859375 0.821392898 0.5900800361328125 0.802290296 0.5913072846679688 0.7982686959999999 0.5932708823242188 0.7962578953333334 0.5930254326171875 0.7912308953333332 0.5861528413085938 0.7660958926666667 0.5805074985351563 0.762074292 0.5736349072265625 0.7624094253333332 0.5665168662109376 0.7513500246666668 0.5574352275390625 0.7423014233333334 0.553998931640625 0.7406257566666666 0.546880890625 0.7536959579999999 0.5476172397460938 0.7600634920000001 0.5449172934570312 0.7754796266666667 0.545653642578125 0.7818471606666667 0.5485990385742188 0.790895762 0.5537534819335937 0.8002794959999999 0.5562079790039063 0.8086578299999999 0.5571897778320313 0.8287658320000001 0.5635714697265625 0.8528954346666666 0.566025966796875 0.856246768 0.5768257529296875 0.8575873013333333 0.5822256459960937 0.8569170346666667 0.588607337890625 0.8589278353333334 0.5927799829101562 0.8579224346666666 0.5979344262695313 0.8589278353333334 0.6033343193359375 0.8569170346666667 0.6062797158203125 0.8545711013333332
1 0.5198814248046875 0.7352636226666667 0.5211086733398438 0.733587956 0.5238086201171875 0.7215231546666667 0.527490365234375 0.711469154 0.529453962890625 0.685999018 0.5287176137695313 0.6799666173333333 0.5269994658203125 0.6766152839999999 0.5176723774414063 0.6739342166666666 0.5147269814453125 0.6746044840000001 0.507118041015625 0.6813071513333333 0.5004908994140626 0.6836530846666666 0.49680915380859375 0.6866692846666667 0.490918361328125 0.714485354 0.49214560986328126 0.7225285553333333 0.49680915380859375 0.7288960893333333 0.5002454497070312 0.729566356 0.5083452895507813 0.7362690233333333 0.5166905791015625 0.7362690233333333 0.5198814248046875 0.7352636226666667
1 0.5115361352539063 0.678626084 0.5166905791015625 0.6719234166666667 0.5181632768554687 0.6675666833333334 0.5179178271484375 0.6514802813333334 0.51423608203125 0.6414262806666666 0.50417264453125 0.6233290786666666 0.4995091005859375 0.6199777453333334 0.49410920751953125 0.6186372113333334 0.4906729116210938 0.619307478 0.4882184150390625 0.6206480120000001 0.48600936767578123 0.6283560793333334 0.48232762255859374 0.6283560793333334 0.47962767578125 0.630031746 0.4774186284179687 0.63539388 0.47643682958984374 0.645783014 0.4771731787109375 0.6568424153333333 0.48232762255859374 0.66924235 0.488709314453125 0.6779558173333333 0.49680915380859375 0.6833179513333333 0.50196359765625 0.6833179513333333 0.5115361352539063 0.678626084
1 0.464409794921875 0.6558370153333334 0.45999170068359374 0.6444424806666667 0.45729175390625 0.6414262806666666 0.45091006201171874 0.6377398133333334 0.44501926953125 0.630031746 0.437901228515625 0.6407560139999999 0.43667397998046875 0.650139748 0.43765577880859374 0.654496482 0.44477381982421876 0.6615342826666667 0.45385545849609377 0.6668964159999999 0.45704630419921877 0.6632099493333333 0.462446197265625 0.6632099493333333 0.464409794921875 0.6558370153333334
1 0.44845556494140626 0.6132750779999999 0.452137310546875 0.6052318766666667 0.45336455908203127 0.5985292093333333 0.453119109375 0.5924968093333334 0.4477192158203125 0.5837833413333333 0.44231932275390623 0.581437408 0.439864826171875 0.5817725413333333 0.43250133544921876 0.589815742 0.42710144189453125 0.6032210766666667 0.42759234130859375 0.6085832106666667 0.43299223486328126 0.614280478 0.44673741748046875 0.6146156113333333 0.44845556494140626 0.6132750779999999
1 0.4214560991210938 0.41755719199999997 0.4300468383789062 0.39945999 0.4307831875 0.39443299000000004 0.4337285834960937 0.3894059893333333 0.43471038232421877 0.3780114546666667 0.433974033203125 0.3726493206666667 0.42857414013671874 0.3585737193333334 0.4192470517578125 0.35555751933333335 0.413601708984375 0.35555751933333335 0.4079563662109375 0.3629304533333333 0.39740202978515626 0.384714122 0.39396573388671874 0.394097856 0.39298393505859375 0.4014707906666667 0.3905294384765625 0.40515725733333335 0.3905294384765625 0.411189658 0.39347483447265624 0.416551792 0.3956838818359375 0.415546392 0.40034742578125 0.41990312533333335 0.40452007080078123 0.42962199333333334 0.4069745673828125 0.43230306 0.41016541357421876 0.43431386 0.41654710546875 0.43431386 0.4214560991210938 0.41755719199999997
1 0.4720187353515625 0.40515725733333335 0.470546037109375 0.39945999 0.46710974169921876 0.3957735233333334 0.462446197265625 0.39476812333333333 0.4597462509765625 0.392087056 0.4548372568359375 0.391081656 0.4396193764648437 0.383708722 0.43618308056640626 0.3853843886666667 0.43471038232421877 0.388065456 0.4322558857421875 0.39912485666666664 0.42881958984375 0.404822124 0.42881958984375 0.4145409913333334 0.4310286372070313 0.4172220586666667 0.43201043603515626 0.42090852533333334 0.433974033203125 0.4232544593333334 0.4383921279296875 0.423924726 0.44231932275390623 0.426940926 0.45140096142578123 0.42861659333333335 0.46539159375 0.435654394 0.46735519140625 0.43297332666666666 0.4720187353515625 0.40515725733333335
1 0.4118835615234375 0.4993297333333333 0.4145835078125 0.46280019666666666 0.4131108095703125 0.456767796 0.407465466796875 0.45475699533333336 0.40304737255859374 0.4574380626666667 0.40157467431640625 0.4648109966666667 0.3988747275390625 0.4684974633333333 0.3986292778320312 0.471513664 0.401329224609375 0.5013405333333334 0.4069745673828125 0.504356734 0.4099199638671875 0.5040216006666667 0.4118835615234375 0.4993297333333333
1 0.38488409521484374 0.4983243333333333 0.3885658408203125 0.488270332 0.39421118359375 0.4805622646666666 0.39347483447265624 0.46648666333333333 0.3905294384765625 0.4624650633333333 0.38807494140625 0.461794796 0.3846386455078125 0.456767796 0.3834113974609375 0.4316327933333334 0.38120235009765624 0.4212436586666667 0.3735934096679687 0.41621665866666663 0.3704025634765625 0.4158815253333333 0.3652481201171875 0.42191392600000005 0.35886642822265624 0.4168869253333333 0.35567558203125 0.41923285866666665 0.3539574345703125 0.425935526 0.3529756357421875 0.42660579266666665 0.35371198486328126 0.43230306 0.35273018603515627 0.437665194 0.35641193115234376 0.45810832933333334 0.35567558203125 0.46447586333333335 0.35960277734375 0.47587039733333336 0.3610754755859375 0.487264932 0.37015711376953125 0.504356734 0.3740843090820313 0.5006702666666667 0.37923875244140626 0.504356734 0.38488409521484374 0.4983243333333333
1 0.4140926083984375 0.34181705133333334 0.413601708984375 0.33176305 0.4082018159179687 0.316011782 0.403292822265625 0.308638848 0.40157467431640625 0.299255114 0.40157467431640625 0.29724431333333334 0.40525641943359375 0.29255244666666663 0.40648366796875 0.283168712 0.4047655205078125 0.2657417773333333 0.40206557373046875 0.26306071000000003 0.387093142578125 0.2633958433333333 0.38439319580078124 0.26138504333333334 0.38193869921875 0.25401210933333335 0.378993302734375 0.25133104266666667 0.3733479599609375 0.24898510866666668 0.36745716748046875 0.249320242 0.360584576171875 0.2603796433333333 0.3561664814453125 0.2707687773333333 0.35739372998046876 0.283168712 0.3500302392578125 0.306628048 0.3485575415039063 0.32003338266666664 0.35273018603515627 0.32405498266666666 0.3549392333984375 0.32472524933333335 0.364757220703125 0.32304958266666667 0.37457520849609377 0.3153415153333333 0.378993302734375 0.305622648 0.38733859228515627 0.32070364933333334 0.39077488818359374 0.32472524933333335 0.3996110766601563 0.34650891866666667 0.40771091650390623 0.3505305186666667 0.4118835615234375 0.3495251186666667 0.4140926083984375 0.34181705133333334
1 0.35886642822265624 0.21949337266666666 0.36181182470703127 0.211450172 0.3642663212890625 0.21010963866666668 0.36598446923828126 0.207093438 0.36696626806640625 0.20139617066666665 0.366720818359375 0.19067190333333334 0.36966621484375 0.18430436933333333 0.37261161083984373 0.184974636 0.3733479599609375 0.18665030266666668 0.373838859375 0.17358010133333335 0.3814477998046875 0.15615316666666668 0.38439319580078124 0.142747832 0.3831659477539063 0.139396498 0.3762933564453125 0.13336409733333332 0.373838859375 0.12900736399999999 0.37113891259765625 0.11928849600000001 0.3677026171875 0.11660742933333333 0.358620978515625 0.11761282933333332 0.3554301328125 0.12062902933333333 0.34953933984375 0.13034789733333335 0.3416849497070312 0.14743969866666667 0.3384941040039062 0.163861234 0.33653050634765624 0.166877434 0.3316215126953125 0.17056390133333335 0.329167015625 0.17927736866666666 0.328185216796875 0.19636917066666668 0.3286761162109375 0.20106103733333336 0.33088516357421877 0.20642317133333332 0.3419303994140625 0.21949337266666666 0.3453666953125 0.22049877266666665 0.34708484326171873 0.22317983933333335 0.34978478955078124 0.22217443933333333 0.3539574345703125 0.22351497266666667 0.35886642822265624 0.21949337266666666
1 0.30192210009765624 0.8736737033333334 0.30658564404296873 0.8656305026666667 0.31002193994140625 0.8639548353333333 0.31296733642578123 0.8602683686666666 0.3154218330078125 0.8592629686666667 0.3215580751953125 0.8599332353333332 0.32474892138671874 0.8555765013333333 0.32425802197265624 0.8515549006666667 0.31812177978515627 0.8475333006666667 0.31566728271484373 0.8378144326666667 0.3107582890625 0.832117166 0.30879469140625 0.8123442973333334 0.3070765434570312 0.8083226966666666 0.3043765971679688 0.8069821633333333 0.2898950654296875 0.8150253639999999 0.27688623193359374 0.834127966 0.2788498291015625 0.8445171 0.28400427294921876 0.859598102 0.2869496689453125 0.8766899033333334 0.289404166015625 0.8787007033333333 0.2948040590820312 0.8787007033333333 0.30192210009765624 0.8736737033333334
1 0.6703420849609375 0.558313206 0.67390110546875 0.5477565046666667 0.6769692265625 0.5439024706666666 0.6784419248046875 0.5395457373333333 0.6781964750976562 0.5371998033333334 0.6764783271484375 0.5335133366666667 0.6693602861328125 0.5261404026666666 0.6639603930664062 0.5241296026666666 0.6551242041015625 0.525470136 0.6524242573242187 0.5355241366666667 0.6460425654296875 0.544237604 0.6450607666015625 0.5499348713333333 0.645551666015625 0.5573078053333334 0.649478861328125 0.5573078053333334 0.6524242573242187 0.5650158733333334 0.6546333046875 0.5640104726666667 0.6580696005859376 0.56669154 0.6615058959960938 0.563340206 0.6666603393554688 0.5630050726666667 0.6703420849609375 0.558313206
1 0.6106978100585938 0.4490597286666667 0.6146250053710938 0.436659794 0.61388865625 0.4316327933333334 0.6089796625976562 0.42660579266666665 0.6062797158203125 0.427946326 0.6018616215820313 0.44771919466666665 0.6062797158203125 0.4584434626666667 0.6089796625976562 0.459783996 0.6097160112304687 0.45877859600000004 0.6106978100585938 0.4490597286666667
1 0.7530586303710938 0.8354684993333333 0.7579676240234375 0.827760432 0.7618948193359375 0.8083226966666666 0.7616493696289063 0.801284896 0.7587039731445312 0.7965930286666667 0.7528131806640626 0.799274096 0.7466769384765625 0.8056416299999999 0.7439769916992187 0.8116740306666668 0.7429951928710937 0.8193820980000001 0.7402952465820313 0.8230685646666668 0.7425042939453125 0.8291009653333333 0.74201339453125 0.8344630993333334 0.7427497436523437 0.8371441660000001 0.7459405893554687 0.8381495666666666 0.7530586303710938 0.8354684993333333
1 0.20791486865234374 0.485254132 0.2034967744140625 0.47520013066666666 0.20325132470703125 0.46916772999999995 0.2015331767578125 0.46380559666666665 0.1922060888671875 0.461794796 0.183615349609375 0.456767796 0.1750246103515625 0.4584434626666667 0.173551912109375 0.4684974633333333 0.173551912109375 0.47587039733333336 0.175515509765625 0.4909513993333333 0.1831244501953125 0.4973189333333333 0.18631529638671876 0.49396759933333334 0.1902424912109375 0.4953081326666667 0.19294243798828126 0.4993297333333333 0.19760598193359374 0.5016756666666666 0.20325132470703125 0.4983243333333333 0.20791486865234374 0.485254132
1 0.8019031186523438 0.17860710200000002 0.7972395747070312 0.17257470133333333 0.787912486328125 0.16486663399999998 0.7844761909179687 0.15816396666666666 0.7810398950195313 0.1584991 0.7763763510742188 0.16520176733333333 0.7758854516601562 0.16922336799999999 0.7783399482421876 0.1759260353333333 0.7854579892578125 0.18195843533333333 0.7913487822265625 0.18933136933333333 0.7962577758789062 0.19134217 0.7982213735351562 0.18765570266666667 0.8019031186523438 0.18665030266666668 0.8019031186523438 0.17860710200000002
1 0.6916962080078125 0.10722369466666667 0.6919416577148437 0.10119129466666667 0.6934143559570313 0.09750482733333334 0.695377953125 0.09683456066666668 0.6970961010742187 0.094153494 0.6988142490234375 0.08812109333333333 0.6966052016601563 0.083429226 0.6919416577148437 0.08208869266666667 0.6894871606445313 0.07773195866666667 0.6853145161132812 0.07438062533333334 0.6799146225585937 0.07538602533333333 0.6767237768554687 0.078067092 0.677951025390625 0.08979676 0.6745147294921875 0.094153494 0.6723056826171875 0.09951562733333333 0.6752510786132813 0.10353722800000001 0.6781964750976562 0.102531828 0.6823691196289062 0.10387236133333333 0.6853145161132812 0.11023989533333334 0.6897326103515625 0.11057502866666666 0.6916962080078125 0.10722369466666667
1 0.641379021484375 0.28350384533333334 0.6438335185546875 0.2774714446666667 0.6428517197265625 0.2707687773333333 0.6305792348632813 0.24999050866666667 0.6173249516601562 0.23189330733333335 0.614870455078125 0.22921223999999998 0.61388865625 0.22954737333333333 0.608734212890625 0.23826084133333333 0.6077524140625 0.24328784133333334 0.6077524140625 0.24965537533333335 0.6116796088867188 0.25401210933333335 0.6126614077148438 0.2583688433333333 0.6131523071289062 0.2721093113333333 0.6121705083007812 0.278141712 0.6136432065429688 0.2868551793333333 0.6178158510742188 0.29087677933333334 0.6249338920898437 0.29087677933333334 0.6264065903320313 0.29255244666666663 0.627142939453125 0.290541646 0.6288610874023437 0.290541646 0.6335246313476562 0.28652004600000003 0.6379427255859375 0.2878605793333333 0.641379021484375 0.28350384533333334
1 0.2695227412109375 0.589815742 0.273204486328125 0.5864644086666666 0.27492263427734376 0.5821076746666667 0.27492263427734376 0.5710482733333333 0.27344993603515627 0.5660212733333334 0.2727135869140625 0.549599738 0.267068244140625 0.5351890033333333 0.26314104931640625 0.5311674033333333 0.2584775048828125 0.5345187366666666 0.25405941064453125 0.5425619373333334 0.250868564453125 0.558313206 0.24301417431640626 0.5653510066666667 0.24276872509765626 0.5670266733333333 0.24350507373046876 0.5710482733333333 0.2481686181640625 0.5784212073333334 0.24964131640625 0.5861292753333333 0.2511140141601563 0.588810342 0.25823205517578124 0.5914914086666667 0.26485919677734376 0.5911562753333334 0.2695227412109375 0.589815742
1 0.16299757568359374 0.42291932600000004 0.16447027392578126 0.42291932600000004 0.16618842138671874 0.42560039266666666 0.1688883681640625 0.4262706593333333 0.17060651611328126 0.404822124 0.17036106640625 0.3987897233333333 0.16913381787109374 0.39476812333333333 0.1659429716796875 0.39443299000000004 0.16054307861328124 0.3904113893333333 0.155143185546875 0.3887357226666666 0.150970541015625 0.39074652266666665 0.13452541162109374 0.386724922 0.1337890625 0.3871389106666666 0.1337890625 0.42591788733333336 0.1362435595703125 0.42291932600000004 0.1455706474609375 0.4172220586666667 0.15023419189453124 0.41822745866666666 0.1575976826171875 0.4252652593333333 0.16054307861328124 0.425935526 0.16299757568359374 0.42291932600000004
1 0.24546867138671874 0.7858687613333333 0.25307761181640626 0.7771552939999999 0.25823205517578124 0.7617391586666666 0.26117745166015627 0.7479986906666667 0.2614229013671875 0.74196629 0.26117745166015627 0.7376095566666666 0.25823205517578124 0.7288960893333333 0.24964131640625 0.7141502206666668 0.246695919921875 0.7121394206666667 0.2442414228515625 0.7134799540000001 0.24129602685546875 0.7101286206666667 0.23515978466796875 0.7097934873333334 0.23221438818359375 0.7138150873333334 0.22951444140625 0.7118042873333333 0.2258326962890625 0.7131448206666667 0.22264185009765625 0.712474554 0.218223755859375 0.7091232206666667 0.21233296337890625 0.7118042873333333 0.205951271484375 0.7191772213333334 0.20226952587890626 0.7268852886666667 0.20177862646484376 0.7339230893333334 0.19809688134765624 0.7426365573333332 0.20079682763671874 0.7453176239999999 0.20128772705078124 0.7486689573333333 0.1963787333984375 0.758052692 0.195887833984375 0.7640850926666667 0.20226952587890626 0.7704526266666667 0.2054603720703125 0.7805066273333333 0.20938756689453125 0.7868741613333333 0.21748740673828126 0.7892200946666666 0.222396400390625 0.7888849613333333 0.2238690986328125 0.790895762 0.22509634716796875 0.7962578953333334 0.226323595703125 0.796928162 0.23319618701171874 0.7915660286666666 0.24350507373046876 0.792906562 0.24546867138671874 0.7858687613333333
1 0.1892606923828125 0.9041708393333333 0.1922060888671875 0.8924411713333333 0.19294243798828126 0.8760196366666667 0.18754254443359375 0.8606035019999999 0.18336989990234376 0.8528954346666666 0.1779700068359375 0.8485387006666667 0.17207921435546875 0.8458576339999999 0.1627521259765625 0.8461927673333333 0.15440683642578126 0.847868434 0.1485160439453125 0.8512197673333334 0.14360705029296875 0.8559116346666666 0.14213435205078126 0.861608902 0.14630699658203125 0.8766899033333334 0.1465524462890625 0.8874141713333333 0.15538863525390625 0.898473572 0.16054307861328124 0.9115437733333334 0.163243025390625 0.9125491733333333 0.167415669921875 0.9091978399999999 0.1760064091796875 0.9078573066666666 0.18631529638671876 0.9078573066666666 0.1892606923828125 0.9041708393333333