1 0.16552734375 0.09933333333333333 0.166259765625 0.103 0.165771484375 0.11533333333333333 0.171630859375 0.123 0.173828125 0.12766666666666668 0.17919921875 0.127 0.202392578125 0.11133333333333334 0.20263671875 0.107 0.196533203125 0.09166666666666666 0.193115234375 0.08766666666666667 0.18701171875 0.086 0.18560791015625 0.086 0.181396484375 0.086 0.17333984375 0.08966666666666667 0.168701171875 0.09433333333333334 0.16552734375 0.09933333333333333
1 0.252197265625 0.10666666666666667 0.25244140625 0.111 0.255859375 0.114 0.263916015625 0.11433333333333333 0.27099609375 0.11033333333333334 0.275146484375 0.10366666666666667 0.2763671875 0.1 0.275390625 0.09566666666666666 0.271484375 0.09333333333333334 0.27008056640625 0.09333333333333334 0.263916015625 0.09366666666666666 0.2578125 0.09733333333333333 0.253173828125 0.10333333333333333 0.252197265625 0.10666666666666667
1 0.337158203125 0.12633333333333333 0.344970703125 0.12533333333333332 0.349365234375 0.12233333333333334 0.3515625 0.115 0.3525390625 0.107 0.3525390625 0.10166666666666667 0.350830078125 0.09933333333333333 0.348876953125 0.09933333333333333 0.34130859375 0.10233333333333333 0.338623046875 0.10566666666666667 0.335693359375 0.12233333333333334 0.337158203125 0.12633333333333333
1 0.121826171875 0.4043333333333333 0.123291015625 0.4116666666666667 0.130615234375 0.42333333333333334 0.1337890625 0.41933333333333334 0.137939453125 0.4086666666666667 0.137939453125 0.4026666666666667 0.136474609375 0.3963333333333333 0.130859375 0.38466666666666666 0.12939453125 0.38466666666666666 0.126220703125 0.387 0.123291015625 0.39366666666666666 0.121826171875 0.4 0.121826171875 0.4043333333333333
1 0.156005859375 0.38466666666666666 0.157470703125 0.388 0.1611328125 0.39266666666666666 0.16259765625 0.393 0.16552734375 0.39166666666666666 0.16796875 0.388 0.169189453125 0.385 0.169189453125 0.381 0.166259765625 0.373 0.162353515625 0.36866666666666664 0.161376953125 0.36866666666666664 0.157470703125 0.372 0.15576171875 0.37666666666666665 0.155517578125 0.38066666666666665 0.156005859375 0.38466666666666666
1 0.251708984375 0.37266666666666665 0.26025390625 0.37866666666666665 0.27099609375 0.373 0.273681640625 0.37033333333333335 0.27685546875 0.365 0.276123046875 0.362 0.271484375 0.3556666666666667 0.267822265625 0.3526666666666667 0.2666015625 0.3526666666666667 0.263427734375 0.35433333333333333 0.25439453125 0.3636666666666667 0.251220703125 0.369 0.251708984375 0.37266666666666665
1 0.377685546875 0.25566666666666665 0.38037109375 0.25766666666666665 0.384033203125 0.25866666666666666 0.39599609375 0.255 0.397216796875 0.251 0.395263671875 0.24533333333333332 0.3896484375 0.23766666666666666 0.384765625 0.225 0.381103515625 0.22233333333333333 0.380615234375 0.22233333333333333 0.374267578125 0.236 0.374267578125 0.24766666666666667 0.375732421875 0.25266666666666665 0.377685546875 0.25566666666666665
1 0.039306640625 0.3566666666666667 0.040283203125 0.3616666666666667 0.043212890625 0.3636666666666667 0.048095703125 0.363 0.052490234375 0.3606666666666667 0.05224609375 0.35433333333333333 0.0498046875 0.3423333333333333 0.048828125 0.341 0.04638671875 0.3403333333333333 0.045166015625 0.3403333333333333 0.0390625 0.3413333333333333 0.0361328125 0.345 0.036376953125 0.349 0.039306640625 0.3566666666666667
1 0.231201171875 0.24 0.231201171875 0.24466666666666667 0.23193359375 0.24666666666666667 0.236328125 0.252 0.240966796875 0.25533333333333336 0.24658203125 0.25566666666666665 0.252685546875 0.25366666666666665 0.257080078125 0.248 0.263427734375 0.244 0.264892578125 0.24066666666666667 0.263427734375 0.23633333333333334 0.263916015625 0.22833333333333333 0.260009765625 0.22633333333333333 0.259521484375 0.22633333333333333 0.252197265625 0.229 0.239501953125 0.229 0.23583984375 0.231 0.231201171875 0.24
1 0.317138671875 0.2653333333333333 0.32177734375 0.2643333333333333 0.322509765625 0.262 0.322509765625 0.24866666666666667 0.322265625 0.24766666666666667 0.319580078125 0.247 0.317626953125 0.247 0.314453125 0.248 0.3134765625 0.25133333333333335 0.31396484375 0.2633333333333333 0.317138671875 0.2653333333333333
1 0.167236328125 0.5106666666666667 0.169677734375 0.513 0.177734375 0.5156666666666667 0.185302734375 0.5156666666666667 0.189453125 0.5126666666666667 0.19775390625 0.5033333333333333 0.19775390625 0.49766666666666665 0.1953125 0.494 0.18603515625 0.49 0.181884765625 0.48966666666666664 0.181640625 0.48966666666666664 0.173583984375 0.494 0.16552734375 0.5016666666666667 0.1650390625 0.5056666666666667 0.167236328125 0.5106666666666667
1 0.3544921875 0.608 0.354248046875 0.612 0.357421875 0.6153333333333333 0.36474609375 0.6173333333333333 0.388671875 0.6186666666666667 0.39599609375 0.616 0.39990234375 0.6133333333333333 0.405029296875 0.605 0.405517578125 0.6033333333333334 0.404052734375 0.6003333333333334 0.396728515625 0.5936666666666667 0.391845703125 0.592 0.38232421875 0.5913333333333334 0.380964111328125 0.5913333333333334 0.37109375 0.5916666666666667 0.364013671875 0.595 0.3564453125 0.604 0.3544921875 0.608
1 0.166748046875 0.5993333333333334 0.17138671875 0.6036666666666667 0.177978515625 0.6043333333333333 0.179931640625 0.6033333333333334 0.18017578125 0.5993333333333334 0.178466796875 0.5926666666666667 0.173828125 0.5883333333333334 0.1708984375 0.5876666666666667 0.169677734375 0.5876666666666667 0.166015625 0.5876666666666667 0.165283203125 0.5886666666666667 0.164794921875 0.5923333333333334 0.166748046875 0.5993333333333334
1 0.4462890625 0.3576666666666667 0.45458984375 0.363 0.459228515625 0.361 0.4677734375 0.3463333333333333 0.46923828125 0.342 0.467529296875 0.3383333333333333 0.458984375 0.331 0.45849609375 0.331 0.454345703125 0.3333333333333333 0.44921875 0.3413333333333333 0.44384765625 0.35333333333333333 0.4462890625 0.3576666666666667
1 0.205078125 0.4036666666666667 0.20703125 0.39966666666666667 0.20703125 0.39466666666666667 0.203369140625 0.39166666666666666 0.199462890625 0.39066666666666666 0.1981201171875 0.39066666666666666 0.1943359375 0.39266666666666666 0.193115234375 0.4 0.197265625 0.4026666666666667 0.205078125 0.4036666666666667
1 0.180419921875 0.35333333333333333 0.18212890625 0.3536666666666667 0.185546875 0.3516666666666667 0.186279296875 0.3456666666666667 0.18408203125 0.33866666666666667 0.181884765625 0.337 0.18017578125 0.337 0.17724609375 0.338 0.176513671875 0.3456666666666667 0.177734375 0.35 0.180419921875 0.35333333333333333
1 0.40234375 0.404 0.411376953125 0.4076666666666667 0.4140625 0.407 0.415771484375 0.4036666666666667 0.4150390625 0.39666666666666667 0.404541015625 0.39166666666666666 0.403564453125 0.39166666666666666 0.400146484375 0.3923333333333333 0.39990234375 0.4003333333333333 0.400634765625 0.402 0.40234375 0.404
1 0.45361328125 0.3863333333333333 0.45849609375 0.39166666666666666 0.462890625 0.39166666666666666 0.46826171875 0.38966666666666666 0.473388671875 0.38533333333333336 0.477294921875 0.379 0.477783203125 0.37633333333333335 0.476318359375 0.374 0.471923828125 0.37 0.467529296875 0.36833333333333335 0.466064453125 0.36833333333333335 0.463134765625 0.36933333333333335 0.45947265625 0.37266666666666665 0.453125 0.38433333333333336 0.45361328125 0.3863333333333333
1 0.17724609375 0.07866666666666666 0.181396484375 0.076 0.182373046875 0.07233333333333333 0.181640625 0.064 0.178466796875 0.06166666666666667 0.177001953125 0.06166666666666667 0.173828125 0.06533333333333333 0.173095703125 0.07033333333333333 0.173828125 0.07533333333333334 0.17724609375 0.07866666666666666
1 0.142578125 0.18366666666666667 0.14453125 0.18166666666666667 0.143798828125 0.17433333333333334 0.142822265625 0.17233333333333334 0.138916015625 0.171 0.13818359375 0.171 0.135498046875 0.17333333333333334 0.134521484375 0.17766666666666667 0.13818359375 0.18233333333333332 0.142578125 0.18366666666666667
1 0.17333984375 0.2806666666666667 0.177978515625 0.281 0.18359375 0.275 0.185546875 0.26866666666666666 0.185546875 0.266 0.18408203125 0.26166666666666666 0.181884765625 0.26066666666666666 0.181640625 0.26033333333333336 0.1728515625 0.2673333333333333 0.169921875 0.275 0.170654296875 0.2793333333333333 0.17333984375 0.2806666666666667
1 0.281005859375 0.6326666666666667 0.282958984375 0.6356666666666667 0.287353515625 0.6353333333333333 0.2890625 0.6333333333333333 0.2890625 0.6273333333333333 0.286865234375 0.6213333333333333 0.285563232421875 0.6213333333333333 0.282958984375 0.6213333333333333 0.281005859375 0.6226666666666667 0.279541015625 0.626 0.281005859375 0.6326666666666667
1 0.01611328125 0.725 0.014404296875 0.7283333333333334 0.0146484375 0.7313333333333333 0.01953125 0.74 0.026611328125 0.7473333333333333 0.0322265625 0.7553333333333333 0.037109375 0.7586666666666667 0.040771484375 0.7586666666666667 0.0498046875 0.7633333333333333 0.056640625 0.7646666666666667 0.064453125 0.768 0.0849609375 0.7493333333333333 0.089599609375 0.7443333333333333 0.092041015625 0.7396666666666667 0.09033203125 0.736 0.084228515625 0.7276666666666667 0.07763671875 0.7213333333333334 0.074951171875 0.7166666666666667 0.06787109375 0.7086666666666667 0.068359375 0.705 0.070068359375 0.701 0.068603515625 0.697 0.060546875 0.693 0.05517578125 0.692 0.053792236328125 0.692 0.048828125 0.6923333333333334 0.046630859375 0.6936666666666667 0.029296875 0.709 0.01611328125 0.725
1 0.470947265625 0.21266666666666667 0.473876953125 0.21633333333333332 0.482177734375 0.22333333333333333 0.486572265625 0.22333333333333333 0.498291015625 0.21633333333333332 0.498291015625 0.21233333333333335 0.49609375 0.20766666666666667 0.489990234375 0.20166666666666666 0.48486328125 0.2 0.4833984375 0.2 0.476806640625 0.201 0.471435546875 0.20333333333333334 0.469482421875 0.20866666666666667 0.470947265625 0.21266666666666667
1 0.54296875 0.38666666666666666 0.548828125 0.39466666666666667 0.552734375 0.39366666666666666 0.5556640625 0.3913333333333333 0.56396484375 0.38366666666666666 0.565673828125 0.381 0.564453125 0.375 0.561279296875 0.36966666666666664 0.5576171875 0.368 0.555908203125 0.368 0.54638671875 0.37533333333333335 0.541748046875 0.38066666666666665 0.5419921875 0.38466666666666666 0.54296875 0.38666666666666666
1 0.185302734375 0.8216666666666667 0.189453125 0.8256666666666667 0.193115234375 0.825 0.197998046875 0.815 0.197509765625 0.8103333333333333 0.193359375 0.806 0.192626953125 0.806 0.189208984375 0.8086666666666666 0.185302734375 0.8143333333333334 0.1845703125 0.8176666666666667 0.185302734375 0.8216666666666667
1 0.224365234375 0.9696666666666667 0.228271484375 0.9666666666666667 0.232666015625 0.9583333333333334 0.232666015625 0.953 0.228515625 0.9476666666666667 0.228271484375 0.9473333333333334 0.224853515625 0.949 0.219482421875 0.9586666666666667 0.219482421875 0.9633333333333334 0.224365234375 0.9696666666666667
1 0.200927734375 0.955 0.204833984375 0.9606666666666667 0.2080078125 0.9626666666666667 0.212158203125 0.9623333333333334 0.2138671875 0.961 0.21484375 0.9583333333333334 0.212646484375 0.9503333333333334 0.206787109375 0.9456666666666667 0.204833984375 0.9423333333333334 0.201416015625 0.941 0.200927734375 0.941 0.19873046875 0.943 0.198486328125 0.9446666666666667 0.19873046875 0.9503333333333334 0.200927734375 0.955
1 0.075927734375 0.9713333333333334 0.081298828125 0.979 0.083740234375 0.981 0.088623046875 0.981 0.095947265625 0.979 0.0966796875 0.9783333333333334 0.095947265625 0.9736666666666667 0.09228515625 0.967 0.08837890625 0.9623333333333334 0.08837890625 0.955 0.087646484375 0.9526666666666667 0.084228515625 0.951 0.083740234375 0.951 0.08056640625 0.955 0.0791015625 0.9626666666666667 0.07470703125 0.9663333333333334 0.075927734375 0.9713333333333334
1 0.052490234375 0.9176666666666666 0.056640625 0.916 0.06201171875 0.9083333333333333 0.06298828125 0.9046666666666666 0.056884765625 0.8956666666666667 0.05615234375 0.8956666666666667 0.052001953125 0.8986666666666666 0.0458984375 0.9076666666666666 0.046630859375 0.9116666666666666 0.052490234375 0.9176666666666666
1 0.091552734375 0.8226666666666667 0.099609375 0.8223333333333334 0.102783203125 0.8143333333333334 0.102783203125 0.8023333333333333 0.099609375 0.7943333333333333 0.09912109375 0.7943333333333333 0.09033203125 0.797 0.087158203125 0.8023333333333333 0.087158203125 0.813 0.091552734375 0.8226666666666667
1 0.2158203125 0.8433333333333334 0.218994140625 0.8416666666666667 0.218994140625 0.8363333333333334 0.216552734375 0.834 0.213623046875 0.8333333333333334 0.212076904296875 0.8333333333333334 0.208984375 0.8333333333333334 0.207763671875 0.8346666666666667 0.2080078125 0.8416666666666667 0.2158203125 0.8433333333333334
1 0.16259765625 0.8626666666666667 0.165283203125 0.8636666666666667 0.17041015625 0.8626666666666667 0.17138671875 0.861 0.17138671875 0.857 0.169921875 0.853 0.16845703125 0.853 0.16552734375 0.853 0.162109375 0.8553333333333333 0.16162109375 0.8593333333333333 0.16259765625 0.8626666666666667
1 0.41064453125 0.779 0.411865234375 0.7793333333333333 0.41552734375 0.776 0.419677734375 0.7676666666666667 0.419921875 0.7633333333333333 0.4189453125 0.7596666666666667 0.416015625 0.7546666666666667 0.415283203125 0.7546666666666667 0.40771484375 0.759 0.40576171875 0.763 0.408203125 0.777 0.41064453125 0.779
1 0.443115234375 0.703 0.451904296875 0.706 0.455810546875 0.706 0.45849609375 0.7046666666666667 0.459716796875 0.6956666666666667 0.458984375 0.6913333333333334 0.454833984375 0.688 0.448974609375 0.6873333333333334 0.447021484375 0.6873333333333334 0.443359375 0.6896666666666667 0.4423828125 0.696 0.4423828125 0.7013333333333334 0.443115234375 0.703
1 0.469970703125 0.7103333333333334 0.47412109375 0.7126666666666667 0.478271484375 0.7126666666666667 0.48046875 0.7093333333333334 0.48193359375 0.7053333333333334 0.48291015625 0.697 0.484130859375 0.6933333333333334 0.483154296875 0.6893333333333334 0.478515625 0.688 0.4765625 0.688 0.473876953125 0.6886666666666666 0.47119140625 0.6923333333333334 0.468994140625 0.7046666666666667 0.469970703125 0.7103333333333334
1 0.5654296875 0.7136666666666667 0.571044921875 0.717 0.579833984375 0.716 0.587646484375 0.7126666666666667 0.587890625 0.7086666666666667 0.582763671875 0.7013333333333334 0.576416015625 0.697 0.574869873046875 0.697 0.569091796875 0.6976666666666667 0.558837890625 0.701 0.55859375 0.7046666666666667 0.5654296875 0.7136666666666667
1 0.5 0.7383333333333333 0.499755859375 0.7406666666666667 0.502685546875 0.753 0.50341796875 0.755 0.505859375 0.7573333333333333 0.515625 0.7556666666666667 0.5185546875 0.7483333333333333 0.517578125 0.7383333333333333 0.515380859375 0.7323333333333333 0.513671875 0.73 0.5126953125 0.73 0.509765625 0.731 0.505859375 0.7343333333333333 0.501953125 0.735 0.5 0.7383333333333333
1 0.297119140625 0.6063333333333333 0.29931640625 0.6073333333333333 0.305908203125 0.603 0.307373046875 0.6 0.307373046875 0.5976666666666667 0.306396484375 0.592 0.302490234375 0.5813333333333334 0.299072265625 0.5783333333333334 0.29833984375 0.5783333333333334 0.291015625 0.5833333333333334 0.290771484375 0.5876666666666667 0.295166015625 0.6033333333333334 0.297119140625 0.6063333333333333
1 0.05517578125 0.6103333333333333 0.055908203125 0.6153333333333333 0.060302734375 0.622 0.064697265625 0.6226666666666667 0.06591796875 0.6216666666666667 0.072021484375 0.6153333333333333 0.07763671875 0.6073333333333333 0.07763671875 0.6 0.072265625 0.5923333333333334 0.072021484375 0.592 0.068115234375 0.5926666666666667 0.064453125 0.5956666666666667 0.05615234375 0.607 0.05517578125 0.6103333333333333
1 0.096923828125 0.632 0.101806640625 0.6306666666666667 0.102783203125 0.6293333333333333 0.103271484375 0.626 0.102294921875 0.6233333333333333 0.099609375 0.6203333333333333 0.09814453125 0.62 0.096598388671875 0.62 0.091552734375 0.6203333333333333 0.088134765625 0.623 0.091552734375 0.631 0.096923828125 0.632
1 0.31005859375 0.7013333333333334 0.314208984375 0.701 0.315185546875 0.6973333333333334 0.315185546875 0.693 0.313720703125 0.69 0.310546875 0.6876666666666666 0.31005859375 0.6876666666666666 0.30810546875 0.6896666666666667 0.307373046875 0.692 0.307373046875 0.697 0.31005859375 0.7013333333333334
1 0.255859375 0.936 0.259765625 0.9343333333333333 0.260986328125 0.9316666666666666 0.26171875 0.928 0.261474609375 0.9236666666666666 0.259765625 0.9213333333333333 0.259521484375 0.921 0.255859375 0.9223333333333333 0.25390625 0.9273333333333333 0.25341796875 0.932 0.255859375 0.936
1 0.508056640625 0.197 0.5107421875 0.19866666666666666 0.51953125 0.19933333333333333 0.525390625 0.19933333333333333 0.529052734375 0.19733333333333333 0.530517578125 0.19333333333333333 0.529541015625 0.18933333333333333 0.525146484375 0.18533333333333332 0.51953125 0.18333333333333332 0.518310546875 0.18333333333333332 0.513916015625 0.18366666666666667 0.510009765625 0.18533333333333332 0.508056640625 0.18966666666666668 0.508056640625 0.197
1 0.51806640625 0.067 0.521484375 0.068 0.528564453125 0.066 0.533203125 0.060333333333333336 0.531494140625 0.051666666666666666 0.530517578125 0.048666666666666664 0.529296875 0.04766666666666667 0.529052734375 0.04733333333333333 0.515380859375 0.05266666666666667 0.51123046875 0.05633333333333333 0.510009765625 0.060333333333333336 0.51806640625 0.067
1 0.609130859375 0.025333333333333333 0.6181640625 0.029 0.626708984375 0.029 0.628662109375 0.025666666666666667 0.62841796875 0.017666666666666667 0.626708984375 0.015333333333333332 0.62353515625 0.013666666666666667 0.61669921875 0.012333333333333333 0.61529541015625 0.012333333333333333 0.611083984375 0.012333333333333333 0.60888671875 0.013666666666666667 0.608154296875 0.022 0.609130859375 0.025333333333333333
1 0.69287109375 0.173 0.71240234375 0.17566666666666667 0.728759765625 0.17566666666666667 0.733154296875 0.17366666666666666 0.732177734375 0.166 0.73291015625 0.15866666666666668 0.732421875 0.15 0.7314453125 0.146 0.72998046875 0.144 0.727783203125 0.14266666666666666 0.720947265625 0.142 0.698486328125 0.142 0.69677734375 0.142 0.693359375 0.14233333333333334 0.69140625 0.14633333333333334 0.691162109375 0.16766666666666666 0.69287109375 0.173
1 0.646240234375 0.030333333333333334 0.650146484375 0.03233333333333333 0.656005859375 0.028333333333333332 0.6630859375 0.025333333333333333 0.663818359375 0.023666666666666666 0.6640625 0.021333333333333333 0.662109375 0.01633333333333333 0.657958984375 0.011 0.654541015625 0.009666666666666667 0.654052734375 0.009666666666666667 0.644287109375 0.017 0.6416015625 0.021333333333333333 0.642578125 0.025 0.646240234375 0.030333333333333334
1 0.681396484375 0.050333333333333334 0.685302734375 0.05 0.68798828125 0.04466666666666667 0.687744140625 0.04066666666666666 0.681640625 0.034333333333333334 0.677978515625 0.034333333333333334 0.677734375 0.034 0.675537109375 0.037 0.675537109375 0.04466666666666667 0.677734375 0.048666666666666664 0.681396484375 0.050333333333333334
1 0.771240234375 0.08266666666666667 0.783203125 0.08966666666666667 0.791015625 0.091 0.7958984375 0.089 0.798095703125 0.08766666666666667 0.803466796875 0.081 0.80908203125 0.07233333333333333 0.806884765625 0.067 0.802978515625 0.064 0.80224609375 0.064 0.771484375 0.075 0.77001953125 0.076 0.77001953125 0.08 0.771240234375 0.08266666666666667
1 0.747802734375 0.03266666666666666 0.751708984375 0.031 0.75244140625 0.029666666666666668 0.75146484375 0.024666666666666667 0.74072265625 0.02 0.73974609375 0.02 0.736572265625 0.022 0.736328125 0.025333333333333333 0.73828125 0.027333333333333334 0.747802734375 0.03266666666666666
1 0.707275390625 0.353 0.7099609375 0.355 0.716796875 0.357 0.721435546875 0.35733333333333334 0.724365234375 0.356 0.72607421875 0.35333333333333333 0.727294921875 0.3476666666666667 0.72607421875 0.3416666666666667 0.71630859375 0.338 0.715087890625 0.338 0.7109375 0.3383333333333333 0.7080078125 0.3403333333333333 0.706298828125 0.349 0.707275390625 0.353
1 0.67333984375 0.5526666666666666 0.681640625 0.5516666666666666 0.6845703125 0.5486666666666666 0.684326171875 0.5446666666666666 0.681640625 0.5343333333333333 0.677978515625 0.5313333333333333 0.676025390625 0.5313333333333333 0.6708984375 0.533 0.66845703125 0.537 0.66943359375 0.5446666666666666 0.67333984375 0.5526666666666666
1 0.724609375 0.693 0.732666015625 0.693 0.740478515625 0.6893333333333334 0.7421875 0.6856666666666666 0.741455078125 0.6786666666666666 0.74072265625 0.6773333333333333 0.7373046875 0.6766666666666666 0.735595703125 0.6766666666666666 0.730224609375 0.6783333333333333 0.726318359375 0.6823333333333333 0.723876953125 0.6886666666666666 0.724609375 0.693
1 0.77685546875 0.6133333333333333 0.779052734375 0.6146666666666667 0.782958984375 0.6133333333333333 0.797119140625 0.603 0.798095703125 0.5993333333333334 0.792724609375 0.5916666666666667 0.7890625 0.59 0.787841796875 0.59 0.77978515625 0.594 0.7734375 0.5993333333333334 0.771484375 0.6026666666666667 0.77685546875 0.6133333333333333
1 0.6708984375 0.861 0.67431640625 0.8653333333333333 0.681396484375 0.8706666666666667 0.685302734375 0.8723333333333333 0.68896484375 0.8703333333333333 0.693359375 0.8656666666666667 0.698974609375 0.862 0.702392578125 0.8536666666666667 0.700927734375 0.8513333333333334 0.693359375 0.8473333333333334 0.680908203125 0.847 0.677978515625 0.8456666666666667 0.67724609375 0.8456666666666667 0.67431640625 0.8476666666666667 0.671630859375 0.853 0.670166015625 0.857 0.6708984375 0.861
1 0.647216796875 0.9626666666666667 0.651611328125 0.966 0.658203125 0.9676666666666667 0.666748046875 0.9633333333333334 0.671142578125 0.959 0.6708984375 0.9546666666666667 0.66064453125 0.9463333333333334 0.654296875 0.943 0.654052734375 0.943 0.650146484375 0.9493333333333334 0.646240234375 0.9516666666666667 0.64599609375 0.9563333333333334 0.647216796875 0.9626666666666667
1 0.59521484375 0.946 0.599609375 0.946 0.60595703125 0.9396666666666667 0.607666015625 0.931 0.607421875 0.9276666666666666 0.605712890625 0.927 0.6041259765625 0.927 0.598876953125 0.929 0.5947265625 0.9343333333333333 0.59375 0.9436666666666667 0.59521484375 0.946
1 0.626953125 0.7786666666666666 0.629638671875 0.7796666666666666 0.634033203125 0.779 0.63525390625 0.7743333333333333 0.634521484375 0.7673333333333333 0.630859375 0.7656666666666667 0.63037109375 0.7656666666666667 0.626953125 0.767 0.6259765625 0.7706666666666667 0.6259765625 0.7753333333333333 0.626953125 0.7786666666666666
1 0.57666015625 0.604 0.579345703125 0.6056666666666667 0.583740234375 0.606 0.587890625 0.6033333333333334 0.590576171875 0.5996666666666667 0.588623046875 0.5956666666666667 0.584228515625 0.5926666666666667 0.582844970703125 0.5926666666666667 0.580078125 0.5926666666666667 0.576171875 0.5963333333333334 0.574951171875 0.5996666666666667 0.57666015625 0.604
1 0.525146484375 0.5896666666666667 0.529052734375 0.5913333333333334 0.532958984375 0.5906666666666667 0.534423828125 0.5876666666666667 0.534423828125 0.584 0.529296875 0.581 0.528076171875 0.581 0.525390625 0.5816666666666667 0.5244140625 0.584 0.5244140625 0.588 0.525146484375 0.5896666666666667
1 0.56103515625 0.5766666666666667 0.56298828125 0.576 0.563720703125 0.5746666666666667 0.564208984375 0.5666666666666667 0.563232421875 0.565 0.5615234375 0.5643333333333334 0.559814453125 0.5643333333333334 0.556884765625 0.566 0.55615234375 0.5676666666666667 0.556640625 0.5763333333333334 0.56103515625 0.5766666666666667
1 0.722412109375 0.43933333333333335 0.728271484375 0.44333333333333336 0.732421875 0.44366666666666665 0.73486328125 0.442 0.735595703125 0.439 0.734130859375 0.43533333333333335 0.725830078125 0.431 0.7244873046875 0.431 0.721923828125 0.43133333333333335 0.720458984375 0.43333333333333335 0.719970703125 0.43533333333333335 0.722412109375 0.43933333333333335
1 0.397705078125 0.33366666666666667 0.398681640625 0.335 0.403564453125 0.3373333333333333 0.40771484375 0.3373333333333333 0.4130859375 0.334 0.4150390625 0.3303333333333333 0.416015625 0.326 0.412353515625 0.32266666666666666 0.408447265625 0.321 0.4071044921875 0.321 0.403076171875 0.32166666666666666 0.39892578125 0.3253333333333333 0.397216796875 0.32966666666666666 0.397705078125 0.33366666666666667
1 0.865966796875 0.9313333333333333 0.869873046875 0.9313333333333333 0.872802734375 0.93 0.874755859375 0.9276666666666666 0.873779296875 0.9233333333333333 0.871826171875 0.9193333333333333 0.868896484375 0.9166666666666666 0.86279296875 0.9146666666666666 0.861083984375 0.9146666666666666 0.855712890625 0.916 0.85546875 0.9196666666666666 0.859130859375 0.928 0.865966796875 0.9313333333333333
1 0.889404296875 0.9553333333333334 0.892578125 0.9513333333333334 0.8916015625 0.9473333333333334 0.888916015625 0.9436666666666667 0.88525390625 0.943 0.884521484375 0.943 0.87939453125 0.9463333333333334 0.878662109375 0.951 0.88232421875 0.955 0.889404296875 0.9553333333333334
1 0.950927734375 0.928 0.954833984375 0.9296666666666666 0.9580078125 0.9286666666666666 0.964111328125 0.9203333333333333 0.96484375 0.916 0.96435546875 0.915 0.962646484375 0.913 0.959228515625 0.9113333333333333 0.957763671875 0.9113333333333333 0.954833984375 0.912 0.9501953125 0.9196666666666666 0.94921875 0.9236666666666666 0.950927734375 0.928
1 0.9248046875 0.705 0.931640625 0.7096666666666667 0.9345703125 0.7106666666666667 0.939453125 0.7096666666666667 0.94287109375 0.705 0.94287109375 0.7003333333333334 0.939208984375 0.6946666666666667 0.933349609375 0.6893333333333334 0.927978515625 0.6863333333333334 0.9267578125 0.6863333333333334 0.92333984375 0.6873333333333334 0.919921875 0.692 0.919921875 0.6986666666666667 0.9248046875 0.705
1 0.907958984375 0.736 0.911376953125 0.7466666666666667 0.91650390625 0.7556666666666667 0.91943359375 0.757 0.92578125 0.7556666666666667 0.939453125 0.7486666666666667 0.945556640625 0.744 0.9462890625 0.74 0.93994140625 0.7193333333333334 0.938720703125 0.7173333333333334 0.935546875 0.7156666666666667 0.935302734375 0.7156666666666667 0.931640625 0.717 0.912353515625 0.7286666666666667 0.907958984375 0.7323333333333333 0.907958984375 0.736
1 0.8779296875 0.7593333333333333 0.880615234375 0.7606666666666667 0.884765625 0.7593333333333333 0.888427734375 0.7556666666666667 0.887939453125 0.7516666666666667 0.884765625 0.7486666666666667 0.88427734375 0.7486666666666667 0.878662109375 0.751 0.87548828125 0.755 0.87548828125 0.7563333333333333 0.8779296875 0.7593333333333333
1 0.864990234375 0.8533333333333334 0.868896484375 0.8516666666666667 0.87060546875 0.8496666666666667 0.869140625 0.8453333333333334 0.865966796875 0.8446666666666667 0.864501953125 0.8446666666666667 0.861328125 0.8456666666666667 0.85986328125 0.8496666666666667 0.861328125 0.8516666666666667 0.864990234375 0.8533333333333334
1 0.978153564453125 0.5840723333333334 0.97233349609375 0.5772836666666668 0.96355029296875 0.5775726666666667 0.96323291015625 0.58595 0.969476318359375 0.5930273333333334 0.977730224609375 0.5940383333333333 0.978153564453125 0.5840723333333334
1 0.89450537109375 0.088651 0.887875 0.10425899999999999 0.907754150390625 0.11598333333333333 0.912907958984375 0.09956933333333334 0.89450537109375 0.088651
1 0.855847412109375 0.12913166666666667 0.847625732421875 0.138176 0.862841796875 0.15191000000000002 0.871677001953125 0.13901333333333335 0.855847412109375 0.12913166666666667
1 0.86713671875 0.012503 0.84534765625 0.006828999999999999 0.829218994140625 0.022384666666666664 0.848607421875 0.03059166666666667 0.864314453125 0.023054666666666668 0.86713671875 0.012503
1 0.8128984375 0.08016833333333333 0.807131103515625 0.08837533333333332 0.81989306640625 0.10009966666666666 0.82553759765625 0.08971533333333334 0.8128984375 0.08016833333333333
1 0.852528076171875 0.225147 0.8517978515625 0.23470600000000003 0.858547119140625 0.23520833333333332 0.85952880859375 0.22599633333333335 0.852528076171875 0.225147
1 0.770782470703125 0.8099673333333334 0.7694384765625 0.8157556666666667 0.782814208984375 0.8191053333333332 0.783427734375 0.8134110000000001 0.770782470703125 0.8099673333333334
1 0.739013671875 0.6366666666666667 0.742431640625 0.6353333333333333 0.743408203125 0.6313333333333333 0.742431640625 0.6286666666666667 0.74072265625 0.6266666666666667 0.736572265625 0.626 0.736328125 0.626 0.734130859375 0.6273333333333333 0.733154296875 0.6343333333333333 0.735595703125 0.636 0.739013671875 0.6366666666666667
1 0.78271484375 0.446 0.787353515625 0.4513333333333333 0.795654296875 0.451 0.797607421875 0.44733333333333336 0.797119140625 0.444 0.794677734375 0.439 0.790771484375 0.43666666666666665 0.789225341796875 0.43666666666666665 0.784912109375 0.437 0.78173828125 0.439 0.78173828125 0.44266666666666665 0.78271484375 0.446
1 0.69970703125 0.4236666666666667 0.70068359375 0.42533333333333334 0.705078125 0.42533333333333334 0.7080078125 0.4236666666666667 0.709716796875 0.41633333333333333 0.70947265625 0.412 0.70849609375 0.4116666666666667 0.70703125 0.4116666666666667 0.7041015625 0.4116666666666667 0.70068359375 0.4136666666666667 0.69921875 0.4196666666666667 0.69970703125 0.4236666666666667
1 0.712890625 0.253 0.720703125 0.254 0.724609375 0.25166666666666665 0.725830078125 0.248 0.724365234375 0.244 0.71923828125 0.24133333333333334 0.717692138671875 0.24133333333333334 0.712890625 0.24166666666666667 0.7099609375 0.244 0.70947265625 0.248 0.712890625 0.253
1 0.71826171875 0.22433333333333333 0.719970703125 0.22666666666666666 0.724365234375 0.23033333333333333 0.728271484375 0.22966666666666666 0.738525390625 0.21666666666666667 0.742919921875 0.20866666666666667 0.742919921875 0.205 0.736328125 0.20233333333333334 0.735595703125 0.20233333333333334 0.728515625 0.20333333333333334 0.7236328125 0.208 0.71875 0.221 0.71826171875 0.22433333333333333
1 0.748046875 0.17533333333333334 0.751708984375 0.17666666666666667 0.75537109375 0.176 0.76123046875 0.17166666666666666 0.762451171875 0.17 0.761962890625 0.16566666666666666 0.759765625 0.162 0.758056640625 0.16166666666666665 0.75634765625 0.16166666666666665 0.7529296875 0.16233333333333333 0.748046875 0.16566666666666666 0.746826171875 0.16933333333333334 0.748046875 0.17533333333333334
1 0.689453125 0.334 0.6904296875 0.3313333333333333 0.690185546875 0.32566666666666666 0.689453125 0.32366666666666666 0.685791015625 0.323 0.685546875 0.323 0.6826171875 0.326 0.68359375 0.3323333333333333 0.685546875 0.3343333333333333 0.689453125 0.334
1 0.724853515625 0.8073333333333333 0.727783203125 0.8033333333333333 0.727783203125 0.8016666666666666 0.72509765625 0.7983333333333333 0.7236328125 0.7983333333333333 0.720458984375 0.8 0.718994140625 0.8026666666666666 0.720703125 0.8073333333333333 0.724853515625 0.8073333333333333
1 0.659423828125 0.748 0.662109375 0.7493333333333333 0.669677734375 0.7473333333333333 0.669677734375 0.744 0.66845703125 0.7393333333333333 0.666259765625 0.736 0.66485595703125 0.736 0.66064453125 0.736 0.658203125 0.7373333333333333 0.65771484375 0.7406666666666667 0.659423828125 0.748
1 0.73974609375 0.8083333333333333 0.743896484375 0.8076666666666666 0.745361328125 0.8033333333333333 0.744873046875 0.8 0.743896484375 0.798 0.740478515625 0.7973333333333333 0.739990234375 0.7973333333333333 0.738037109375 0.7986666666666666 0.736572265625 0.8023333333333333 0.737060546875 0.8063333333333333 0.73974609375 0.8083333333333333
1 0.4970703125 0.8793333333333333 0.498291015625 0.8766666666666667 0.49755859375 0.8733333333333333 0.493896484375 0.867 0.491455078125 0.8666666666666667 0.490234375 0.8666666666666667 0.488525390625 0.872 0.489501953125 0.877 0.493896484375 0.8803333333333333 0.4970703125 0.8793333333333333
1 0.54052734375 0.742 0.5439453125 0.74 0.544677734375 0.7373333333333333 0.544189453125 0.735 0.541259765625 0.732 0.540283203125 0.732 0.537109375 0.7336666666666667 0.5361328125 0.7363333333333333 0.537841796875 0.7403333333333333 0.54052734375 0.742
1 0.615234375 0.7156666666666667 0.6181640625 0.714 0.619140625 0.711 0.619140625 0.7083333333333334 0.615478515625 0.7043333333333334 0.61474609375 0.7043333333333334 0.61279296875 0.7056666666666667 0.611572265625 0.71 0.612060546875 0.7126666666666667 0.615234375 0.7156666666666667
1 0.624430908203125 0.4127473333333333 0.624185546875 0.40939766666666666 0.62111767578125 0.4025303333333333 0.61792724609375 0.40018566666666666 0.61547314453125 0.40018566666666666 0.613091064453125 0.40048 0.614491455078125 0.40655033333333335 0.617068359375 0.41057 0.62136328125 0.4139196666666667 0.624430908203125 0.4127473333333333
1 0.621976806640625 0.345528 0.621608642578125 0.33681833333333333 0.6178046875 0.336316 0.61400048828125 0.33681833333333333 0.613386962890625 0.3410056666666667 0.6138779296875 0.34569533333333335 0.61829541015625 0.3461976666666667 0.621976806640625 0.345528
1 0.618172607421875 0.148141 0.61719091796875 0.140604 0.61633203125 0.13608166666666666 0.61060546875 0.13691466666666668 0.61081005859375 0.142949 0.61117822265625 0.14931333333333333 0.614614013671875 0.14998333333333333 0.618172607421875 0.148141
1 0.634615966796875 0.4640553333333333 0.624185546875 0.46238033333333334 0.623694580078125 0.46874499999999997 0.627989501953125 0.47159233333333334 0.632775390625 0.47092233333333333 0.634615966796875 0.4640553333333333
1 0.643696533203125 0.4781243333333334 0.64296044921875 0.4719273333333333 0.642469482421875 0.46857766666666667 0.62883251953125 0.47099 0.630198486328125 0.477957 0.631057373046875 0.482479 0.6370703125 0.4792966666666667 0.643696533203125 0.4781243333333334
1 0.43177392578125 0.8790386666666666 0.434841552734375 0.8765263333333334 0.438400146484375 0.8639646666666666 0.4275068359375 0.8540833333333333 0.424779296875 0.86028 0.420975341796875 0.8693243333333334 0.426497314453125 0.8745163333333333 0.43177392578125 0.8790386666666666
1 0.446989990234375 0.8922703333333334 0.438400146484375 0.883226 0.428611328125 0.883871 0.421220703125 0.8895903333333334 0.428337890625 0.8986346666666667 0.437541259765625 0.8986346666666667 0.446989990234375 0.8922703333333334
1 0.433123779296875 0.8713896666666666 0.44208154296875 0.8725620000000001 0.453616455078125 0.8568180000000001 0.44748095703125 0.8502860000000001 0.435791748046875 0.8484273333333334 0.42600634765625 0.8569856666666666 0.428460693359375 0.8648576666666666 0.433123779296875 0.8713896666666666
1 0.429163818359375 0.8748216666666667 0.428092529296875 0.8880553333333334 0.43925927734375 0.8919076666666667 0.445394775390625 0.8761636666666667 0.429163818359375 0.8748216666666667
1 0.21460498046875 0.18249033333333334 0.2155869140625 0.17780100000000001 0.214359619140625 0.17227366666666669 0.2101630859375 0.16971899999999998 0.20785595703125 0.17394866666666667 0.207978759765625 0.18014566666666668 0.211537353515625 0.18282533333333334 0.21460498046875 0.18249033333333334
1 0.13668359375 0.036998333333333334 0.13827880859375 0.03163866666666666 0.135701904296875 0.022259333333333336 0.130179931640625 0.018407333333333335 0.1269892578125 0.021757 0.12686669921875 0.028121666666666666 0.127970947265625 0.035658333333333334 0.13116162109375 0.03900833333333333 0.13668359375 0.036998333333333334
1 0.457623291015625 0.498999 0.453563232421875 0.49170566666666665 0.4557001953125 0.48499600000000004 0.450358154296875 0.4819326666666667 0.44768701171875 0.486017 0.446939208984375 0.48485 0.435186767578125 0.487038 0.440742431640625 0.498999 0.44928955078125 0.502208 0.457623291015625 0.498999
1 0.545046142578125 0.5042276666666666 0.533655029296875 0.506212 0.53943310546875 0.5183803333333333 0.55214501953125 0.5170283333333333 0.545046142578125 0.5042276666666666
1 0.634195068359375 0.5258663333333333 0.634195068359375 0.5373089999999999 0.64888818359375 0.5364076666666666 0.648722900390625 0.52469 0.634195068359375 0.5258663333333333
1 0.429152587890625 0.8303 0.425850830078125 0.837736 0.430308349609375 0.8417923333333334 0.431959228515625 0.832328 0.429152587890625 0.8303
1 0.392832763671875 0.5287093333333334 0.378387451171875 0.5262046666666667 0.371040771484375 0.533216 0.378800048828125 0.539075 0.384578125 0.5368216666666666 0.392832763671875 0.5287093333333334
1 0.404541015625 0.43333333333333335 0.407958984375 0.431 0.413330078125 0.4196666666666667 0.404541015625 0.41333333333333333 0.400634765625 0.409 0.39404296875 0.4056666666666667 0.388427734375 0.408 0.384521484375 0.418 0.384033203125 0.42033333333333334 0.386962890625 0.42766666666666664 0.400146484375 0.43333333333333335 0.404541015625 0.43333333333333335
1 0.048583984375 0.06066666666666667 0.0498046875 0.056666666666666664 0.048583984375 0.054 0.045654296875 0.05266666666666667 0.041015625 0.052333333333333336 0.037841796875 0.05466666666666667 0.037353515625 0.056666666666666664 0.040283203125 0.062 0.04443359375 0.06333333333333334 0.048583984375 0.06066666666666667
1 0.04541015625 0.03233333333333333 0.04638671875 0.029 0.044921875 0.023333333333333334 0.043212890625 0.021333333333333333 0.037109375 0.021 0.03564453125 0.023 0.035888671875 0.02666666666666667 0.03955078125 0.03233333333333333 0.041015625 0.03333333333333333 0.04541015625 0.03233333333333333
1 0.07728662109375 0.15863266666666667 0.077782470703125 0.15443733333333334 0.076196044921875 0.153084 0.074213134765625 0.153782 0.07351904296875 0.15606133333333333 0.07371728515625 0.15930933333333333 0.076394287109375 0.15944466666666668 0.07728662109375 0.15863266666666667
1 0.123291748046875 0.278256 0.11892919921875 0.28195566666666666 0.1218046875 0.290482 0.1257705078125 0.28709833333333334 0.123291748046875 0.278256
1 0.264133056640625 0.124165 0.26809912109375 0.12118766666666667 0.269387939453125 0.11807500000000001 0.26829736328125 0.11428566666666667 0.26284423828125 0.11780433333333333 0.260662841796875 0.11942833333333334 0.2612578125 0.12308233333333334 0.264133056640625 0.124165
1 0.209551513671875 0.09327099999999999 0.208906982421875 0.10021066666666667 0.21505419921875 0.10210533333333333 0.2164423828125 0.09439133333333333 0.209551513671875 0.09327099999999999
1 0.291151123046875 0.04444466666666667 0.290655517578125 0.037678 0.285598876953125 0.038896 0.285499755859375 0.04688066666666667 0.287680908203125 0.051617333333333335 0.290754638671875 0.05053466666666667 0.291151123046875 0.04444466666666667
1 0.41345166015625 0.020982666666666667 0.40953515625 0.027388 0.42014404296875 0.03212466666666666 0.422028076171875 0.026305333333333333 0.41345166015625 0.020982666666666667
1 0.400215087890625 0.006275666666666667 0.3954560546875 0.004941 0.393572265625 0.011283333333333334 0.398232177734375 0.013448666666666666 0.4007109375 0.010471333333333334 0.400215087890625 0.006275666666666667
1 0.469123779296875 0.041597999999999996 0.468826416015625 0.037132 0.464166259765625 0.03577866666666667 0.463868896484375 0.036212 0.46178662109375 0.03889133333333333 0.463571533203125 0.042004 0.46634765625 0.044034000000000004 0.469123779296875 0.041597999999999996
1 0.463868896484375 0.13063366666666668 0.4629765625 0.14012166666666667 0.47001611328125 0.13944499999999999 0.470710205078125 0.131731 0.463868896484375 0.13063366666666668
1 0.56321630859375 0.03377533333333333 0.557267333984375 0.037128666666666664 0.56004345703125 0.043625 0.566388916015625 0.040918 0.56321630859375 0.03377533333333333
1 0.580765625 0.0025043333333333332 0.574618408203125 0.0041069999999999995 0.57898095703125 0.012227333333333335 0.585326416015625 0.010738666666666667 0.580765625 0.0025043333333333332
1 0.712931396484375 0.04593266666666667 0.715211669921875 0.06203733333333333 0.7248291015625 0.059872 0.7227470703125 0.044443666666666666 0.712931396484375 0.04593266666666667
1 0.87766748046875 0.09865166666666667 0.878559814453125 0.10460633333333334 0.882426513671875 0.10379433333333332 0.881732666015625 0.09824566666666668 0.87766748046875 0.09865166666666667
1 0.926845458984375 0.17957033333333333 0.92079736328125 0.18101933333333334 0.923870849609375 0.18602666666666667 0.92803515625 0.18507933333333335 0.926845458984375 0.17957033333333333
1 0.773065185546875 0.15418800000000002 0.766322998046875 0.156529 0.76681884765625 0.16275433333333333 0.774453369140625 0.161401 0.773065185546875 0.15418800000000002
1 0.755912353515625 0.184543 0.750756591796875 0.18657300000000002 0.75273974609375 0.19144533333333333 0.757102294921875 0.189686 0.755912353515625 0.184543
1 0.70851904296875 0.18119466666666664 0.708915771484375 0.18995933333333334 0.714071533203125 0.18955333333333332 0.71317919921875 0.17994466666666664 0.70851904296875 0.18119466666666664
1 0.665785888671875 0.219059 0.661820068359375 0.21936966666666669 0.6598369140625 0.221901 0.66271240234375 0.22447233333333336 0.66647998046875 0.223525 0.665785888671875 0.219059
1 0.6726767578125 0.27988066666666667 0.672627197265625 0.287809 0.67679150390625 0.288215 0.6754033203125 0.27887666666666666 0.6726767578125 0.27988066666666667
1 0.128893798828125 0.10724833333333333 0.123539794921875 0.10332366666666667 0.118185791015625 0.10481233333333334 0.123936279296875 0.11672166666666667 0.129587890625 0.11577433333333333 0.128893798828125 0.10724833333333333
1 0.151946044921875 0.5166173333333334 0.152739013671875 0.5382706666666667 0.16840478515625 0.5423306666666666 0.1653310546875 0.5214893333333334 0.151946044921875 0.5166173333333334
1 0.11347607421875 0.5621303333333334 0.112682861328125 0.5754876666666666 0.119226806640625 0.5749463333333333 0.119226806640625 0.5615483333333333 0.11347607421875 0.5621303333333334
1 0.219218505859375 0.6448916666666666 0.205040283203125 0.6532823333333333 0.212873046875 0.6630266666666667 0.226059814453125 0.653553 0.219218505859375 0.6448916666666666
1 0.20563525390625 0.6926646666666667 0.195125244140625 0.6957776666666667 0.196909912109375 0.7051156666666667 0.20603173828125 0.7003790000000001 0.20563525390625 0.6926646666666667
1 0.2097001953125 0.6944239999999999 0.203552978515625 0.7028150000000001 0.2080146484375 0.7090403333333334 0.2143603515625 0.7013263333333333 0.2097001953125 0.6944239999999999
1 0.225564208984375 0.699567 0.222589599609375 0.6992963333333334 0.22011083984375 0.7017323333333334 0.22139990234375 0.7048449999999999 0.22536572265625 0.7052510000000001 0.22645654296875 0.7033563333333334 0.225564208984375 0.699567
1 0.254119140625 0.6978076666666666 0.25233447265625 0.7053863333333333 0.257291748046875 0.7057923333333334 0.25927490234375 0.6984843333333334 0.254119140625 0.6978076666666666
1 0.29120068359375 0.7316409999999999 0.286540771484375 0.7310996666666667 0.286441650390625 0.740032 0.293580322265625 0.7413853333333333 0.294076171875 0.734348 0.29120068359375 0.7316409999999999
1 0.16964404296875 0.667628 0.167264404296875 0.671282 0.17341162109375 0.6748006666666667 0.17470068359375 0.671282 0.16964404296875 0.667628
1 0.17123046875 0.6969956666666667 0.166967041015625 0.7094463333333333 0.17638623046875 0.7107996666666666 0.180847900390625 0.6980783333333334 0.17123046875 0.6969956666666667
1 0.24430322265625 0.8157116666666667 0.241923828125 0.8201776666666666 0.24787255859375 0.8226136666666666 0.250053955078125 0.817065 0.24430322265625 0.8157116666666667
1 0.322730224609375 0.8582113333333333 0.3237216796875 0.8492793333333334 0.318466796875 0.8484673333333334 0.31707861328125 0.852798 0.319656494140625 0.8571286666666666 0.322730224609375 0.8582113333333333
1 0.4598037109375 0.7749706666666666 0.460200439453125 0.7834966666666666 0.470115234375 0.7814666666666666 0.46833056640625 0.773211 0.4598037109375 0.7749706666666666
1 0.54447705078125 0.6894756666666667 0.54626171875 0.6946183333333333 0.550624267578125 0.6929943333333334 0.54834375 0.6877163333333333 0.54447705078125 0.6894756666666667
1 0.5978193359375 0.8698640000000001 0.595241455078125 0.8752773333333332 0.5995048828125 0.881232 0.602281005859375 0.8760893333333334 0.5978193359375 0.8698640000000001
1 0.561828125 0.8797433333333333 0.56212548828125 0.883262 0.567479736328125 0.8839386666666667 0.567479736328125 0.8796080000000001 0.561828125 0.8797433333333333
1 0.496141845703125 0.9116843333333333 0.496042724609375 0.9212933333333334 0.501198486328125 0.9210226666666668 0.500802001953125 0.9114136666666667 0.496141845703125 0.9116843333333333
1 0.252384033203125 0.870057 0.252384033203125 0.8777713333333332 0.261010009765625 0.8779066666666666 0.26051416015625 0.8703276666666667 0.252384033203125 0.870057
1 0.275386474609375 0.8802073333333332 0.273106201171875 0.882508 0.274989990234375 0.88738 0.277270263671875 0.8858913333333334 0.275386474609375 0.8802073333333332
1 0.8151044921875 0.8437993333333333 0.7982490234375 0.8700543333333334 0.814013671875 0.8807456666666666 0.830472412109375 0.8580093333333333 0.8151044921875 0.8437993333333333
1 0.942808349609375 0.8041346666666667 0.938544921875 0.8109013333333334 0.947468505859375 0.8169913333333334 0.951632568359375 0.8098186666666667 0.942808349609375 0.8041346666666667
1 0.930910400390625 0.7624516666666666 0.91970654296875 0.7689476666666666 0.9244658203125 0.7816690000000001 0.937156982421875 0.773955 0.930910400390625 0.7624516666666666
1 0.84475 0.6449996666666666 0.847327880859375 0.6371503333333334 0.84484912109375 0.6320076666666666 0.8415771484375 0.6310603333333333 0.830075927734375 0.6357970000000001 0.82720068359375 0.6473003333333334 0.83453759765625 0.650819 0.84475 0.6449996666666666
1 0.8309384765625 0.4835406666666667 0.8292568359375 0.48971033333333336 0.833356201171875 0.49171899999999996 0.835563720703125 0.4858363333333333 0.8309384765625 0.4835406666666667
1 0.195798828125 0.4204183333333334 0.200546630859375 0.4162706666666666 0.19807763671875 0.41069733333333336 0.1941845703125 0.41225266666666666 0.189626708984375 0.41225266666666666 0.18877197265625 0.414456 0.184024169921875 0.41272899999999996 0.18022607421875 0.4175666666666667 0.1852587890625 0.42249200000000003 0.189246826171875 0.41860366666666665 0.195798828125 0.4204183333333334
1 0.157341796875 0.43350900000000003 0.15762646484375 0.446081 0.1626591796875 0.44258166666666665 0.16085498046875 0.4320833333333333 0.157341796875 0.43350900000000003
1 0.1671220703125 0.43921166666666667 0.1621845703125 0.44387766666666667 0.16522314453125 0.44945100000000004 0.17073046875 0.4462106666666667 0.1671220703125 0.43921166666666667
1 0.45335302734375 0.392832 0.451806640625 0.3887426666666667 0.446056396484375 0.3895826666666667 0.440982666015625 0.3942833333333333 0.4466845703125 0.39863633333333337 0.452483154296875 0.39718533333333333 0.45335302734375 0.392832
1 0.491043701171875 0.372913 0.493943115234375 0.368692 0.4906572265625 0.365394 0.483698974609375 0.365658 0.48147607421875 0.3681643333333333 0.485052001953125 0.372913 0.491043701171875 0.372913
1 0.344339599609375 0.244141 0.340183837890625 0.254694 0.34743212890625 0.25786000000000003 0.35226416015625 0.247175 0.344339599609375 0.244141
1 0.3432763671875 0.26683033333333334 0.344146240234375 0.26221333333333335 0.3432763671875 0.25934799999999997 0.3379609375 0.2628726666666667 0.337864501953125 0.26960033333333333 0.340183837890625 0.27171100000000004 0.3432763671875 0.26683033333333334
1 0.376618408203125 0.3110213333333333 0.372704345703125 0.3060583333333333 0.3665673828125 0.314979 0.371399658203125 0.3213106666666667 0.3743955078125 0.31669366666666665 0.376618408203125 0.3110213333333333
1 0.6538623046875 0.38196033333333335 0.651331787109375 0.3793976666666667 0.646597412109375 0.379363 0.643495849609375 0.38340866666666673 0.647740234375 0.3866396666666667 0.650515625 0.38619400000000004 0.6538623046875 0.38196033333333335
1 0.679329345703125 0.3521006666666666 0.67949267578125 0.360457 0.68439013671875 0.3595656666666666 0.6833291015625 0.3528806666666667 0.679329345703125 0.3521006666666666
1 0.7045517578125 0.38552566666666666 0.703490478515625 0.39131933333333335 0.70993896484375 0.3924333333333333 0.709612548828125 0.38630533333333333 0.7045517578125 0.38552566666666666
1 0.745360595703125 0.592402 0.744139892578125 0.588499 0.73990283203125 0.5893633333333334 0.740477294921875 0.592892 0.744498779296875 0.593382 0.745360595703125 0.592402
1 0.894330322265625 0.34682233333333334 0.89970849609375 0.33890533333333334 0.899181396484375 0.33300366666666664 0.89179931640625 0.3250866666666667 0.885366455078125 0.32983666666666667 0.884417236328125 0.3363143333333333 0.8881083984375 0.34653433333333333 0.894330322265625 0.34682233333333334
1 0.01947216796875 0.5983753333333334 0.025480712890625 0.58987 0.025536376953125 0.5766146666666667 0.01758056640625 0.581365 0.011906005859375 0.590174 0.010793212890625 0.6006536666666666 0.01947216796875 0.5983753333333334
1 0.0055078125 0.531722 0.004228271484375 0.539719 0.018693359375 0.5392633333333333 0.01969482421875 0.5304543333333334 0.0055078125 0.531722
1 0.01758056640625 0.6632276666666667 0.021920166015625 0.6585196666666666 0.018470947265625 0.649255 0.015466552734375 0.6453059999999999 0.013463623046875 0.6354339999999999 0.010570556640625 0.640294 0.008011474609375 0.6469766666666666 0.00845654296875 0.656697 0.01758056640625 0.6632276666666667
1 0.01212841796875 0.7756679999999999 0.009124267578125 0.7835656666666667 0.018359619140625 0.786907 0.0203623046875 0.7799206666666667 0.01212841796875 0.7756679999999999
1 0.018025634765625 0.9571886666666666 0.007788818359375 0.9608336666666667 0.009791748046875 0.9699463333333334 0.0205849609375 0.9652379999999999 0.018025634765625 0.9571886666666666
1 0.05875048828125 0.7910503333333333 0.053632080078125 0.794876 0.05708154296875 0.8004956666666667 0.061309814453125 0.7954836666666667 0.05875048828125 0.7910503333333333
1 0.49587646484375 0.6598396666666667 0.494340576171875 0.6663043333333334 0.499716552734375 0.668925 0.501508544921875 0.6643823333333333 0.49587646484375 0.6598396666666667
1 0.51686865234375 0.583363 0.510724609375 0.586983 0.514564697265625 0.599388 0.520452880859375 0.5960683333333333 0.51686865234375 0.583363
1 0.6272861328125 0.5633576666666666 0.6233427734375 0.565922 0.62515576171875 0.5729753333333333 0.630141845703125 0.5705003333333333 0.6272861328125 0.5633576666666666
1 0.73114208984375 0.9567519999999999 0.713906982421875 0.9730793333333333 0.72625439453125 0.9818573333333334 0.741817626953125 0.9658813333333333 0.73114208984375 0.9567519999999999
1 0.5933896484375 0.9553476666666667 0.5859296875 0.9504319999999999 0.582971435546875 0.9509586666666667 0.577697998046875 0.9534163333333333 0.57782666015625 0.9613166666666666 0.589531005859375 0.9627213333333334 0.5933896484375 0.9553476666666667
1 0.5758974609375 0.969217 0.573968017578125 0.969716 0.5648359375 0.972904 0.56380712890625 0.982384 0.57564013671875 0.9793996666666667 0.5758974609375 0.969217
1 0.36701171875 0.9803303333333333 0.37097216796875 0.9767826666666667 0.368744384765625 0.971208 0.36082373046875 0.9671536666666666 0.35760595703125 0.966985 0.3573583984375 0.976107 0.362803955078125 0.9837086666666668 0.368125732421875 0.9835396666666667 0.36701171875 0.9803303333333333
1 0.4594609375 0.9367466666666666 0.4548818359375 0.9271176666666667 0.447951171875 0.9216706666666667 0.433842529296875 0.9272866666666667 0.43619384765625 0.9365776666666668 0.44634228515625 0.9394496666666667 0.4594609375 0.9367466666666666
1 0.493371337890625 0.9443483333333333 0.491762451171875 0.9404266666666667 0.486688232421875 0.9426593333333334 0.4875546875 0.9521193333333334 0.4921337890625 0.9489096666666667 0.493371337890625 0.9443483333333333
1 0.392259033203125 0.8945503333333332 0.39114501953125 0.9024543333333332 0.396466796875 0.9046503333333333 0.397704345703125 0.8951903333333333 0.392259033203125 0.8945503333333332
1 0.403521240234375 0.8490453333333333 0.40822412109375 0.8632353333333334 0.42109521484375 0.858843 0.4199814453125 0.847525 0.403521240234375 0.8490453333333333
1 0.38619482421875 0.8676273333333333 0.38495703125 0.8634043333333334 0.38334814453125 0.8632353333333334 0.38062548828125 0.8632353333333334 0.380006591796875 0.8677963333333334 0.383471923828125 0.8701613333333333 0.38619482421875 0.8676273333333333
1 0.382853271484375 0.6777173333333334 0.3813681640625 0.6870083333333333 0.386071044921875 0.6873463333333334 0.38755615234375 0.678393 0.382853271484375 0.6777173333333334
1 0.412060546875 0.5263023333333333 0.414288330078125 0.5241063333333333 0.4149072265625 0.5185316666666667 0.409461669921875 0.5183626666666666 0.406986572265625 0.5205586666666666 0.406986572265625 0.5257956666666667 0.412060546875 0.5263023333333333
1 0.39758056640625 0.5560336666666668 0.394115478515625 0.5536446666666667 0.393867919921875 0.5634666666666667 0.398199462890625 0.564987 0.39857080078125 0.560426 0.39758056640625 0.5560336666666668
1 0.37369482421875 0.556686 0.373076171875 0.5636356666666666 0.37827392578125 0.5638043333333334 0.37790283203125 0.558061 0.37369482421875 0.556686
1 0.360947509765625 0.43926966666666667 0.357111083984375 0.43808733333333333 0.35438818359375 0.438932 0.3546357421875 0.452953 0.36701171875 0.45514899999999997 0.36589794921875 0.44535100000000005 0.360947509765625 0.43926966666666667
1 0.336814208984375 0.4287963333333333 0.334339111328125 0.42970166666666665 0.335700439453125 0.4353843333333333 0.340031982421875 0.434033 0.34015576171875 0.4298096666666667 0.336814208984375 0.4287963333333333
1 0.48631689453125 0.314735 0.48594580078125 0.3231813333333333 0.4897822265625 0.3231813333333333 0.489658447265625 0.314904 0.48631689453125 0.314735
1 0.68775341796875 0.45543866666666666 0.68729443359375 0.461704 0.69249658203125 0.46066 0.69907568359375 0.456483 0.698310791015625 0.45167966666666665 0.693720703125 0.45188833333333334 0.69203759765625 0.4508443333333333 0.68683544921875 0.4472936666666667 0.683775390625 0.44980000000000003 0.683775390625 0.45418566666666665 0.68775341796875 0.45543866666666666
1 0.123864501953125 0.7377763333333334 0.120319580078125 0.7339053333333333 0.114080322265625 0.7319696666666667 0.11081884765625 0.7313536666666667 0.109400634765625 0.7377763333333334 0.110677001953125 0.7424216666666666 0.11946875 0.7441636666666667 0.123864501953125 0.7377763333333334