1 0.7385156518554687 0 0.7385156518554687 0.005453568666666667 0.7445603989257813 0.026776154666666666 0.7478346372070312 0.028839630666666664 0.7513607397460937 0.024024853333333335 0.7508570107421875 0.015770948666666666 0.74934582421875 0.0071731320000000005 0.7452599677734375 0 0.7385156518554687 0
1 0.7958143149414062 0.03789588333333334 0.8007062783203125 0.036443539999999996 0.8028602231445312 0.020029619333333335 0.7986855698242188 0.01828667 0.7958143149414062 0.03789588333333334
1 0.7849886762695313 0.13376394933333333 0.7829374916992188 0.12882536333333333 0.7736849990234375 0.12272469666666666 0.77070745703125 0.125775202 0.7706009184570313 0.13144013133333335 0.778364388671875 0.13652384866666667 0.78219298046875 0.13608811133333334 0.7849886762695313 0.13376394933333333
1 0.7601787666015625 0.12664667666666665 0.7587962827148438 0.12228895933333332 0.7561376010742188 0.126065808 0.753478919921875 0.132021 0.7431630551757813 0.13710506133333333 0.7474170458984375 0.15075908266666666 0.7532663461914062 0.148870658 0.7581583100585938 0.14436780933333335 0.766240640625 0.13594298066666666 0.769431259765625 0.12432251466666666 0.769431259765625 0.12330590866666667 0.7647518696289063 0.12359617133333334 0.7601787666015625 0.12664667666666665
1 0.7756588955078125 0 0.7767486782226563 0.019619675333333333 0.7861807504882813 0.016320521333333334 0.78481519140625 0 0.7756588955078125 0
1 0.7504076845703125 0.05873939866666667 0.7401704013671875 0.05449758 0.7389050341796874 0.06848003733333333 0.7414357685546875 0.07790634 0.7504076845703125 0.074450018 0.7483371069335938 0.06738020466666667 0.750177732421875 0.05873939866666667 0.7504076845703125 0.05873939866666667
1 0.7054229272460938 0.03391646933333333 0.702087234375 0.041143450666666664 0.7030075473632813 0.047584935333333335 0.706803396484375 0.049784256666666665 0.7104524091796875 0.050569753333333335 0.7078385595703125 0.041300618666666664 0.7054229272460938 0.03391646933333333
1 0.6587128989257812 0.020248004 0.6581378920898437 0.014592359999999999 0.6582527421875 0.013492527333333332 0.6549170493164063 0.008779204 0.648015458984375 0.004851377333333333 0.6466352416992187 0.01647734533333333 0.6485907177734375 0.021505004666666664 0.656527470703125 0.023704326666666664 0.6587128989257812 0.020248004
1 0.664234271484375 0.039100953333333334 0.6638892172851563 0.029831474666666667 0.6596332114257812 0.021033500666666666 0.6564123686523438 0.022447669333333333 0.6582527421875 0.03014581066666667 0.659057953125 0.038943785333333335 0.6610134287109375 0.040200785999999995 0.664234271484375 0.039100953333333334
1 0.6384682846679688 0.18144021999999999 0.6536516821289062 0.1833255493333333 0.6635441630859376 0.15881695666666668 0.6712507119140625 0.13933567866666668 0.67162044921875 0.13870700666666666 0.6556071577148438 0.13085169733333332 0.6384682846679688 0.18144021999999999
1 0.57702079296875 0 0.5800160825195313 0.0023377193333333334 0.5741499072265625 0.006108377999999999 0.574840015625 0.014749184 0.591058576171875 0.0037518886666666664 0.5905402905273438 0 0.57702079296875 0
1 0.6208949448242187 0.046379177333333334 0.61107223046875 0.056696557333333335 0.6113240952148438 0.074236104 0.609812908203125 0.08696087333333333 0.6120796884765625 0.09211956333333333 0.6178725712890625 0.09108782533333334 0.6208949448242187 0.08764869866666668 0.6332363037109375 0.06082350933333333 0.6339918974609375 0.056696557333333335 0.6332363037109375 0.051193954666666666 0.6269396923828126 0.04534743933333333 0.6236654541015625 0.04500352666666667 0.6208949448242187 0.046379177333333334
1 0.5765667983398437 0.07010915200000001 0.5826115458984376 0.07045306466666666 0.5851301904296875 0.067013938 0.5858857836914062 0.05016221666666667 0.5831152749023437 0.045691352000000005 0.579589171875 0.04534743933333333 0.5780779853515625 0.04809874066666667 0.5748037470703125 0.061511335333333333 0.5748037470703125 0.06770176333333333 0.5765667983398437 0.07010915200000001
1 0.5440762822265625 0.08145827066666667 0.541053908203125 0.08352174666666666 0.5397945859375 0.088336524 0.5397945859375 0.093495214 0.541809501953125 0.105532158 0.547602384765625 0.10587607066666667 0.55389899609375 0.10037346800000001 0.5561657763671874 0.0904 0.5551583188476562 0.08352174666666666 0.550121029296875 0.07973870666666666 0.54810611328125 0.08180218333333333 0.5440762822265625 0.08145827066666667
1 0.181391447265625 0.12616691866666668 0.189702974609375 0.12341561733333332 0.1919697548828125 0.11688127599999999 0.19045856787109375 0.111722586 0.18793992333984375 0.11034693533333333 0.1841619560546875 0.11000302266666667 0.16955381689453125 0.11722518866666667 0.17030941064453126 0.124791268 0.1720724619140625 0.12651083133333332 0.181391447265625 0.12616691866666668
1 0.18668060107421874 0.150240806 0.18819178759765626 0.156259278 0.18768805859375 0.161246012 0.18945110986328126 0.16365340066666667 0.19423653515625 0.164341226 0.1967551796875 0.16193383733333333 0.20204433349609374 0.14611385400000002 0.20179246923828126 0.140955164 0.2002812822265625 0.13854777466666668 0.19524399267578124 0.13957951333333332 0.19020670361328126 0.14886515533333333 0.18668060107421874 0.150240806
1 0.183910091796875 0.108627372 0.187184330078125 0.10450042 0.18793992333984375 0.10106129333333333 0.187184330078125 0.09555868999999999 0.1783690732421875 0.09108782533333334 0.17509483544921875 0.09005608733333334 0.1735836484375 0.09177565066666667 0.1720724619140625 0.10450042 0.172324326171875 0.11034693533333333 0.183910091796875 0.108627372
1 0.2342829853515625 0.20595465999999998 0.23403112109375 0.19976423199999999 0.2284901025390625 0.19357380333333332 0.22546772900390624 0.19322989066666665 0.223704677734375 0.19460554133333335 0.22320094873046875 0.20045205733333335 0.22395654248046876 0.20251553333333333 0.2279863740234375 0.20733031066666668 0.2342829853515625 0.20595465999999998
1 0.29849944775390624 0 0.2980046962890625 0.0027022673333333335 0.2992640185546875 0.007860957333333333 0.30606435888671873 0.005797481333333333 0.30782741015625 0.0037340053333333335 0.30799832275390626 0 0.29849944775390624 0
1 0.44534541015625 0.10965911 0.45290134423828127 0.11997649066666666 0.4546643955078125 0.11756910133333334 0.458946091796875 0.10037346800000001 0.45844236279296874 0.09521477733333333 0.45642744677734376 0.09074391266666666 0.45063456396484375 0.088336524 0.4463528681640625 0.08764869866666668 0.4438342236328125 0.08902434933333332 0.4433304946289062 0.09796607866666666 0.44534541015625 0.10965911
1 0.45139015771484375 0.029527456 0.44534541015625 0.017834424666666664 0.4438342236328125 0.01611486133333333 0.4405599853515625 0.017490512 0.4365301538085937 0.021961376666666668 0.4322484580078125 0.024024853333333335 0.42796676171875 0.029527456 0.42847049072265625 0.046035264666666666 0.431241 0.04809874066666667 0.4347671025390625 0.047754828000000006 0.43980439208984373 0.04225222533333333 0.4463528681640625 0.049130478666666665 0.449878970703125 0.048786566 0.4521457509765625 0.046035264666666666 0.4526494799804687 0.039844836 0.45139015771484375 0.029527456
1 0.38514980224609374 0.057040469999999996 0.3859053955078125 0.051193954666666666 0.3828830219726562 0.04844265333333333 0.3788531904296875 0.04809874066666667 0.3735640366210938 0.05188178 0.372808443359375 0.057040469999999996 0.37583081689453124 0.06219916066666667 0.37910505517578125 0.06219916066666667 0.38514980224609374 0.057040469999999996
1 0.7475827729492187 0.11722518866666667 0.7458197216796875 0.12307170466666667 0.7463234501953125 0.12857430733333333 0.7475827729492187 0.13029387066666667 0.7508570107421875 0.12926213266666667 0.75535984375 0.12189655466666667 0.7552447416992187 0.12126822666666667 0.7574054868164063 0.11688127599999999 0.755642435546875 0.11309823666666667 0.7536275200195313 0.11103476066666668 0.7513607397460937 0.11206649866666667 0.7475827729492187 0.11722518866666667
1 0.7657170146484376 0.2733615446666667 0.7684875234375 0.2743932826666667 0.7712580327148437 0.2733615446666667 0.7725173549804687 0.26889068 0.7725173549804687 0.2544463473333333 0.7712580327148437 0.24791200666666668 0.7692431171875 0.24584853066666668 0.7654651499023437 0.24722418133333335 0.7619390473632812 0.25410243466666665 0.7649614208984375 0.27164198133333334 0.7657170146484376 0.2733615446666667
1 0.7470790439453125 0.21180117533333334 0.7513607397460937 0.21111335 0.755642435546875 0.20526683466666668 0.755642435546875 0.194949454 0.7533756557617187 0.19013467666666667 0.7508570107421875 0.188759026 0.7458197216796875 0.20010814466666665 0.744812263671875 0.20698639800000002 0.7455678569335937 0.21042552466666667 0.7470790439453125 0.21180117533333334
1 0.6415478315429688 0.22830898400000002 0.6438146118164062 0.227277246 0.6475925786132812 0.23037246 0.6508668168945313 0.2310602853333333 0.655400376953125 0.227277246 0.656155970703125 0.22211855600000002 0.6531335971679687 0.21076943733333334 0.6488519008789062 0.210081612 0.6443183403320313 0.21145726266666667 0.6410441025390625 0.22177464333333333 0.6415478315429688 0.22830898400000002
1 0.5999901938476563 0.21936725466666668 0.6032644321289062 0.22555768266666668 0.60603494140625 0.227277246 0.6083017216796875 0.22590159533333334 0.609812908203125 0.2224624686666667 0.609812908203125 0.21076943733333334 0.6085535859375 0.204922922 0.6030125678710937 0.19907640666666668 0.6004939228515624 0.20251553333333333 0.5992346005859375 0.210081612 0.5999901938476563 0.21936725466666668
1 0.5594135688476563 0.18458255066666668 0.5505565029296875 0.19165236333333333 0.5399741655273438 0.17578457600000003 0.536293166015625 0.17562740799999998 0.5360632138671875 0.181126228 0.5436549125976563 0.19667967866666666 0.5354882075195313 0.20217849866666665 0.5390538525390625 0.20814847866666666 0.54986639453125 0.20390666 0.554582556640625 0.20861998333333334 0.5573429912109376 0.20280682733333333 0.5568830864257812 0.19840784 0.5634086430664063 0.19479434933333334 0.5594135688476563 0.18458255066666668
1 0.5304756005859375 0.24309722933333333 0.5266976337890625 0.238282452 0.52317153125 0.238282452 0.5216603442382812 0.2441289673333333 0.5264457690429688 0.250663308 0.5297200073242188 0.25100722066666664 0.5317349228515625 0.24928765733333333 0.5304756005859375 0.24309722933333333
1 0.4869030478515625 0.250663308 0.4851399965820313 0.24103375333333335 0.48312508056640624 0.238282452 0.47859152001953126 0.23862636466666667 0.47632473974609374 0.24791200666666668 0.47733219775390623 0.25479026 0.48211762255859375 0.26029286333333335 0.4851399965820313 0.2589172126666667 0.4869030478515625 0.250663308
1 0.395324875 0.24742537 0.3955550791015625 0.23847022799999998 0.38968865185546875 0.23784189933333336 0.38865348876953126 0.25135319666666667 0.38520269384765626 0.25213869333333333 0.38152169482421877 0.25842301 0.37841595361328123 0.261722164 0.38094668798828124 0.2678493126666667 0.3895735498046875 0.26847798466666667 0.399580880859375 0.26863480933333334 0.400041037109375 0.25936567466666666 0.3952097729492188 0.25779468133333333 0.395324875 0.24742537
1 0.21388196337890625 0.31875801866666664 0.21942298193359375 0.3211654073333333 0.2226972197265625 0.3211654073333333 0.2272307802734375 0.3156628046666667 0.226978916015625 0.3039697733333333 0.22244535546875 0.29055717866666664 0.2176599306640625 0.28127153666666665 0.2106077255859375 0.2826471873333333 0.2085928095703125 0.2994989086666667 0.20884467431640624 0.30878455066666666 0.21388196337890625 0.31875801866666664
1 0.13655957177734376 0.27164198133333334 0.1337890625 0.2737802213333333 0.1337890625 0.2874619646666667 0.13706330078125 0.28780587733333335 0.14235245458984375 0.28367892533333333 0.14260431884765626 0.2764567593333333 0.14109313232421875 0.2733615446666667 0.1398338095703125 0.27164198133333334 0.13655957177734376 0.27164198133333334
1 0.7400976127929687 0.3781087486666667 0.7439317456054687 0.3617935313333333 0.7483255209960937 0.36360629533333333 0.7458489375 0.33540751933333335 0.73950774609375 0.33520633 0.740540138671875 0.3547440093333333 0.7333141469726563 0.3742816886666667 0.7358209541015625 0.38193546533333333 0.7400976127929687 0.3781087486666667
1 0.7909034614257813 0.338704954 0.7931702416992188 0.34936624666666666 0.79493329296875 0.3534931986666666 0.7979556665039063 0.3562445006666667 0.8002224467773438 0.35280537333333334 0.80072617578125 0.3476466833333333 0.799466853515625 0.33732930333333333 0.7979556665039063 0.3314827873333333 0.7966963442382813 0.330794962 0.79493329296875 0.33045104933333336 0.7926665126953125 0.3321706126666667 0.7909034614257813 0.338704954
1 0.8079516635742188 0.23973307533333332 0.8131131220703125 0.244567112 0.8266531040039062 0.21918842 0.8218137802734375 0.213548596 0.8079516635742188 0.23973307533333332
1 0.6595911499023438 0.13370445266666667 0.6814262885742187 0.15077902933333334 0.6860935888671875 0.13620882466666664 0.6622578911132813 0.12027259933333333 0.6595911499023438 0.13370445266666667
1 0.4669271728515625 0.2231612993333333 0.472483806640625 0.22335595333333333 0.47348118994140626 0.21440425066666668 0.4784681064453125 0.21031753600000003 0.47956573193359375 0.19971161333333334 0.4717715341796875 0.19922497666666666 0.4669271728515625 0.2231612993333333
1 0.313571431640625 0.183851048 0.3151387841796875 0.177818476 0.31538359619140627 0.17139625066666667 0.3107218369140625 0.16692057066666666 0.3068748588867187 0.17236952333333333 0.3075873833007812 0.17820744133333336 0.30972445361328127 0.179180714 0.31129180615234375 0.185213286 0.313571431640625 0.183851048
1 0.20482970263671876 0.14084339199999998 0.20839182177734375 0.136951332 0.21594322216796874 0.13442151066666666 0.21879281689453126 0.12799928533333335 0.218327875 0.122355678 0.20440228857421874 0.13130772533333335 0.20482970263671876 0.14084339199999998
1 0.20012789697265626 0.04470810533333333 0.2122387998046875 0.048600165333333334 0.2117008173828125 0.03974578933333334 0.20368976416015624 0.03770226 0.20012789697265626 0.04470810533333333
1 0.24928352978515625 0.06261185533333333 0.2554101328125 0.06066599733333334 0.25445657373046876 0.05463308133333334 0.24728876318359375 0.056384628666666665 0.24928352978515625 0.06261185533333333
1 0.2378851513671875 0.08401835666666667 0.23760004052734374 0.07837509333333334 0.2321859619140625 0.07545596266666667 0.22805387353515624 0.07837509333333334 0.23118857861328124 0.08304542733333334 0.2378851513671875 0.08401835666666667
1 0.3349475 0 0.33765068212890625 0.025053152000000002 0.34274715966796876 0.02252333 0.34058151220703126 0 0.3349475 0
1 0.8041568217773437 0.384304336 0.8074182143554688 0.3818250693333334 0.80919234765625 0.351354062 0.8035712368164063 0.350394546 0.8020487158203125 0.3801454 0.8041568217773437 0.384304336
1 0.7965631079101563 0.3784292753333333 0.796642193359375 0.383832144 0.7986200849609375 0.38631760066666665 0.801230912109375 0.37821329866666664 0.80186384765625 0.3776730113333333 0.8001232119140625 0.3721621546666667 0.7965631079101563 0.3784292753333333
1 0.7313601821289063 0.3910721933333333 0.7273253134765625 0.3894513326666667 0.7270878051757812 0.395826786 0.7370563491210937 0.39982477133333333 0.7383222197265625 0.39312535200000004 0.7340498427734375 0.39074788400000005 0.7313601821289063 0.3910721933333333
1 0.7390342407226562 0.4294325573333333 0.7399044326171875 0.438725422 0.7425396904296875 0.4398059953333333 0.742515259765625 0.428784282 0.7390342407226562 0.4294325573333333
1 0.612610115234375 0.3025205253333333 0.6400887807617187 0.30352715799999996 0.6404046186523438 0.29446781 0.6114520424804688 0.291016646 0.612610115234375 0.3025205253333333
1 0.44747517626953126 0.3634914286666666 0.45947727392578125 0.365792204 0.45989839111328124 0.357451978 0.4476857348632812 0.3542883253333334 0.44747517626953126 0.3634914286666666
1 0.446106544921875 0.3744202853333334 0.45266031005859375 0.3662956926666667 0.44779101416015626 0.3617660186666667 0.442105677734375 0.36737420266666665 0.44357958837890626 0.3732698973333333 0.446106544921875 0.3744202853333334
1 0.39998411572265624 0.296768586 0.4034583344726563 0.308991586 0.4070078603515625 0.30719395466666666 0.40387945166015626 0.295618198 0.39998411572265624 0.296768586
1 0.3868151303710938 0.32883603533333333 0.38723624755859376 0.3328622213333334 0.39113183544921876 0.33501924133333333 0.3930268637695313 0.332718466 0.39373863232421874 0.330489568 0.38965767236328125 0.32797315866666665 0.3868151303710938 0.32883603533333333
1 0.338056435546875 0.29087289066666666 0.3396356259765625 0.28555221733333336 0.3284757631835937 0.27706823599999997 0.32921271875 0.2862713393333333 0.333634451171875 0.28986625800000004 0.338056435546875 0.29087289066666666
1 0.3020325126953125 0.31704430133333333 0.30529617236328127 0.31934507733333334 0.30792815625 0.3164692793333333 0.30971815673828124 0.31459977 0.30940231884765623 0.30065136 0.3020325126953125 0.29993223866666663 0.3020325126953125 0.31704430133333333
1 0.26159542041015627 0.30856032 0.25959486083984373 0.31273026066666665 0.2630693310546875 0.320207954 0.2682280190429687 0.323659118 0.26938609228515625 0.319632932 0.26559603564453127 0.311292362 0.26159542041015627 0.30856032
1 0.30040320166015627 0.33034581199999996 0.29724482080078124 0.33264658799999997 0.29682370361328125 0.34041179266666666 0.2980870556640625 0.3419934466666667 0.30006419189453126 0.34213720266666664 0.3010348774414062 0.33552273 0.30040320166015627 0.33034581199999996
1 0.27250341845703124 0.3339407313333333 0.27492484375 0.334371998 0.27408260888671876 0.32603177133333333 0.27124006640625 0.32301187466666664 0.2706083901367187 0.3333657093333333 0.27250341845703124 0.3339407313333333
1 0.3626424379882813 0.465948518 0.361694923828125 0.4801844393333333 0.36948584716796873 0.48794964333333335 0.37769788818359373 0.48377935866666666 0.379521638671875 0.469830948 0.37138087548828125 0.46019657866666663 0.3626424379882813 0.465948518
1 0.35085089892578125 0.47227547933333336 0.35495704541015627 0.4755828873333333 0.35664151513671877 0.46264110933333336 0.35474648681640625 0.46220949933333333 0.3477977978515625 0.45818331333333334 0.34685028369140625 0.44811733333333337 0.34484972412109377 0.44840484399999997 0.34148078515625 0.44063964 0.333795140625 0.44365953733333335 0.3352690517578125 0.4505618646666667 0.3328476264648437 0.4607716006666667 0.3283203627929687 0.46810553800000004 0.32789924560546874 0.4790340513333333 0.33411097900390624 0.4819101933333333 0.3397963154296875 0.4814785826666667 0.3474819599609375 0.48492974666666666 0.34916642919921875 0.4778836633333334 0.35085089892578125 0.47227547933333336
1 0.32526726171875 0.44768606666666666 0.3270570107421875 0.4498427433333333 0.329162849609375 0.44883645466666666 0.3302156430664063 0.4409274946666667 0.32653061376953124 0.4387704746666667 0.32074025 0.43805135333333334 0.31779217626953127 0.4438032926666666 0.32210888134765625 0.4449536806666667 0.32526726171875 0.44768606666666666
1 0.3503330654296875 0.4964339693333333 0.35254418359375 0.5016105433333333 0.3608816533203125 0.49765623533333336 0.360966783203125 0.49226368400000003 0.3503330654296875 0.4964339693333333
1 0.4746976953125 0.43517555533333335 0.474276578125 0.41676900466666666 0.470486521484375 0.41374945133333335 0.4644853466796875 0.41317408533333333 0.46280087744140624 0.427122496 0.46753844775390624 0.4403521286666667 0.4724868291015625 0.43762008666666663 0.4746976953125 0.43517555533333335
1 0.5169245366210937 0.45228761866666667 0.51839869921875 0.45918994599999996 0.5242943427734374 0.46321613133333334 0.5259788125 0.45847082466666667 0.5248512153320313 0.45343800666666667 0.5207148452148438 0.4508493753333333 0.5169245366210937 0.45228761866666667
1 0.5440961791992187 0.439489252 0.5470440009765625 0.44250914933333335 0.5562035561523437 0.435031456 0.5523082202148437 0.4312927813333333 0.5440961791992187 0.439489252
1 0.5777908598632813 0.4652293966666667 0.5721055229492188 0.46853680466666664 0.56842074609375 0.46235359866666664 0.5617878950195313 0.46364774200000003 0.5626301298828125 0.47112509133333336 0.5633670854492188 0.47328211200000003 0.5623142919921875 0.48277307 0.564630689453125 0.493557828 0.56842074609375 0.48694301133333334 0.5754747143554687 0.4853613566666667 0.5721055229492188 0.4803281946666667 0.5802122846679687 0.47270709000000005 0.5825092885742188 0.4724192346666667 0.5777908598632813 0.4652293966666667
1 0.6275058837890625 0.37492343 0.6265583696289062 0.38067536933333335 0.6309801020507813 0.380963224 0.6354020864257812 0.3769366946666666 0.6357179243164063 0.37377304200000006 0.6331912202148438 0.3716160213333333 0.6275058837890625 0.37492343
1 0.776650703125 0.32595989400000003 0.7722030283203125 0.324306362 0.7684127197265626 0.3291954246666667 0.7695707924804688 0.33739189533333336 0.7718871904296875 0.33811101666666665 0.7756772465820313 0.33552273 0.7768353198242187 0.3300583013333333 0.776650703125 0.32595989400000003
1 0.805069830078125 0.58882783 0.8112750151367187 0.5950798186666667 0.8158864018554688 0.5939682926666667 0.8131058178710937 0.5832705453333333 0.8090369477539062 0.562291184 0.8033407807617188 0.549231444 0.796525328125 0.5559002546666666 0.7993736635742188 0.5700715206666667 0.805069830078125 0.58882783
1 0.7303862221679688 0.483237696 0.7302844692382813 0.49032332866666667 0.7342515864257813 0.4906012106666667 0.7411685405273437 0.4839323993333333 0.7426273393554688 0.47768041133333333 0.7402530131835937 0.4754573593333334 0.7303862221679688 0.483237696
1 0.7040137456054687 0.4949774993333333 0.6998615083007812 0.4907401513333333 0.6921307802734376 0.487128036 0.6837897846679688 0.4850439253333333 0.6799244204101562 0.48907286266666666 0.6780933657226562 0.50352201 0.7000650146484375 0.5129696346666667 0.7040137456054687 0.4949774993333333
1 0.6908084916992188 0.47823617399999996 0.6938600815429687 0.483237696 0.6976236923828125 0.47768041133333333 0.7004717758789063 0.470594778 0.7022010771484375 0.46642655666666666 0.6989459809570312 0.4615639753333333 0.6908084916992188 0.47823617399999996
1 0.68155196875 0.4760131226666667 0.6832570913085938 0.47184524466666666 0.679110646484375 0.47045583733333335 0.6753467836914062 0.4772635886666667 0.6773813447265625 0.47879193666666664 0.68155196875 0.4760131226666667
1 0.6098262573242188 0.49226849933333333 0.6074866879882812 0.48254299266666667 0.6021972822265625 0.4739290113333333 0.5947715625 0.4746237153333333 0.5950768217773438 0.4837934586666667 0.5924319931640625 0.48587757000000004 0.5926354995117188 0.4919906173333333 0.5941612944335938 0.49671425799999996 0.5936527802734375 0.50546718 0.6006714873046874 0.5044945946666667 0.6052488725585937 0.5015771833333333 0.60941949609375 0.4985204873333333 0.6122874765625 0.493935788 0.6098262573242188 0.49226849933333333
1 0.5914149643554687 0.5292250113333333 0.5942630478515625 0.5271409006666667 0.5973146376953125 0.5253346713333333 0.6034178178710937 0.5179711573333333 0.6038248305664062 0.5181100980000001 0.6016887680664063 0.503938832 0.5976198974609375 0.5101908206666667 0.5958905961914063 0.5117191686666667 0.5916182192382813 0.517415394 0.5914149643554687 0.5292250113333333
1 0.6572364692382813 0.5998034593333333 0.674732486328125 0.5925788853333334 0.6772753100585938 0.5824369006666666 0.6711721303710938 0.5689599946666667 0.667103259765625 0.56159648 0.6654757114257812 0.5396448779999999 0.6454368706054687 0.547286274 0.645640376953125 0.5770182126666666 0.6572364692382813 0.5998034593333333
1 0.5433776098632812 0.5290860706666667 0.5479549946289063 0.5297807746666666 0.5480333247070313 0.5191521533333334 0.5429708486328125 0.5213057346666667 0.5433776098632812 0.5290860706666667
1 0.49433581982421876 0.5789633826666667 0.4932167861328125 0.56993258 0.48904616259765626 0.5693768166666667 0.4843670244140625 0.574934446 0.48457053076171874 0.5845206679999999 0.4902669497070313 0.5856321933333334 0.49240301220703125 0.5821590193333334 0.49433581982421876 0.5789633826666667
1 0.4691007631835937 0.614113666 0.47510218994140624 0.6132800213333334 0.47510218994140624 0.5954966406666666 0.4706265581054688 0.596886048 0.46849024365234376 0.6039716806666667 0.4691007631835937 0.614113666
1 0.46086126904296876 0.6346762046666666 0.460759515625 0.6494032333333334 0.4664559345703125 0.6512091193333334 0.47520394287109374 0.6503754746666667 0.47845903955078123 0.6474580633333333 0.4746951767578125 0.6353705646666666 0.46086126904296876 0.6346762046666666
1 0.4111074580078125 0.616058836 0.4080556162109375 0.601470748 0.4044955122070312 0.5913284193333334 0.3989008466796875 0.591884182 0.39930785986328127 0.5977196926666667 0.4050040263671875 0.6182818873333333 0.40968316455078124 0.6189765913333333 0.4111074580078125 0.616058836
1 0.379167013671875 0.6092510846666667 0.3929686826171875 0.5973028699999999 0.39086485888671874 0.590356178 0.3754034028320313 0.6009149853333333 0.3756069091796875 0.6086953213333334 0.379167013671875 0.6092510846666667
1 0.3892375625 0.6028601553333333 0.3903563447265625 0.6324531533333333 0.38364289697265624 0.6419007786666667 0.3857789594726562 0.6552384 0.39574750341796877 0.6445403080000001 0.40215594287109374 0.6371767939999999 0.404292005859375 0.6389830233333333 0.4074453486328125 0.6363431493333334 0.4074453486328125 0.63175845 0.4025627041015625 0.6235612913333334 0.4010369091796875 0.604527444 0.3892375625 0.6028601553333333
1 0.35392792724609373 0.5378389926666667 0.3527071401367188 0.54659157 0.3563692495117188 0.5488146213333334 0.3589120732421875 0.5436741586666667 0.360002142578125 0.53999223 0.35728452490234375 0.5367274666666666 0.35392792724609373 0.5378389926666667
1 0.30082129638671873 0.5999424 0.3018385771484375 0.6209214173333333 0.30784000341796874 0.6182818873333333 0.3067212216796875 0.599108756 0.30082129638671873 0.5999424
1 0.333168501953125 0.6323142126666667 0.33296499560546877 0.6362042086666667 0.33693211279296875 0.6409281933333333 0.3406957236328125 0.6388440826666667 0.3422215185546875 0.6364820906666666 0.338356154296875 0.629118576 0.333168501953125 0.6323142126666667
1 0.313332916015625 0.6499586526666667 0.31302790771484373 0.6581558113333333 0.3183173134765625 0.65787793 0.31974135546875 0.6534321706666666 0.3201481166992188 0.6499586526666667 0.3174017861328125 0.6484306486666667 0.313332916015625 0.6499586526666667
1 0.227256470703125 0.602304392 0.226645951171875 0.609112144 0.22918902685546874 0.6174482433333334 0.23356315673828126 0.6142526066666667 0.23576722265625 0.611057314 0.23396991796875 0.6006371033333333 0.227256470703125 0.602304392
1 0.2393610771484375 0.6316195086666666 0.24444722802734375 0.6313416273333333 0.247824478515625 0.621060358 0.2427179267578125 0.6177261246666667 0.2393610771484375 0.6316195086666666
1 0.2137149775390625 0.576879272 0.214400048828125 0.5720861606666666 0.20588249609375 0.5642363539999999 0.20323766748046876 0.568821054 0.19927055029296875 0.5695157573333334 0.1983552744140625 0.57382292 0.19957581005859376 0.579241264 0.19540518603515625 0.5813253746666667 0.19479491845703126 0.585354312 0.1967277265625 0.5885499486666667 0.20110160498046875 0.5872994819999999 0.205272228515625 0.592301004 0.2091375927734375 0.589244652 0.20761179736328125 0.5834091419999999 0.2112736552734375 0.579241264 0.2137149775390625 0.576879272
1 0.18146121337890625 0.5588180100000001 0.1866488662109375 0.5575675433333334 0.18837816748046876 0.549648266 0.191633263671875 0.5358938226666666 0.1924470380859375 0.5307533593333333 0.19112474951171876 0.52700196 0.18746264013671876 0.529641834 0.18451280322265626 0.5378389926666667 0.18166472021484376 0.5518713173333333 0.18146121337890625 0.5588180100000001
1 0.14279901025390626 0.429053222 0.13954391357421875 0.4389176693333333 0.144121298828125 0.44433601333333334 0.14829192236328126 0.435999914 0.14938274755859374 0.4320404473333333 0.14768165478515624 0.42724733666666664 0.14279901025390626 0.429053222
1 0.16621132373046876 0.6815662913333334 0.1653975498046875 0.68781828 0.170381947265625 0.6919865013333333 0.1739420517578125 0.6829556986666666 0.17648512744140624 0.6739248953333333 0.17170423583984376 0.669062314 0.16621132373046876 0.6815662913333334
1 0.19693098095703124 0.729776658 0.20008432421875 0.7290819546666667 0.20079634521484374 0.7250526740000001 0.19754124853515626 0.7146328073333335 0.192455349609375 0.7014341266666667 0.187877712890625 0.7046294193333333 0.187572705078125 0.710881408 0.19204833642578126 0.7244969106666668 0.19693098095703124 0.729776658
1 0.2073065380859375 0.6535016406666667 0.20567898974609375 0.6485001186666667 0.19937230322265626 0.647527534 0.19591370068359376 0.6561415146666667 0.19957555810546876 0.6628103253333334 0.2042546962890625 0.6618377406666667 0.20598399755859376 0.6557246926666667 0.2073065380859375 0.6535016406666667
1 0.2337621298828125 0.7557571973333334 0.22481086669921874 0.7514503793333334 0.22094525048828126 0.7564519013333334 0.22033498291015624 0.7613144826666667 0.2267434228515625 0.7652048226666668 0.2340673896484375 0.7699284633333333 0.2383616787109375 0.7642322380000001 0.24454444775390624 0.7538120273333334 0.24067908349609374 0.7501999126666666 0.23640695849609375 0.7522840233333333 0.2337621298828125 0.7557571973333334
1 0.29663807958984373 0.7514503793333334 0.29419675732421874 0.7593696566666668 0.2968415859375 0.7693727006666666 0.30792891162109376 0.7717346926666667 0.3111628515625 0.7613144826666667 0.300503443359375 0.7508946160000001 0.29663807958984373 0.7514503793333334
1 0.3887202329101562 0.7335277139999999 0.3921788359375 0.7317214846666668 0.390653041015625 0.7236632666666666 0.3819050322265625 0.7307492433333334 0.3849566220703125 0.741585932 0.3887202329101562 0.7335277139999999
1 0.49789567236328125 0.676009006 0.49464082763671874 0.6772594726666668 0.4947423291015625 0.6882351019999999 0.4984044384765625 0.6908749753333333 0.501354275390625 0.6883740426666667 0.5000319868164063 0.6823999353333333 0.49789567236328125 0.676009006
1 0.6082918989257813 0.6497502413333334 0.6180571879882812 0.6580863406666666 0.6216172924804687 0.6504449453333333 0.611139982421875 0.6401640193333333 0.6082918989257813 0.6497502413333334
1 0.56871416796875 0.617934536 0.5731900517578125 0.620713006 0.5731900517578125 0.6158504246666666 0.5706469760742188 0.611126784 0.568103900390625 0.6093205546666667 0.5670866201171875 0.602651744 0.564136783203125 0.6054302146666667 0.5654590717773438 0.6201572433333333 0.56871416796875 0.617934536
1 0.63607003125 0.6896245093333334 0.63607003125 0.6889298053333334 0.6324081733398438 0.6739248953333333 0.6275255288085938 0.677120532 0.6315943994140625 0.692542264 0.63607003125 0.6896245093333334
1 0.8449485390625 0.7367233506666666 0.835793517578125 0.7345002986666667 0.834572982421875 0.7563129606666666 0.8355902626953124 0.760480838 0.8416934428710937 0.7620091860000001 0.8436259985351563 0.758952834 0.8442362661132813 0.74769898 0.8449485390625 0.7367233506666666
1 0.651239072265625 0.7126876373333333 0.6517475869140625 0.7165776333333334 0.6547991767578125 0.716994456 0.6562232182617187 0.718522804 0.6570369926757812 0.7203290333333333 0.6590715537109375 0.71977327 0.6603636186523437 0.7196343293333333 0.6590715537109375 0.7118539926666667 0.6568334858398438 0.7129655186666667 0.6553076909179687 0.7106035266666666 0.651239072265625 0.7126876373333333
1 0.638511353515625 0.6065417406666667 0.6423767172851562 0.6082090293333333 0.641868203125 0.6009844553333333 0.639426880859375 0.5973723406666667 0.636680298828125 0.600289752 0.638511353515625 0.6065417406666667
1 0.8143880600585938 0.858707458 0.8141848051757813 0.8684329646666666 0.8172363955078125 0.877185886 0.8195759643554688 0.8753796566666666 0.819779470703125 0.8727397833333332 0.8175414033203126 0.8592632206666667 0.8143880600585938 0.858707458
1 0.7522243828125 0.809246968 0.7559879936523437 0.8127201426666667 0.7676858388671876 0.78423867 0.7765356010742187 0.7850723146666666 0.77673885546875 0.7786813853333333 0.7708391821289062 0.7774309186666666 0.7686013662109376 0.77117893 0.7629049477539063 0.776875156 0.7530381572265625 0.8036896833333333 0.7522243828125 0.809246968
1 0.7443833383789062 0.8157768380000001 0.7381784052734375 0.8142484906666667 0.7319734721679687 0.8059123906666666 0.7286168745117187 0.8107753160000001 0.7253617783203125 0.819527894 0.7303459243164062 0.8211951826666667 0.7440783305664063 0.8227235306666667 0.7443833383789062 0.8157768380000001
1 0.7162067563476563 0.8463424213333333 0.7357370830078125 0.8507881806666666 0.7363697666015625 0.8442583106666666 0.7154947358398438 0.83953467 0.7162067563476563 0.8463424213333333
1 0.6646372548828124 0.8776027080000001 0.6611509467773438 0.8539838173333333 0.6553527749023438 0.8541227579999999 0.65677681640625 0.8660709719999999 0.6532167124023438 0.8983038440000001 0.6595233984375 0.8969144366666666 0.661049193359375 0.8789917713333333 0.6646372548828124 0.8776027080000001
1 0.6291732265625 0.9678319826666667 0.6339813188476563 0.9806117773333334 0.6367102705078125 0.9770619106666666 0.6312523676757813 0.9635722800000001 0.6291732265625 0.9678319826666667
1 0.3515377333984375 0.8329373933333333 0.3710305322265625 0.8522838566666666 0.3784378662109375 0.83577708 0.35790537060546873 0.8150102566666666 0.3515377333984375 0.8329373933333333
1 0.5259594189453125 0.7947761546666667 0.5223207329101562 0.7974387266666666 0.5256994946289063 0.8032959033333333 0.5350560078125 0.8105730953333333 0.538174845703125 0.8095079980000001 0.5351859702148437 0.80081079 0.5259594189453125 0.7947761546666667
1 0.4882734423828125 0.8192703033333334 0.488403404296875 0.8315173773333333 0.4942514453125 0.8421669773333333 0.5012686411132813 0.836131998 0.49853968994140624 0.829742444 0.4938615590820313 0.817140452 0.4882734423828125 0.8192703033333334
1 0.41405527978515627 0.8187379266666667 0.409506859375 0.8222877933333332 0.40508865283203127 0.8196252213333334 0.40521836328125 0.8318722953333333 0.4096368212890625 0.829742444 0.4127556591796875 0.834179606 0.4154846108398437 0.8402145853333333 0.41574453466796873 0.84642668 0.4201629931640625 0.8450066646666667 0.4213323999023437 0.8276125933333333 0.416914193359375 0.8242401853333334 0.41405527978515627 0.8187379266666667
1 0.3248869462890625 0.92097388 0.32761589794921875 0.9138741466666667 0.32514687060546876 0.9076620519999999 0.32137822265625 0.9115668366666667 0.3181296748046875 0.9229262726666666 0.31605028173828126 0.9318009393333333 0.31929908154296877 0.9344635106666667 0.32202803271484376 0.9277186953333333 0.3246270224609375 0.9314460213333333 0.32683637744140626 0.9282510726666666 0.3248869462890625 0.92097388
1 0.315779779296875 0.8602712286666666 0.3168192236328125 0.856366444 0.31616966552734377 0.8537038726666666 0.3025246557617188 0.8558337233333333 0.30213476953125 0.8611585233333333 0.307073076171875 0.8622236213333334 0.3109714345703125 0.8659509466666667 0.3164295893554688 0.8671935033333332 0.315779779296875 0.8602712286666666
1 0.2425955205078125 0.8954149773333333 0.2435052548828125 0.8986095826666667 0.24870323388671875 0.8952375186666667 0.252341919921875 0.8900901773333333 0.2536415405273437 0.8876050646666666 0.25130222314453127 0.884410116 0.2425955205078125 0.8954149773333333
1 0.8401424614257812 0.9547863426666666 0.8359841787109376 0.96064352 0.83650402734375 0.9689858093333333 0.8428716645507812 0.9744880686666667 0.8457053916015626 0.9688083506666667 0.8452107299804688 0.956916194 0.8401424614257812 0.9547863426666666
1 0.7203620166015625 0.5666925786666667 0.7151338139648438 0.570632442 0.71062669921875 0.567923786 0.7043164868164062 0.57531103 0.7171169946289062 0.600673902 0.7203620166015625 0.6132325613333334 0.7255904711914063 0.5996889366666667 0.7286551577148438 0.589593036 0.73153976171875 0.5831907573333334 0.7300975859375 0.56866251 0.7227058671875 0.57358734 0.7203620166015625 0.5666925786666667
1 0.794489759765625 0.6486913346666667 0.797374111328125 0.6437665046666666 0.7910641508789062 0.6349018113333333 0.7854752783203125 0.6381029506666667 0.7914248208007812 0.6496763 0.794489759765625 0.6486913346666667
1 0.75951535546875 0.7370015759999999 0.7632157485351563 0.7344745053333332 0.7628193139648437 0.728517938 0.7567400610351562 0.72653253 0.75647585546875 0.7337526326666666 0.75951535546875 0.7370015759999999
1 0.2078336904296875 0.7083367979999999 0.20757376611328124 0.723246444 0.21240780078125 0.7222700759999999 0.2118620107421875 0.7094018953333333 0.2078336904296875 0.7083367979999999
1 0.7890419311523438 0.6718483506666666 0.7878128325195313 0.6735273319999999 0.7879883818359374 0.6812014 0.7899199306640625 0.6814411066666667 0.7915661166992187 0.6812014 0.7914122275390625 0.6738870646666667 0.7890419311523438 0.6718483506666666
1 0.2604955283203125 0.15087223 0.260386470703125 0.155188334 0.263110888671875 0.16516076999999998 0.26518121484375 0.16248168999999998 0.2650724091796875 0.15712353066666665 0.2635466142578125 0.15131862866666668 0.2604955283203125 0.15087223
1 0.2592969052734375 0.189421058 0.26136723095703124 0.19537453000000002 0.264854294921875 0.19537453000000002 0.26692487255859376 0.19284436466666666 0.2673605981445312 0.189421058 0.26223893408203125 0.18852826066666667 0.2592969052734375 0.189421058
1 0.8377557934570312 0.138072144 0.8385184389648438 0.14149545066666666 0.8495246645507812 0.14060230933333334 0.8495246645507812 0.13569089266666667 0.8486527099609374 0.13211867133333333 0.8399351767578125 0.13390460999999998 0.8377557934570312 0.138072144
1 0.5367044609375 0.5627066306666666 0.537121044921875 0.5568270993333333 0.533014646484375 0.5559869206666667 0.5316311547851562 0.5627066306666666 0.5345522788085938 0.5658565266666667 0.5367044609375 0.5627066306666666