1 0.18475656396484375 0.900615606 0.1877229267578125 0.9098209279999999 0.192576974609375 0.9168169719999999 0.19527366748046876 0.9182898239999999 0.19877936865234375 0.9179216106666667 0.201206392578125 0.9127666306666666 0.20147606201171875 0.900615606 0.1982400302734375 0.8899374326666666 0.1928466435546875 0.883677814 0.18988028125 0.8818367493333333 0.186374580078125 0.8833096006666666 0.18448689501953125 0.8892010066666667 0.18448689501953125 0.8913182306666666 0.18475656396484375 0.900615606
1 0.20794812548828126 0.7923610213333333 0.21118415771484375 0.7901517439999999 0.2103751494140625 0.778368932 0.20794812548828126 0.7717411000000001 0.20201540087890624 0.7684271846666667 0.1955433369140625 0.7669543326666667 0.1912286279296875 0.7669543326666667 0.1893409423828125 0.7695318233333334 0.1893409423828125 0.772477526 0.19176796630859375 0.7838921253333333 0.19446465966796875 0.7879424666666667 0.20794812548828126 0.7923610213333333
1 0.4031887138671875 0.9149759080000001 0.4075034228515625 0.9197626753333334 0.41046978564453124 0.9190262493333333 0.41532383349609375 0.9061387986666667 0.410739455078125 0.8899374326666666 0.4085821000976563 0.8858870906666666 0.40426739111328125 0.8811003233333332 0.4018403671875 0.882204962 0.396716650390625 0.8892010066666667 0.3942896264648437 0.8947242 0.3942896264648437 0.896565264 0.39563797265625 0.9013520313333333 0.4031887138671875 0.9149759080000001
1 0.2999053642578125 0.7341833873333333 0.3093437900390625 0.7341833873333333 0.313388830078125 0.73197411 0.31581585400390627 0.7290284073333334 0.3174338701171875 0.7249780653333334 0.3182428779296875 0.7194548726666666 0.3152765151367187 0.7014124413333334 0.3120404833984375 0.6995713773333333 0.30745610498046877 0.7025170799999999 0.3012537104492187 0.7109859759999999 0.2910062763671875 0.718350234 0.288848921875 0.7238734266666667 0.288848921875 0.7246098526666667 0.2999053642578125 0.7341833873333333
1 0.300175033203125 0.9013520313333333 0.2937029697265625 0.900615606 0.29208495361328124 0.9065070120000001 0.29208495361328124 0.9072434373333333 0.29424230810546875 0.9182898239999999 0.29424230810546875 0.9374368933333334 0.29586032421875 0.942960086 0.30314139599609374 0.9499561306666666 0.3069167666015625 0.9499561306666666 0.3085347822265625 0.948851492 0.3128494912109375 0.9422236606666667 0.3155461845703125 0.9352276159999999 0.31581585400390627 0.9267587199999999 0.314197837890625 0.917553398 0.3096134594726562 0.9109255666666666 0.306377427734375 0.9013520313333333 0.303680734375 0.8991427546666667 0.300175033203125 0.9013520313333333
1 0.32363626416015623 0.8203451993333333 0.32282725634765624 0.8133491546666667 0.3209395712890625 0.8122445166666666 0.31015279833984377 0.8122445166666666 0.3093437900390625 0.8126127293333334 0.30880445166015624 0.8166630706666667 0.30880445166015624 0.819608774 0.3096134594726562 0.8243955413333333 0.31231015283203123 0.8258683926666666 0.32201824853515626 0.8251319666666667 0.32363626416015623 0.8203451993333333
1 0.589260544921875 0.7003078026666667 0.5879121987304687 0.7076720606666667 0.5873728598632812 0.7220323626666667 0.5873728598632812 0.7240836766666666 0.587642529296875 0.7389701546666667 0.59033922265625 0.749648328 0.5976202939453125 0.7610629273333334 0.600856326171875 0.76400863 0.6040923579101563 0.7643768426666667 0.60678905078125 0.7595900753333333 0.6084070668945313 0.7485436893333334 0.609485744140625 0.7124588279999999 0.6073283896484375 0.7014124413333334 0.60517103515625 0.6955210353333333 0.5984293022460937 0.6877885653333333 0.5970809555664063 0.6870521393333333 0.594653931640625 0.6892614166666667 0.589260544921875 0.7003078026666667
1 0.39482896484375 0.6292427186666666 0.398334666015625 0.62556059 0.402649375 0.613041352 0.401031359375 0.6060453073333333 0.3891659091796875 0.5931578566666666 0.3856602080078125 0.5909485793333333 0.382693845703125 0.59352607 0.37676112060546874 0.60641352 0.37676112060546874 0.607149946 0.3786488056640625 0.6134095646666666 0.38512086962890624 0.6211420353333333 0.39482896484375 0.6292427186666666
1 0.43481814013671877 1 0.4355490322265625 0.9893549079999999 0.43231300048828125 0.9864092053333334 0.4282679609375 0.9864092053333334 0.42584093701171877 0.9919323986666667 0.4250319287109375 0.9978238046666666 0.4250319287109375 0.9998489753333333 0.425074744140625 1 0.43481814013671877 1
1 0.43581870166015624 0.6918389066666667 0.43878506396484374 0.6782150306666667 0.4382457255859375 0.6741646886666667 0.4355490322265625 0.6715871986666667 0.4298859765625 0.6726918373333333 0.42584093701171877 0.6885249913333333 0.42584093701171877 0.6899978426666666 0.426380275390625 0.6951528226666666 0.43285233935546874 0.6955210353333333 0.434200685546875 0.6944163966666667 0.43581870166015624 0.6918389066666667
1 0.40696408447265625 0.5957353466666667 0.40777309228515624 0.6001539013333334 0.41046978564453124 0.6056770946666666 0.4199082119140625 0.6152506293333333 0.4215262275390625 0.6145142033333333 0.42584093701171877 0.607149946 0.42584093701171877 0.6005221146666667 0.4242229208984375 0.5924214313333334 0.4207172197265625 0.5846889606666666 0.41559350244140625 0.5787975546666666 0.41343614794921874 0.5780611293333333 0.411548462890625 0.580270406 0.4083124311523437 0.586898238 0.40696408447265625 0.59352607 0.40696408447265625 0.5957353466666667
1 0.62081185546875 0.8748407046666666 0.6232388793945313 0.871895002 0.6229692104492187 0.86526717 0.6213511943359376 0.8626896799999999 0.616497146484375 0.8626896799999999 0.6116430986328125 0.866003596 0.6116430986328125 0.8679672753333333 0.6116430986328125 0.871895002 0.6127217758789063 0.8748407046666666 0.6154184692382813 0.877049982 0.62081185546875 0.8748407046666666
1 0.27159008544921875 0.5795339806666666 0.2734777705078125 0.587634664 0.27779247998046874 0.5905803666666667 0.28102851171875 0.5883710893333334 0.2839948740234375 0.5839525353333334 0.2896579296875 0.5714332973333334 0.2896579296875 0.5648054653333333 0.2839948740234375 0.547131248 0.28075884228515624 0.547131248 0.2769834716796875 0.5504451633333333 0.272129423828125 0.5596504853333333 0.27078107763671877 0.567382956 0.27078107763671877 0.5695922333333333 0.27159008544921875 0.5795339806666666
1 0.41262714013671875 0.474593312 0.4169418491210938 0.4815893566666667 0.420177880859375 0.4812211433333334 0.42179589697265624 0.47974829199999997 0.4282679609375 0.4709111833333333 0.42745895263671874 0.46501977733333333 0.425571267578125 0.4606012226666667 0.419368873046875 0.44808198466666666 0.4172115185546875 0.4455044946666667 0.412357470703125 0.4473455593333333 0.40804276171875 0.45213232666666664 0.4066944150390625 0.45765551933333337 0.4066944150390625 0.46023301 0.41262714013671875 0.474593312
1 0.78989451953125 0.9683667746666667 0.785579810546875 0.9683667746666667 0.7836921254882813 0.9720489033333334 0.7831527866210938 0.9764674579999999 0.7831527866210938 0.97879935 0.7831527866210938 0.9834635026666666 0.7842314638671875 0.9853045666666667 0.78989451953125 0.9849363539999999 0.7912428662109375 0.973153542 0.78989451953125 0.9683667746666667
1 0.7375786713867187 0.6830017979999999 0.7391966875 0.6793196693333333 0.7394663569335937 0.6774786046666667 0.7367696635742188 0.671955412 0.7300279306640625 0.6656957926666667 0.7265222294921875 0.6653275799999999 0.7235558666992188 0.6668004313333333 0.7195108271484375 0.671218986 0.7195108271484375 0.6723236246666667 0.7230165283203125 0.6837382233333332 0.7262525600585937 0.6866839266666666 0.7375786713867187 0.6830017979999999
1 0.6720490263671876 0.631451996 0.6763637358398438 0.631451996 0.6777120825195313 0.6303473573333334 0.6801391064453125 0.6170916933333332 0.6801391064453125 0.6112002873333333 0.6790604287109375 0.607149946 0.671779357421875 0.605308882 0.66827365625 0.60641352 0.665576962890625 0.6126731393333333 0.6650376240234375 0.621510248 0.6650376240234375 0.6244559513333333 0.6669253095703125 0.629979144 0.6720490263671876 0.631451996
1 0.6661163017578124 0.5839525353333334 0.6690826640625 0.5880028766666667 0.6790604287109375 0.5913167926666667 0.6836448076171875 0.5898439413333333 0.6855324926757812 0.583584322 0.6855324926757812 0.5773247033333334 0.6828357993164063 0.5740107873333333 0.679599767578125 0.57180151 0.6728580346679688 0.5703286586666666 0.669891671875 0.5684875946666667 0.6666556401367187 0.569960446 0.665576962890625 0.5769564906666667 0.665576962890625 0.5799021933333334 0.6661163017578124 0.5839525353333334
1 0.6790604287109375 0.456182668 0.6863415004882812 0.44587270733333334 0.6890381938476563 0.43740381133333334 0.6882291860351563 0.424148148 0.6855324926757812 0.41236533599999997 0.6822964609375 0.4119971233333333 0.6763637358398438 0.419729594 0.6728580346679688 0.4293031286666667 0.6728580346679688 0.4316350206666667 0.673397373046875 0.44034951466666666 0.67609406640625 0.4558144553333333 0.6790604287109375 0.456182668
1 0.6995552973632813 0.525406688 0.7003643051757813 0.5298252426666666 0.7030609985351562 0.5357166486666667 0.7036003369140625 0.5416080546666667 0.7062970302734375 0.5445537573333333 0.7081847153320312 0.5449219706666667 0.71816248046875 0.5405034160000001 0.7197804965820312 0.5393987773333333 0.721668181640625 0.5357166486666667 0.7203198349609375 0.520988134 0.7143871098632812 0.5165695793333334 0.7062970302734375 0.5180424306666667 0.701442982421875 0.5213563466666667 0.6995552973632813 0.5239338366666667 0.6995552973632813 0.525406688
1 0.5844064975585938 0.8601121899999999 0.5970809555664063 0.853484358 0.5995079794921875 0.8505386553333333 0.6003169873046875 0.8472247393333334 0.5968112861328125 0.8372829920000001 0.5943842622070312 0.8350737146666667 0.5924965771484375 0.8350737146666667 0.5879121987304687 0.836546566 0.5792827802734375 0.842437972 0.5768557563476563 0.847592952 0.5768557563476563 0.8486975906666666 0.5809007963867188 0.8597439766666667 0.5844064975585938 0.8601121899999999
1 0.6763637358398438 0.8310233726666667 0.67609406640625 0.824763754 0.6731277041015625 0.8232909026666666 0.6696220029296875 0.8232909026666666 0.6671949790039062 0.82550018 0.6653072934570312 0.8302869473333333 0.6653072934570312 0.8310233726666667 0.6669253095703125 0.833969076 0.6688129946289062 0.8350737146666667 0.6728580346679688 0.8350737146666667 0.6763637358398438 0.8310233726666667
1 0.8662109375 0.9127666306666666 0.8648625908203125 0.9068752246666666 0.862705236328125 0.9050341606666666 0.8597388740234375 0.9039295220000001 0.8562331728515625 0.9042977346666666 0.8543454873046875 0.9068752246666666 0.8540758178710938 0.9072434373333333 0.8551544951171876 0.9127666306666666 0.85919953515625 0.915712334 0.8629749057617188 0.9164487593333334 0.8662109375 0.9127666306666666
1 0.25756728076171875 0.523565624 0.2589156274414062 0.52945703 0.26242132861328127 0.5324027326666667 0.2683540537109375 0.5324027326666667 0.26970239990234374 0.5283523913333333 0.2702417387695312 0.515096728 0.2702417387695312 0.5062596186666667 0.26862372265625 0.500736426 0.26538769091796877 0.49852714866666664 0.2621516591796875 0.5 0.2589156274414062 0.506627832 0.257297611328125 0.515096728 0.257297611328125 0.516937792 0.25756728076171875 0.523565624
1 0.1577896318359375 0.52945703 0.1631830185546875 0.5173060053333334 0.1639920263671875 0.5121510246666666 0.16237401025390624 0.5014728513333334 0.1577896318359375 0.49447680666666666 0.1507782294921875 0.49705429733333334 0.1483512060546875 0.49852714866666664 0.14754219775390626 0.5003682126666666 0.1472725283203125 0.500736426 0.15158723779296876 0.5213563466666667 0.15455360009765626 0.5276159653333333 0.1577896318359375 0.52945703
1 0.22385861572265625 0.2113211073333333 0.22385861572265625 0.245196692 0.22385861572265625 0.247774182 0.22412828515625 0.252929162 0.22736431689453124 0.2558748653333333 0.2446231533203125 0.256243078 0.2489378623046875 0.253665588 0.251095216796875 0.224208558 0.251095216796875 0.1995382953333333 0.249477201171875 0.192910464 0.243274806640625 0.19438331533333333 0.23734208154296876 0.19327867666666668 0.23033067919921876 0.19401510266666666 0.2270946474609375 0.195487954 0.22547663134765625 0.19769723133333333 0.2243979541015625 0.20101114733333333 0.22385861572265625 0.2113211073333333
1 0.14969955224609374 0.27097159266666665 0.14942988330078125 0.26508018666666666 0.145115173828125 0.26102984533333334 0.14187914208984376 0.261398058 0.1367554248046875 0.27060338 0.1367554248046875 0.27612657333333335 0.136485755859375 0.276494786 0.13891277978515626 0.279808702 0.145115173828125 0.279808702 0.1483512060546875 0.276494786 0.14969955224609374 0.27097159266666665
1 0.16965508203125 0.13510104266666667 0.17046409033203125 0.13731032 0.1737001220703125 0.13731032 0.1758574765625 0.13546925533333332 0.1815205322265625 0.11742682466666668 0.18259920947265626 0.10564401266666666 0.18098119384765626 0.09827975533333333 0.17990251611328126 0.09496583933333333 0.1745091298828125 0.08686515666666667 0.1674977275390625 0.07839626066666666 0.1631830185546875 0.081710176 0.16075599462890625 0.08760158200000001 0.16075599462890625 0.08870622066666665 0.16965508203125 0.13510104266666667
1 0.382693845703125 0.22641783533333334 0.384311861328125 0.23083639 0.391323263671875 0.23341388 0.3945592954101563 0.23194102866666666 0.3961773115234375 0.22789068666666668 0.39779532763671877 0.21758072666666664 0.39806499658203126 0.210584682 0.3969863193359375 0.20616612733333334 0.39482896484375 0.20358863733333332 0.39024458642578125 0.20174757266666665 0.38539053857421873 0.20358863733333332 0.38242417626953124 0.21831715200000001 0.38242417626953124 0.22015821666666666 0.382693845703125 0.22641783533333334
1 0.55609121875 0.283122618 0.5552822109375 0.27060338 0.5528551870117188 0.2661848253333333 0.5496191547851562 0.2665530386666667 0.54125940625 0.27060338 0.5388323823242187 0.27612657333333335 0.5388323823242187 0.279072276 0.5401807290039062 0.28680474666666667 0.5434167607421875 0.29048687533333334 0.5496191547851562 0.289014024 0.55609121875 0.283122618
1 0.6661163017578124 0.20690255333333335 0.6696220029296875 0.20579791466666666 0.6696220029296875 0.19364688933333332 0.6666556401367187 0.18186407799999998 0.6636892778320312 0.17928658733333336 0.6580262221679688 0.180391226 0.6569475444335937 0.18149586466666665 0.6564082060546875 0.18665084533333334 0.6564082060546875 0.18922833533333336 0.657756552734375 0.1973290186666667 0.6609925844726563 0.203220424 0.6661163017578124 0.20690255333333335
1 0.5965416166992188 0.13510104266666667 0.60517103515625 0.12700035933333334 0.6062497124023437 0.12368644399999999 0.60517103515625 0.11779503799999999 0.5968112861328125 0.09643869133333334 0.593844923828125 0.09496583933333333 0.587642529296875 0.10306652266666666 0.5862941826171875 0.10858971599999999 0.5862941826171875 0.11043078 0.5895302143554687 0.12258180533333332 0.593844923828125 0.13215534 0.5965416166992188 0.13510104266666667
1 0.7942092290039062 0.27170801866666666 0.7931305517578126 0.27612657333333335 0.7931305517578126 0.277231212 0.7947485673828125 0.281649766 0.7990632768554687 0.285700108 0.80229930859375 0.2879093853333333 0.8055353403320312 0.28680474666666667 0.8090410415039062 0.281649766 0.8133557504882812 0.27097159266666665 0.8147040971679688 0.26508018666666666 0.8130860815429688 0.259556994 0.8093107109375 0.252929162 0.8063443481445313 0.244460266 0.799602615234375 0.23930528599999998 0.7977149301757812 0.24151456333333332 0.7944788984375 0.252929162 0.7942092290039062 0.27170801866666666
1 0.8648625908203125 0.4016871626666667 0.8662109375 0.401950172 0.8662109375 0.383658894 0.8621658974609375 0.3821718806666667 0.8594692045898438 0.3825400933333334 0.8589298657226563 0.38511758333333335 0.8589298657226563 0.3875109673333333 0.8605478818359374 0.39542754399999996 0.8648625908203125 0.4016871626666667
1 0.7389270180664063 0.35308306333333334 0.7397360258789063 0.349032722 0.7391966875 0.34240489 0.7354213168945313 0.340563826 0.7297582612304687 0.34166846466666667 0.7284099145507813 0.347191658 0.7284099145507813 0.3479280833333333 0.729488591796875 0.35308306333333334 0.7324549545898438 0.35455591533333336 0.7362303247070312 0.35455591533333336 0.7389270180664063 0.35308306333333334
1 0.5941145927734375 0.4315124053333333 0.5976202939453125 0.42893491533333333 0.598968640625 0.424884574 0.5992383100585937 0.418256742 0.5970809555664063 0.4119971233333333 0.5941145927734375 0.407946782 0.5908785610351562 0.4108924846666666 0.588451537109375 0.41752031666666667 0.588451537109375 0.4196069786666667 0.588451537109375 0.4237799353333333 0.5914178999023437 0.42967134133333335 0.5941145927734375 0.4315124053333333
1 0.5860245131835937 0.506627832 0.5873728598632812 0.500736426 0.586833521484375 0.49484501999999997 0.5844064975585938 0.49263574266666665 0.581440134765625 0.49263574266666665 0.5790131108398437 0.5003682126666666 0.5790131108398437 0.5022092773333333 0.5795524497070312 0.5062596186666667 0.581440134765625 0.5077324706666667 0.5846761665039063 0.5077324706666667 0.5860245131835937 0.506627832
1 0.5755074096679688 0.45250053933333334 0.5749680712890625 0.4495548366666667 0.5738893940429688 0.448450198 0.567417330078125 0.447713772 0.5660689833984375 0.44918662333333337 0.5655296450195313 0.45176411333333333 0.5655296450195313 0.454341604 0.5668779916992187 0.458760158 0.5682263383789062 0.45986479666666663 0.575237740234375 0.4591283713333333 0.5755074096679688 0.45250053933333334
1 0.46116761767578124 0.21279395933333334 0.46440364990234373 0.20911183000000003 0.467639681640625 0.20027472133333332 0.46790935107421877 0.19401510266666666 0.46656100439453124 0.190332974 0.46413398046875 0.18922833533333336 0.46116761767578124 0.19143761266666667 0.45766191650390625 0.20395685 0.45766191650390625 0.20598202066666665 0.4579315859375 0.20984825599999998 0.45954960205078127 0.21205753333333333 0.46116761767578124 0.21279395933333334
1 0.3692103793945313 0.690734268 0.3721767421875 0.6969938873333333 0.375682443359375 0.6995713773333333 0.37891847509765625 0.6988349513333333 0.37999715234375 0.6973621 0.38188483740234375 0.6899978426666666 0.38188483740234375 0.6837382233333332 0.37918814453125 0.6756375406666667 0.37622178173828125 0.6726918373333333 0.37271608056640626 0.671218986 0.37001938720703126 0.6767421793333332 0.368671041015625 0.6826335853333333 0.368671041015625 0.6846587559999999 0.3692103793945313 0.690734268
1 0.8489565063476563 0 0.8500307783203125 0.008067601333333334 0.852997140625 0.008435814666666666 0.8597388740234375 0.0029126213333333334 0.8605007045898437 0 0.8489565063476563 0
1 0.216081556640625 0 0.21344803125 0.007864716 0.22076496923828126 0.020264653333333334 0.23057629638671875 0 0.216081556640625 0
1 0.189960912109375 0.062091058000000005 0.18155990380859374 0.053577976 0.17383630517578125 0.07264035666666666 0.18047583349609375 0.08133864933333333 0.189960912109375 0.062091058000000005
1 0.2992648994140625 0.0037930186666666667 0.29181231787109374 0.0023124346666666667 0.29112520068359377 0.012870938666666668 0.2988585078125 0.013972263333333334 0.2992648994140625 0.0037930186666666667
1 0.7716422216796875 0.118013388 0.7670354604492188 0.11708806933333334 0.7642495068359375 0.13615965466666669 0.768932314453125 0.13818666666666668 0.7716422216796875 0.118013388
1 0.6240478876953125 0.18407335466666666 0.6229692104492187 0.17891837466666669 0.6197331782226563 0.17744552333333335 0.6175758237304687 0.17891837466666669 0.6159578081054687 0.18149586466666665 0.6154184692382813 0.18775548333333333 0.6154184692382813 0.18812369666666667 0.616497146484375 0.19143761266666667 0.6221602021484375 0.192910464 0.623508548828125 0.18922833533333336 0.6240478876953125 0.18407335466666666
1 0.4671003427734375 0.119636102 0.4697970361328125 0.11816325066666666 0.4741117451171875 0.111167206 0.47384207568359377 0.09864796866666667 0.47087571337890627 0.09570226533333333 0.46817902001953127 0.09643869133333334 0.46413398046875 0.10012082 0.462246294921875 0.106012226 0.462246294921875 0.108344118 0.46251596435546877 0.11484933466666666 0.46413398046875 0.119636102 0.4671003427734375 0.119636102
1 0.44849315966796877 0.24409205333333334 0.45172919140625 0.24335562733333332 0.4530775380859375 0.241882776 0.4530775380859375 0.235254944 0.45172919140625 0.23083639 0.44579646630859376 0.22825890000000001 0.4422907651367188 0.2286271126666667 0.4420210961914062 0.230099964 0.4420210961914062 0.23230924133333333 0.4420210961914062 0.23672779600000002 0.44363911181640625 0.241882776 0.44849315966796877 0.24409205333333334
1 0.31365849951171876 0.223472132 0.31446750732421874 0.21168932066666665 0.312579822265625 0.20579791466666666 0.3096134594726562 0.20395685 0.306377427734375 0.20616612733333334 0.3042200732421875 0.21389859733333333 0.3042200732421875 0.21623049 0.30448974267578127 0.223472132 0.306377427734375 0.22789068666666668 0.3096134594726562 0.2286271126666667 0.31365849951171876 0.223472132
1 0.27725314111328125 0.20727076600000002 0.28777024462890627 0.21463502333333334 0.29046693798828127 0.21537144933333333 0.292354623046875 0.21279395933333334 0.2953209853515625 0.20616612733333334 0.29478164697265624 0.20027472133333332 0.2842645434570312 0.18480978066666667 0.27779247998046874 0.17818194866666667 0.2748261171875 0.17818194866666667 0.2726687626953125 0.18812369666666667 0.2726687626953125 0.18922833533333336 0.2734777705078125 0.19990650866666665 0.27725314111328125 0.20727076600000002
1 0.24300513720703126 0.17044947866666665 0.2459715 0.17229054266666666 0.2508255478515625 0.17044947866666665 0.25190422509765625 0.16492628533333334 0.25136488623046876 0.15940309266666666 0.24785918505859375 0.15056598333333332 0.24651083837890625 0.14872491933333334 0.24300513720703126 0.14946134466666666 0.24003877490234374 0.15277526066666666 0.23976910546875 0.15535275066666665 0.23976910546875 0.15793024066666667 0.2403084443359375 0.16308522133333334 0.24300513720703126 0.17044947866666665
1 0.37703078955078123 0.25734771666666667 0.3724464111328125 0.2577159293333333 0.3708283955078125 0.25882056800000003 0.370289056640625 0.2643437613333333 0.370289056640625 0.264711974 0.37271608056640626 0.26913052866666665 0.3778397978515625 0.26765767733333334 0.3794578134765625 0.264711974 0.37918814453125 0.25882056800000003 0.37703078955078123 0.25734771666666667
1 0.757534201171875 0.20101114733333333 0.7548375078125 0.20506148866666668 0.7548375078125 0.20727076600000002 0.7561858544921874 0.21205753333333333 0.758343208984375 0.21426681066666667 0.7621185795898437 0.21168932066666665 0.7621185795898437 0.20542970133333333 0.7588825478515625 0.20101114733333333 0.757534201171875 0.20101114733333333
1 0.7141174404296875 0.3041107513333333 0.7151961176757813 0.30006041 0.7135781020507812 0.28864581066666667 0.7108814086914063 0.28864581066666667 0.7071060380859375 0.29048687533333334 0.7044093452148438 0.2938007913333333 0.7044093452148438 0.29591801533333334 0.7044093452148438 0.30226968733333337 0.7054880224609374 0.305951816 0.7081847153320312 0.30668824133333333 0.7141174404296875 0.3041107513333333
1 0.762927587890625 0.182968716 0.7623882490234375 0.17670909733333334 0.7588825478515625 0.17449982 0.7561858544921874 0.175236246 0.7545678388671875 0.17670909733333334 0.7540285 0.18186407799999998 0.7540285 0.18260050333333333 0.7551071772460938 0.18554620666666666 0.7580735400390625 0.18775548333333333 0.7613095717773437 0.18701905800000002 0.762927587890625 0.182968716
1 0.8182097983398438 0.547131248 0.8155131049804687 0.5482358866666667 0.8103893881835937 0.5537590793333333 0.81011971875 0.5574412080000001 0.81011971875 0.5592822726666666 0.814434427734375 0.5618597626666666 0.8184794677734375 0.5603869113333334 0.8211761611328126 0.5537590793333333 0.8203671528320312 0.5489723120000001 0.8182097983398438 0.547131248
1 0.707645376953125 0.4782754406666666 0.7054880224609374 0.477170802 0.7036003369140625 0.47790722733333335 0.7011733134765625 0.482325782 0.7011733134765625 0.48379863333333334 0.7025216596679688 0.48858540066666667 0.7046790146484375 0.4900582526666667 0.7079150463867188 0.487480762 0.7092633930664063 0.48343042066666664 0.707645376953125 0.4782754406666666
1 0.686611169921875 0.36633872733333334 0.6841841459960938 0.3648658753333333 0.6820267915039062 0.3648658753333333 0.678790759765625 0.3703890686666667 0.678790759765625 0.3714937073333333 0.6798694370117188 0.37443941000000003 0.6833751381835937 0.37628047466666664 0.6855324926757812 0.37554404866666663 0.6879595166015625 0.37075728133333336 0.686611169921875 0.36633872733333334
1 0.44018545703125 0.35725712466666665 0.4346297294921875 0.361884088 0.43273287548828127 0.36669589333333336 0.43273287548828127 0.3703971693333334 0.43297099365234376 0.3739898226666667 0.43788194140625 0.37187775333333334 0.4411338837890625 0.36799126666666665 0.443843791015625 0.3615136653333333 0.44289536376953126 0.35688707066666664 0.44018545703125 0.35725712466666665
1 0.3814681982421875 0.3726182293333333 0.38485578466796877 0.37354354866666667 0.38864976220703124 0.372803072 0.38905615380859376 0.3661406286666667 0.38851438818359374 0.36058834666666667 0.3814681982421875 0.36114361133333334 0.381061806640625 0.36688073666666665 0.3814681982421875 0.3726182293333333
1 0.21974454052734374 0.3777385973333333 0.2246263642578125 0.3774300353333333 0.22977516064453124 0.37687476999999997 0.23031719580078125 0.37169291066666665 0.2288267333984375 0.3663258393333333 0.22272924072265626 0.36780642333333335 0.21907063671875 0.36910179666666665 0.21974454052734374 0.3777385973333333
1 0.4844039443359375 0.341525966 0.48304885595703123 0.35725712466666665 0.48819792236328124 0.35799760066666664 0.4905014375 0.35152 0.48995940234375 0.34430192333333337 0.4844039443359375 0.341525966
1 0.4900141450195313 0.35024856066666665 0.49565050341796874 0.34818841 0.4993088374023438 0.3468930373333333 0.4967343046875 0.337824322 0.49578587744140623 0.32783065666666666 0.490772455078125 0.3289408186666667 0.48806254833984375 0.3296812946666667 0.4900141450195313 0.35024856066666665
1 0.7999397021484375 0.6538879426666666 0.8049528544921875 0.6580016166666667 0.8122697924804687 0.6637387413333333 0.8164701616210938 0.6554105026666667 0.8201287651367187 0.647452318 0.818096267578125 0.6428257233333333 0.807933779296875 0.6374586520000001 0.7999397021484375 0.6538879426666666
1 0.8359820854492187 0.652634546 0.8359820854492187 0.6387540253333334 0.8308332890625 0.6245034506666667 0.8235163510742187 0.6374586520000001 0.8240381616210938 0.6522221473333333 0.8286651474609374 0.6633686873333333 0.8359820854492187 0.652634546
1 0.79686762890625 0.6237629746666666 0.795363953125 0.6413926386666667 0.802287712890625 0.6561509786666666 0.8086562236328125 0.6524493346666667 0.8139406635742188 0.6454164686666667 0.8148890903320313 0.6319063706666667 0.8021520688476562 0.6145094166666667 0.79686762890625 0.6237629746666666
1 0.830539888671875 0.6361629113333334 0.8178028671875 0.6269093533333333 0.8167171787109375 0.651388882 0.8274233203125 0.6530045999999999 0.830539888671875 0.6361629113333334
1 0.24628350732421875 0.9816857706666666 0.24970534130859376 0.985165382 0.254718763671875 0.9849801713333333 0.25688663525390626 0.9796131 0.2566156176757812 0.9749865053333333 0.25282190966796875 0.9735055533333332 0.2483502529296875 0.9753565593333333 0.24628350732421875 0.9816857706666666
1 0.5067732841796875 0.6145896873333334 0.5013451103515625 0.61136672 0.498866849609375 0.6194235859999999 0.5021711079101563 0.6234522026666667 0.5012269956054688 0.6245800386666667 0.5029971049804688 0.6423050699999999 0.5126736489257813 0.633926018 0.5152697553710938 0.6210352533333333 0.5126736489257813 0.6084663073333334 0.5067732841796875 0.6145896873333334
1 0.5283533022460938 0.48508075066666667 0.5272595234375 0.4659086426666667 0.5169036821289062 0.47661516866666664 0.5185090234375 0.49379524466666663 0.5283533022460938 0.48508075066666667
1 0.5429375581054687 0.32000061 0.5334578725585938 0.32024989000000004 0.5344095356445312 0.3421607653333333 0.543666744140625 0.3421607653333333 0.5429375581054687 0.32000061
1 0.7899961850585937 0.6496627 0.7823394638671874 0.647172844 0.7806987958984375 0.6514058193333334 0.7867145791015625 0.6563855306666667 0.7899961850585937 0.6496627
1 0.5367095454101563 0.7061833759999999 0.53468325 0.7279697953333333 0.540355474609375 0.7390500566666667 0.5450954521484375 0.7273475153333334 0.5432724873046875 0.7186330213333334 0.5367095454101563 0.7061833759999999
1 0.45954960205078127 0.6951528226666666 0.45954960205078127 0.6885249913333333 0.45766191650390625 0.6833700106666667 0.44849315966796877 0.6752693273333333 0.44336944287109376 0.6885249913333333 0.43986374169921877 0.6944163966666667 0.43716704833984377 0.7043581446666667 0.4390547333984375 0.7128270406666667 0.44714481298828124 0.7187184466666666 0.44903249853515625 0.7194548726666666 0.4549652236328125 0.7150363179999999 0.45954960205078127 0.6951528226666666
1 0.20143749951171874 0.894007658 0.20428412841796875 0.9022320606666667 0.20559795751953125 0.9055220426666667 0.20855407275390625 0.9046247073333334 0.20942995849609375 0.9002882646666667 0.2070212724609375 0.8943066466666667 0.20450310009765624 0.8923628506666668 0.20143749951171874 0.894007658
1 0.1915835126953125 0.974308994 0.1853428251953125 0.9722153353333333 0.184436466796875 0.982608144 0.19005071240234375 0.9835802260000001 0.1915835126953125 0.974308994
1 0.15073831884765626 0.8647733966666666 0.1498624326171875 0.8601375966666667 0.14493557421875 0.8595396186666667 0.139461287109375 0.8602870906666668 0.14044665869140624 0.8679135160000001 0.1469063173828125 0.8680630106666667 0.15073831884765626 0.8647733966666666
1 0.13827528125 0.5990466853333333 0.14044288330078125 0.6021871726666667 0.1429610556640625 0.5994951686666666 0.144603341796875 0.5953082199999999 0.14263259814453125 0.5911212713333334 0.13901956884765626 0.5915697546666667 0.13792471142578125 0.598598202 0.13827528125 0.5990466853333333
1 0.22179160009765625 0.5897754533333334 0.2155509130859375 0.588728624 0.21466316162109375 0.5990466853333333 0.22233902880859374 0.6003925033333334 0.22179160009765625 0.5897754533333334
1 0.14427245751953124 0.45399622 0.14208247265625 0.4444259993333333 0.13630399853515626 0.4492109253333333 0.1390168720703125 0.4581831686666667 0.14427245751953124 0.45399622
1 0.15741640966796874 0.20546652266666668 0.14493476513671874 0.208606642 0.1461393779296875 0.2234106406666667 0.159168181640625 0.21997153266666666 0.15741640966796874 0.20546652266666668
1 0.24064903662109374 0.14213759066666667 0.23955417919921876 0.130623206 0.2337188046875 0.13271686466666668 0.2356126923828125 0.14288543133333334 0.24064903662109374 0.14213759066666667
1 0.2638602841796875 0.16337169066666665 0.26243696923828125 0.15679209466666666 0.2582762412109375 0.15858676466666666 0.25991852734375 0.166362684 0.2638602841796875 0.16337169066666665
1 0.2623296411132813 0.22169108666666668 0.25455615283203126 0.22303690466666667 0.2555674130859375 0.230065352 0.2626580981445312 0.229467006 0.2623296411132813 0.22169108666666668
1 0.2861999599609375 0.294515492 0.2864512919921875 0.300496742 0.28849916064453124 0.30348773533333334 0.29057939013671874 0.299150924 0.28981298974609376 0.2934686633333333 0.2861999599609375 0.294515492
1 0.34214771484375 0.277916824 0.3345929287109375 0.28001048266666667 0.3354051728515625 0.284122684 0.34181925732421875 0.28419743133333336 0.34214771484375 0.277916824
1 0.6453733374023437 0.977598608 0.6377090654296875 0.9577103260000001 0.6307019780273437 0.9680283866666667 0.6374900942382813 0.9894119813333333 0.6453733374023437 0.977598608
1 0.6789573427734376 1 0.6755916723632812 0.9879166686666667 0.6693507153320313 0.9885146466666667 0.6711755112304687 1 0.6789573427734376 1
1 0.6825987602539062 0.984926044 0.6763580727539062 0.9753554546666666 0.6707740302734375 0.982383902 0.677562416015625 0.9916551339999999 0.6825987602539062 0.984926044
1 0.6795331591796875 0.9587571546666667 0.6780003588867187 0.95711198 0.6749347578125 0.9584577980000001 0.6747157866210938 0.9629441033333332 0.6766865297851562 0.9666825686666666 0.6792047021484375 0.9647384046666666 0.6795331591796875 0.9587571546666667
1 0.6799711020507813 0.9106063259999999 0.6740588720703125 0.9076153326666666 0.673511443359375 0.915391252 0.6796426450195312 0.918082888 0.6799711020507813 0.9106063259999999
1 0.7008828793945312 0.8594648713333333 0.7004449365234375 0.8664929506666668 0.7076712651367187 0.8666424453333333 0.7087661225585937 0.8558759006666667 0.7030728637695313 0.8551280606666666 0.7008828793945312 0.8594648713333333
1 0.7744804912109375 0.9248123466666666 0.7699915756835938 0.9215223646666667 0.7688967182617188 0.9301956186666667 0.7725097475585937 0.9337842213333334 0.7744804912109375 0.9248123466666666
1 0.8032792866210937 0.8119120200000001 0.7960532275390625 0.8104167073333333 0.7953963129882813 0.8183421213333333 0.7988998569335938 0.82043578 0.8024034008789063 0.8165478199999999 0.8032792866210937 0.8119120200000001
1 0.741192240234375 0.5896259593333333 0.7345133403320312 0.5923175953333334 0.7359369248046875 0.605177798 0.7428345263671875 0.6045794520000001 0.741192240234375 0.5896259593333333
1 0.6696174184570313 0.46820224066666666 0.6653474741210937 0.4716417173333333 0.6667707890625 0.4774734726666666 0.6709312470703125 0.4747818366666667 0.6696174184570313 0.46820224066666666
1 0.821903189453125 0.3944805006666666 0.8177427309570312 0.390293552 0.81270638671875 0.397022642 0.8170858168945313 0.400910602 0.821903189453125 0.3944805006666666
1 0.824092904296875 0.442780824 0.8205893603515625 0.442780824 0.8206988461914062 0.45130458399999995 0.8235454755859375 0.45085610066666665 0.824092904296875 0.442780824
1 0.8540941557617188 0.5427462006666667 0.8463203979492188 0.5433441786666666 0.8465393696289063 0.550372626 0.854313126953125 0.55052212 0.8540941557617188 0.5427462006666667
1 0.8192129682617187 0.904998444 0.8130814970703125 0.905746284 0.812862525390625 0.9180081406666667 0.819103482421875 0.9180081406666667 0.8192129682617187 0.904998444
1 0.8268769702148437 0.8839138379999999 0.8256726274414062 0.8804747300000001 0.8210742260742188 0.8833158606666666 0.8229354833984375 0.8867549686666666 0.8268769702148437 0.8839138379999999
1 0.8215097416992188 0.07095836 0.8031158671875 0.046135289333333336 0.7916198642578125 0.06931318533333333 0.8128603681640625 0.094734602 0.8215097416992188 0.07095836
1 0.6195123193359375 0.029387126666666666 0.6233443203125 0.046733267333333335 0.6326506083984375 0.05106971 0.6354972377929687 0.04000417666666667 0.6307893510742187 0.024601832666666667 0.624439177734375 0.020713872666666668 0.6202787192382813 0.024452338 0.6195123193359375 0.029387126666666666
1 0.5067840712890626 0.04178595933333333 0.5020249467773438 0.038456578 0.500167734375 0.04543237133333333 0.5051590439453125 0.047968621333333336 0.5067840712890626 0.04178595933333333
1 0.4314794526367188 0.6249640846666668 0.43030558203125 0.6162186606666666 0.4267837006835937 0.6149067186666667 0.4234753974609375 0.6172389786666667 0.42415496435546873 0.6259114966666667 0.4279578408203125 0.6335636966666667 0.4314794526367188 0.6249640846666668
1 0.4068273618164063 0.5724915413333334 0.4106690712890625 0.5670983273333333 0.4106690712890625 0.5580616466666667 0.40725424853515624 0.5536887506666667 0.40458614013671873 0.5586445280000001 0.40479971826171873 0.5691389626666666 0.4068273618164063 0.5724915413333334
1 0.3175902783203125 0.77465661 0.30894602783203123 0.7673689406666667 0.306491498046875 0.779320762 0.315028958984375 0.785588482 0.3175902783203125 0.77465661
1 0.32708830126953126 0.789086504 0.3287958471679687 0.785588482 0.32484734912109375 0.7809243293333334 0.32111215966796874 0.7796123866666667 0.31879408203125 0.7809243293333334 0.3216455654296875 0.78894106 0.32708830126953126 0.789086504
1 0.3605982202148437 0.7306378653333333 0.35658311328125 0.7365410539999999 0.36380000390625 0.7457968213333334 0.3689223725585937 0.738508784 0.36518718310546877 0.733990444 0.3605982202148437 0.7306378653333333
1 0.4217740537109375 0.32173194666666666 0.421413505859375 0.31754610266666666 0.41798843603515623 0.31249864066666666 0.41591521826171873 0.31631516733333337 0.41588717236328127 0.32345555133333337 0.41916014892578124 0.32813332733333334 0.4217740537109375 0.32173194666666666
1 0.39987097216796874 0.26645656666666667 0.39446275390625 0.26805682000000003 0.3938317275390625 0.27408925133333334 0.40059206787109375 0.27384291666666666 0.39987097216796874 0.26645656666666667
1 0.42646117626953123 0.227923826 0.42150357568359376 0.22841612666666666 0.42087281884765626 0.23604881133333333 0.42555994140625 0.2376494326666667 0.42646117626953123 0.227923826
1 0.588237419921875 0.17450092466666667 0.5850798618164063 0.17634198933333334 0.5857791142578125 0.18273232333333334 0.5886338334960938 0.18186591866666668 0.5890302475585938 0.175800716 0.588237419921875 0.17450092466666667
1 0.6501451362304688 0.5449812526666666 0.6464700825195312 0.54227857 0.6427950288085937 0.5507728733333334 0.6480249956054688 0.5530893 0.6501451362304688 0.5449812526666666
1 0.5938891494140625 0.522587282 0.5912035126953125 0.513706724 0.580924796875 0.5191124573333333 0.5838534057617187 0.5283789026666666 0.5938891494140625 0.522587282
1 0.572521091796875 0.3557938466666667 0.570518796875 0.34827383533333334 0.5647403227539063 0.3525808213333333 0.566814888671875 0.3585281953333333 0.572521091796875 0.3557938466666667
1 0.8590250590820312 0.6126009693333333 0.854618392578125 0.6230537966666667 0.85916178125 0.6443324500000001 0.8662109375 0.64100668 0.8662109375 0.6062303 0.8590250590820312 0.6126009693333333
1 0.8408488076171875 0.7007025273333334 0.8331955922851563 0.698836056 0.8326778271484375 0.707048676 0.8390722260742187 0.7087288313333333 0.8408488076171875 0.7007025273333334
1 0.8037903100585938 0.6635579486666666 0.7946339580078124 0.6652377359999999 0.795863919921875 0.6900630160000001 0.8073437426757812 0.6829701313333333 0.8037903100585938 0.6635579486666666
1 0.8110336279296875 0.7255278073333333 0.8129469321289062 0.720301394 0.8108969057617188 0.7161947153333333 0.8074804653320312 0.7180615546666667 0.8073437426757812 0.720488078 0.8073437426757812 0.7245943873333334 0.8110336279296875 0.7255278073333333
1 0.6650481416015624 0.7163813993333333 0.6578048232421875 0.7141415606666666 0.6572582036132812 0.7212344453333334 0.6647746967773438 0.723474284 0.6650481416015624 0.7163813993333333
1 0.5301155908203125 0.6848366026666666 0.5343523657226562 0.6848366026666666 0.5347622631835938 0.6771840346666667 0.532985681640625 0.673824092 0.5284757319335938 0.6728906726666667 0.528339009765625 0.6811036606666666 0.5301155908203125 0.6848366026666666
1 0.5588151484375 0.6990227400000001 0.5568824287109375 0.7042487853333333 0.5648285048828126 0.7046221533333334 0.5660584663085938 0.6980893206666666 0.5623685810546875 0.6975292686666666 0.5588151484375 0.6990227400000001
1 0.5651016796875 0.728141014 0.56045527734375 0.7287006973333333 0.5593428916015625 0.7350472146666666 0.5649652270507812 0.735980266 0.5651016796875 0.728141014
1 0.47719864990234373 0.745126674 0.46927198974609374 0.7468064606666667 0.46435214306640626 0.7542727133333332 0.4633956259765625 0.7600588106666667 0.4640789677734375 0.7641654886666667 0.475422068359375 0.7637921206666667 0.47719864990234373 0.745126674
1 0.4558791328125 0.790670556 0.4566115546875 0.794403498 0.46120887744140626 0.7923503433333333 0.4601156376953125 0.78581751 0.456698927734375 0.7856308260000001 0.4558791328125 0.790670556
1 0.3704357568359375 0.5599642026666667 0.363739328125 0.5601508866666667 0.36360260595703126 0.565190616 0.3704357568359375 0.5657503 0.3704357568359375 0.5599642026666667
1 0.47743299267578126 0.261384066 0.482501697265625 0.26207630666666665 0.4816570927734375 0.2542304266666667 0.47827786669921873 0.244307826 0.474391931640625 0.24546143666666667 0.47456074462890624 0.25238420733333333 0.47371614013671876 0.2549226666666667 0.47084362255859374 0.26276854666666666 0.47287126611328123 0.26738372666666665 0.4764193056640625 0.26738372666666665 0.47743299267578126 0.261384066