1 0.876220703125 0 0.876220703125 0.0016666666666666668 0.88037109375 0.015 0.8896484375 0.032 0.896484375 0.04066666666666666 0.90380859375 0.04066666666666666 0.92724609375 0.033666666666666664 0.932373046875 0.028666666666666667 0.93408203125 0.025333333333333333 0.933837890625 0.022 0.931396484375 0.013333333333333334 0.92626953125 0.002 0.92626953125 0 0.876220703125 0
1 0.939697265625 0.25966666666666666 0.952392578125 0.262 0.96728515625 0.25833333333333336 0.97265625 0.25133333333333335 0.97607421875 0.244 0.97412109375 0.22433333333333333 0.97216796875 0.21966666666666668 0.96923828125 0.218 0.95751953125 0.218 0.947265625 0.21966666666666668 0.928466796875 0.22833333333333333 0.91552734375 0.23966666666666667 0.915771484375 0.24433333333333335 0.9228515625 0.25166666666666665 0.927734375 0.255 0.939697265625 0.25966666666666666
1 0.923095703125 0.2866666666666667 0.925537109375 0.2906666666666667 0.927734375 0.29833333333333334 0.930908203125 0.3 0.935791015625 0.299 0.938720703125 0.2966666666666667 0.9423828125 0.289 0.94873046875 0.284 0.95263671875 0.279 0.95166015625 0.275 0.9482421875 0.2713333333333333 0.934326171875 0.2683333333333333 0.931640625 0.2663333333333333 0.919189453125 0.268 0.914306640625 0.2713333333333333 0.91357421875 0.2753333333333333 0.91552734375 0.2793333333333333 0.918212890625 0.2833333333333333 0.923095703125 0.2866666666666667
1 0.955078125 0.37733333333333335 0.965087890625 0.37666666666666665 0.970703125 0.37266666666666665 0.9736328125 0.3536666666666667 0.975830078125 0.3496666666666667 0.97509765625 0.3453333333333333 0.973388671875 0.343 0.96484375 0.34 0.959228515625 0.336 0.943115234375 0.334 0.937744140625 0.3443333333333333 0.93896484375 0.361 0.94287109375 0.36966666666666664 0.951416015625 0.373 0.955078125 0.37733333333333335
1 0.89404296875 0.4043333333333333 0.9013671875 0.3893333333333333 0.903076171875 0.38466666666666666 0.90283203125 0.38066666666666665 0.89208984375 0.37633333333333335 0.875732421875 0.37366666666666665 0.865478515625 0.374 0.86181640625 0.37533333333333335 0.860107421875 0.37733333333333335 0.853271484375 0.3883333333333333 0.85205078125 0.393 0.851318359375 0.404 0.85693359375 0.408 0.88916015625 0.4093333333333333 0.89404296875 0.4043333333333333
1 0.906005859375 0.36233333333333334 0.919189453125 0.35333333333333333 0.916259765625 0.3423333333333333 0.914794921875 0.3413333333333333 0.892333984375 0.341 0.888671875 0.3423333333333333 0.88623046875 0.3463333333333333 0.884033203125 0.354 0.888671875 0.35933333333333334 0.8955078125 0.3616666666666667 0.906005859375 0.36233333333333334
1 0.82177734375 0.3263333333333333 0.825927734375 0.326 0.83154296875 0.322 0.847900390625 0.301 0.8515625 0.29433333333333334 0.8515625 0.289 0.849853515625 0.2866666666666667 0.83837890625 0.2816666666666667 0.830078125 0.2836666666666667 0.819580078125 0.29133333333333333 0.81787109375 0.29533333333333334 0.8154296875 0.307 0.81494140625 0.31066666666666665 0.81591796875 0.31733333333333336 0.818115234375 0.32466666666666666 0.82177734375 0.3263333333333333
1 0.82958984375 0.22866666666666666 0.83251953125 0.23366666666666666 0.835693359375 0.23466666666666666 0.8388671875 0.23233333333333334 0.84326171875 0.22266666666666668 0.849609375 0.21466666666666667 0.8505859375 0.20866666666666667 0.849365234375 0.20566666666666666 0.843994140625 0.20233333333333334 0.840087890625 0.19733333333333333 0.837890625 0.196 0.833740234375 0.196 0.831787109375 0.201 0.832275390625 0.204 0.83154296875 0.206 0.826416015625 0.211 0.82421875 0.21633333333333332 0.82470703125 0.22033333333333333 0.82861328125 0.22433333333333333 0.82958984375 0.22866666666666666
1 0.788818359375 0.186 0.7958984375 0.18566666666666667 0.800537109375 0.18133333333333335 0.803466796875 0.16566666666666666 0.803466796875 0.15866666666666668 0.794677734375 0.14766666666666667 0.791015625 0.147 0.78369140625 0.15566666666666668 0.77734375 0.17333333333333334 0.777099609375 0.17766666666666667 0.7783203125 0.18133333333333335 0.781494140625 0.18433333333333332 0.788818359375 0.186
1 0.8662109375 0.5933333333333334 0.876708984375 0.594 0.887939453125 0.591 0.900390625 0.584 0.90380859375 0.5763333333333334 0.908935546875 0.552 0.90673828125 0.5446666666666666 0.90087890625 0.541 0.892578125 0.532 0.888671875 0.531 0.880859375 0.5263333333333333 0.876953125 0.527 0.866943359375 0.534 0.85791015625 0.5373333333333333 0.852783203125 0.5416666666666666 0.84423828125 0.5526666666666666 0.84375 0.5581666666666667 0.84033203125 0.5656666666666667 0.84033203125 0.5726666666666667 0.843505859375 0.582 0.853515625 0.586 0.8662109375 0.5933333333333334
1 0.88134765625 0.5176666666666667 0.881591796875 0.526 0.89306640625 0.5333333333333333 0.8994140625 0.5413333333333333 0.906982421875 0.544 0.908447265625 0.5503333333333333 0.912841796875 0.5513333333333333 0.916015625 0.5496666666666666 0.925048828125 0.529 0.926025390625 0.5173333333333333 0.923095703125 0.511 0.91650390625 0.5056666666666667 0.8994140625 0.49566666666666664 0.896240234375 0.492 0.881103515625 0.493 0.87109375 0.49833333333333335 0.87060546875 0.5013333333333333 0.866455078125 0.5056666666666667 0.879638671875 0.514 0.88134765625 0.5176666666666667
1 0.999755859375 0.4703333333333333 0.999755859375 0.458 0.99560546875 0.4553333333333333 0.993408203125 0.451 0.98681640625 0.445 0.982421875 0.447 0.98046875 0.44966666666666666 0.979736328125 0.455 0.984375 0.461 0.994140625 0.469 0.999755859375 0.4703333333333333
1 0.98193359375 0.5966666666666667 0.9873046875 0.595 0.999755859375 0.598 0.999755859375 0.553 0.982421875 0.5583333333333333 0.9765625 0.5643333333333334 0.9658203125 0.5806666666666667 0.96533203125 0.584 0.966796875 0.587 0.974609375 0.5936666666666667 0.98193359375 0.5966666666666667
1 0.95458984375 0.6726666666666666 0.960693359375 0.6723333333333333 0.96826171875 0.677 0.9716796875 0.682 0.98291015625 0.6903333333333334 0.98486328125 0.6943333333333334 0.98828125 0.6976666666666667 0.99365234375 0.6973333333333334 0.99688720703125 0.69325 0.999755859375 0.692 0.999755859375 0.5983333333333334 0.990234375 0.5943333333333334 0.970458984375 0.593 0.962890625 0.5986666666666667 0.958251953125 0.604 0.9560546875 0.6146666666666667 0.953857421875 0.6536666666666666 0.95166015625 0.6616666666666666 0.95166015625 0.6696666666666666 0.95458984375 0.6726666666666666
1 0.868408203125 0.7306666666666667 0.8662109375 0.741 0.86083984375 0.7556666666666667 0.86474609375 0.767 0.868896484375 0.772 0.885009765625 0.7786666666666666 0.89208984375 0.78 0.897216796875 0.7766666666666666 0.902587890625 0.7633333333333333 0.907958984375 0.7553333333333333 0.91015625 0.75 0.92041015625 0.7413333333333333 0.928466796875 0.7363333333333333 0.93115234375 0.7316666666666667 0.935302734375 0.73 0.9375 0.731 0.93896484375 0.741 0.943115234375 0.7476666666666667 0.947265625 0.7476666666666667 0.973388671875 0.7323333333333333 0.977294921875 0.7243333333333334 0.9775390625 0.7176666666666667 0.97705078125 0.7156666666666667 0.969970703125 0.7066666666666667 0.9697265625 0.704 0.972900390625 0.701 0.9736328125 0.6976666666666667 0.97216796875 0.6936666666666667 0.965087890625 0.6853333333333333 0.9599609375 0.6816666666666666 0.947509765625 0.6766666666666666 0.93359375 0.6813333333333333 0.921630859375 0.689 0.91455078125 0.6893333333333334 0.905029296875 0.6933333333333334 0.8994140625 0.691 0.89306640625 0.685 0.880615234375 0.683 0.8779296875 0.6853333333333333 0.8740234375 0.6916666666666667 0.869140625 0.696 0.8603515625 0.7086666666666667 0.858642578125 0.7163333333333334 0.8583984375 0.7206666666666667 0.861083984375 0.7243333333333334 0.867431640625 0.727 0.868408203125 0.7306666666666667
1 0.83251953125 0.6043333333333333 0.834228515625 0.611 0.85595703125 0.6333333333333333 0.864013671875 0.6383333333333333 0.870361328125 0.6453333333333333 0.873291015625 0.646 0.876953125 0.6443333333333333 0.889404296875 0.63 0.896728515625 0.6193333333333333 0.8935546875 0.615 0.871337890625 0.5953333333333334 0.8564453125 0.5863333333333334 0.849365234375 0.5846666666666667 0.84521484375 0.582 0.843017578125 0.5846666666666667 0.8388671875 0.5866666666666667 0.83642578125 0.59 0.8359375 0.592 0.83740234375 0.596 0.83251953125 0.5996666666666667 0.83251953125 0.6043333333333333
1 0.814453125 0.611 0.818115234375 0.61 0.833984375 0.5973333333333334 0.837890625 0.584 0.8388671875 0.565 0.841552734375 0.557 0.841064453125 0.5523333333333333 0.836669921875 0.5393333333333333 0.8349609375 0.537 0.82275390625 0.5293333333333333 0.814697265625 0.526 0.810302734375 0.526 0.80224609375 0.5336666666666666 0.798828125 0.5476666666666666 0.799072265625 0.5706666666666667 0.80322265625 0.592 0.81005859375 0.607 0.814453125 0.611
1 0.804931640625 0.7083333333333334 0.806884765625 0.72 0.810546875 0.725 0.833251953125 0.7403333333333333 0.8388671875 0.7406666666666667 0.842529296875 0.737 0.845458984375 0.731 0.853759765625 0.7023333333333334 0.85498046875 0.6956666666666667 0.85498046875 0.6886666666666666 0.851318359375 0.681 0.853271484375 0.6773333333333333 0.857177734375 0.6743333333333333 0.86474609375 0.674 0.871337890625 0.6696666666666666 0.86767578125 0.6583333333333333 0.869873046875 0.6506666666666666 0.86962890625 0.647 0.86181640625 0.638 0.853515625 0.6336666666666667 0.849365234375 0.6286666666666667 0.843505859375 0.6343333333333333 0.832763671875 0.6383333333333333 0.828857421875 0.646 0.818603515625 0.6536666666666666 0.815673828125 0.6603333333333333 0.808837890625 0.688 0.80224609375 0.697 0.80224609375 0.7013333333333334 0.804931640625 0.7083333333333334
1 0.943603515625 0.6573333333333333 0.94775390625 0.6553333333333333 0.94970703125 0.6513333333333333 0.94970703125 0.646 0.94775390625 0.6433333333333333 0.939697265625 0.6403333333333333 0.93505859375 0.6406666666666667 0.929931640625 0.637 0.927734375 0.6333333333333333 0.92529296875 0.6343333333333333 0.914306640625 0.6456666666666667 0.9140625 0.6506666666666666 0.915283203125 0.654 0.923828125 0.6563333333333333 0.943603515625 0.6573333333333333
1 0.868896484375 0.3476666666666667 0.87060546875 0.3426666666666667 0.87060546875 0.33766666666666667 0.86865234375 0.3363333333333333 0.84912109375 0.33066666666666666 0.844970703125 0.33066666666666666 0.8427734375 0.3353333333333333 0.842529296875 0.338 0.843994140625 0.342 0.861328125 0.3476666666666667 0.868896484375 0.3476666666666667
1 0.794677734375 0.37933333333333336 0.799560546875 0.38266666666666665 0.802490234375 0.38666666666666666 0.80712890625 0.38433333333333336 0.810546875 0.38533333333333336 0.815673828125 0.372 0.819091796875 0.354 0.818359375 0.3496666666666667 0.812255859375 0.345 0.806396484375 0.3423333333333333 0.802490234375 0.3423333333333333 0.79248046875 0.35333333333333333 0.7919921875 0.35833333333333334 0.793701171875 0.366 0.793701171875 0.37666666666666665 0.794677734375 0.37933333333333336
1 0.754638671875 0.315 0.763427734375 0.324 0.767578125 0.32566666666666666 0.771728515625 0.3293333333333333 0.782958984375 0.33 0.791015625 0.32566666666666666 0.795166015625 0.322 0.79638671875 0.319 0.790771484375 0.309 0.78125 0.2986666666666667 0.775634765625 0.2853333333333333 0.76513671875 0.2853333333333333 0.759765625 0.2823333333333333 0.75146484375 0.2813333333333333 0.742431640625 0.2843333333333333 0.736328125 0.29033333333333333 0.733642578125 0.291 0.7333984375 0.2946666666666667 0.737060546875 0.30033333333333334 0.748046875 0.311 0.754638671875 0.315
1 0.732666015625 0.31066666666666665 0.74169921875 0.30633333333333335 0.751708984375 0.2816666666666667 0.75439453125 0.2793333333333333 0.75439453125 0.2773333333333333 0.75244140625 0.271 0.745849609375 0.2633333333333333 0.728515625 0.25566666666666665 0.719970703125 0.254 0.714599609375 0.25666666666666665 0.70458984375 0.27 0.69921875 0.27466666666666667 0.692626953125 0.283 0.69189453125 0.291 0.693603515625 0.2936666666666667 0.724609375 0.30933333333333335 0.732666015625 0.31066666666666665
1 0.999755859375 0.271 0.999755859375 0.253 0.989990234375 0.256 0.983154296875 0.26266666666666666 0.98388671875 0.2673333333333333 0.988525390625 0.271 0.9931640625 0.272 0.999755859375 0.271
1 0.763427734375 0.816 0.769287109375 0.815 0.773681640625 0.818 0.77685546875 0.826 0.776611328125 0.83 0.79443359375 0.8503333333333334 0.799072265625 0.8513333333333334 0.802490234375 0.849 0.810302734375 0.84 0.81396484375 0.8336666666666667 0.817138671875 0.8216666666666667 0.8173828125 0.8136666666666666 0.8125 0.791 0.804443359375 0.7743333333333333 0.807373046875 0.756 0.806640625 0.7476666666666667 0.798828125 0.738 0.796223876953125 0.738 0.7861328125 0.7283333333333334 0.775390625 0.7226666666666667 0.77197265625 0.7216666666666667 0.76708984375 0.7223333333333334 0.763427734375 0.7243333333333334 0.75 0.7406666666666667 0.739990234375 0.743 0.737548828125 0.7476666666666667 0.734130859375 0.7673333333333333 0.731689453125 0.775 0.73193359375 0.7863333333333333 0.734619140625 0.792 0.759521484375 0.8146666666666667 0.763427734375 0.816
1 0.739990234375 0.6116666666666667 0.747802734375 0.614 0.76025390625 0.615 0.763427734375 0.6113333333333333 0.765625 0.5916666666666667 0.7646484375 0.588 0.760009765625 0.584 0.744873046875 0.5786666666666667 0.7373046875 0.5783333333333334 0.73388671875 0.58 0.73046875 0.5836666666666667 0.728515625 0.5913333333333334 0.727783203125 0.596 0.730224609375 0.6033333333333334 0.734130859375 0.6076666666666667 0.739990234375 0.6116666666666667
1 0.668701171875 0.12266666666666666 0.669677734375 0.12733333333333333 0.673583984375 0.12733333333333333 0.675048828125 0.125 0.681396484375 0.12266666666666666 0.689453125 0.111 0.689453125 0.10733333333333334 0.6875 0.10366666666666667 0.686279296875 0.09166666666666666 0.678466796875 0.088 0.67333984375 0.08766666666666667 0.66650390625 0.09066666666666667 0.66162109375 0.088 0.646728515625 0.09433333333333334 0.642333984375 0.099 0.63916015625 0.10333333333333333 0.64306640625 0.112 0.650146484375 0.117 0.668701171875 0.12266666666666666
1 0.5947265625 0.085 0.59814453125 0.084 0.606689453125 0.060333333333333336 0.61279296875 0.052333333333333336 0.614990234375 0.043333333333333335 0.619873046875 0.037 0.620849609375 0.025333333333333333 0.6083984375 0.015333333333333332 0.603759765625 0.013 0.59912109375 0.013 0.583251953125 0.047 0.57958984375 0.05633333333333333 0.5791015625 0.06 0.57958984375 0.07033333333333333 0.583984375 0.07866666666666666 0.59130859375 0.084 0.5947265625 0.085
1 0.619140625 0.16866666666666666 0.627685546875 0.17833333333333334 0.6357421875 0.18333333333333332 0.642822265625 0.18966666666666668 0.645751953125 0.19133333333333333 0.650146484375 0.19 0.653564453125 0.178 0.658203125 0.16833333333333333 0.659912109375 0.161 0.6591796875 0.158 0.6494140625 0.13966666666666666 0.642578125 0.13266666666666665 0.635498046875 0.131 0.627685546875 0.123 0.619384765625 0.11733333333333333 0.614990234375 0.11933333333333333 0.6103515625 0.13166666666666665 0.6064453125 0.13866666666666666 0.601318359375 0.15433333333333332 0.6044921875 0.158 0.609130859375 0.16033333333333333 0.619140625 0.16866666666666666
1 0.509765625 0.048666666666666664 0.513427734375 0.051666666666666666 0.517333984375 0.06066666666666667 0.517822265625 0.06333333333333334 0.514892578125 0.06966666666666667 0.5126953125 0.072 0.515869140625 0.07966666666666666 0.53173828125 0.08966666666666667 0.534423828125 0.09 0.54443359375 0.08433333333333333 0.554931640625 0.076 0.553955078125 0.068 0.548095703125 0.057 0.548095703125 0.05266666666666667 0.546630859375 0.04766666666666667 0.534912109375 0.030333333333333334 0.528076171875 0.025 0.528076171875 0.02 0.53173828125 0.012666666666666666 0.531494140625 0.009666666666666667 0.52783203125 0.005666666666666667 0.52490234375 0.004333333333333333 0.517822265625 0.007666666666666666 0.511962890625 0.005666666666666667 0.510986328125 0.01 0.508544921875 0.013 0.509521484375 0.015333333333333332 0.5087890625 0.02 0.500732421875 0.028666666666666667 0.5 0.03233333333333333 0.500244140625 0.03966666666666667 0.50341796875 0.046 0.505615234375 0.048 0.509765625 0.048666666666666664
1 0.56640625 0.072 0.57275390625 0.063 0.573486328125 0.060333333333333336 0.57177734375 0.05333333333333334 0.56884765625 0.049666666666666665 0.560546875 0.04566666666666667 0.553466796875 0.049 0.55322265625 0.057 0.5556640625 0.06433333333333334 0.560302734375 0.07266666666666667 0.56640625 0.072
1 0.466552734375 0.067 0.470458984375 0.06766666666666667 0.475341796875 0.06433333333333334 0.490234375 0.058333333333333334 0.497314453125 0.05266666666666667 0.49951171875 0.04933333333333333 0.50048828125 0.045 0.49951171875 0.037 0.494140625 0.023666666666666666 0.4892578125 0.017666666666666667 0.482177734375 0.012666666666666666 0.474609375 0.011666666666666667 0.46337890625 0.016 0.450927734375 0.025 0.4462890625 0.029333333333333333 0.44384765625 0.033666666666666664 0.443115234375 0.037333333333333336 0.448486328125 0.048 0.458984375 0.060333333333333336 0.466552734375 0.067
1 0.47265625 0.09133333333333334 0.473876953125 0.10333333333333333 0.47900390625 0.10566666666666667 0.48291015625 0.106 0.486083984375 0.10466666666666667 0.497314453125 0.09166666666666666 0.4970703125 0.082 0.501220703125 0.08233333333333333 0.501953125 0.08366666666666667 0.502685546875 0.08 0.505126953125 0.07733333333333334 0.504638671875 0.07566666666666666 0.496337890625 0.07266666666666667 0.491455078125 0.06133333333333333 0.486328125 0.058 0.471435546875 0.06266666666666666 0.465087890625 0.06733333333333333 0.46435546875 0.07233333333333333 0.4658203125 0.07666666666666666 0.47021484375 0.08333333333333333 0.47265625 0.09133333333333334
1 0.4970703125 0.15333333333333332 0.505859375 0.154 0.50732421875 0.15166666666666667 0.510498046875 0.13233333333333333 0.510498046875 0.13033333333333333 0.5087890625 0.12733333333333333 0.496337890625 0.122 0.489990234375 0.121 0.484375 0.12266666666666666 0.482421875 0.13033333333333333 0.480712890625 0.14166666666666666 0.482177734375 0.14666666666666667 0.491943359375 0.152 0.4970703125 0.15333333333333332
1 0.341064453125 0.19966666666666666 0.3525390625 0.20066666666666666 0.357177734375 0.19966666666666666 0.359619140625 0.197 0.375 0.18933333333333333 0.375244140625 0.185 0.374267578125 0.181 0.378173828125 0.174 0.383544921875 0.16866666666666666 0.388916015625 0.16766666666666666 0.3994140625 0.16033333333333333 0.4072265625 0.15233333333333332 0.41357421875 0.13466666666666666 0.410400390625 0.13066666666666665 0.404296875 0.12966666666666668 0.38818359375 0.12333333333333334 0.3798828125 0.115 0.377197265625 0.11333333333333333 0.3740234375 0.11366666666666667 0.372802734375 0.11466666666666667 0.37060546875 0.12166666666666667 0.3662109375 0.13033333333333333 0.36181640625 0.136 0.34619140625 0.14133333333333334 0.331298828125 0.15266666666666667 0.325927734375 0.15533333333333332 0.322265625 0.16133333333333333 0.318359375 0.17533333333333334 0.318359375 0.18166666666666667 0.321044921875 0.18733333333333332 0.326171875 0.19366666666666665 0.341064453125 0.19966666666666666
1 0.417724609375 0.16166666666666665 0.41796875 0.167 0.41943359375 0.16933333333333334 0.417724609375 0.17366666666666666 0.419921875 0.17833333333333334 0.425537109375 0.182 0.432373046875 0.18133333333333335 0.43896484375 0.17733333333333334 0.447021484375 0.176 0.470947265625 0.154 0.465576171875 0.141 0.4609375 0.126 0.458740234375 0.12266666666666666 0.455078125 0.121 0.446044921875 0.12366666666666666 0.438720703125 0.12366666666666666 0.429443359375 0.13266666666666665 0.41650390625 0.14166666666666666 0.414306640625 0.14633333333333334 0.4140625 0.15 0.415771484375 0.15433333333333332 0.41552734375 0.158 0.417724609375 0.16166666666666665
1 0.400146484375 0.209 0.404541015625 0.20866666666666667 0.407958984375 0.20633333333333334 0.4189453125 0.207 0.42138671875 0.205 0.42236328125 0.201 0.423095703125 0.18833333333333332 0.426025390625 0.18333333333333332 0.432861328125 0.17733333333333334 0.424072265625 0.168 0.419921875 0.172 0.415771484375 0.173 0.412109375 0.17 0.410888671875 0.166 0.407958984375 0.16166666666666665 0.402099609375 0.164 0.3994140625 0.16733333333333333 0.398681640625 0.16966666666666666 0.400146484375 0.17866666666666667 0.398681640625 0.18233333333333332 0.395263671875 0.18466666666666667 0.3935546875 0.189 0.394775390625 0.195 0.392578125 0.201 0.39306640625 0.205 0.400146484375 0.209
1 0.045166015625 0.14433333333333334 0.048828125 0.146 0.060302734375 0.145 0.0703125 0.13966666666666666 0.074462890625 0.13433333333333333 0.07470703125 0.12333333333333334 0.071533203125 0.10733333333333334 0.068603515625 0.10333333333333333 0.06396484375 0.10033333333333333 0.053466796875 0.09 0.044189453125 0.087 0.03369140625 0.09133333333333334 0.029052734375 0.09066666666666667 0.023681640625 0.09433333333333334 0.021728515625 0.104 0.021240234375 0.113 0.024169921875 0.123 0.032470703125 0.13366666666666666 0.045166015625 0.14433333333333334
1 0.02197265625 0.092 0.041015625 0.08433333333333333 0.04541015625 0.08133333333333333 0.05615234375 0.06766666666666667 0.059326171875 0.060333333333333336 0.056396484375 0.053 0.05322265625 0.048666666666666664 0.048095703125 0.047 0.044677734375 0.043666666666666666 0.036865234375 0.04033333333333333 0.03125 0.04466666666666667 0.0322265625 0.049 0.0263671875 0.05333333333333334 0.010986328125 0.076 0.010498046875 0.084 0.011962890625 0.08733333333333333 0.013916015625 0.08966666666666667 0.02197265625 0.092
1 0.071533203125 0.10533333333333333 0.075927734375 0.112 0.079345703125 0.10666666666666667 0.08154296875 0.10533333333333333 0.09130859375 0.10366666666666667 0.095947265625 0.101 0.103271484375 0.09166666666666666 0.097412109375 0.08366666666666667 0.086181640625 0.07766666666666666 0.079833984375 0.06833333333333333 0.076171875 0.06633333333333333 0.0712890625 0.068 0.070068359375 0.07733333333333334 0.061767578125 0.07966666666666666 0.05419921875 0.08733333333333333 0.055419921875 0.092 0.059814453125 0.095 0.064208984375 0.10033333333333333 0.071533203125 0.10533333333333333
1 0.052978515625 0 0.052978515625 0.0016666666666666668 0.05517578125 0.007333333333333333 0.05615234375 0.013666666666666667 0.05908203125 0.015333333333333332 0.062744140625 0.02033333333333333 0.068115234375 0.04 0.072998046875 0.042333333333333334 0.079833984375 0.04066666666666666 0.1103515625 0.022 0.1123046875 0.018333333333333333 0.113525390625 0.009 0.109375 0 0.052978515625 0
1 0.130615234375 0.035333333333333335 0.1357421875 0.03266666666666666 0.136962890625 0.030333333333333334 0.13720703125 0.029 0.1318359375 0.017333333333333333 0.127197265625 0.013333333333333334 0.123779296875 0.012333333333333333 0.11962890625 0.013 0.114013671875 0.017666666666666667 0.11328125 0.021333333333333333 0.125244140625 0.036 0.127197265625 0.03666666666666667 0.130615234375 0.035333333333333335
1 0.111083984375 0.08266666666666667 0.144775390625 0.076 0.14892578125 0.06066666666666667 0.1474609375 0.05266666666666667 0.139404296875 0.041 0.130615234375 0.04066666666666666 0.126708984375 0.03766666666666667 0.105224609375 0.04766666666666667 0.100341796875 0.05633333333333333 0.09912109375 0.06366666666666666 0.099609375 0.069 0.10693359375 0.08033333333333334 0.111083984375 0.08266666666666667
1 0.17724609375 0 0.17724609375 0.012666666666666666 0.1787109375 0.021666666666666667 0.17333984375 0.027666666666666666 0.167236328125 0.045 0.167236328125 0.053 0.16943359375 0.05633333333333333 0.173583984375 0.058666666666666666 0.18212890625 0.06 0.216064453125 0.056 0.220947265625 0.054 0.225830078125 0.048 0.22998046875 0.04533333333333334 0.23779296875 0.037 0.23779296875 0.034 0.232421875 0.029333333333333333 0.232421875 0.025333333333333333 0.23095703125 0.024333333333333332 0.23095703125 0.021333333333333333 0.229248046875 0.017 0.22509765625 0.015333333333333332 0.217041015625 0.015333333333333332 0.203857421875 0.006 0.20166015625 0.002 0.20166015625 0 0.17724609375 0
1 0.232177734375 0.076 0.248779296875 0.07666666666666666 0.25732421875 0.076 0.26513671875 0.07233333333333333 0.271240234375 0.06366666666666666 0.273681640625 0.05633333333333333 0.27294921875 0.051666666666666666 0.26953125 0.04633333333333333 0.263427734375 0.041 0.25537109375 0.03933333333333333 0.234619140625 0.042 0.22607421875 0.048666666666666664 0.218994140625 0.057 0.21875 0.06133333333333333 0.220458984375 0.06666666666666667 0.228759765625 0.07433333333333333 0.232177734375 0.076
1 0.286865234375 0.06233333333333333 0.298583984375 0.063 0.30224609375 0.060333333333333336 0.302001953125 0.05566666666666667 0.300048828125 0.04933333333333333 0.29345703125 0.041666666666666664 0.285400390625 0.026333333333333334 0.28369140625 0.025333333333333333 0.27099609375 0.025333333333333333 0.268310546875 0.027 0.267822265625 0.030666666666666665 0.26953125 0.03933333333333333 0.275146484375 0.05333333333333334 0.286865234375 0.06233333333333333
1 0.30908203125 0.06166666666666667 0.309814453125 0.065 0.31591796875 0.075 0.324462890625 0.082 0.328125 0.082 0.330810546875 0.08 0.3310546875 0.064 0.32763671875 0.059 0.325927734375 0.052 0.32666015625 0.044333333333333336 0.325439453125 0.04033333333333333 0.322509765625 0.038 0.310546875 0.03933333333333333 0.30615234375 0.043 0.303466796875 0.05 0.303466796875 0.05466666666666667 0.3056640625 0.05733333333333333 0.3056640625 0.06 0.30908203125 0.06166666666666667
1 0.384521484375 0.087 0.38818359375 0.08533333333333333 0.390625 0.08633333333333333 0.39208984375 0.09266666666666666 0.389404296875 0.09933333333333333 0.389892578125 0.10333333333333333 0.39990234375 0.10766666666666666 0.409912109375 0.10866666666666666 0.415771484375 0.10833333333333334 0.419677734375 0.103 0.421142578125 0.09633333333333334 0.420166015625 0.08633333333333333 0.418701171875 0.08366666666666667 0.4111328125 0.078 0.40576171875 0.06866666666666667 0.404541015625 0.065 0.406005859375 0.060333333333333336 0.405029296875 0.056666666666666664 0.400146484375 0.049666666666666665 0.396484375 0.049 0.392333984375 0.046 0.3779296875 0.056 0.37353515625 0.06 0.372802734375 0.062 0.37255859375 0.06433333333333334 0.37451171875 0.07133333333333333 0.37890625 0.081 0.384521484375 0.087
1 0.419677734375 0.056 0.423583984375 0.05366666666666667 0.427490234375 0.034 0.4267578125 0.03166666666666667 0.424072265625 0.029 0.422119140625 0.029 0.4150390625 0.032 0.407958984375 0.028 0.405029296875 0.03333333333333333 0.40478515625 0.037 0.406005859375 0.041 0.4140625 0.051666666666666666 0.419677734375 0.056
1 0.302978515625 0.04566666666666667 0.3076171875 0.04066666666666666 0.311767578125 0.028333333333333332 0.31103515625 0.025333333333333333 0.30810546875 0.022333333333333334 0.299560546875 0.021 0.293701171875 0.024 0.2900390625 0.029333333333333333 0.2900390625 0.038 0.2958984375 0.04566666666666667 0.2998046875 0.047 0.302978515625 0.04566666666666667
1 0.306396484375 0.16066666666666668 0.312744140625 0.158 0.315185546875 0.14533333333333334 0.314208984375 0.14333333333333334 0.31103515625 0.142 0.298828125 0.14066666666666666 0.293212890625 0.14233333333333334 0.28857421875 0.14933333333333335 0.2880859375 0.15433333333333332 0.28955078125 0.158 0.298583984375 0.16033333333333333 0.306396484375 0.16066666666666668
1 0.165283203125 0.18466666666666667 0.169921875 0.18433333333333332 0.185546875 0.19066666666666668 0.197021484375 0.20233333333333334 0.2060546875 0.20266666666666666 0.209228515625 0.199 0.212646484375 0.18966666666666668 0.216552734375 0.185 0.224609375 0.18466666666666667 0.22900390625 0.18233333333333332 0.234130859375 0.17 0.228271484375 0.14033333333333334 0.224609375 0.133 0.212646484375 0.13266666666666665 0.20849609375 0.13533333333333333 0.204345703125 0.13566666666666666 0.201171875 0.134 0.196533203125 0.134 0.18896484375 0.13866666666666666 0.189208984375 0.14533333333333334 0.186767578125 0.14766666666666667 0.177978515625 0.145 0.169189453125 0.14466666666666667 0.15185546875 0.14833333333333334 0.146484375 0.15166666666666667 0.143798828125 0.155 0.143798828125 0.16 0.1474609375 0.17066666666666666 0.15234375 0.17766666666666667 0.165283203125 0.18466666666666667
1 0.243408203125 0.23166666666666666 0.247802734375 0.23 0.25244140625 0.22333333333333333 0.25927734375 0.21966666666666668 0.2618408203125 0.21416666666666667 0.26611328125 0.209 0.26611328125 0.207 0.269287109375 0.19966666666666666 0.271728515625 0.19733333333333333 0.262939453125 0.195 0.249755859375 0.187 0.23681640625 0.18533333333333332 0.224853515625 0.18566666666666667 0.219970703125 0.187 0.212890625 0.192 0.2109375 0.196 0.211669921875 0.20233333333333334 0.2236328125 0.21733333333333332 0.232177734375 0.22466666666666665 0.243408203125 0.23166666666666666
1 0.267822265625 0.232 0.267578125 0.23633333333333334 0.269775390625 0.24433333333333335 0.271484375 0.24733333333333332 0.27685546875 0.251 0.283203125 0.25166666666666665 0.28662109375 0.24966666666666668 0.287841796875 0.24666666666666667 0.286376953125 0.23333333333333334 0.287109375 0.219 0.283935546875 0.209 0.283203125 0.20033333333333334 0.28076171875 0.197 0.275390625 0.194 0.265869140625 0.19333333333333333 0.263427734375 0.19633333333333333 0.263427734375 0.201 0.265380859375 0.20466666666666666 0.263671875 0.221 0.267822265625 0.232
1 0.2763671875 0.294 0.267578125 0.30133333333333334 0.263671875 0.30366666666666664 0.259521484375 0.304 0.2578125 0.306 0.259033203125 0.312 0.263427734375 0.31833333333333336 0.2685546875 0.317 0.2802734375 0.30466666666666664 0.282470703125 0.30366666666666664 0.287109375 0.304 0.291015625 0.31066666666666665 0.295166015625 0.30966666666666665 0.298828125 0.307 0.298828125 0.30233333333333334 0.286865234375 0.273 0.283203125 0.2723333333333333 0.2783203125 0.275 0.276123046875 0.2776666666666667 0.275634765625 0.283 0.277587890625 0.2866666666666667 0.278076171875 0.29033333333333333 0.2763671875 0.294
1 0.318603515625 0.31333333333333335 0.32421875 0.31866666666666665 0.331787109375 0.322 0.349365234375 0.327 0.353759765625 0.325 0.357421875 0.31833333333333336 0.359619140625 0.30933333333333335 0.358154296875 0.30633333333333335 0.3486328125 0.30033333333333334 0.343505859375 0.28933333333333333 0.340087890625 0.279 0.334228515625 0.2786666666666667 0.322021484375 0.2836666666666667 0.3203125 0.29533333333333334 0.314208984375 0.2986666666666667 0.3154296875 0.30633333333333335 0.318603515625 0.31333333333333335
1 0.373779296875 0.35 0.384521484375 0.354 0.389404296875 0.3536666666666667 0.40185546875 0.346 0.410400390625 0.3333333333333333 0.41162109375 0.32566666666666666 0.409912109375 0.32166666666666666 0.40380859375 0.318 0.384033203125 0.31533333333333335 0.373291015625 0.32366666666666666 0.366455078125 0.33666666666666667 0.365966796875 0.33866666666666667 0.366943359375 0.343 0.369140625 0.3466666666666667 0.373779296875 0.35
1 0.075439453125 0.42033333333333334 0.091796875 0.41733333333333333 0.10400390625 0.413 0.10791015625 0.407 0.111328125 0.4053333333333333 0.1142578125 0.4003333333333333 0.11328125 0.397 0.1142578125 0.38533333333333336 0.111328125 0.37666666666666665 0.1015625 0.369 0.09228515625 0.36533333333333334 0.072021484375 0.37233333333333335 0.064208984375 0.37833333333333335 0.06005859375 0.38466666666666666 0.057861328125 0.392 0.0576171875 0.3963333333333333 0.06298828125 0.412 0.0693359375 0.41733333333333333 0.075439453125 0.42033333333333334
1 0.071533203125 0.372 0.07763671875 0.37 0.088623046875 0.3586666666666667 0.0947265625 0.34933333333333333 0.095947265625 0.335 0.0927734375 0.3243333333333333 0.091552734375 0.32266666666666666 0.08349609375 0.3253333333333333 0.074951171875 0.334 0.065185546875 0.348 0.06103515625 0.35133333333333333 0.05908203125 0.3576666666666667 0.058837890625 0.36833333333333335 0.060546875 0.375 0.065673828125 0.376 0.071533203125 0.372
1 0.1015625 0.3496666666666667 0.10302734375 0.3536666666666667 0.107177734375 0.35633333333333334 0.1103515625 0.3566666666666667 0.13232421875 0.35333333333333333 0.142822265625 0.3496666666666667 0.14892578125 0.3456666666666667 0.15771484375 0.335 0.161865234375 0.31866666666666665 0.161865234375 0.31433333333333335 0.160888671875 0.31233333333333335 0.154296875 0.30533333333333335 0.1494140625 0.30333333333333334 0.1416015625 0.30266666666666664 0.123046875 0.2926666666666667 0.11767578125 0.2936666666666667 0.110595703125 0.297 0.107177734375 0.3016666666666667 0.102294921875 0.30566666666666664 0.098876953125 0.31266666666666665 0.098876953125 0.318 0.10302734375 0.333 0.103271484375 0.3383333333333333 0.1015625 0.3496666666666667
1 0 0.23566666666666666 0.0068359375 0.23766666666666666 0.009765625 0.24 0.018310546875 0.24033333333333334 0.020751953125 0.23866666666666667 0.025634765625 0.23866666666666667 0.02880859375 0.23766666666666666 0.033935546875 0.233 0.037353515625 0.22933333333333333 0.03955078125 0.22466666666666665 0.041748046875 0.22366666666666668 0.045166015625 0.225 0.048095703125 0.23633333333333334 0.0517578125 0.24166666666666667 0.06201171875 0.24733333333333332 0.0654296875 0.252 0.065673828125 0.259 0.062255859375 0.2673333333333333 0.060791015625 0.275 0.060791015625 0.2833333333333333 0.06298828125 0.2946666666666667 0.07080078125 0.304 0.0771484375 0.308 0.08349609375 0.31833333333333336 0.083984375 0.32233333333333336 0.088134765625 0.32366666666666666 0.091552734375 0.322 0.09765625 0.31433333333333335 0.100341796875 0.30566666666666664 0.101318359375 0.2986666666666667 0.10302734375 0.2956666666666667 0.10986328125 0.2946666666666667 0.1103515625 0.289 0.10888671875 0.2846666666666667 0.1103515625 0.2786666666666667 0.1083984375 0.273 0.104248046875 0.27 0.102783203125 0.267 0.104736328125 0.261 0.110107421875 0.25166666666666665 0.11083984375 0.242111 0.114013671875 0.23866666666666667 0.1220703125 0.237 0.124755859375 0.23333333333333334 0.126220703125 0.226 0.126220703125 0.22033333333333333 0.12451171875 0.21666666666666667 0.122802734375 0.20466666666666666 0.12109375 0.201 0.1162109375 0.19633333333333333 0.11083984375 0.19366666666666665 0.107177734375 0.19 0.079833984375 0.182 0.078857421875 0.17733333333333334 0.079833984375 0.17366666666666666 0.083740234375 0.16933333333333334 0.085205078125 0.16366666666666665 0.09326171875 0.14633333333333334 0.091552734375 0.14233333333333334 0.079833984375 0.13966666666666666 0.076171875 0.14433333333333334 0.06884765625 0.14633333333333334 0.06787109375 0.15266666666666667 0.064453125 0.153 0.0634765625 0.158 0.0595703125 0.162 0.05615234375 0.168 0.053466796875 0.16933333333333334 0.04931640625 0.16733333333333333 0.044921875 0.16166666666666665 0.03515625 0.15466666666666667 0.02880859375 0.144 0.013916015625 0.141 0 0.14066666666666666 0 0.23566666666666666
1 0.154052734375 0.23033333333333333 0.158447265625 0.23033333333333333 0.162109375 0.22866666666666666 0.17236328125 0.22166666666666668 0.178955078125 0.213 0.169921875 0.201 0.161865234375 0.19366666666666665 0.150390625 0.19033333333333333 0.1474609375 0.194 0.147216796875 0.211 0.1455078125 0.221 0.1474609375 0.22466666666666665 0.154052734375 0.23033333333333333
1 0.145751953125 0.14333333333333334 0.150146484375 0.14266666666666666 0.154296875 0.13833333333333334 0.16796875 0.13566666666666666 0.17041015625 0.131 0.1728515625 0.12266666666666666 0.171875 0.118 0.16748046875 0.112 0.169189453125 0.10633333333333334 0.16650390625 0.09666666666666666 0.165771484375 0.09566666666666666 0.15576171875 0.09566666666666666 0.150390625 0.09133333333333334 0.146240234375 0.09366666666666666 0.14208984375 0.10266666666666667 0.130615234375 0.11633333333333333 0.130615234375 0.13033333333333333 0.13232421875 0.136 0.135009765625 0.13866666666666666 0.145751953125 0.14333333333333334
1 0.1064453125 0.18833333333333332 0.11181640625 0.19233333333333333 0.11572265625 0.19333333333333333 0.117431640625 0.19233333333333333 0.118896484375 0.18933333333333333 0.118896484375 0.18533333333333332 0.1201171875 0.18166666666666667 0.1201171875 0.16966666666666666 0.123779296875 0.165 0.128173828125 0.16266666666666665 0.130859375 0.15766666666666668 0.12890625 0.154 0.12109375 0.14566666666666667 0.118896484375 0.14033333333333334 0.1181640625 0.13466666666666666 0.116455078125 0.13233333333333333 0.112548828125 0.13066666666666665 0.095458984375 0.13033333333333333 0.091796875 0.133 0.08984375 0.137 0.0859375 0.13833333333333334 0.09228515625 0.13866666666666666 0.093994140625 0.14666666666666667 0.09130859375 0.15033333333333335 0.090576171875 0.154 0.086669921875 0.15866666666666668 0.0859375 0.16233333333333333 0.08349609375 0.16566666666666666 0.0830078125 0.17 0.080078125 0.17233333333333334 0.078857421875 0.175 0.07861328125 0.17866666666666667 0.081298828125 0.18266666666666667 0.095703125 0.187 0.1064453125 0.18833333333333332
1 0.172119140625 0.34833333333333333 0.172607421875 0.3416666666666667 0.171142578125 0.33766666666666667 0.16552734375 0.33666666666666667 0.161865234375 0.339 0.15087890625 0.3556666666666667 0.1494140625 0.3596666666666667 0.150390625 0.369 0.157958984375 0.368 0.16552734375 0.361 0.172119140625 0.34833333333333333
1 0.181884765625 0.3473333333333333 0.187744140625 0.3476666666666667 0.189453125 0.346 0.192138671875 0.334 0.190673828125 0.3263333333333333 0.18896484375 0.3233333333333333 0.18603515625 0.32133333333333336 0.181640625 0.321 0.180419921875 0.32233333333333336 0.177490234375 0.32966666666666666 0.17822265625 0.342 0.178955078125 0.3443333333333333 0.181884765625 0.3473333333333333
1 0.132568359375 0.5256666666666666 0.134521484375 0.531 0.137451171875 0.5306666666666666 0.139892578125 0.5323333333333333 0.14990234375 0.546 0.15380859375 0.5443333333333333 0.159423828125 0.5453333333333333 0.16357421875 0.5476666666666666 0.165771484375 0.5506666666666666 0.170166015625 0.551 0.17333984375 0.5533333333333333 0.180419921875 0.5553333333333333 0.194091796875 0.5566666666666666 0.19873046875 0.5536666666666666 0.200927734375 0.5486666666666666 0.1962890625 0.539 0.190673828125 0.5333333333333333 0.19091796875 0.5286666666666666 0.187744140625 0.5253333333333333 0.186279296875 0.5206666666666667 0.191650390625 0.512 0.194091796875 0.5103333333333333 0.19921875 0.5103333333333333 0.212646484375 0.5136666666666667 0.220703125 0.513 0.23193359375 0.5056666666666667 0.23291015625 0.49966666666666665 0.2314453125 0.47533333333333333 0.225830078125 0.43933333333333335 0.220458984375 0.436 0.2177734375 0.43033333333333335 0.21435546875 0.428 0.19775390625 0.4216666666666667 0.18212890625 0.4196666666666667 0.177001953125 0.4216666666666667 0.169677734375 0.4186666666666667 0.162841796875 0.41933333333333334 0.16015625 0.42233333333333334 0.153076171875 0.43633333333333335 0.15087890625 0.43866666666666665 0.1474609375 0.465 0.13525390625 0.4683333333333333 0.125244140625 0.4676666666666667 0.120361328125 0.47 0.117919921875 0.4746666666666667 0.11767578125 0.486 0.11962890625 0.49833333333333335 0.125244140625 0.515 0.132568359375 0.5256666666666666
1 0.243408203125 0.574 0.24853515625 0.5776666666666667 0.258056640625 0.5786666666666667 0.263671875 0.5783333333333334 0.2666015625 0.5766666666666667 0.27490234375 0.5693333333333334 0.279296875 0.563 0.28173828125 0.556 0.2822265625 0.5403333333333333 0.27978515625 0.5273333333333333 0.266357421875 0.5093333333333333 0.26025390625 0.5043333333333333 0.254150390625 0.5056666666666667 0.240478515625 0.5183333333333333 0.2314453125 0.5246666666666666 0.2275390625 0.5286666666666666 0.2255859375 0.5326666666666666 0.225341796875 0.5373333333333333 0.227783203125 0.5453333333333333 0.236328125 0.5643333333333334 0.243408203125 0.574
1 0.081787109375 0.6073333333333333 0.083251953125 0.6093333333333333 0.09228515625 0.6106666666666667 0.099365234375 0.6083333333333333 0.10302734375 0.6023333333333334 0.109375 0.596 0.1162109375 0.591 0.119140625 0.592 0.123046875 0.5873333333333334 0.126953125 0.5766666666666667 0.128662109375 0.5486666666666666 0.12451171875 0.5343333333333333 0.12353515625 0.525 0.11767578125 0.509 0.112060546875 0.5056666666666667 0.106689453125 0.506 0.099609375 0.5096666666666667 0.091796875 0.5173333333333333 0.082763671875 0.5293333333333333 0.08154296875 0.5326666666666666 0.077392578125 0.537 0.076171875 0.5406666666666666 0.074462890625 0.5553333333333333 0.07421875 0.566 0.07568359375 0.58 0.08056640625 0.5986666666666667 0.081787109375 0.6073333333333333
1 0.134765625 0.4693333333333333 0.146240234375 0.4673333333333333 0.147705078125 0.4666666666666667 0.148681640625 0.455 0.150146484375 0.4513333333333333 0.150390625 0.44333333333333336 0.15234375 0.437 0.15478515625 0.43533333333333335 0.15478515625 0.42766666666666664 0.142333984375 0.41133333333333333 0.138671875 0.4083333333333333 0.13427734375 0.4076666666666667 0.126953125 0.417 0.121826171875 0.4216666666666667 0.111328125 0.437 0.108642578125 0.43933333333333335 0.108642578125 0.44366666666666665 0.114501953125 0.44966666666666666 0.126708984375 0.466 0.134765625 0.4693333333333333
1 0.259765625 0.4643333333333333 0.26123046875 0.4703333333333333 0.260498046875 0.477 0.262451171875 0.48233333333333334 0.271484375 0.49 0.283203125 0.49233333333333335 0.290283203125 0.49533333333333335 0.296875 0.49466666666666664 0.3046875 0.49133333333333334 0.316162109375 0.479 0.32080078125 0.47 0.324462890625 0.4553333333333333 0.3251953125 0.44766666666666666 0.3271484375 0.44333333333333336 0.326416015625 0.43766666666666665 0.322265625 0.43433333333333335 0.31396484375 0.43233333333333335 0.3115234375 0.433 0.310546875 0.43566666666666665 0.294677734375 0.43633333333333335 0.28076171875 0.42633333333333334 0.26953125 0.422 0.255615234375 0.42333333333333334 0.25048828125 0.42633333333333334 0.24267578125 0.435 0.242919921875 0.44433333333333336 0.248291015625 0.4503333333333333 0.25439453125 0.462 0.259765625 0.4643333333333333
1 0.583740234375 0.18466666666666667 0.59228515625 0.17366666666666666 0.592529296875 0.16966666666666666 0.58544921875 0.15833333333333333 0.586181640625 0.15366666666666667 0.58349609375 0.14633333333333334 0.578857421875 0.146 0.57568359375 0.14766666666666667 0.5693359375 0.16033333333333333 0.56982421875 0.17366666666666666 0.57568359375 0.18166666666666667 0.580078125 0.18533333333333332 0.583740234375 0.18466666666666667
1 0.50048828125 0.18466666666666667 0.503662109375 0.18666666666666668 0.509521484375 0.19466666666666665 0.513427734375 0.19566666666666666 0.514404296875 0.18833333333333332 0.5107421875 0.17833333333333334 0.510498046875 0.175 0.512451171875 0.16666666666666666 0.511962890625 0.162 0.5068359375 0.161 0.502197265625 0.162 0.497802734375 0.16666666666666666 0.492431640625 0.16966666666666666 0.489990234375 0.17533333333333334 0.489990234375 0.17866666666666667 0.49169921875 0.182 0.494140625 0.184 0.50048828125 0.18466666666666667
1 0.582763671875 0.31433333333333335 0.583740234375 0.32066666666666666 0.586181640625 0.328 0.587158203125 0.33566666666666667 0.591552734375 0.346 0.59521484375 0.3436666666666667 0.59912109375 0.3456666666666667 0.607421875 0.3456666666666667 0.626708984375 0.342 0.638427734375 0.33366666666666667 0.64501953125 0.32666666666666666 0.65234375 0.31466666666666665 0.65185546875 0.30633333333333335 0.646240234375 0.287 0.638671875 0.2693333333333333 0.632080078125 0.2633333333333333 0.619384765625 0.25866666666666666 0.61083984375 0.259 0.594970703125 0.26466666666666666 0.589111328125 0.27 0.580810546875 0.2743333333333333 0.5791015625 0.277 0.580078125 0.2876666666666667 0.58447265625 0.30266666666666664 0.584228515625 0.311 0.582763671875 0.31433333333333335
1 0.554931640625 0.2763333333333333 0.580078125 0.2786666666666667 0.588134765625 0.2733333333333333 0.5947265625 0.26366666666666666 0.59423828125 0.25933333333333336 0.5911865234375 0.25483333333333336 0.5859375 0.24266666666666667 0.592041015625 0.21966666666666668 0.591796875 0.21433333333333332 0.58984375 0.20933333333333334 0.581787109375 0.19666666666666666 0.575927734375 0.19133333333333333 0.572021484375 0.191 0.5625 0.21533333333333332 0.5556640625 0.22066666666666668 0.55517578125 0.225 0.556396484375 0.23166666666666666 0.5556640625 0.238 0.544677734375 0.245 0.5419921875 0.248 0.541259765625 0.25233333333333335 0.541015625 0.25566666666666665 0.54443359375 0.2653333333333333 0.548828125 0.27166666666666667 0.554931640625 0.2763333333333333
1 0.558512451171875 0.44666666666666666 0.5625 0.449 0.563720703125 0.4513333333333333 0.56787109375 0.451 0.570068359375 0.448 0.573486328125 0.449 0.573486328125 0.455 0.570068359375 0.4623333333333333 0.567626953125 0.4703333333333333 0.5673828125 0.475 0.572021484375 0.496 0.575927734375 0.5056666666666667 0.57861328125 0.5093333333333333 0.583984375 0.51 0.59619140625 0.5066666666666667 0.603271484375 0.5023333333333333 0.608154296875 0.49733333333333335 0.61669921875 0.471 0.61669921875 0.46 0.6142578125 0.44733333333333336 0.60888671875 0.43166666666666664 0.610595703125 0.421 0.609375 0.416 0.595458984375 0.4 0.584716796875 0.392 0.576171875 0.3883333333333333 0.5693359375 0.387 0.5595703125 0.388 0.554931640625 0.392 0.54833984375 0.401 0.541259765625 0.42 0.540283203125 0.4256666666666667 0.540771484375 0.43533333333333335 0.548583984375 0.44566666666666666 0.552490234375 0.44766666666666666 0.558512451171875 0.44666666666666666
1 0.821533203125 0.5016666666666667 0.82666015625 0.5046666666666667 0.8369140625 0.5056666666666667 0.845947265625 0.5046666666666667 0.8505859375 0.5016666666666667 0.849609375 0.498 0.85107421875 0.495 0.8505859375 0.48966666666666664 0.85302734375 0.482 0.853271484375 0.474 0.8515625 0.463 0.8486328125 0.457 0.84521484375 0.45366666666666666 0.842041015625 0.45266666666666666 0.834228515625 0.45266666666666666 0.826171875 0.457 0.81982421875 0.46366666666666667 0.8203125 0.4786666666666667 0.821533203125 0.48433333333333334 0.820068359375 0.494 0.821533203125 0.5016666666666667
1 0.66259765625 0.7616666666666667 0.674072265625 0.754 0.677734375 0.75 0.69189453125 0.7413333333333333 0.693359375 0.7386666666666667 0.6943359375 0.728 0.69384765625 0.7206666666666667 0.689453125 0.7213333333333334 0.683837890625 0.72 0.669677734375 0.704 0.665771484375 0.703 0.65380859375 0.7106666666666667 0.63525390625 0.731 0.634521484375 0.737 0.638671875 0.7446666666666667 0.654052734375 0.7603333333333333 0.66259765625 0.7616666666666667
1 0.69091796875 0.7863333333333333 0.704833984375 0.7876666666666666 0.71875 0.7833333333333333 0.72509765625 0.7723333333333333 0.725341796875 0.767 0.724365234375 0.7593333333333333 0.720947265625 0.7543333333333333 0.708740234375 0.7443333333333333 0.70263671875 0.7436666666666667 0.68603515625 0.747 0.67822265625 0.7543333333333333 0.667236328125 0.7703333333333333 0.6669921875 0.7716666666666666 0.66943359375 0.7753333333333333 0.6806640625 0.783 0.69091796875 0.7863333333333333
1 0.852783203125 0.9823333333333333 0.857177734375 0.9823333333333333 0.873291015625 0.9763333333333334 0.880859375 0.9706666666666667 0.883056640625 0.9666666666666667 0.881591796875 0.9633333333333334 0.876220703125 0.9573333333333334 0.864501953125 0.9483333333333334 0.85791015625 0.9456666666666667 0.84912109375 0.947 0.84326171875 0.95 0.837646484375 0.9543333333333334 0.83154296875 0.9636666666666667 0.831298828125 0.9673333333333334 0.832275390625 0.9706666666666667 0.837158203125 0.978 0.852783203125 0.9823333333333333
1 0.866943359375 0.9376666666666666 0.877197265625 0.9406666666666667 0.885009765625 0.94 0.891845703125 0.941 0.896240234375 0.9373333333333334 0.90087890625 0.928 0.900634765625 0.9233333333333333 0.901611328125 0.9196666666666666 0.896728515625 0.909 0.89697265625 0.9036666666666666 0.888916015625 0.8936666666666667 0.87744140625 0.891 0.86767578125 0.8923333333333333 0.864990234375 0.8936666666666667 0.86279296875 0.8966666666666666 0.860107421875 0.9053333333333333 0.85888671875 0.9156666666666666 0.85986328125 0.9253333333333333 0.863037109375 0.9323333333333333 0.866943359375 0.9376666666666666
1 0.404296875 0.5566666666666666 0.40869140625 0.559 0.423095703125 0.5616666666666666 0.432373046875 0.561 0.443359375 0.5566666666666666 0.44775390625 0.549 0.44775390625 0.544 0.440185546875 0.5256666666666666 0.435791015625 0.5226666666666666 0.41974755859375 0.524 0.407958984375 0.522 0.404541015625 0.5256666666666666 0.400146484375 0.528 0.39208984375 0.5286666666666666 0.386474609375 0.5313333333333333 0.38623046875 0.533 0.3896484375 0.5406666666666666 0.3955078125 0.549 0.404296875 0.5566666666666666
1 0.30517578125 0.662 0.3125 0.662 0.326416015625 0.658 0.332763671875 0.654 0.335205078125 0.6503333333333333 0.333740234375 0.6443333333333333 0.330078125 0.6386666666666667 0.32080078125 0.63 0.317626953125 0.6253333333333333 0.302978515625 0.6183333333333333 0.2861328125 0.6263333333333333 0.28369140625 0.6293333333333333 0.282958984375 0.6306666666666667 0.2841796875 0.6346666666666667 0.291015625 0.6503333333333333 0.30517578125 0.662
1 0.23779296875 0.6236666666666667 0.242919921875 0.6286666666666667 0.255859375 0.6303333333333333 0.266845703125 0.6263333333333333 0.270263671875 0.6226666666666667 0.273681640625 0.615 0.2783203125 0.595 0.27783203125 0.5916666666666667 0.27490234375 0.5873333333333334 0.263427734375 0.579 0.252685546875 0.5786666666666667 0.239990234375 0.5836666666666667 0.236083984375 0.5873333333333334 0.230224609375 0.6033333333333334 0.228759765625 0.612 0.232421875 0.6193333333333333 0.235595703125 0.6183333333333333 0.23779296875 0.6236666666666667
1 0.164794921875 0.601 0.16845703125 0.6056666666666667 0.1748046875 0.6083333333333333 0.180419921875 0.6066666666666667 0.185791015625 0.6003333333333334 0.189453125 0.6 0.19140625 0.593 0.197021484375 0.5836666666666667 0.197509765625 0.58 0.19580078125 0.5773333333333334 0.193603515625 0.5763333333333334 0.18896484375 0.569 0.18310546875 0.5643333333333334 0.173583984375 0.5606666666666666 0.1689453125 0.5616666666666666 0.16552734375 0.5603333333333333 0.161865234375 0.5623333333333334 0.158203125 0.5673333333333334 0.156005859375 0.577 0.154052734375 0.5803333333333334 0.1533203125 0.5833333333333334 0.154052734375 0.5883333333333334 0.158447265625 0.5963333333333334 0.164794921875 0.601
1 0.12109375 0.4003333333333333 0.132080078125 0.4063333333333333 0.140380859375 0.4086666666666667 0.146484375 0.4056666666666667 0.151123046875 0.39966666666666667 0.1572265625 0.38866666666666666 0.155517578125 0.38466666666666666 0.14453125 0.378 0.126953125 0.37266666666666665 0.1240234375 0.37566666666666665 0.120361328125 0.38233333333333336 0.116943359375 0.38466666666666666 0.117919921875 0.3963333333333333 0.12109375 0.4003333333333333
1 0.091552734375 0.703 0.107177734375 0.695 0.109375 0.6926666666666667 0.112060546875 0.6853333333333333 0.11328125 0.678 0.113037109375 0.6733333333333333 0.10791015625 0.666 0.10693359375 0.6623333333333333 0.098876953125 0.6583333333333333 0.095703125 0.6553333333333333 0.09130859375 0.655 0.087890625 0.657 0.08544921875 0.661 0.0830078125 0.6683333333333333 0.0791015625 0.675 0.075927734375 0.6863333333333334 0.07568359375 0.693 0.0771484375 0.6953333333333334 0.085693359375 0.7023333333333334 0.091552734375 0.703
1 0.250164794921875 0.7141783333333332 0.264595703125 0.7187250000000001 0.285132080078125 0.7209983333333333 0.29234765625 0.7126626666666666 0.2943828125 0.700538 0.289017578125 0.6884136666666667 0.278286865234375 0.680078 0.274031494140625 0.6735106666666666 0.266075927734375 0.672753 0.257648681640625 0.6753816666666667 0.2507197265625 0.681341 0.24701953125 0.6879083333333333 0.244984375 0.7053373333333334 0.250164794921875 0.7141783333333332
1 0.2751416015625 0.768312 0.279581787109375 0.8046856666666666 0.295122802734375 0.8049379999999999 0.309368896484375 0.7973603333333333 0.323059814453125 0.7960973333333333 0.330645263671875 0.791298 0.331200439453125 0.7761426666666666 0.3299052734375 0.7455786666666666 0.324724853515625 0.733707 0.32194970703125 0.734212 0.3082587890625 0.7390113333333334 0.2980830078125 0.741032 0.28476220703125 0.7536616666666667 0.2751416015625 0.768312
1 0.01186865234375 0.7523986666666667 0.014088623046875 0.7837203333333334 0.02130419921875 0.7897826666666666 0.044060791015625 0.7945816666666666 0.071627685546875 0.776395 0.079213134765625 0.7526513333333333 0.08217333984375 0.7266343333333333 0.073662841796875 0.7119840000000001 0.059971923828125 0.7016276666666666 0.0485380859375 0.6983053333333334 0.033699951171875 0.7069319999999999 0.027224609375 0.7132466666666666 0.01556884765625 0.7321913333333333 0.01186865234375 0.7523986666666667
1 0.535888671875 0.868 0.547607421875 0.8723333333333333 0.552978515625 0.8723333333333333 0.56005859375 0.8666666666666667 0.566650390625 0.8573333333333333 0.57177734375 0.8416666666666667 0.572021484375 0.8373333333333334 0.570068359375 0.8336666666666667 0.560302734375 0.829 0.54052734375 0.828 0.5302734375 0.83 0.51171875 0.8296666666666667 0.497802734375 0.8336666666666667 0.49169921875 0.8376666666666667 0.489990234375 0.8406666666666667 0.49072265625 0.8453333333333334 0.5009765625 0.858 0.512939453125 0.865 0.535888671875 0.868
1 0.583984375 0.8053333333333333 0.599365234375 0.8186666666666667 0.608642578125 0.82 0.611328125 0.8196666666666667 0.626953125 0.8093333333333333 0.630859375 0.7983333333333333 0.6328125 0.7863333333333333 0.63134765625 0.779 0.62744140625 0.7736666666666666 0.623046875 0.7703333333333333 0.61474609375 0.7673333333333333 0.593017578125 0.765 0.586669921875 0.766 0.57568359375 0.774 0.572265625 0.778 0.56884765625 0.788 0.568359375 0.7916666666666666 0.569091796875 0.795 0.573486328125 0.7996666666666666 0.583984375 0.8053333333333333
1 0.50244140625 0.7406666666666667 0.507080078125 0.7516666666666667 0.512939453125 0.759 0.517822265625 0.7596666666666667 0.525390625 0.7633333333333333 0.52880859375 0.7626666666666667 0.534912109375 0.7563333333333333 0.540283203125 0.748 0.54052734375 0.732 0.5390625 0.724 0.52392578125 0.6973333333333334 0.51806640625 0.6913333333333334 0.513427734375 0.6886666666666666 0.509033203125 0.6903333333333334 0.49609375 0.702 0.494140625 0.7093333333333334 0.494384765625 0.717 0.492431640625 0.7206666666666667 0.497802734375 0.7366666666666667 0.50244140625 0.7406666666666667
1 0.56689453125 0.755 0.57421875 0.7596666666666667 0.58642578125 0.764 0.591796875 0.7626666666666667 0.5947265625 0.7583333333333333 0.596435546875 0.752 0.59814453125 0.75 0.60546875 0.7476666666666667 0.61279296875 0.732 0.611572265625 0.7206666666666667 0.6044921875 0.7063333333333334 0.603271484375 0.7013333333333334 0.595703125 0.6926666666666667 0.583984375 0.6856666666666666 0.576416015625 0.686 0.5654296875 0.6953333333333334 0.554443359375 0.7003333333333334 0.55078125 0.7076666666666667 0.55322265625 0.7176666666666667 0.55419921875 0.7316666666666667 0.556396484375 0.7376666666666667 0.56689453125 0.755
1 0.475341796875 0.6946666666666667 0.478271484375 0.696 0.493896484375 0.6953333333333334 0.499755859375 0.692 0.504150390625 0.6856666666666666 0.502685546875 0.6813333333333333 0.4990234375 0.6756666666666666 0.497314453125 0.6656666666666666 0.4931640625 0.6543333333333333 0.486083984375 0.6456666666666667 0.481201171875 0.6423333333333333 0.474853515625 0.6403333333333333 0.45556640625 0.642 0.449951171875 0.65 0.447509765625 0.6563333333333333 0.4482421875 0.6656666666666666 0.44677734375 0.6736666666666666 0.453125 0.677 0.475341796875 0.6946666666666667
1 0.5087890625 0.9996666666666667 0.55078125 0.9996666666666667 0.55908203125 0.9816666666666667 0.55908203125 0.974 0.55712890625 0.9683333333333334 0.552490234375 0.9603333333333334 0.548583984375 0.956 0.542724609375 0.9523333333333334 0.532958984375 0.949 0.529296875 0.945 0.520751953125 0.9443333333333334 0.505859375 0.946 0.501220703125 0.949 0.497314453125 0.9553333333333334 0.49658203125 0.9606666666666667 0.497802734375 0.9723333333333334 0.504638671875 0.9853333333333333 0.5087890625 0.9996666666666667
1 0.70166015625 0.8996666666666666 0.705322265625 0.903 0.72021484375 0.9083333333333333 0.725830078125 0.906 0.7314453125 0.8976666666666666 0.73388671875 0.892 0.736328125 0.873 0.734619140625 0.8663333333333333 0.7294921875 0.8613333333333333 0.72998046875 0.8573333333333333 0.7177734375 0.8416666666666667 0.709228515625 0.8383333333333334 0.703125 0.8386666666666667 0.697265625 0.8416666666666667 0.692626953125 0.849 0.691162109375 0.8533333333333334 0.688720703125 0.873 0.697998046875 0.8903333333333333 0.697265625 0.8923333333333333 0.70166015625 0.8996666666666666
1 0.6591796875 0.9443333333333334 0.661376953125 0.9503333333333334 0.66162109375 0.9553333333333334 0.66552734375 0.961 0.66943359375 0.9633333333333334 0.672119140625 0.9633333333333334 0.678466796875 0.9626666666666667 0.687744140625 0.9546666666666667 0.694091796875 0.9516666666666667 0.708740234375 0.9413333333333334 0.716552734375 0.9223333333333333 0.720703125 0.9193333333333333 0.718017578125 0.9153333333333333 0.689208984375 0.8873333333333333 0.6846923828125 0.89 0.681396484375 0.8893333333333333 0.6806640625 0.8913333333333333 0.659912109375 0.905 0.650390625 0.913 0.646484375 0.9206666666666666 0.64697265625 0.9276666666666666 0.65087890625 0.9346666666666666 0.65576171875 0.9383333333333334 0.6591796875 0.9443333333333334
1 0.716796875 0.8386666666666667 0.72119140625 0.8483333333333334 0.735107421875 0.869 0.73583984375 0.8716666666666667 0.735107421875 0.8806666666666667 0.73974609375 0.8856666666666667 0.748291015625 0.8863333333333333 0.751708984375 0.889 0.762451171875 0.8926666666666667 0.7783203125 0.8936666666666667 0.798583984375 0.8883333333333333 0.798095703125 0.876 0.798828125 0.8723333333333333 0.795654296875 0.855 0.783203125 0.8396666666666667 0.778076171875 0.8363333333333334 0.7763671875 0.8336666666666667 0.765625 0.8296666666666667 0.74169921875 0.8243333333333334 0.736328125 0.822 0.7255859375 0.8206666666666667 0.719970703125 0.822 0.715576171875 0.8306666666666667 0.712890625 0.8326666666666667 0.71240234375 0.8343333333333334 0.716796875 0.8386666666666667
1 0.907958984375 0.9006666666666666 0.919189453125 0.9056666666666666 0.9228515625 0.905 0.927734375 0.9073333333333333 0.932373046875 0.906 0.93798828125 0.9 0.94677734375 0.8963333333333333 0.947998046875 0.8916666666666667 0.951171875 0.8886666666666667 0.94873046875 0.881 0.937255859375 0.869 0.931396484375 0.864 0.91650390625 0.8586666666666667 0.9052734375 0.8586666666666667 0.898681640625 0.8626666666666667 0.896728515625 0.8686666666666667 0.89697265625 0.873 0.892822265625 0.876 0.894287109375 0.889 0.897705078125 0.896 0.904296875 0.9003333333333333 0.907958984375 0.9006666666666666
1 0.419677734375 0.906 0.42578125 0.9076666666666666 0.4462890625 0.909 0.455322265625 0.908 0.458740234375 0.9063333333333333 0.4638671875 0.8966666666666666 0.4638671875 0.8923333333333333 0.462646484375 0.8893333333333333 0.454833984375 0.8746666666666667 0.450927734375 0.8693333333333333 0.446533203125 0.8676666666666667 0.43505859375 0.8666666666666667 0.427490234375 0.868 0.412841796875 0.8766666666666667 0.409423828125 0.8836666666666667 0.4091796875 0.889 0.41015625 0.8923333333333333 0.41748046875 0.904 0.419677734375 0.906
1 0.36865234375 0.9446666666666667 0.385986328125 0.95 0.39111328125 0.953 0.398681640625 0.955 0.401123046875 0.9573333333333334 0.404296875 0.9576666666666667 0.408447265625 0.9513333333333334 0.413330078125 0.949 0.41748046875 0.943 0.418212890625 0.9393333333333334 0.417236328125 0.9343333333333333 0.418701171875 0.928 0.418212890625 0.912 0.4169921875 0.908 0.41259765625 0.903 0.396240234375 0.8916666666666667 0.376708984375 0.8873333333333333 0.369384765625 0.8963333333333333 0.36865234375 0.901 0.3671875 0.9033333333333333 0.368408203125 0.908 0.36376953125 0.9236666666666666 0.36376953125 0.9313333333333333 0.36865234375 0.9446666666666667
1 0.404052734375 0.7243333333333334 0.4072265625 0.7306666666666667 0.407958984375 0.7403333333333333 0.414794921875 0.7526666666666667 0.41552734375 0.7556666666666667 0.419677734375 0.7576666666666667 0.44140625 0.7476666666666667 0.44384765625 0.7363333333333333 0.447509765625 0.732 0.445556640625 0.7096666666666667 0.44580078125 0.6836666666666666 0.444580078125 0.6756666666666666 0.44482421875 0.6696666666666666 0.443603515625 0.6666666666666666 0.439453125 0.661 0.434326171875 0.6583333333333333 0.431396484375 0.6573333333333333 0.423828125 0.658 0.4140625 0.662 0.40966796875 0.6696666666666666 0.408447265625 0.6773333333333333 0.40869140625 0.7016666666666667 0.404052734375 0.7123333333333334 0.4033203125 0.7163333333333334 0.404052734375 0.7243333333333334
1 0.333740234375 0.7746666666666666 0.339111328125 0.779 0.345947265625 0.781 0.360107421875 0.783 0.3681640625 0.775 0.37255859375 0.7726666666666666 0.376708984375 0.7723333333333333 0.394287109375 0.7653333333333333 0.400146484375 0.761 0.40576171875 0.748 0.401611328125 0.717 0.397705078125 0.7086666666666667 0.392333984375 0.7013333333333334 0.37744140625 0.692 0.36767578125 0.6946666666666667 0.362548828125 0.7026666666666667 0.357421875 0.7076666666666667 0.3447265625 0.7073333333333334 0.3291015625 0.711 0.323486328125 0.7173333333333334 0.3203125 0.7243333333333334 0.319580078125 0.7323333333333333 0.32568359375 0.7403333333333333 0.330078125 0.7553333333333333 0.333740234375 0.7746666666666666
1 0.372802734375 0.8076666666666666 0.384033203125 0.8093333333333333 0.4052734375 0.8076666666666666 0.408203125 0.8086666666666666 0.417236328125 0.7986666666666666 0.41845703125 0.791 0.41748046875 0.7866666666666666 0.409423828125 0.7703333333333333 0.40771484375 0.7683333333333333 0.401123046875 0.7663333333333333 0.392333984375 0.7666666666666667 0.38916015625 0.7683333333333333 0.371337890625 0.772 0.35986328125 0.7856666666666666 0.35986328125 0.795 0.363525390625 0.7986666666666666 0.366455078125 0.8043333333333333 0.372802734375 0.8076666666666666
1 0.208740234375 0.7276666666666667 0.217041015625 0.7253333333333334 0.222330810546875 0.7193333333333334 0.232177734375 0.7173333333333334 0.242919921875 0.705 0.244140625 0.6973333333333334 0.2470703125 0.6893333333333334 0.244384765625 0.67 0.2412109375 0.6616666666666666 0.237548828125 0.646 0.23291015625 0.6333333333333333 0.228759765625 0.6283333333333333 0.219970703125 0.6296666666666667 0.2177734375 0.6346666666666667 0.21728515625 0.6436666666666667 0.209716796875 0.6473333333333333 0.203857421875 0.6523333333333333 0.19580078125 0.67 0.1884765625 0.6803333333333333 0.18505859375 0.6893333333333334 0.1884765625 0.7026666666666667 0.20458984375 0.725 0.208740234375 0.7276666666666667
1 0.11181640625 0.6586666666666666 0.1162109375 0.6616666666666666 0.119140625 0.6686666666666666 0.126220703125 0.6776666666666666 0.130615234375 0.68 0.135498046875 0.681 0.15478515625 0.6806666666666666 0.16650390625 0.6823333333333333 0.172607421875 0.6783333333333333 0.177734375 0.6723333333333333 0.1787109375 0.6696666666666666 0.17919921875 0.658 0.18359375 0.654 0.183349609375 0.646 0.181396484375 0.6396666666666667 0.173583984375 0.627 0.167236328125 0.6213333333333333 0.166015625 0.6173333333333333 0.165283203125 0.6076666666666667 0.162841796875 0.603 0.155517578125 0.5976666666666667 0.138427734375 0.597 0.13037109375 0.5983333333333334 0.111328125 0.5963333333333334 0.104736328125 0.602 0.099609375 0.6086666666666667 0.091064453125 0.612 0.087890625 0.6143333333333333 0.0830078125 0.6206666666666667 0.079833984375 0.6223333333333333 0.079833984375 0.6313333333333333 0.090576171875 0.64 0.101318359375 0.6456666666666667 0.11181640625 0.6586666666666666
1 0.127197265625 0.7783333333333333 0.139404296875 0.787 0.142578125 0.7926666666666666 0.15869140625 0.7943333333333333 0.177978515625 0.788 0.189697265625 0.7956666666666666 0.194091796875 0.7936666666666666 0.197509765625 0.788 0.204833984375 0.7816666666666666 0.209228515625 0.782 0.211181640625 0.78 0.2138671875 0.771 0.21533203125 0.7593333333333333 0.2138671875 0.748 0.21044921875 0.736 0.207275390625 0.7326666666666667 0.20361328125 0.725 0.196044921875 0.714 0.187744140625 0.7046666666666667 0.184814453125 0.6923333333333334 0.177978515625 0.6886666666666666 0.160888671875 0.6863333333333334 0.155517578125 0.688 0.146728515625 0.6943333333333334 0.142333984375 0.6926666666666667 0.126708984375 0.7016666666666667 0.121826171875 0.7093333333333334 0.111083984375 0.7146666666666667 0.106201171875 0.72 0.105712890625 0.7243333333333334 0.10693359375 0.7313333333333333 0.10498046875 0.7373333333333333 0.101806640625 0.762 0.1015625 0.7716666666666666 0.10693359375 0.783 0.123291015625 0.777 0.127197265625 0.7783333333333333
1 0.051513671875 0.8946666666666667 0.0703125 0.9146666666666666 0.074462890625 0.916 0.083740234375 0.9156666666666666 0.087158203125 0.9133333333333333 0.09521484375 0.912 0.099609375 0.9093333333333333 0.10107421875 0.908 0.103515625 0.9006666666666666 0.114501953125 0.895 0.12353515625 0.894 0.12646484375 0.8923333333333333 0.138671875 0.892 0.142822265625 0.885 0.14990234375 0.88 0.154296875 0.88 0.168212890625 0.885 0.177490234375 0.8816666666666667 0.18115234375 0.8743333333333333 0.185302734375 0.8716666666666667 0.194580078125 0.859 0.19677734375 0.8493333333333334 0.192138671875 0.839 0.18896484375 0.827 0.189697265625 0.826 0.1845703125 0.824 0.18359375 0.8186666666666667 0.17919921875 0.8143333333333334 0.17333984375 0.8123333333333334 0.169921875 0.809 0.165283203125 0.809 0.15869140625 0.8153333333333334 0.14404296875 0.7976666666666666 0.140869140625 0.7956666666666666 0.138671875 0.7903333333333333 0.13525390625 0.787 0.130126953125 0.7873333333333333 0.128173828125 0.7846666666666666 0.122314453125 0.783 0.113037109375 0.7863333333333333 0.111083984375 0.786 0.100341796875 0.7946666666666666 0.101318359375 0.7996666666666666 0.09765625 0.8103333333333333 0.09912109375 0.814 0.09765625 0.816 0.076171875 0.8283333333333334 0.06298828125 0.8336666666666667 0.054443359375 0.846 0.044189453125 0.869 0.043212890625 0.873 0.044677734375 0.882 0.047607421875 0.8896666666666667 0.051513671875 0.8946666666666667
1 0.1884765625 0.9996666666666667 0.18896484375 0.9896666666666667 0.18359375 0.9666666666666667 0.177978515625 0.956 0.173828125 0.953 0.1572265625 0.9523333333333334 0.130859375 0.9616666666666667 0.12646484375 0.9663333333333334 0.122314453125 0.9743333333333334 0.12158203125 0.9783333333333334 0.122314453125 0.9853333333333333 0.121337890625 0.994 0.123291015625 0.9996666666666667 0.1884765625 0.9996666666666667
1 0.177001953125 0.9523333333333334 0.18212890625 0.956 0.185791015625 0.9563333333333334 0.189208984375 0.954 0.19677734375 0.9533333333333334 0.19873046875 0.952 0.201171875 0.9473333333333334 0.201171875 0.9393333333333334 0.199462890625 0.937 0.198486328125 0.933 0.198486328125 0.9273333333333333 0.19384765625 0.923 0.18115234375 0.9226666666666666 0.164794921875 0.928 0.158203125 0.933 0.156494140625 0.9353333333333333 0.156982421875 0.939 0.162109375 0.948 0.177001953125 0.9523333333333334
1 0.24853515625 0.8616666666666667 0.255126953125 0.8613333333333333 0.263671875 0.863 0.27294921875 0.8696666666666667 0.279541015625 0.871 0.286865234375 0.8686666666666667 0.29931640625 0.853 0.3017578125 0.8456666666666667 0.2978515625 0.8313333333333334 0.2919921875 0.8233333333333334 0.27783203125 0.813 0.26708984375 0.8113333333333334 0.256591796875 0.816 0.251220703125 0.826 0.24560546875 0.8426666666666667 0.238037109375 0.8496666666666667 0.2333984375 0.8556666666666667 0.23291015625 0.8576666666666667 0.236083984375 0.869 0.240234375 0.8686666666666667 0.24853515625 0.8616666666666667
1 0.778629150390625 0.47573033333333337 0.799202880859375 0.48288033333333336 0.804689208984375 0.4801566666666667 0.8073076171875 0.4445773333333333 0.799576904296875 0.433342 0.782369873046875 0.430618 0.767032958984375 0.425511 0.7632861328125 0.42483666666666664 0.758055419921875 0.43249066666666663 0.754439453125 0.4393 0.748204833984375 0.46721866666666667 0.778629150390625 0.47573033333333337
1 0.748204833984375 0.422617 0.69147119140625 0.435725 0.697705810546875 0.46824 0.755686279296875 0.453089 0.748204833984375 0.422617
1 0.6818701171875 0.37711100000000003 0.68486279296875 0.36757766666666664 0.68324169921875 0.34187233333333333 0.680785400390625 0.33860033333333334 0.646707763671875 0.35378866666666664 0.649326171875 0.3830693333333334 0.66403955078125 0.3830693333333334 0.6818701171875 0.37711100000000003
1 0.713167236328125 0.42307433333333333 0.76404052734375 0.42256366666666667 0.775636474609375 0.40417833333333336 0.77613525390625 0.39719866666666664 0.737855712890625 0.3914106666666667 0.717656005859375 0.38987866666666665 0.7109228515625 0.38834633333333335 0.704314208984375 0.39413433333333336 0.702319091796875 0.40775333333333336 0.704189453125 0.4181376666666667 0.713167236328125 0.42307433333333333
1 0.66167041015625 0.3909 0.661421142578125 0.401114 0.68486279296875 0.42069133333333336 0.696458740234375 0.42699000000000004 0.699825439453125 0.415414 0.70830419921875 0.39413433333333336 0.713541259765625 0.380686 0.70556103515625 0.36076833333333336 0.699825439453125 0.35481 0.68286767578125 0.3541293333333333 0.67264306640625 0.3599173333333333 0.665535888671875 0.37319566666666665 0.66167041015625 0.3909
1 0.80755712890625 0.41949966666666666 0.79579248046875 0.39421833333333334 0.756808349609375 0.42307433333333333 0.768654052734375 0.44588599999999995 0.783117919921875 0.44163 0.80755712890625 0.41949966666666666
1 0.609675048828125 0.3930863333333333 0.616657470703125 0.38832 0.62014892578125 0.38593666666666665 0.62052294921875 0.39564000000000005 0.62401416015625 0.397172 0.6266328125 0.39683166666666664 0.62563525390625 0.3866176666666667 0.643091796875 0.383383 0.632991943359375 0.3719773333333333 0.62675732421875 0.36823199999999995 0.61782958984375 0.3658476666666666 0.607056396484375 0.370275 0.6144130859375 0.37912700000000005 0.6058095703125 0.38900066666666666 0.609675048828125 0.3930863333333333
1 0.4267578125 0.4106666666666667 0.4287109375 0.413 0.427978515625 0.4156666666666667 0.429443359375 0.41633333333333333 0.43310546875 0.424 0.435302734375 0.4256666666666667 0.439208984375 0.4226666666666667 0.4453125 0.4136666666666667 0.470703125 0.4023333333333333 0.474609375 0.3963333333333333 0.478271484375 0.38466666666666666 0.478759765625 0.372 0.4736328125 0.3596666666666667 0.46484375 0.347 0.455810546875 0.3373333333333333 0.447509765625 0.3323333333333333 0.435302734375 0.33 0.419677734375 0.3396666666666667 0.41455078125 0.3466666666666667 0.40625 0.36966666666666664 0.40625 0.38066666666666665 0.413330078125 0.39855566666666664 0.41357421875 0.4036666666666667 0.4267578125 0.4106666666666667
1 0.431396484375 0.31 0.435546875 0.31033333333333335 0.445068359375 0.299 0.449951171875 0.291 0.4501953125 0.2866666666666667 0.447265625 0.2823333333333333 0.44287109375 0.282 0.440185546875 0.283 0.434814453125 0.289 0.426513671875 0.292 0.4248046875 0.29433333333333334 0.4248046875 0.296 0.427490234375 0.306 0.431396484375 0.31
1 0.3994140625 0.2786666666666667 0.398193359375 0.283 0.3994140625 0.298 0.401611328125 0.2996666666666667 0.40576171875 0.2996666666666667 0.4130859375 0.291 0.4130859375 0.2866666666666667 0.410888671875 0.2806666666666667 0.412353515625 0.27 0.412109375 0.26366666666666666 0.41015625 0.26166666666666666 0.40478515625 0.25966666666666666 0.400634765625 0.26 0.3955078125 0.26266666666666666 0.394775390625 0.2633333333333333 0.3955078125 0.26766666666666666 0.3974609375 0.271 0.3994140625 0.2786666666666667
1 0.657958984375 0.8496666666666667 0.661865234375 0.8516666666666667 0.677734375 0.852 0.685546875 0.8506666666666667 0.687255859375 0.8483333333333334 0.687744140625 0.8446666666666667 0.68701171875 0.842 0.679443359375 0.8296666666666667 0.674072265625 0.8253333333333334 0.66259765625 0.821 0.6572265625 0.821 0.64990234375 0.826 0.64794921875 0.8296666666666667 0.64892578125 0.8366666666666667 0.654052734375 0.8453333333333334 0.657958984375 0.8496666666666667
1 0.483561279296875 0.49588899999999997 0.4892578125 0.5056666666666667 0.49365234375 0.5056666666666667 0.505615234375 0.49933333333333335 0.510498046875 0.49933333333333335 0.513671875 0.501 0.5166015625 0.49733333333333335 0.51708984375 0.494 0.513671875 0.485 0.500732421875 0.458 0.498046875 0.455 0.49365234375 0.454 0.48876953125 0.45966666666666667 0.470703125 0.4706666666666667 0.468017578125 0.4746666666666667 0.4677734375 0.4806666666666667 0.470458984375 0.487 0.475341796875 0.49233333333333335 0.483561279296875 0.49588899999999997
1 0.486328125 0.37866666666666665 0.48779296875 0.38466666666666666 0.489990234375 0.38766666666666666 0.493408203125 0.3893333333333333 0.496337890625 0.389 0.498291015625 0.38766666666666666 0.501953125 0.38133333333333336 0.505859375 0.38 0.510009765625 0.38166666666666665 0.514404296875 0.37666666666666665 0.513427734375 0.37266666666666665 0.51416015625 0.369 0.51708984375 0.36433333333333334 0.517822265625 0.35733333333333334 0.512451171875 0.344 0.511962890625 0.3333333333333333 0.51123046875 0.33 0.509521484375 0.328 0.50048828125 0.32966666666666666 0.493408203125 0.33766666666666667 0.49267578125 0.342 0.490966796875 0.345 0.482177734375 0.35033333333333333 0.482177734375 0.35433333333333333 0.4853515625 0.355 0.48681640625 0.35933333333333334 0.486328125 0.37866666666666665
1 0.18896484375 0.30633333333333335 0.191162109375 0.30966666666666665 0.19287109375 0.31733333333333336 0.198974609375 0.32766666666666666 0.205078125 0.331 0.217041015625 0.3323333333333333 0.223876953125 0.33 0.232421875 0.322 0.232421875 0.31433333333333335 0.22412109375 0.30266666666666664 0.224365234375 0.2966666666666667 0.22802734375 0.29333333333333333 0.232421875 0.29333333333333333 0.236572265625 0.2916666666666667 0.245361328125 0.2833333333333333 0.245361328125 0.2793333333333333 0.234375 0.2653333333333333 0.22607421875 0.24933333333333332 0.21435546875 0.241 0.203857421875 0.223 0.199951171875 0.22266666666666668 0.197509765625 0.22433333333333333 0.196044921875 0.228 0.197265625 0.23466666666666666 0.197021484375 0.241 0.201416015625 0.24733333333333332 0.202392578125 0.25166666666666665 0.193115234375 0.25866666666666666 0.190673828125 0.264 0.18994140625 0.2693333333333333 0.19287109375 0.296 0.19189453125 0.299 0.189208984375 0.302 0.18896484375 0.30633333333333335
1 0.047607421875 0.342 0.052734375 0.344 0.054443359375 0.349 0.05615234375 0.3506666666666667 0.064208984375 0.35 0.068359375 0.3403333333333333 0.073486328125 0.33366666666666667 0.07421875 0.32966666666666666 0.07373046875 0.317 0.068115234375 0.313 0.056396484375 0.314 0.04833984375 0.312 0.045654296875 0.31466666666666665 0.045166015625 0.322 0.042724609375 0.3293333333333333 0.0439453125 0.33766666666666667 0.047607421875 0.342
1 0.312744140625 0.39666666666666667 0.314697265625 0.4003333333333333 0.320068359375 0.4043333333333333 0.32861328125 0.4246666666666667 0.333740234375 0.42433333333333334 0.340087890625 0.419 0.345458984375 0.41633333333333333 0.353759765625 0.406 0.3564453125 0.4 0.356689453125 0.397 0.356201171875 0.3883333333333333 0.353759765625 0.37733333333333335 0.35546875 0.3586666666666667 0.35546875 0.3546666666666667 0.354248046875 0.3516666666666667 0.3486328125 0.3506666666666667 0.341552734375 0.35233333333333333 0.33740234375 0.35 0.332763671875 0.34933333333333333 0.3251953125 0.35333333333333333 0.318603515625 0.3606666666666667 0.31298828125 0.365 0.314208984375 0.37566666666666665 0.31298828125 0.382 0.311279296875 0.38433333333333336 0.312744140625 0.39666666666666667
1 0.365234375 0.444 0.376220703125 0.45966666666666667 0.380126953125 0.462 0.386474609375 0.462 0.395751953125 0.45866666666666667 0.400390625 0.45866666666666667 0.4091796875 0.4603333333333333 0.412109375 0.4643333333333333 0.416015625 0.4646666666666667 0.42333984375 0.45966666666666667 0.427734375 0.45966666666666667 0.431396484375 0.45766666666666667 0.44482421875 0.43966666666666665 0.443115234375 0.43633333333333335 0.437255859375 0.43466666666666665 0.435791015625 0.432 0.436767578125 0.42733333333333334 0.44189453125 0.416 0.439697265625 0.4136666666666667 0.43212890625 0.4116666666666667 0.42578125 0.406 0.421630859375 0.404 0.41357421875 0.4026666666666667 0.4052734375 0.4043333333333333 0.400146484375 0.4036666666666667 0.388427734375 0.39366666666666666 0.383056640625 0.3913333333333333 0.377197265625 0.392 0.373046875 0.39466666666666667 0.366943359375 0.402 0.361328125 0.404 0.355712890625 0.4136666666666667 0.355712890625 0.4236666666666667 0.361328125 0.435 0.361572265625 0.441 0.365234375 0.444
1 0.239013671875 0.386 0.238525390625 0.3933333333333333 0.239501953125 0.408 0.241943359375 0.41133333333333333 0.259521484375 0.42 0.274169921875 0.42133333333333334 0.2802734375 0.4246666666666667 0.287109375 0.43166666666666664 0.293701171875 0.43566666666666665 0.29833984375 0.43666666666666665 0.3095703125 0.433 0.314208984375 0.434 0.32373046875 0.42433333333333334 0.322509765625 0.4196666666666667 0.31591796875 0.4073333333333333 0.307861328125 0.39766666666666667 0.30810546875 0.3883333333333333 0.30517578125 0.38066666666666665 0.286865234375 0.37133333333333335 0.283203125 0.371 0.28173828125 0.37366666666666665 0.27880859375 0.37533333333333335 0.264892578125 0.36933333333333335 0.262451171875 0.36666666666666664 0.256103515625 0.352 0.251953125 0.3473333333333333 0.24462890625 0.3496666666666667 0.24072265625 0.35333333333333333 0.239013671875 0.35733333333333334 0.237548828125 0.36466666666666664 0.23828125 0.37166666666666665 0.237548828125 0.37733333333333335 0.239013671875 0.386
1 0.3369140625 0.5083333333333333 0.3427734375 0.51 0.363037109375 0.502 0.365234375 0.497 0.366943359375 0.488 0.371826171875 0.4776666666666667 0.372314453125 0.4736666666666667 0.370361328125 0.461 0.367919921875 0.45866666666666667 0.363525390625 0.45766666666666667 0.344970703125 0.4603333333333333 0.337646484375 0.4653333333333333 0.328857421875 0.469 0.32763671875 0.4706666666666667 0.326904296875 0.475 0.326904296875 0.48633333333333334 0.331787109375 0.49733333333333335 0.332275390625 0.502 0.3369140625 0.5083333333333333
1 0.384765625 0.5286666666666666 0.392822265625 0.5296666666666666 0.400390625 0.5283333333333333 0.404296875 0.5253333333333333 0.405517578125 0.5216666666666666 0.405517578125 0.5166666666666667 0.4111328125 0.5136666666666667 0.412109375 0.5103333333333333 0.41259765625 0.5056666666666667 0.41162109375 0.49833333333333335 0.4091796875 0.492 0.39599609375 0.47833333333333333 0.388671875 0.47333333333333333 0.376953125 0.473 0.373779296875 0.475 0.368896484375 0.482 0.365478515625 0.495 0.365478515625 0.502 0.369384765625 0.513 0.375732421875 0.5216666666666666 0.384765625 0.5286666666666666
1 0.386474609375 0.5823333333333334 0.3896484375 0.5836666666666667 0.396484375 0.582 0.404296875 0.5723333333333334 0.398681640625 0.5643333333333334 0.39599609375 0.5556666666666666 0.393798828125 0.552 0.385498046875 0.546 0.380126953125 0.5486666666666666 0.380126953125 0.556 0.37744140625 0.5603333333333333 0.38134765625 0.5726666666666667 0.386474609375 0.5823333333333334
1 0.43359375 0.5893333333333334 0.439453125 0.5793333333333334 0.439697265625 0.576 0.43798828125 0.5686666666666667 0.431640625 0.5613333333333334 0.42724609375 0.561 0.42236328125 0.5626666666666666 0.41650390625 0.5676666666666667 0.41552734375 0.57 0.415771484375 0.5886666666666667 0.419921875 0.596 0.423828125 0.5966666666666667 0.43359375 0.5893333333333334
1 0.557373046875 0.633 0.560546875 0.6393333333333333 0.559814453125 0.6423333333333333 0.563720703125 0.6463333333333333 0.568115234375 0.6463333333333333 0.57080078125 0.643 0.576171875 0.6416666666666667 0.5830078125 0.637 0.598876953125 0.6226666666666667 0.604248046875 0.615 0.604248046875 0.6073333333333333 0.60205078125 0.5946666666666667 0.591796875 0.5873333333333334 0.587890625 0.5863333333333334 0.57958984375 0.5876666666666667 0.575927734375 0.5916666666666667 0.572265625 0.5926666666666667 0.55908203125 0.6043333333333333 0.546875 0.611 0.546875 0.6196666666666667 0.54833984375 0.624 0.55029296875 0.6273333333333333 0.557373046875 0.633
1 0.554443359375 0.5813333333333334 0.554931640625 0.5873333333333334 0.556640625 0.59 0.559326171875 0.5913333333333334 0.561279296875 0.5943333333333334 0.568359375 0.5943333333333334 0.572509765625 0.5896666666666667 0.58056640625 0.5863333333333334 0.58251953125 0.5843333333333334 0.583740234375 0.5796666666666667 0.578369140625 0.559 0.57763671875 0.5523333333333333 0.57568359375 0.5486666666666666 0.574951171875 0.5423333333333333 0.572265625 0.5376666666666666 0.568115234375 0.5356666666666666 0.5478515625 0.542 0.5458984375 0.5446666666666666 0.551025390625 0.5636666666666666 0.55224609375 0.576 0.554443359375 0.5813333333333334
1 0.52197265625 0.635 0.524658203125 0.6313333333333333 0.530029296875 0.6293333333333333 0.531982421875 0.6233333333333333 0.530517578125 0.6156666666666667 0.526123046875 0.6136666666666667 0.49951171875 0.6173333333333333 0.49609375 0.62 0.495849609375 0.624 0.498046875 0.6316666666666667 0.519775390625 0.6353333333333333 0.52197265625 0.635
1 0.5166015625 0.6883333333333334 0.52490234375 0.6936666666666667 0.529541015625 0.6926666666666667 0.54443359375 0.6976666666666667 0.54833984375 0.6963333333333334 0.552490234375 0.6973333333333334 0.552978515625 0.696 0.557861328125 0.6936666666666667 0.5595703125 0.6893333333333334 0.555908203125 0.6806666666666666 0.560302734375 0.6736666666666666 0.56005859375 0.6693333333333333 0.556396484375 0.659 0.548828125 0.656 0.530517578125 0.6543333333333333 0.52685546875 0.6496666666666666 0.5263671875 0.6463333333333333 0.5234375 0.6423333333333333 0.51318359375 0.6413333333333333 0.507568359375 0.649 0.500244140625 0.654 0.495849609375 0.6616666666666666 0.49853515625 0.6686666666666666 0.495849609375 0.674 0.50830078125 0.6863333333333334 0.5166015625 0.6883333333333334
1 0.629638671875 0.6506666666666666 0.640625 0.662 0.633544921875 0.668 0.6279296875 0.6813333333333333 0.626708984375 0.6946666666666667 0.627197265625 0.6976666666666667 0.630126953125 0.7033333333333334 0.639892578125 0.7013333333333334 0.656982421875 0.6913333333333334 0.666015625 0.693 0.673583984375 0.687 0.681640625 0.6776666666666666 0.681884765625 0.6696666666666666 0.68017578125 0.662 0.67822265625 0.658 0.6728515625 0.6546666666666666 0.67138671875 0.651 0.671630859375 0.6306666666666667 0.669677734375 0.627 0.656982421875 0.6246666666666667 0.650146484375 0.6263333333333333 0.646728515625 0.6313333333333333 0.645263671875 0.6313333333333333 0.638427734375 0.629 0.633056640625 0.6223333333333333 0.62158203125 0.615 0.6142578125 0.6143333333333333 0.608642578125 0.6173333333333333 0.60791015625 0.623 0.61083984375 0.634 0.626708984375 0.646 0.629638671875 0.6506666666666666
1 0.703369140625 0.7123333333333334 0.712890625 0.7273333333333334 0.716796875 0.7303333333333333 0.72021484375 0.731 0.732666015625 0.7296666666666667 0.739013671875 0.7263333333333334 0.74169921875 0.7196666666666667 0.743896484375 0.717 0.755859375 0.7126666666666667 0.768310546875 0.702 0.775390625 0.694 0.777587890625 0.6896666666666667 0.7783203125 0.6773333333333333 0.7763671875 0.6726666666666666 0.769287109375 0.669 0.76611328125 0.6656666666666666 0.76171875 0.6563333333333333 0.75927734375 0.6546666666666666 0.74951171875 0.6586666666666666 0.73681640625 0.669 0.727294921875 0.6696666666666666 0.728515625 0.6706666666666666 0.72900390625 0.6746666666666666 0.724365234375 0.6786666666666666 0.716552734375 0.6783333333333333 0.71240234375 0.6796666666666666 0.710205078125 0.682 0.709228515625 0.6853333333333333 0.703369140625 0.6893333333333334 0.700439453125 0.696 0.701416015625 0.7016666666666667 0.70068359375 0.7053333333333334 0.70263671875 0.7076666666666667 0.703369140625 0.7123333333333334
1 0.248046875 0.798 0.255615234375 0.8006666666666666 0.26953125 0.783 0.275390625 0.7633333333333333 0.2744140625 0.7596666666666667 0.271484375 0.7573333333333333 0.257080078125 0.7546666666666667 0.2529296875 0.748 0.245849609375 0.7446666666666667 0.242919921875 0.7363333333333333 0.239990234375 0.7356666666666667 0.23681640625 0.74 0.2373046875 0.7483333333333333 0.236572265625 0.7516666666666667 0.23388671875 0.7556666666666667 0.232666015625 0.7603333333333333 0.226806640625 0.7666666666666667 0.22314453125 0.7763333333333333 0.22314453125 0.7836666666666666 0.224609375 0.787 0.237060546875 0.791 0.248046875 0.798
1 0 0.515 0.00634765625 0.5176666666666667 0.0087890625 0.525 0.011962890625 0.529 0.0166015625 0.531 0.021484375 0.5306666666666666 0.025390625 0.5243333333333333 0.028564453125 0.523 0.035888671875 0.5243333333333333 0.041015625 0.5293333333333333 0.044677734375 0.5293333333333333 0.06396484375 0.5203333333333333 0.06591796875 0.5156666666666667 0.066650390625 0.505 0.068603515625 0.49733333333333335 0.068603515625 0.47933333333333333 0.064208984375 0.4693333333333333 0.06201171875 0.45866666666666667 0.059326171875 0.4513333333333333 0.05224609375 0.44366666666666665 0.0439453125 0.43866666666666665 0.04150390625 0.43066666666666664 0.041015625 0.4236666666666667 0.036865234375 0.41533333333333333 0.03125 0.4126666666666667 0.025390625 0.407 0.021484375 0.4053333333333333 0.00537109375 0.408 0.0037841796875 0.4105 0 0.4126666666666667 0 0.515
1 0 0.6026666666666667 0.001708984375 0.6026666666666667 0.005859375 0.606 0.008544921875 0.6113333333333333 0.017333984375 0.621 0.025146484375 0.6226666666666667 0.028564453125 0.6203333333333333 0.032958984375 0.621 0.035400390625 0.6166666666666667 0.039794921875 0.6136666666666667 0.04638671875 0.6126666666666667 0.056884765625 0.6143333333333333 0.070556640625 0.6066666666666667 0.07373046875 0.5983333333333334 0.076171875 0.5956666666666667 0.07470703125 0.591 0.075927734375 0.5873333333333334 0.073974609375 0.552 0.075439453125 0.5446666666666666 0.07177734375 0.529 0.068603515625 0.525 0.060302734375 0.5233333333333333 0.045166015625 0.5306666666666666 0.04296875 0.5306666666666666 0.03955078125 0.5286666666666666 0.03662109375 0.5246666666666666 0.028076171875 0.5226666666666666 0.025146484375 0.524 0.020751953125 0.5296666666666666 0.013916015625 0.5343333333333333 0.009521484375 0.5333333333333333 0.002685546875 0.5293333333333333 0.001708984375 0.5276666666666666 0 0.5276666666666666 0 0.6026666666666667
1 0 0.6973333333333334 0.009521484375 0.7046666666666667 0.009765625 0.7093333333333334 0.011474609375 0.7063333333333334 0.013916015625 0.7063333333333334 0.017333984375 0.7103333333333334 0.02099609375 0.7076666666666667 0.025390625 0.7093333333333334 0.027587890625 0.7066666666666667 0.031005859375 0.705 0.033935546875 0.7003333333333334 0.043212890625 0.6946666666666667 0.05322265625 0.6793333333333333 0.06005859375 0.6736666666666666 0.062744140625 0.67 0.062744140625 0.6656666666666666 0.049560546875 0.6436666666666667 0.046142578125 0.641 0.04541015625 0.6346666666666667 0.041015625 0.6293333333333333 0.037109375 0.6276666666666667 0.033203125 0.6283333333333333 0.031005859375 0.632 0.0244140625 0.6356666666666667 0.0205078125 0.634 0.015380859375 0.6366666666666667 0.012451171875 0.6446666666666667 0.00732421875 0.651 0.001953125 0.6543333333333333 0 0.6543333333333333 0 0.6973333333333334
1 0.45166015625 0.2906666666666667 0.457275390625 0.2946666666666667 0.457275390625 0.3 0.462646484375 0.3006666666666667 0.466796875 0.29933333333333334 0.47314453125 0.2906666666666667 0.48046875 0.287 0.4814453125 0.275 0.47998046875 0.26766666666666666 0.474609375 0.258 0.471923828125 0.25566666666666665 0.47021484375 0.25533333333333336 0.467041015625 0.25733333333333336 0.4642333984375 0.2615 0.45654296875 0.2663333333333333 0.453125 0.2713333333333333 0.452880859375 0.2783333333333333 0.450439453125 0.283 0.452392578125 0.2876666666666667 0.45166015625 0.2906666666666667
1 0.551513671875 0.35333333333333333 0.552490234375 0.3496666666666667 0.548828125 0.343 0.545166015625 0.342 0.5361328125 0.3473333333333333 0.529052734375 0.3486666666666667 0.5283203125 0.3496666666666667 0.529296875 0.35333333333333333 0.537109375 0.35933333333333334 0.551513671875 0.35333333333333333
1 0.263671875 0.17133333333333334 0.266357421875 0.16766666666666666 0.27197265625 0.16633333333333333 0.2763671875 0.16266666666666665 0.281005859375 0.15433333333333332 0.282958984375 0.14633333333333334 0.279541015625 0.14233333333333334 0.2744140625 0.142 0.26025390625 0.14733333333333334 0.254638671875 0.154 0.252685546875 0.16366666666666665 0.25341796875 0.168 0.25537109375 0.169 0.25927734375 0.16833333333333333 0.263671875 0.17133333333333334
1 0.50341796875 0.9236666666666666 0.5009765625 0.928 0.505615234375 0.9383333333333334 0.5166015625 0.941 0.52197265625 0.941 0.529296875 0.939 0.530517578125 0.9273333333333333 0.52685546875 0.9156666666666666 0.525390625 0.903 0.521484375 0.9006666666666666 0.51708984375 0.9003333333333333 0.509765625 0.8943333333333333 0.500244140625 0.9006666666666666 0.497802734375 0.9083333333333333 0.49951171875 0.9146666666666666 0.50244140625 0.9183333333333333 0.50341796875 0.9236666666666666
1 0.925048828125 0.16466666666666666 0.935546875 0.166 0.9365234375 0.16333333333333333 0.9365234375 0.158 0.934326171875 0.155 0.93408203125 0.14966666666666667 0.932373046875 0.14633333333333334 0.927490234375 0.14533333333333334 0.924072265625 0.143 0.919677734375 0.14266666666666666 0.908935546875 0.14933333333333335 0.908935546875 0.152 0.91162109375 0.15566666666666668 0.92041015625 0.16 0.925048828125 0.16466666666666666
1 0.730712890625 0.11 0.735107421875 0.11966666666666667 0.739990234375 0.123 0.742919921875 0.12233333333333334 0.747802734375 0.116 0.748046875 0.11133333333333334 0.7431640625 0.10666666666666667 0.737548828125 0.094 0.733154296875 0.08766666666666667 0.727294921875 0.08766666666666667 0.7265625 0.09266666666666666 0.723876953125 0.09533333333333334 0.725341796875 0.102 0.730712890625 0.11
1 0.787841796875 0.25966666666666666 0.790771484375 0.26366666666666666 0.794677734375 0.26066666666666666 0.7978515625 0.256 0.806396484375 0.25766666666666665 0.808349609375 0.25333333333333335 0.80908203125 0.246 0.806640625 0.24033333333333334 0.803466796875 0.237 0.802490234375 0.23066666666666666 0.799072265625 0.22766666666666666 0.794677734375 0.23 0.792724609375 0.23233333333333334 0.792236328125 0.235 0.78955078125 0.237 0.78515625 0.23733333333333334 0.78271484375 0.24 0.782958984375 0.246 0.78759765625 0.25 0.78857421875 0.25566666666666665 0.787841796875 0.25966666666666666
1 0.650146484375 0.326 0.6513671875 0.328 0.6513671875 0.33766666666666667 0.654296875 0.3433333333333333 0.66064453125 0.3453333333333333 0.6650390625 0.344 0.675048828125 0.3446666666666667 0.67822265625 0.346 0.681396484375 0.35133333333333333 0.68603515625 0.35133333333333333 0.689697265625 0.35 0.696044921875 0.343 0.6962890625 0.3416666666666667 0.6943359375 0.3383333333333333 0.68115234375 0.32033333333333336 0.666015625 0.30366666666666664 0.6611328125 0.30233333333333334 0.65673828125 0.30566666666666664 0.653564453125 0.31033333333333335 0.654541015625 0.31633333333333336 0.651611328125 0.32266666666666666 0.651611328125 0.325 0.650146484375 0.326
1 0.44189453125 0.8396666666666667 0.447265625 0.846 0.4501953125 0.847 0.451416015625 0.8466666666666667 0.45654296875 0.836 0.468017578125 0.8316666666666667 0.473876953125 0.8256666666666667 0.476318359375 0.8193333333333334 0.473388671875 0.814 0.462890625 0.8063333333333333 0.450927734375 0.8053333333333333 0.447265625 0.8033333333333333 0.439208984375 0.8033333333333333 0.43603515625 0.8056666666666666 0.43359375 0.8106666666666666 0.4326171875 0.817 0.432373046875 0.826 0.434326171875 0.8356666666666667 0.436279296875 0.8376666666666667 0.44189453125 0.8396666666666667
1 0.552978515625 0.9586666666666667 0.553466796875 0.9626666666666667 0.55859375 0.9726666666666667 0.559326171875 0.979 0.55517578125 0.9916666666666667 0.551025390625 0.998 0.551025390625 0.9996666666666667 0.579833984375 0.9996666666666667 0.58154296875 0.994 0.57861328125 0.9716666666666667 0.580078125 0.966 0.578857421875 0.9586666666666667 0.575927734375 0.9513333333333334 0.57568359375 0.947 0.57275390625 0.9453333333333334 0.568359375 0.945 0.552734375 0.9473333333333334 0.55322265625 0.951 0.55517578125 0.9533333333333334 0.55517578125 0.9553333333333334 0.552978515625 0.9586666666666667
1 0.287109375 0.8726666666666667 0.28857421875 0.8746666666666667 0.288330078125 0.8813333333333333 0.2900390625 0.8923333333333333 0.294677734375 0.8976666666666666 0.302001953125 0.902 0.306640625 0.9106666666666666 0.31103515625 0.91 0.31787109375 0.9033333333333333 0.3203125 0.904 0.322265625 0.9076666666666666 0.32861328125 0.9026666666666666 0.333740234375 0.902 0.33935546875 0.897 0.3447265625 0.8883333333333333 0.3466796875 0.8803333333333333 0.34423828125 0.8743333333333333 0.34375 0.87 0.3447265625 0.865 0.34326171875 0.8613333333333333 0.34619140625 0.8573333333333333 0.345947265625 0.849 0.343505859375 0.845 0.344482421875 0.8416666666666667 0.343017578125 0.8376666666666667 0.332275390625 0.826 0.325927734375 0.822 0.32275390625 0.8216666666666667 0.318359375 0.822 0.308349609375 0.826 0.297119140625 0.833 0.290771484375 0.8433333333333334 0.28564453125 0.846 0.28662109375 0.86 0.28271484375 0.8693333333333333 0.283203125 0.871 0.287109375 0.8726666666666667
1 0.19921875 0.9586666666666667 0.208740234375 0.9656666666666667 0.216796875 0.9776666666666667 0.224609375 0.978 0.235595703125 0.9836666666666667 0.23974609375 0.9816666666666667 0.2431640625 0.975 0.24560546875 0.967 0.246826171875 0.9556666666666667 0.2470703125 0.943 0.2451171875 0.935 0.241943359375 0.9276666666666666 0.236328125 0.922 0.22509765625 0.9146666666666666 0.213134765625 0.9156666666666666 0.20458984375 0.9196666666666666 0.201904296875 0.9236666666666666 0.201904296875 0.9376666666666666 0.200927734375 0.9493333333333334 0.198486328125 0.955 0.19921875 0.9586666666666667