1 0.18705625341796875 0.6222967933333333 0.19415619873046874 0.6316181953333333 0.198798470703125 0.635719612 0.2053522666015625 0.6364653246666667 0.20835608935546876 0.635346756 0.21436373583984375 0.6286353466666667 0.21927908251953124 0.625279642 0.243036591796875 0.624161074 0.245494265625 0.6219239373333333 0.24767886376953124 0.61409396 0.25587110888671877 0.6088739746666667 0.2591480063476562 0.6006711406666667 0.260513380859375 0.5917225953333334 0.256963408203125 0.5887397466666666 0.25068268701171875 0.5786726326666667 0.241125068359375 0.5700969426666667 0.20644456591796875 0.5648769573333333 0.20344074267578124 0.5663683820000001 0.200436919921875 0.5700969426666667 0.19770617138671875 0.5794183446666666 0.18705625341796875 0.5991797166666667 0.1854178046875 0.6073825506666667 0.18569087939453124 0.6170768086666667 0.18705625341796875 0.6222967933333333
1 0.15019115234375 0.5965697240000001 0.158929546875 0.5980611486666667 0.182960130859375 0.59694258 0.1886947021484375 0.5939597313333334 0.19087930078125 0.5913497393333333 0.2009830693359375 0.5738255033333334 0.2009830693359375 0.5704697986666667 0.2037138173828125 0.5633855333333333 0.20316766796875 0.5600298286666667 0.1944292734375 0.5555555553333333 0.18268705615234376 0.539149888 0.17121791357421876 0.5354213273333334 0.16548334228515624 0.5354213273333334 0.16056799560546875 0.53803132 0.15729109765625 0.54660701 0.138722009765625 0.5697240866666666 0.1373566357421875 0.5794183446666666 0.138722009765625 0.5868754660000001 0.1414527578125 0.5913497393333333 0.15019115234375 0.5965697240000001
1 0.0595303115234375 0.932885906 0.06198798486328125 0.942207308 0.06717640625 0.9504101420000001 0.06963407958984374 0.952274422 0.0772801748046875 0.951901566 0.08110322216796875 0.9593586873333334 0.08465319482421875 0.962714392 0.1021299833984375 0.9504101420000001 0.1064991806640625 0.9444444446666667 0.1116876025390625 0.9295302013333333 0.11141452734375 0.9198359433333333 0.1078645546875 0.9112602533333334 0.10185690869140625 0.9064131246666668 0.0950300380859375 0.9067859806666667 0.0914800654296875 0.9049217 0.0895685419921875 0.8974645786666666 0.08847624267578125 0.8967188666666666 0.07782632421875 0.8974645786666666 0.06717640625 0.902684564 0.060895685546875 0.9105145413333333 0.0587110869140625 0.9187173753333333 0.0595303115234375 0.932885906
1 0.036318951171875 0.97054437 0.04123429833984375 0.969798658 0.05106499169921875 0.963087248 0.06471873291015624 0.950782998 0.0652648828125 0.9496644293333334 0.0630802841796875 0.9407158840000001 0.0587110869140625 0.9295302013333333 0.05324959033203125 0.9261744966666666 0.04614964501953125 0.9250559286666666 0.0357728017578125 0.9254287846666667 0.03031130517578125 0.9276659206666666 0.01911523779296875 0.9366144666666667 0.01474604052734375 0.9448173006666666 0.0155652646484375 0.9500372853333333 0.0264882578125 0.9634601046666667 0.036318951171875 0.97054437
1 0.11250682666015625 0.8926174493333333 0.11469142529296875 0.89448173 0.12998361572265624 0.895600298 0.13790278515625 0.892990306 0.14117968310546875 0.895600298 0.1436373564453125 0.9049217 0.15019115234375 0.9112602533333334 0.1559257236328125 0.9116331093333333 0.158929546875 0.9101416853333334 0.15974877099609375 0.9082774046666666 0.16002184619140625 0.903430276 0.158110322265625 0.893736018 0.15838339697265624 0.8877703206666667 0.1567449482421875 0.876584638 0.151010376953125 0.86689038 0.145821955078125 0.8635346753333333 0.14199890771484375 0.8616703953333333 0.1373566357421875 0.8635346753333333 0.120152921875 0.8732289333333333 0.11277990185546875 0.8803131993333333 0.11196067724609375 0.8840417600000001 0.11250682666015625 0.8926174493333333
1 0.1064991806640625 0.8292319166666666 0.10704533056640625 0.827367636 0.10567995654296874 0.8191648026666667 0.09776078662109375 0.8046234153333334 0.09175314013671874 0.8042505593333333 0.08656471875 0.80611484 0.08601856884765625 0.8102162566666666 0.08765701806640624 0.8143176733333333 0.0887493173828125 0.8225205073333334 0.09393773876953125 0.8318419093333334 0.09721463671875 0.8333333333333334 0.10240305859375 0.8329604773333333 0.1064991806640625 0.8292319166666666
1 0.07181867822265625 0.769202088 0.066357181640625 0.770693512 0.0652648828125 0.7744220733333333 0.06744948095703125 0.7777777779999999 0.07536865087890625 0.7807606266666667 0.0808301474609375 0.7803877699999999 0.08274167138671874 0.778150634 0.08301474609375 0.7751677853333334 0.081376296875 0.7733035046666668 0.07181867822265625 0.769202088
1 0.16493719287109376 0.7617449666666667 0.16247951953125 0.758389262 0.161660294921875 0.7546607006666667 0.15565264892578126 0.7494407160000001 0.15483342431640626 0.7445935866666668 0.15046422705078125 0.7434750186666667 0.14554888037109376 0.7475764353333334 0.1452758056640625 0.7617449666666667 0.1460950302734375 0.7628635346666667 0.151010376953125 0.760999254 0.16439104296875 0.7632363906666666 0.16493719287109376 0.7617449666666667
1 0.14281813232421875 0.7710663686666667 0.1417258330078125 0.7699478000000001 0.13626433642578126 0.770693512 0.12370289453125 0.7792692019999999 0.1250682685546875 0.7822520506666667 0.12889131640625 0.7844891873333333 0.1414527578125 0.7833706186666667 0.14418350634765625 0.7796420580000001 0.14254505712890625 0.7751677853333334 0.14281813232421875 0.7710663686666667
1 0.1021299833984375 0.4310216253333333 0.11114145263671875 0.42542878466666667 0.12424904443359375 0.40865026066666665 0.12397596923828125 0.4064131246666667 0.1152375751953125 0.40715883666666663 0.10103768408203125 0.40119313933333334 0.0851993447265625 0.4004474273333334 0.080283998046875 0.403803132 0.07536865087890625 0.41014168533333334 0.071545603515625 0.41685309466666665 0.0701802294921875 0.421700224 0.07099945361328125 0.42580164066666665 0.07564172607421875 0.4295302013333333 0.09339158935546875 0.43176733800000006 0.1021299833984375 0.4310216253333333
1 0.06034953564453125 0.22035794200000003 0.062807208984375 0.22483221466666664 0.075095576171875 0.23303504866666666 0.0835608955078125 0.24086502599999998 0.0931185146484375 0.24608501133333335 0.1021299833984375 0.2472035793333333 0.10950300390625 0.24235645066666667 0.12342981982421874 0.21513795666666666 0.12397596923828125 0.21103654 0.1215182958984375 0.20656226666666666 0.10977607861328124 0.19612229666666667 0.105133806640625 0.18941088733333333 0.09475696337890625 0.183072334 0.0895685419921875 0.17785234866666666 0.089295466796875 0.17114093933333333 0.07618787548828125 0.171886652 0.06744948095703125 0.18605518266666665 0.0600764609375 0.20730797933333334 0.06116876025390625 0.2158836686666667 0.06034953564453125 0.22035794200000003
1 0.089295466796875 0.279269202 0.101583833984375 0.2841163313333333 0.11141452734375 0.28150633866666663 0.1187875478515625 0.27777777800000003 0.12397596923828125 0.2643549586666667 0.1250682685546875 0.260253542 0.12479519384765625 0.25577926933333334 0.11851447314453124 0.24944071599999998 0.09011469140625 0.24347501866666668 0.0843801201171875 0.24347501866666668 0.07891862353515625 0.24571215533333335 0.072364828125 0.25540641333333336 0.07045330419921875 0.26249067866666664 0.07181867822265625 0.27143922466666665 0.07618787548828125 0.2766592093333333 0.08055707275390625 0.27964205799999997 0.089295466796875 0.279269202
1 0.23730202099609374 0.023489932666666664 0.23211359912109375 0.036912752 0.23484434716796876 0.04101416866666667 0.2345712724609375 0.04548844133333334 0.24358274169921876 0.06189410866666666 0.25013653759765625 0.06375838933333333 0.2602403056640625 0.06338553333333333 0.2831785908203125 0.058538404 0.288913162109375 0.05555555533333333 0.2930092846679688 0.049589858 0.2943746586914063 0.04548844133333334 0.2943746586914063 0.04064131266666667 0.2930092846679688 0.037285608 0.278263244140625 0.014541387333333333 0.26843255029296875 0.008948546 0.25641725830078127 0.005965697333333334 0.25150191162109375 0.007084265333333333 0.24631348974609374 0.0055928413333333335 0.24030584375 0.008202834 0.2381212451171875 0.014541387333333333 0.23839431982421874 0.019388516 0.23730202099609374 0.023489932666666664
1 0.3555434189453125 0.48695003733333336 0.36073184033203126 0.47874720333333337 0.3618241396484375 0.47390007466666667 0.36237028955078127 0.46905294533333336 0.361277990234375 0.46495152866666667 0.3585472421875 0.46308724799999995 0.3511742216796875 0.46196868 0.31103222265625 0.46905294533333336 0.303113052734375 0.47315436266666666 0.30092845458984374 0.47837434733333334 0.301201529296875 0.4824757646666667 0.303113052734375 0.48695003733333336 0.3077553251953125 0.4921700226666667 0.34270890234375 0.4921700226666667 0.3555434189453125 0.48695003733333336
1 0.375477880859375 0.6409395973333334 0.37629710546875 0.6398210293333333 0.375477880859375 0.634601044 0.38148552685546877 0.62639821 0.384216275390625 0.6308724833333333 0.3850354995117187 0.636092468 0.3899508466796875 0.6398210293333333 0.39568541796875 0.6372110366666667 0.40442381201171873 0.6297539146666666 0.405516111328125 0.6222967933333333 0.4033315126953125 0.6193139446666667 0.3935008193359375 0.6092468306666666 0.3823047514648438 0.6025354213333334 0.361277990234375 0.6114839673333333 0.3555434189453125 0.6181953766666667 0.35445111962890624 0.6215510813333334 0.3547241943359375 0.6316181953333333 0.35581649365234375 0.6349739 0.3585472421875 0.6375838926666667 0.36865101025390623 0.6424310213333333 0.375477880859375 0.6409395973333334
1 0.30748225 0.7192393733333333 0.3052976513671875 0.722595078 0.3052976513671875 0.7270693513333334 0.3077553251953125 0.7315436240000001 0.3123975971679688 0.73191648 0.31622064453125 0.7285607753333334 0.32140906591796875 0.7348993286666667 0.356089568359375 0.7449664426666667 0.3599126162109375 0.74049217 0.36291643896484377 0.7237136466666666 0.36318951416015627 0.7140193886666666 0.35718186767578125 0.7058165546666667 0.35527034423828124 0.7002237133333333 0.35144729638671873 0.6979865773333332 0.3440742763671875 0.6991051453333332 0.33806663037109375 0.6957494406666667 0.33287820849609373 0.7017151380000001 0.32495903857421876 0.7050708426666666 0.3197706171875 0.7173750933333334 0.3167667939453125 0.7196122300000001 0.3123975971679688 0.7177479493333333 0.30748225 0.7192393733333333
1 0.3121245219726563 0.748695004 0.30584380126953126 0.7535421326666666 0.3033861279296875 0.7576435493333333 0.30748225 0.7628635346666667 0.31649371923828123 0.769202088 0.329601310546875 0.767710664 0.3339705078125 0.7643549586666666 0.3339705078125 0.7576435493333333 0.3238667392578125 0.750186428 0.3121245219726563 0.748695004
1 0.21654833447265626 0.7285607753333334 0.22146368115234374 0.7259507826666667 0.22501365380859376 0.7222222220000001 0.22583287841796876 0.7181208053333333 0.22364827978515625 0.7140193886666666 0.21135991259765624 0.700969426 0.207536865234375 0.6987322893333333 0.202348443359375 0.6991051453333332 0.198798470703125 0.700969426 0.18132168212890626 0.71103654 0.17859093408203125 0.7140193886666666 0.18132168212890626 0.7188665173333334 0.18651010400390625 0.7240865026666667 0.20289459326171874 0.7289336313333333 0.21654833447265626 0.7285607753333334
1 0.255324958984375 0.836316182 0.2504096123046875 0.8389261746666666 0.24385581640625 0.86689038 0.2487711630859375 0.8687546606666666 0.256963408203125 0.86689038 0.2610595302734375 0.8601789706666667 0.264063353515625 0.8508575686666666 0.2667941015625 0.8411633106666666 0.26433642822265624 0.836316182 0.255324958984375 0.836316182
1 0.25559803369140627 0.8187919459999999 0.24494811572265626 0.8180462340000001 0.24221736767578125 0.8187919459999999 0.2416712177734375 0.8206562266666666 0.241125068359375 0.828486204 0.24221736767578125 0.8318419093333334 0.254505734375 0.8333333333333334 0.2566903330078125 0.8314690526666667 0.25805570703125 0.827367636 0.2586018569335938 0.8228933633333333 0.25559803369140627 0.8187919459999999
1 0.25008834765625 1 0.25095576171875 0.998881432 0.2504096123046875 0.9936614466666667 0.24849808837890625 0.99142431 0.2332058984375 0.9817300520000001 0.228836701171875 0.980611484 0.22419442919921875 0.9828486206666667 0.2231021298828125 0.9847129006666667 0.2231021298828125 0.9895600299999999 0.2280174765625 0.9981357193333333 0.2309263173828125 1 0.25008834765625 1
1 0.2697979248046875 0.8579418346666666 0.26843255029296875 0.8627889633333332 0.273894046875 0.8650261 0.2766247954101563 0.8635346753333333 0.28235936669921874 0.856823266 0.28208629150390624 0.836316182 0.2771709448242187 0.8359433260000001 0.2749863461914063 0.8493661446666667 0.2697979248046875 0.8579418346666666
1 0.320589841796875 0.8333333333333334 0.31594756982421873 0.8322147653333333 0.3104860732421875 0.8400447426666666 0.30857454931640627 0.844891872 0.30857454931640627 0.8489932886666667 0.3121245219726563 0.8519761373333334 0.31622064453125 0.8527218493333333 0.31922446728515624 0.8493661446666667 0.32222829052734375 0.8400447426666666 0.322501365234375 0.8359433260000001 0.320589841796875 0.8333333333333334
1 0.4254505732421875 0.5689783746666667 0.42335690869140624 0.5733284860000001 0.4128891318359375 0.5824011933333334 0.4104314580078125 0.587248322 0.41534680517578126 0.6002982846666667 0.42435827392578124 0.60551827 0.43009284521484376 0.604772558 0.43528126708984377 0.6014168533333333 0.44156198779296874 0.6006711406666667 0.447842708984375 0.595451156 0.44893500830078126 0.5917225953333334 0.447023484375 0.5894854586666667 0.44538503564453125 0.5827740493333333 0.45876570166015623 0.5700969426666667 0.46176952490234374 0.5656226693333333 0.4606772255859375 0.5604026846666667 0.45330420556640627 0.5484712900000001 0.44811578369140626 0.5451155853333333 0.44156198779296874 0.547725578 0.42654287255859374 0.5592841159999999 0.424904423828125 0.5615212526666666 0.4254505732421875 0.5689783746666667
1 0.3954123427734375 0.5551826993333333 0.3727471328125 0.55704698 0.3642818129882813 0.5645041013333334 0.36209721484375 0.5745712153333333 0.3634625888671875 0.5786726326666667 0.36810486083984373 0.5827740493333333 0.37383943212890625 0.5831469053333334 0.387766248046875 0.5786726326666667 0.40469688671875 0.5697240866666666 0.40442381201171873 0.5637583893333333 0.3954123427734375 0.5551826993333333
1 0.3823047514648438 0.5346756153333333 0.3697433095703125 0.5272184933333333 0.3599126162109375 0.530201342 0.3555434189453125 0.5346756153333333 0.356089568359375 0.538404176 0.3599126162109375 0.54660701 0.36318951416015627 0.547725578 0.3664664116210937 0.54660701 0.37110868359375 0.5406413126666666 0.3784817041015625 0.5398956 0.38175860205078127 0.537285608 0.3823047514648438 0.5346756153333333
1 0.34270890234375 0.5648769573333333 0.3339705078125 0.5641312453333334 0.332058984375 0.5663683820000001 0.3287820864257813 0.5790454886666666 0.331239759765625 0.5846383293333334 0.33369743310546873 0.586129754 0.33861277978515625 0.586129754 0.34243582763671876 0.5827740493333333 0.34380120166015626 0.575689784 0.3440742763671875 0.5697240866666666 0.34270890234375 0.5648769573333333
1 0.345439650390625 0.34265473533333335 0.3293282358398438 0.3344519013333333 0.32523211376953126 0.33519761400000003 0.3238667392578125 0.337807606 0.32495903857421876 0.3478747206666667 0.3301474604492188 0.3519761373333333 0.3339705078125 0.357196122 0.347078099609375 0.3579418346666666 0.3503549970703125 0.35309470533333337 0.35008192236328123 0.347129008 0.345439650390625 0.34265473533333335
1 0.2777170947265625 0.211782252 0.27908246875 0.22445935866666666 0.28563626416015625 0.22893363133333333 0.290551611328125 0.22930648799999998 0.30283997802734375 0.22445935866666666 0.30202075390625 0.211782252 0.2990169306640625 0.20991797133333334 0.2809939921875 0.20954511533333334 0.2777170947265625 0.211782252
1 0.28727471337890625 0.17598806866666666 0.28290551611328124 0.16927665933333333 0.2809939921875 0.16666666666666666 0.2777170947265625 0.16517524266666667 0.27416712158203127 0.16703952266666666 0.2733478974609375 0.17225950799999998 0.2796286181640625 0.18381804599999998 0.2812670673828125 0.18530947066666667 0.28645548876953125 0.18456375866666666 0.288913162109375 0.18083519733333334 0.28727471337890625 0.17598806866666666
1 0.3198161298828125 0 0.311851447265625 0.0037285606666666664 0.3096668486328125 0.006338553333333333 0.30666302587890626 0.027964206 0.30748225 0.03206562266666667 0.3113052978515625 0.039149888 0.31649371923828123 0.0398956 0.31922446728515624 0.036539895333333336 0.3255051884765625 0.006711409333333334 0.32523211376953126 0.001118568 0.32293828515625 0 0.3198161298828125 0
1 0.3306936098632812 0.056674124 0.3309666850585937 0.05965697266666667 0.329601310546875 0.06301267733333332 0.3317859091796875 0.067114094 0.332058984375 0.07158836666666667 0.33588203173828124 0.07606264 0.34270890234375 0.08016405666666666 0.35226652099609373 0.08277404933333334 0.3618241396484375 0.07867263266666667 0.3705625341796875 0.07270693533333333 0.3713817587890625 0.07158836666666667 0.3689240849609375 0.054064131333333335 0.3656471875 0.04474272933333333 0.36073184033203126 0.036912752 0.3503549970703125 0.03579418333333333 0.34270890234375 0.03803132 0.3369743310546875 0.04213273666666667 0.33451665771484373 0.049589858 0.3293282358398438 0.049217001999999996 0.3282359365234375 0.05033557066666666 0.3282359365234375 0.055182699333333335 0.3306936098632812 0.056674124
1 0.3107591479492188 0.08948545866666666 0.3052976513671875 0.08650261000000001 0.2990169306640625 0.07606264 0.293282359375 0.07568978400000001 0.28973238671875 0.077181208 0.28864008740234376 0.08090976866666667 0.29000546142578126 0.08463832933333333 0.299563080078125 0.09992542866666668 0.30393227734375 0.10290827733333333 0.3077553251953125 0.10141685333333333 0.30939377392578127 0.09768829200000001 0.3107591479492188 0.08948545866666666
1 0.158929546875 0.038777032 0.17285636279296876 0.037285608 0.17340251220703126 0.031692766666666664 0.172310212890625 0.028337062 0.167941015625 0.020507084 0.16275259423828126 0.017524235333333332 0.15920262158203125 0.01043997 0.152921900390625 0.009694258 0.143910431640625 0.014168530666666667 0.1460950302734375 0.020879940666666666 0.1515565263671875 0.027218493333333333 0.151010376953125 0.032811334666666664 0.15346805029296876 0.037285608 0.158929546875 0.038777032
1 0.0193883125 0.23750932133333333 0.027307482421875 0.2438478746666667 0.02894593115234375 0.24347501866666668 0.032768978515625 0.23862788933333332 0.03106226123046875 0.23200969400000002 0.04259967236328125 0.21625652466666667 0.04259967236328125 0.21140939600000003 0.0365920263671875 0.201715138 0.0322228291015625 0.19873228933333334 0.023757509765625 0.19873228933333334 0.0144729658203125 0.21103654 0.0144729658203125 0.21662938133333334 0.01611141455078125 0.22408650266666666 0.01392681591796875 0.229679344 0.01747678857421875 0.23340790466666667 0.0193883125 0.23750932133333333
1 0.098033861328125 0.7050708426666666 0.101583833984375 0.7061894106666667 0.10977607861328124 0.7054436986666667 0.1215182958984375 0.6961222966666666 0.12779901708984376 0.68344519 0.1324412890625 0.6789709173333334 0.1338066630859375 0.66442953 0.13134898974609374 0.6577181206666667 0.12397596923828125 0.6517524233333334 0.11496450048828125 0.6510067113333333 0.11196067724609375 0.652870992 0.1045876572265625 0.663683818 0.1002184599609375 0.6674123786666667 0.09776078662109375 0.6756152126666667 0.09202621533203124 0.6838180460000001 0.09120699072265626 0.6968680086666666 0.09339158935546875 0.700969426 0.098033861328125 0.7050708426666666
1 0 0.69307365 0.0021845986328125 0.693512304 0.0101037685546875 0.6994780013333334 0.02048061181640625 0.7002237133333333 0.03167667919921875 0.6987322893333333 0.038776625 0.6964951526666667 0.04423812109375 0.692393736 0.04833424365234375 0.6879194633333333 0.04533042041015625 0.6868008946666667 0.0330420537109375 0.6655480986666666 0.029219005859375 0.6614466813333334 0.0212998359375 0.6569724086666667 0 0.6569724086666667 0 0.69307365
1 0 0.45688851599999997 0.00191152392578125 0.46047725599999995 0.00737302001953125 0.46308724799999995 0.01392681591796875 0.461595824 0.02403058447265625 0.45637583866666664 0.030857455078125 0.451901566 0.0330420537109375 0.44891871733333333 0.03386127783203125 0.4474272933333333 0.032768978515625 0.44556301266666665 0.0193883125 0.44034302733333336 0.01064991796875 0.442207308 0.00737302001953125 0.44630872466666666 0.00027307470703125 0.4496644293333333 0 0.4503169273333333 0 0.45688851599999997
1 0.6460950302734375 0.5044742726666667 0.6518296010742187 0.5059656973333333 0.6575641723632812 0.5048471293333333 0.6613872202148438 0.5026099926666666 0.6632987436523438 0.49962714399999997 0.6635718188476563 0.49515287066666663 0.6602949208984376 0.4880686053333333 0.658110322265625 0.4742729306666667 0.6436373564453125 0.452647278 0.6389950844726563 0.45152870999999994 0.6294374658203125 0.4537658466666667 0.622883669921875 0.46047725599999995 0.6171490986328125 0.46942580133333334 0.6176952485351562 0.4765100673333333 0.6223375205078125 0.4832214766666667 0.63080283984375 0.4921700226666667 0.6460950302734375 0.5044742726666667
1 0.5993992353515625 0.3862788966666667 0.6089568540039062 0.38702460866666666 0.6220644458007812 0.3810589113333333 0.6269797924804688 0.3777032066666666 0.6283451665039063 0.37472035800000003 0.626433642578125 0.364653244 0.615783724609375 0.3340790453333333 0.6105953032226562 0.32699478 0.6056799565429688 0.325503356 0.6004915346679688 0.32624906800000003 0.5740032768554687 0.33482475733333333 0.5682687055664063 0.3381804626666667 0.5696340795898438 0.3504847126666667 0.5783724741210937 0.36912751666666666 0.5876570180664062 0.37546607000000004 0.5931185146484375 0.38366890400000003 0.5993992353515625 0.3862788966666667
1 0.555707263671875 0.357196122 0.5603495356445313 0.3575689786666667 0.5655379575195313 0.36055182666666663 0.567995630859375 0.35533184199999995 0.5693610048828125 0.3486204326666667 0.5677225561523438 0.33892617466666664 0.5660841069335938 0.33557047 0.564445658203125 0.33370618933333335 0.557345712890625 0.3318419093333333 0.552157291015625 0.3318419093333333 0.5354997270507813 0.3396718866666667 0.5311305297851563 0.34265473533333335 0.5289459311523438 0.346756152 0.5349535771484375 0.35533184199999995 0.5434188969726562 0.36092468333333333 0.54778809375 0.36129753933333336 0.555707263671875 0.357196122
1 0.5824685961914062 0.431394482 0.5797378481445312 0.4343773306666667 0.5729109775390625 0.4369873226666667 0.567995630859375 0.441461596 0.5570726376953125 0.44780014933333334 0.5540688149414063 0.451901566 0.5546149643554688 0.4560029826666666 0.560895685546875 0.46905294533333336 0.5649918076171875 0.4746457866666666 0.5718186782226562 0.47837434733333334 0.5832878208007812 0.4765100673333333 0.5876570180664062 0.4735272186666667 0.5914800654296875 0.47725577933333335 0.5958492626953125 0.47837434733333334 0.5969415620117188 0.46830723333333335 0.6070453305664063 0.45935868733333335 0.6075914799804687 0.45637583866666664 0.6040415073242188 0.44780014933333334 0.6040415073242188 0.4381058913333333 0.6062261059570313 0.4291573453333333 0.6021299833984375 0.413124534 0.592845439453125 0.39112602533333335 0.5914800654296875 0.38963460133333333 0.587383943359375 0.39038031333333334 0.5770071000976562 0.3978374346666667 0.5753686508789062 0.3997017153333334 0.5748225014648437 0.40305742 0.5824685961914062 0.431394482
1 0.5685417802734375 0.7639821026666667 0.5791916987304687 0.7621178226666666 0.5868377934570312 0.7542878446666667 0.589295466796875 0.7490678599999999 0.5895685419921874 0.7445935866666668 0.5876570180664062 0.7408650259999999 0.5791916987304687 0.729306488 0.575095576171875 0.7274422073333333 0.5518842163085937 0.730797912 0.54942654296875 0.7345264726666666 0.5464227197265625 0.7445935866666668 0.54778809375 0.7494407160000001 0.5524303657226562 0.7568978373333333 0.5595303115234375 0.7576435493333333 0.5652648828125 0.7632363906666666 0.5685417802734375 0.7639821026666667
1 0.5677225561523438 0.8232662193333334 0.5898416166992188 0.8322147653333333 0.5955761879882813 0.8314690526666667 0.6010376840820313 0.8277404920000001 0.6073184052734375 0.8199105146666668 0.6070453305664063 0.796793438 0.6040415073242188 0.7926920206666667 0.5977607866210938 0.7908277406666666 0.5843801201171875 0.7792692019999999 0.57782632421875 0.7755406413333333 0.5731840522460937 0.7751677853333334 0.567995630859375 0.7796420580000001 0.5652648828125 0.7859806113333334 0.5617149096679688 0.8012677106666667 0.5611687602539063 0.815809098 0.5622610595703125 0.8191648026666667 0.5677225561523438 0.8232662193333334
1 0.6406335336914063 0.8292319166666666 0.6452758056640625 0.826249068 0.6485527036132812 0.82699478 0.6551064990234375 0.8217747946666667 0.6551064990234375 0.8154362413333334 0.6512834516601562 0.7971662939999999 0.6441835063476562 0.7912005966666668 0.6318951391601563 0.788217748 0.6196067724609375 0.788217748 0.6144183505859375 0.7953020133333333 0.60950300390625 0.799030574 0.6075914799804687 0.8035048473333333 0.6070453305664063 0.8187919459999999 0.6089568540039062 0.8232662193333334 0.6338066630859375 0.8296047726666668 0.6406335336914063 0.8292319166666666
1 0.6305297651367188 0.828113348 0.6305297651367188 0.8366890379999999 0.6365374111328125 0.844891872 0.6523757509765625 0.8523489933333334 0.6570180229492187 0.8512304253333334 0.6641179682617188 0.8523489933333334 0.6671217915039063 0.8583146906666665 0.6747678862304688 0.8680089486666668 0.7140906606445313 0.875838926 0.7184598579101562 0.8728560773333334 0.7220098305664062 0.865398956 0.7214636811523437 0.8579418346666666 0.7162752592773437 0.854213274 0.7083560893554688 0.8430275913333333 0.7045330419921875 0.8411633106666666 0.6815947568359375 0.8366890379999999 0.670398689453125 0.8251304993333333 0.6540141997070312 0.8221476513333333 0.6480065537109375 0.8243847873333334 0.6441835063476562 0.8221476513333333 0.6389950844726563 0.8258762119999999 0.6348989624023438 0.8228933633333333 0.6305297651367188 0.828113348
1 0.6665756416015625 1 0.652921900390625 0.982102908 0.6488257783203125 0.980611484 0.639541234375 0.9787472033333333 0.6272528671875 0.9791200593333333 0.620152921875 0.990305742 0.6182413979492187 0.9970171513333334 0.6180957583007812 1 0.6665756416015625 1
1 0.5152921899414062 0.8493661446666667 0.5226652104492188 0.8359433260000001 0.52293828515625 0.8318419093333334 0.5204806118164063 0.8258762119999999 0.5128345166015625 0.8199105146666668 0.507919169921875 0.8187919459999999 0.49972692529296875 0.82699478 0.493719279296875 0.83557047 0.492080830078125 0.8407904546666667 0.49399235400390623 0.845264728 0.499180775390625 0.8512304253333334 0.5040961225585937 0.8545861299999999 0.5090114692382812 0.8545861299999999 0.5152921899414062 0.8493661446666667
1 0.49836155126953124 0.652870992 0.50354997265625 0.6547352719999999 0.5073730200195312 0.652870992 0.5109229926757812 0.6480238626666667 0.5120152919921875 0.6424310213333333 0.5125614418945312 0.6349739 0.511469142578125 0.6316181953333333 0.5084653193359375 0.623788218 0.5040961225585937 0.6193139446666667 0.5 0.6178225206666667 0.48470781005859376 0.6178225206666667 0.48252321142578125 0.6193139446666667 0.48088476220703125 0.625652498 0.48170398681640625 0.6304996273333333 0.4879847080078125 0.6383296046666667 0.49126160546875 0.644668158 0.49836155126953124 0.652870992
1 0.4806116875 0.6178225206666667 0.4737848168945312 0.6133482473333334 0.46805024560546876 0.6133482473333334 0.4642271982421875 0.614839672 0.45821955224609373 0.6211782253333333 0.4541234296875 0.6312453393333334 0.4560349536132812 0.633855332 0.45903877685546873 0.634601044 0.4721463681640625 0.633482476 0.476242490234375 0.6312453393333334 0.48088476220703125 0.625279642 0.4806116875 0.6178225206666667
1 0.6772255595703125 0.5115585386666667 0.679410158203125 0.5156599553333333 0.6867831787109375 0.5208799406666667 0.6966138720703124 0.5216256526666667 0.7056253413085938 0.518642804 0.7113599125976563 0.5134228186666667 0.7138175859375 0.5089485460000001 0.7138175859375 0.49478001466666666 0.7116329873046875 0.4884414613333333 0.7097214638671875 0.4753914986666667 0.7053522666015625 0.4675615213333333 0.7012561440429688 0.46607009666666666 0.6919716000976562 0.46644295333333335 0.687329328125 0.4686800893333333 0.6832332060546875 0.47390007466666667 0.6824139814453125 0.48956003000000003 0.6780447841796875 0.49776286333333336 0.6769524848632813 0.5022371366666666 0.6772255595703125 0.5115585386666667
1 0.7312943745117187 0.36204325133333337 0.7353904970703125 0.36428038799999996 0.7498634624023437 0.36651752400000004 0.7577826323242187 0.36167039533333334 0.7662479521484375 0.3508575686666666 0.7708902241210938 0.3486204326666667 0.7749863461914063 0.3512304253333333 0.7779901694335938 0.3512304253333333 0.7809939921875 0.3486204326666667 0.7812670673828125 0.3422818793333333 0.7793555434570313 0.336689038 0.77553249609375 0.3333333333333333 0.7591480063476562 0.3243847873333333 0.7534134350585937 0.317300522 0.74904423828125 0.3154362413333333 0.7353904970703125 0.31469052933333336 0.7315674497070312 0.31618195400000004 0.7187329326171875 0.32960477266666666 0.7184598579101562 0.33482475733333333 0.7220098305664062 0.347501864 0.7312943745117187 0.36204325133333337
1 0.7886400874023437 0.4500372853333333 0.8014746040039062 0.4474272933333333 0.8028399780273437 0.4451901566666666 0.8033861279296876 0.44258016399999994 0.8014746040039062 0.4269202086666667 0.7971054067382812 0.40268456399999997 0.792463134765625 0.4008202833333333 0.7801747680664063 0.403803132 0.7793555434570313 0.40865026066666665 0.7752594208984375 0.41759880666666666 0.774713271484375 0.42505592866666664 0.7763517202148438 0.42990305733333334 0.7815401420898438 0.4358687546666667 0.7839978154296875 0.4481730053333333 0.7886400874023437 0.4500372853333333
1 0.7665210268554687 0.39821029066666663 0.7678864008789063 0.395600298 0.765974876953125 0.39112602533333335 0.765974876953125 0.3866517526666666 0.7689787001953124 0.3732289333333333 0.7665210268554687 0.36651752400000004 0.7575095576171875 0.36390753200000003 0.7536865102539062 0.36651752400000004 0.744675041015625 0.3683818046666667 0.7444019663085938 0.38590604 0.7476788637695313 0.39075316933333337 0.7531403603515625 0.39522744200000004 0.7621518295898437 0.39858314666666667 0.7665210268554687 0.39821029066666663
1 0.6630256689453125 0.14205816533333332 0.6654833422851563 0.134601044 0.6747678862304688 0.12005965666666667 0.6744948115234375 0.11894108866666667 0.6622064443359374 0.114839672 0.6441835063476562 0.11595824 0.6441835063476562 0.12378821799999999 0.6409066083984375 0.13310962 0.6425450571289063 0.143922446 0.6485527036132812 0.14951528733333333 0.652921900390625 0.14876957466666665 0.6613872202148438 0.144295302 0.6630256689453125 0.14205816533333332
1 0.39404696875 0.7061894106666667 0.4000546147460938 0.7050708426666666 0.401966138671875 0.7002237133333333 0.4022392133789062 0.6964951526666667 0.398416166015625 0.692393736 0.39568541796875 0.6859310213333333 0.39513926806640626 0.6797166293333333 0.39322774462890625 0.6823266219999999 0.389677771484375 0.6823266219999999 0.3812124521484375 0.6785980613333333 0.3776624794921875 0.6797166293333333 0.37520480615234375 0.68344519 0.375477880859375 0.6879194633333333 0.3776624794921875 0.691275168 0.39404696875 0.7061894106666667
1 0.22146368115234374 0.8795674866666666 0.2239213544921875 0.885533184 0.22856362646484374 0.8873974646666667 0.2353904970703125 0.8862788966666667 0.23784817041015624 0.8829231913333333 0.23784817041015624 0.8780760626666667 0.23484434716796876 0.87546607 0.2247405791015625 0.87546607 0.22146368115234374 0.8795674866666666
1 0.3873869775390625 1 0.38749317333984373 0.9973900073333333 0.3850354995117187 0.9869500373333333 0.38749317333984373 0.98098434 0.39077007080078124 0.98098434 0.39077007080078124 0.9798657719999999 0.3869470234375 0.9720357940000001 0.386127798828125 0.9675615213333334 0.37738940478515626 0.9660700966666667 0.37602403076171875 0.9675615213333334 0.37629710546875 0.9720357940000001 0.37520480615234375 0.9761372113333333 0.37602403076171875 0.9798657719999999 0.37165483349609374 0.9880686053333334 0.37083560888671874 0.9936614466666667 0.37302020751953124 1 0.3873869775390625 1
1 1 0.5318170520000001 0.9989077006835938 0.530201342 0.995630802734375 0.5290827739999999 0.985800109375 0.529828486 0.9800655380859375 0.5335570466666666 0.9756963408203125 0.548844146 0.9675040961914062 0.5525727066666667 0.966411796875 0.5566741239999999 0.962042599609375 0.5615212526666666 0.961223375 0.565995526 0.967231021484375 0.5749440713333334 0.976242490234375 0.5708426546666667 0.9890770073242188 0.5801640566666667 0.9926269799804688 0.5794183446666666 0.9942654287109375 0.578299776 0.9959038774414063 0.5712155106666666 0.9961769526367188 0.558538404 0.9986346259765625 0.5525727066666667 1 0.5509277533333333 1 0.5318170520000001
1 0.9057891860351562 0.42990305733333334 0.9022392133789062 0.431394482 0.8929546694335937 0.43773303533333335 0.8850354995117188 0.44780014933333334 0.8836701254882813 0.452274422 0.8869470234375 0.4597315433333333 0.9016930639648437 0.47240865 0.905516111328125 0.47800149133333336 0.9087930092773437 0.48695003733333336 0.917804478515625 0.4944071586666666 0.9232659750976563 0.501491424 0.9330966684570312 0.501118568 0.937192791015625 0.4970171513333333 0.9382850903320312 0.49366144666666667 0.9369197158203125 0.4862043253333333 0.935554341796875 0.4824757646666667 0.9325505190429687 0.4791200593333333 0.9309120698242187 0.4735272186666667 0.9259967231445313 0.46905294533333336 0.9235390498046875 0.4645786726666667 0.9205352265625 0.4638329606666667 0.918623703125 0.45749440733333335 0.9188967778320313 0.44295302 0.9131622065429688 0.43661446666666665 0.9104314580078126 0.4310216253333333 0.9057891860351562 0.42990305733333334
1 0.918623703125 0.42654735266666666 0.921354451171875 0.4343773306666667 0.92927362109375 0.44258016399999994 0.9500273076171875 0.4500372853333333 0.9552157290039063 0.4481730053333333 0.9617695249023438 0.43885160333333334 0.962042599609375 0.4343773306666667 0.9601310756835938 0.4302759133333333 0.9552157290039063 0.4269202086666667 0.9483888583984375 0.4246830726666667 0.9238121245117188 0.394854586 0.9180775532226563 0.40119313933333334 0.9117968325195313 0.40119313933333334 0.9077007099609375 0.403803132 0.9079737846679687 0.4082774046666667 0.912616056640625 0.414615958 0.9145275805664063 0.42207308 0.918623703125 0.42654735266666666
1 0.8495357729492188 0.37546607000000004 0.8448935009765625 0.374347502 0.8386127797851562 0.38180462333333337 0.8399781538085938 0.3862788966666667 0.8492626977539063 0.394108874 0.8539049697265625 0.39522744200000004 0.8582741669921875 0.39112602533333335 0.8580010922851562 0.3862788966666667 0.856089568359375 0.3821774793333333 0.8495357729492188 0.37546607000000004
1 0.7345712724609375 0.202833706 0.7312943745117187 0.2043251306666667 0.7307482250976562 0.21252796399999999 0.7332058984375 0.22445935866666666 0.7356635717773438 0.22856077533333333 0.7433096669921875 0.22893363133333333 0.7476788637695313 0.22557792666666668 0.7474057890625 0.21625652466666667 0.741125068359375 0.202833706 0.7345712724609375 0.202833706
1 0.778263244140625 0.155108128 0.7706171489257813 0.154362416 0.7687056254882813 0.1592095453333333 0.7697979248046875 0.16368381799999998 0.77744401953125 0.18083519733333334 0.7809939921875 0.18195376600000002 0.7848170400390625 0.17971662933333335 0.7872747133789062 0.16778523466666667 0.7867285634765625 0.16629381066666668 0.778263244140625 0.155108128
1 0.7444019663085938 0.15846383266666667 0.745494265625 0.17002237133333334 0.7487711630859375 0.17673378066666665 0.7531403603515625 0.17822520533333333 0.755324958984375 0.17598806866666666 0.7550518842773437 0.15883668933333334 0.7534134350585937 0.152498136 0.7487711630859375 0.14765100666666667 0.7444019663085938 0.15846383266666667
1 0.7211906064453125 0.14168530933333334 0.7200983071289062 0.14615958266666668 0.726925177734375 0.15100671133333332 0.7318405244140626 0.15137956733333335 0.7452211904296875 0.135346756 0.7463134897460938 0.13310962 0.7452211904296875 0.12788963466666667 0.735936646484375 0.123415362 0.7211906064453125 0.14168530933333334
1 0.9224467504882813 0.04138702466666667 0.9148006552734375 0.029082774000000002 0.9093391586914062 0.02945563 0.9049699619140625 0.03616703933333334 0.9060622612304687 0.039522744 0.9148006552734375 0.052199850666666665 0.919716001953125 0.05257270666666666 0.9227198251953125 0.05033557066666666 0.9238121245117188 0.047725578000000005 0.92408519921875 0.04511558533333333 0.9224467504882813 0.04138702466666667
1 1 0.3480238626666667 0.9980884760742188 0.3396718866666667 0.9918077553710938 0.34041759866666665 0.9907154560546875 0.3422818793333333 0.9904423813476563 0.347501864 0.993719279296875 0.3687546606666666 0.9986346259765625 0.36800894866666667 1 0.3655232413333333 1 0.3480238626666667
1 0.8514472963867188 0.780014914 0.8629164389648437 0.7807606266666667 0.8656471875 0.7759134973333333 0.8675587109375 0.7632363906666666 0.8678317861328125 0.7557792693333334 0.8667394868164062 0.7516778526666666 0.845439650390625 0.7457121553333333 0.8399781538085938 0.7457121553333333 0.8369743310546875 0.748695004 0.8353358818359375 0.7527964206666667 0.8336974331054687 0.7628635346666667 0.8306936098632812 0.7710663686666667 0.831239759765625 0.7751677853333334 0.8350628071289062 0.7803877699999999 0.8440742763671875 0.7837434753333333 0.8514472963867188 0.780014914
1 0.9421991625976562 1 0.9423812124023437 0.9977628633333334 0.9401966137695312 0.9932885906666667 0.9339158930664062 0.989187174 0.8929546694335937 0.98098434 0.8883123974609375 0.9832214766666666 0.8779355541992188 0.9981357193333333 0.87783802734375 1 0.9421991625976562 1
1 0.8738394321289062 0.9761372113333333 0.8872200981445313 0.9768829233333333 0.9049699619140625 0.97054437 0.9202621518554688 0.9683072333333332 0.9270890224609375 0.9645786726666666 0.9287274711914062 0.9612229680000001 0.928454396484375 0.9463087246666667 0.9268159477539063 0.9407158840000001 0.92217367578125 0.9325130500000001 0.9131622065429688 0.924310216 0.898416166015625 0.9235645039999999 0.8888585473632813 0.9250559286666666 0.8757509555664063 0.932140194 0.8730202075195312 0.9366144666666667 0.8678317861328125 0.9597315433333333 0.8651010375976562 0.963087248 0.8667394868164062 0.9690529453333333 0.8738394321289062 0.9761372113333333
1 0.7752594208984375 0.9395973153333332 0.7788093935546875 0.9373601786666667 0.7883670126953125 0.924310216 0.8058438012695313 0.9194630873333334 0.8099399233398438 0.914243102 0.8145821953125 0.904548844 0.8151283452148438 0.9019388513333333 0.8137629711914063 0.9004474273333334 0.803113052734375 0.8989560026666666 0.7971054067382812 0.895600298 0.7708902241210938 0.893736018 0.7610595302734375 0.8978374346666667 0.7577826323242187 0.9011931393333332 0.7504096123046875 0.9202087993333333 0.7487711630859375 0.9284116333333333 0.751774986328125 0.933631618 0.762424904296875 0.9395973153333332 0.7752594208984375 0.9395973153333332
1 0.7946477333984375 0.8803131993333333 0.8036592026367188 0.8806860553333332 0.80748225 0.8803131993333333 0.815401419921875 0.876211782 0.827689787109375 0.876211782 0.8345166577148437 0.8713646533333333 0.8367012563476562 0.8672632366666667 0.8367012563476562 0.8616703953333333 0.8317859091796875 0.855331842 0.8279628618164062 0.8538404173333334 0.8102129985351563 0.8627889633333332 0.8025669033203126 0.8609246833333334 0.7954669580078125 0.855331842 0.7837247407226563 0.855704698 0.7763517202148438 0.8583146906666665 0.7708902241210938 0.866517524 0.7766247954101563 0.873974646 0.7815401420898438 0.8769574946666666 0.7946477333984375 0.8803131993333333
1 0.5081922446289062 0.15659955266666667 0.5122883671875 0.15883668933333334 0.51774986328125 0.15734526466666668 0.5215729111328125 0.1592095453333333 0.5303113051757813 0.16032811333333333 0.5390496997070312 0.16778523466666667 0.545057345703125 0.163310962 0.5466957944335937 0.1592095453333333 0.5412342983398437 0.152498136 0.5286728564453125 0.13236390733333334 0.522119060546875 0.12826249066666667 0.5133806665039062 0.12453393 0.50873839453125 0.125652498 0.5 0.133482476 0.49617695263671874 0.14131245333333334 0.495630802734375 0.153243848 0.49617695263671874 0.155108128 0.4986346259765625 0.15659955266666667 0.5081922446289062 0.15659955266666667
1 0.421354451171875 0.085756898 0.41671217919921877 0.085756898 0.40933915869140625 0.09358687533333333 0.41234298193359376 0.09806114866666667 0.4205352265625 0.10216256533333334 0.432004369140625 0.10365398933333334 0.4382850903320312 0.10029828466666667 0.4399235390625 0.09806114866666667 0.4385581650390625 0.09284116333333332 0.421354451171875 0.085756898
1 0.18186783154296876 0.2770320653333333 0.17558711083984374 0.2651006713333333 0.1736755869140625 0.258762118 0.172310212890625 0.2568978373333334 0.16712179150390624 0.258389262 0.1622064443359375 0.27218493666666665 0.16493719287109376 0.28038777 0.165210267578125 0.2856077553333333 0.16766794091796874 0.28709918 0.17558711083984374 0.28635346733333333 0.17995630810546875 0.28150633866666663 0.18186783154296876 0.2770320653333333
1 0.439104314453125 0.412378822 0.442654287109375 0.4105145413333333 0.44511196044921875 0.4064131246666667 0.44538503564453125 0.403803132 0.4393773896484375 0.39448173 0.439104314453125 0.3885160326666667 0.43637356640625 0.3862788966666667 0.43282359375 0.3862788966666667 0.4270890224609375 0.38963460133333333 0.4180775532226563 0.39038031333333334 0.414254505859375 0.39522744200000004 0.41698525390625 0.4015659953333333 0.42162752587890623 0.40305742 0.43009284521484376 0.412751678 0.439104314453125 0.412378822
1 0.5084653193359375 0.41909023133333334 0.506280720703125 0.4213273673333333 0.5057345712890625 0.42580164066666665 0.5090114692382812 0.42990305733333334 0.5172037138671876 0.43475018666666665 0.5218459858398438 0.43549589866666666 0.5240305844726563 0.432885906 0.5243036591796875 0.4295302013333333 0.5218459858398438 0.4202087993333334 0.5084653193359375 0.41909023133333334
1 0.5051884213867187 0.40790454866666664 0.5 0.40790454866666664 0.49672310205078124 0.412005966 0.488530857421875 0.41685309466666665 0.48661933349609376 0.4213273673333333 0.4950846533203125 0.42505592866666664 0.49754232666015624 0.4246830726666667 0.5051884213867187 0.4187173753333333 0.5068268706054687 0.414615958 0.5070999453125 0.412751678 0.5051884213867187 0.40790454866666664
1 0.4685963955078125 0.48956003000000003 0.4685963955078125 0.49962714399999997 0.4737848168945312 0.5 0.47760786474609374 0.4970171513333333 0.48252321142578125 0.481357196 0.48225013671875 0.47315436266666666 0.47678864013671873 0.47315436266666666 0.4740578920898437 0.47501864266666666 0.4685963955078125 0.48956003000000003
1 0.39049699609375 0.9373601786666667 0.4000546147460938 0.9369873226666667 0.40469688671875 0.9343773306666667 0.40660841064453124 0.931394482 0.407154560546875 0.9190902313333332 0.40578918603515624 0.9108873973333332 0.39595849267578126 0.8967188666666666 0.39104314599609374 0.894108874 0.3853085747070312 0.893736018 0.38093937744140627 0.895227442 0.3768432548828125 0.8993288593333333 0.37520480615234375 0.903803132 0.37602403076171875 0.9105145413333333 0.38175860205078127 0.9202087993333333 0.387766248046875 0.9269202086666666 0.39049699609375 0.9373601786666667
1 0.3405243037109375 0.8888888886666667 0.33287820849609373 0.893736018 0.331239759765625 0.8978374346666667 0.33233205908203123 0.9019388513333333 0.33451665771484373 0.902684564 0.3468050244140625 0.8993288593333333 0.3484434736328125 0.8959731546666667 0.3478973237304688 0.8888888886666667 0.34516657568359377 0.8877703206666667 0.3405243037109375 0.8888888886666667
1 0.3962315673828125 0.8187919459999999 0.3918623701171875 0.815809098 0.3776624794921875 0.8180462340000001 0.37383943212890625 0.8228933633333333 0.37438558154296875 0.828486204 0.37001638427734374 0.8325876213333333 0.36919716015625 0.8366890379999999 0.37302020751953124 0.8400447426666666 0.3853085747070312 0.8389261746666666 0.39568541796875 0.828486204 0.39732386669921876 0.8251304993333333 0.3962315673828125 0.8187919459999999
1 0.42244675048828123 0.6748695006666667 0.4208083012695312 0.673378076 0.40742763525390624 0.6707680833333333 0.4033315126953125 0.6711409393333333 0.399235390625 0.6752423566666667 0.39814309130859377 0.6789709173333334 0.4014199892578125 0.681953766 0.4077007099609375 0.68344519 0.417804478515625 0.68344519 0.4208083012695312 0.682699478 0.42299289990234373 0.6800894853333334 0.42244675048828123 0.6748695006666667
1 0.394866193359375 0.644295302 0.39104314599609374 0.652870992 0.39049699609375 0.6569724086666667 0.39513926806640626 0.662938106 0.4011469140625 0.6573452646666667 0.40797378466796874 0.6554809846666667 0.409066083984375 0.653616704 0.4063353359375 0.6409395973333334 0.4033315126953125 0.6364653246666667 0.394866193359375 0.644295302
1 0.46832332080078126 0.66442953 0.4716002182617188 0.6662938106666666 0.4737848168945312 0.6700223713333333 0.4792463134765625 0.6677852346666667 0.4806116875 0.6655480986666666 0.4806116875 0.662938106 0.484980884765625 0.6554809846666667 0.484980884765625 0.6517524233333334 0.48306936083984375 0.6483967186666666 0.4740578920898437 0.6461595826666666 0.469142544921875 0.6469052946666667 0.4650464228515625 0.6517524233333334 0.4606772255859375 0.6483967186666666 0.4563080283203125 0.6476510066666666 0.4543965048828125 0.6487695746666666 0.4535772802734375 0.6517524233333334 0.4560349536132812 0.6588366893333334 0.46477334765625 0.66442953 0.46832332080078126 0.66442953
1 0.6013107592773438 0.6547352719999999 0.5961223374023438 0.6558538406666666 0.59530311328125 0.6707680833333333 0.5898416166992188 0.68344519 0.5914800654296875 0.6853094706666667 0.5961223374023438 0.6856823266666667 0.60950300390625 0.6793437733333334 0.60950300390625 0.673378076 0.6048607319335938 0.6565995526666667 0.6013107592773438 0.6547352719999999
1 0.5567995629882813 0.6961222966666666 0.557345712890625 0.70059657 0.5606226103515625 0.7024608499999999 0.5712725288085938 0.6998508573333333 0.5740032768554687 0.6976137213333333 0.5742763515625 0.6920208800000001 0.5699071547851563 0.6905294553333333 0.5598033862304688 0.692393736 0.5567995629882813 0.6961222966666666
1 0.6135991259765625 0.732289336 0.6081376298828125 0.7304250560000001 0.6062261059570313 0.7278150633333333 0.605133806640625 0.722595078 0.5936646640625 0.7360178973333333 0.596395412109375 0.739373602 0.6029492080078125 0.74049217 0.6108683779296875 0.7401193140000001 0.6146914252929687 0.7375093213333332 0.6155106499023437 0.7360178973333333 0.6135991259765625 0.732289336
1 0.5917531401367188 0.7841163313333334 0.5961223374023438 0.7844891873333333 0.6048607319335938 0.7721849366666667 0.6048607319335938 0.7647278153333333 0.5999453852539063 0.7621178226666666 0.5914800654296875 0.7718120806666667 0.5884762426757812 0.7796420580000001 0.5917531401367188 0.7841163313333334
1 0.7618787548828125 0.4686800893333333 0.7575095576171875 0.4727815066666667 0.7558711088867187 0.4832214766666667 0.7591480063476562 0.49142431000000003 0.7610595302734375 0.49254287866666663 0.7657018022460937 0.49142431000000003 0.7681594755859374 0.4862043253333333 0.7692517749023438 0.47725577933333335 0.7678864008789063 0.47240865 0.7618787548828125 0.4686800893333333
1 0.6277990170898438 0.5917225953333334 0.6256144184570313 0.5824011933333334 0.6185144731445312 0.578299776 0.6135991259765625 0.5790454886666666 0.6111414526367187 0.587248322 0.6111414526367187 0.5917225953333334 0.6119606772460937 0.596196868 0.613872201171875 0.5988068606666667 0.6176952485351562 0.6017897093333333 0.6223375205078125 0.6014168533333333 0.6272528671875 0.5939597313333334 0.6277990170898438 0.5917225953333334
1 0.5988530859375 0.5216256526666667 0.587383943359375 0.5078299773333333 0.58301474609375 0.5093214020000001 0.5726379028320312 0.5260999253333334 0.5726379028320312 0.5305741986666667 0.5737302021484375 0.5328113346666666 0.58301474609375 0.5410141686666666 0.5933915893554688 0.539522744 0.598033861328125 0.5305741986666667 0.5996723100585938 0.5260999253333334 0.5988530859375 0.5216256526666667
1 0.6105953032226562 0.49478001466666666 0.6149645004882812 0.48695003733333336 0.6125068266601562 0.48173005199999996 0.6084107045898437 0.4791200593333333 0.6029492080078125 0.47874720333333337 0.5988530859375 0.479865772 0.5925723647460938 0.48471290066666667 0.592845439453125 0.491051454 0.5958492626953125 0.4970171513333333 0.6045876572265625 0.501491424 0.6092299291992187 0.5 0.6105953032226562 0.49478001466666666
1 0.940742763671875 0.11334824733333333 0.9453850356445312 0.11222967933333333 0.951392681640625 0.09917971666666667 0.951392681640625 0.094705444 0.9503003823242188 0.09246830733333333 0.9459311850585937 0.08948545866666666 0.9388312397460937 0.08724832199999999 0.9281813217773438 0.07904548866666668 0.9128891318359375 0.08053691266666667 0.9068814853515625 0.08911260266666667 0.9038776625976562 0.09731543599999999 0.9063353359375 0.10253542133333333 0.914254505859375 0.106636838 0.9339158930664062 0.11036539866666667 0.940742763671875 0.11334824733333333
1 0.9410158383789062 0.549217002 0.9453850356445312 0.5417598806666667 0.9456581103515626 0.5331841906666667 0.9437465864257812 0.527964206 0.9330966684570312 0.5171513793333333 0.927635171875 0.5152870993333334 0.9219006005859375 0.519761372 0.9033315126953125 0.5439970173333334 0.9060622612304687 0.547352722 0.9077007099609375 0.5521998506666667 0.917804478515625 0.5581655480000001 0.9227198251953125 0.5596569726666667 0.9322774438476562 0.5596569726666667 0.9410158383789062 0.549217002
1 0.9410158383789062 0.72147651 0.932004369140625 0.7121551079999999 0.9273620971679688 0.710290828 0.924904423828125 0.7132736766666666 0.9175314038085938 0.7315436240000001 0.9191698525390625 0.7367636093333334 0.924904423828125 0.7371364653333333 0.9290005463867187 0.7401193140000001 0.9404696884765625 0.7285607753333334 0.9412889130859375 0.7274422073333333 0.9410158383789062 0.72147651
1 0.9953577280273438 0.902311708 0.98416166015625 0.8967188666666666 0.9800655380859375 0.895600298 0.9773347895507812 0.8978374346666667 0.9756963408203125 0.9019388513333333 0.976242490234375 0.9071588366666666 0.98935008203125 0.914988814 0.9945385034179688 0.9153616706666666 0.9978154013671875 0.9097688293333334 0.9980884760742188 0.9056674126666667 0.9953577280273438 0.902311708
1 1 0.8240119313333333 0.9989077006835938 0.8232662193333334 0.9934462041015625 0.8225205073333334 0.9847078100585938 0.8310961966666667 0.9808847622070312 0.8292319166666666 0.9737848168945312 0.828486204 0.9623156743164063 0.8299776286666667 0.9530311303710938 0.836316182 0.9505051884765625 0.8431208053333333 0.9448388857421876 0.8501118566666668 0.9437465864257812 0.8538404173333334 0.9453850356445312 0.8605518266666666 0.9500273076171875 0.8683818046666667 0.9565811030273438 0.873974646 0.9746040415039062 0.8791946306666667 0.9806116875 0.883668904 0.9860731840820313 0.883668904 1 0.891971516 1 0.8240119313333333
1 0.7404568540039063 0.95460701 0.7486261606445312 0.9319265473333334 0.7219391044921875 0.9099899326666667 0.7151310756835938 0.933785608 0.7213945932617187 0.9404780013333334 0.7388227744140625 0.9542348993333334 0.7404568540039063 0.95460701
1 0.7102293828125 0.9274649513333334 0.7020598032226563 0.9341573453333334 0.7121357182617187 0.95795302 0.7140420537109375 0.9594403433333334 0.7208498090820312 0.9531196866666667 0.7102293828125 0.9274649513333334
1 0.7973713818359375 0.5821957493333334 0.7973713818359375 0.5591435493333333 0.7853891318359375 0.558771812 0.7870232114257812 0.5844265473333333 0.7973713818359375 0.5821957493333334
1 0.6682924633789062 0.40795749466666664 0.6701987983398437 0.4235734526666667 0.6764620424804687 0.4362147653333333 0.7306531948242188 0.43993288599999997 0.7309257236328125 0.43993288599999997 0.7374612231445312 0.42877852333333333 0.7320150190429687 0.4157654733333333 0.713225013671875 0.4150216253333333 0.7066892407226563 0.40684190933333336 0.7001537412109375 0.4090727066666667 0.696069087890625 0.40981655466666667 0.6982474057617187 0.401636838 0.6925289458007813 0.390110738 0.6878995083007813 0.39196979866666665 0.6829975424804687 0.40089299 0.6742834516601562 0.402008576 0.6682924633789062 0.40795749466666664
1 0.6045071000976563 0.13339895599999999 0.60011469140625 0.127262118 0.5956201528320313 0.12363571933333332 0.5927599672851562 0.12447278133333332 0.5914320043945313 0.124751678 0.5921469140625 0.13172520533333332 0.597254505859375 0.139814318 0.5979694155273437 0.1402330353333333 0.5984803383789062 0.13953542133333333 0.6063459858398438 0.13953542133333333 0.6045071000976563 0.13339895599999999
1 0.5699800654296875 0.107736018 0.5677329326171875 0.11038627866666667 0.5647703442382812 0.12335682333333334 0.5747812670898438 0.12823825533333333 0.5750876572265625 0.127401566 0.5792758056640624 0.11680164066666666 0.5754964501953125 0.11526771066666666 0.57651775 0.10717822533333334 0.5699800654296875 0.107736018
1 0.5673241396484375 0.154598434 0.5654855268554687 0.16115361666666667 0.5674262700195313 0.16464019400000002 0.57386182421875 0.16784824733333334 0.5830554340820312 0.16966144666666666 0.5863244130859375 0.16519835933333332 0.5836684873046875 0.157248322 0.5711037685546875 0.152087994 0.5673241396484375 0.154598434
1 0.5156357182617187 0.22718866533333335 0.519313216796875 0.20584973933333334 0.5111411796875 0.20584973933333334 0.508280994140625 0.22774683066666668 0.5156357182617187 0.22718866533333335
1 0.8969762426757812 0.8218691273333334 0.8878847622070313 0.8229038033333334 0.8788943198242187 0.8466263980000001 0.8862179135742188 0.8524880686666667 0.8961176953125 0.8284205813333333 0.8969762426757812 0.8218691273333334
1 0.6176952485351562 0.9511558539999999 0.6220644458007812 0.9496644293333334 0.62534134375 0.9455630126666666 0.6267067177734374 0.9407158840000001 0.6234298198242187 0.9366144666666667 0.620972146484375 0.9276659206666666 0.6133260512695312 0.9254287846666667 0.6064991806640625 0.9194630873333334 0.5999453852539063 0.9190902313333332 0.596395412109375 0.9213273673333333 0.5958492626953125 0.9254287846666667 0.59721463671875 0.9366144666666667 0.6002184599609375 0.9455630126666666 0.6045876572265625 0.9500372853333333 0.6176952485351562 0.9511558539999999
1 0.645821955078125 0.9466815806666666 0.6450027309570312 0.922818792 0.6428181323242188 0.913870246 0.6409066083984375 0.9127516779999999 0.6354451118164063 0.91349739 0.626433642578125 0.9164802386666667 0.6234298198242187 0.9194630873333334 0.6256144184570313 0.9362416106666667 0.6294374658203125 0.9504101420000001 0.6348989624023438 0.952274422 0.638722009765625 0.951901566 0.6436373564453125 0.9496644293333334 0.645821955078125 0.9466815806666666
1 0.9188967778320313 0.7587621179999999 0.9153468051757813 0.7598806859999999 0.9139814311523438 0.7621178226666666 0.9148006552734375 0.7658463833333333 0.9172583286132813 0.7669649513333334 0.9287274711914062 0.7669649513333334 0.9322774438476562 0.7651006713333333 0.9325505190429687 0.7621178226666666 0.928454396484375 0.7591349740000001 0.9188967778320313 0.7587621179999999
1 0.898416166015625 0.739746458 0.8929546694335937 0.7408650259999999 0.8915892954101563 0.7442207306666666 0.8929546694335937 0.7479492913333333 0.8978700166015625 0.750186428 0.901966138671875 0.7546607006666667 0.9060622612304687 0.7546607006666667 0.9068814853515625 0.748695004 0.9016930639648437 0.741610738 0.898416166015625 0.739746458
1 0.8424358276367188 0.7345264726666666 0.84980884765625 0.722595078 0.8495357729492188 0.7046979866666667 0.8478973237304688 0.70059657 0.8413435283203125 0.6976137213333333 0.8246859638671875 0.6998508573333333 0.8123975971679688 0.7099179713333333 0.8115783725585938 0.739000746 0.8143091206054688 0.7431021626666667 0.8214090659179687 0.7457121553333333 0.8339705078125 0.7431021626666667 0.8386127797851562 0.74049217 0.8424358276367188 0.7345264726666666
1 0.7760786455078125 0.6454138700000001 0.7706171489257813 0.645041014 0.762424904296875 0.6521252793333333 0.7572364829101562 0.6592095453333333 0.7566903330078125 0.6633109620000001 0.7583287822265625 0.6659209546666667 0.7657018022460937 0.6651752426666667 0.7736209721679688 0.6577181206666667 0.778263244140625 0.6495152873333333 0.778263244140625 0.6476510066666666 0.7760786455078125 0.6454138700000001
1 0.8235936645507812 0.7736763606666667 0.8227744404296875 0.7751677853333334 0.8227744404296875 0.7923191646666667 0.8274167124023437 0.7938105893333333 0.8317859091796875 0.7926920206666667 0.832058984375 0.7837434753333333 0.83042053515625 0.7744220733333333 0.827689787109375 0.7725577926666667 0.8235936645507812 0.7736763606666667
1 0.7493173129882813 0.826621924 0.743036591796875 0.8296047726666668 0.74030584375 0.83557047 0.741125068359375 0.8407904546666667 0.7444019663085938 0.8430275913333333 0.7523211362304687 0.8419090233333333 0.7547788095703125 0.8366890379999999 0.754505734375 0.8307233406666666 0.7531403603515625 0.828486204 0.7493173129882813 0.826621924
1 0.72446750390625 0.8419090233333333 0.7220098305664062 0.844891872 0.72255598046875 0.8512304253333334 0.7293828510742187 0.854958986 0.7318405244140626 0.855331842 0.7334789731445313 0.8538404173333334 0.7348443471679688 0.8497390006666666 0.7353904970703125 0.845264728 0.7312943745117187 0.8426547353333333 0.72446750390625 0.8419090233333333
1 0.7099945385742188 0.7841163313333334 0.705898416015625 0.7822520506666667 0.7026215180664063 0.7837434753333333 0.7020753686523438 0.788217748 0.7050791918945313 0.8001491426666667 0.7091753139648438 0.8031319913333334 0.7138175859375 0.8020134226666668 0.7140906606445313 0.7960477253333333 0.7121791372070313 0.788217748 0.7099945385742188 0.7841163313333334
1 0.739486619140625 0.8575689786666667 0.7424904423828125 0.856823266 0.744675041015625 0.8527218493333333 0.7444019663085938 0.8441461593333334 0.7397596943359375 0.8441461593333334 0.7370289458007813 0.846383296 0.73675587109375 0.8538404173333334 0.739486619140625 0.8575689786666667
1 0.884216275390625 0.5070842653333333 0.8814855268554688 0.5130499626666667 0.882577826171875 0.527964206 0.8839432001953125 0.5316927666666666 0.8853085747070313 0.5320656226666667 0.88858547265625 0.5309470546666667 0.8899508466796875 0.5268456373333333 0.8907700708007813 0.520507084 0.8888585473632813 0.509694258 0.884216275390625 0.5070842653333333
1 0.9737848168945312 0.37248322133333334 0.9718732934570312 0.3687546606666666 0.962042599609375 0.3687546606666666 0.9582195522460938 0.37285607733333337 0.9574003276367188 0.3773303506666667 0.9582195522460938 0.38143176733333334 0.9617695249023438 0.385533184 0.9675040961914062 0.3866517526666666 0.9732386674804687 0.38180462333333337 0.974330966796875 0.3773303506666667 0.9737848168945312 0.37248322133333334
1 0.8585472421875 0.30984340066666666 0.8536318950195313 0.30574198333333336 0.8369743310546875 0.3191648026666667 0.8274167124023437 0.3243847873333333 0.8230475151367187 0.3307233406666667 0.8203167666015625 0.346756152 0.8285090112304687 0.3478747206666667 0.84980884765625 0.3340790453333333 0.8593664663085937 0.3251304993333333 0.861277990234375 0.31469052933333336 0.8585472421875 0.30984340066666666
1 0.7971054067382812 0.3251304993333333 0.8042053520507813 0.325876212 0.8143091206054688 0.3210290826666667 0.8137629711914063 0.317673378 0.8121245219726563 0.315809098 0.8058438012695313 0.315809098 0.7979246313476562 0.31953765866666667 0.7971054067382812 0.3251304993333333
1 0.7839978154296875 0.31618195400000004 0.7883670126953125 0.317300522 0.7927362099609375 0.31469052933333336 0.7949208081054687 0.3117076806666667 0.7973784819335937 0.3046234153333333 0.79683233203125 0.3012677106666667 0.78973238671875 0.3035048473333333 0.7848170400390625 0.3117076806666667 0.7839978154296875 0.31618195400000004
1 0.7900054614257812 0.37285607733333337 0.7927362099609375 0.37658463799999997 0.801201529296875 0.3810589113333333 0.8055707265625 0.3803131993333333 0.8066630258789063 0.37844891866666663 0.8058438012695313 0.3721103653333333 0.8014746040039062 0.3687546606666666 0.792463134765625 0.3676360926666667 0.7900054614257812 0.37285607733333337
1 0.8235936645507812 0.4548844146666667 0.8184052431640625 0.4548844146666667 0.817039869140625 0.45637583866666664 0.8175860185546875 0.46047725599999995 0.82332058984375 0.46718866533333336 0.827689787109375 0.46830723333333335 0.829601310546875 0.46644295333333335 0.829601310546875 0.462341536 0.8263244130859375 0.45637583866666664 0.8235936645507812 0.4548844146666667
1 0.9191698525390625 0.2300522 0.9268159477539063 0.22669649533333333 0.9369197158203125 0.22483221466666664 0.9445658110351562 0.2158836686666667 0.9503003823242188 0.18978374333333334 0.95057345703125 0.18530947066666667 0.946204259765625 0.18008948533333333 0.9410158383789062 0.17673378066666665 0.919716001953125 0.17225950799999998 0.9148006552734375 0.173378076 0.8962315673828125 0.18568232666666665 0.889677771484375 0.20730797933333334 0.8894046967773438 0.21327367666666666 0.891316220703125 0.21812080533333336 0.90278536328125 0.22669649533333333 0.9101583833007812 0.2300522 0.9191698525390625 0.2300522
1 0.9273620971679688 0.14727815066666666 0.9199890771484375 0.145041014 0.9150737299804688 0.14615958266666668 0.9101583833007812 0.15026099933333334 0.9085199345703125 0.154362416 0.914254505859375 0.16032811333333333 0.9191698525390625 0.162192394 0.9281813217773438 0.16256525 0.9339158930664062 0.15958240133333335 0.9309120698242187 0.15026099933333334 0.9273620971679688 0.14727815066666666
1 0.8932277446289062 0.11073825533333333 0.889677771484375 0.115212528 0.8937738940429687 0.12080536933333334 0.9052430366210937 0.123415362 0.9093391586914062 0.12155108133333332 0.910704533203125 0.11931394466666666 0.9093391586914062 0.115585384 0.9079737846679687 0.114839672 0.8932277446289062 0.11073825533333333
1 0.8238667392578125 0.058165548000000004 0.8211359912109375 0.05257270666666666 0.8099399233398438 0.042878448666666666 0.8055707265625 0.04213273666666667 0.8022938286132812 0.04362416133333333 0.7984707807617187 0.04996271466666667 0.801201529296875 0.05592841133333334 0.8107591479492188 0.06562266933333333 0.8137629711914063 0.066741238 0.8181321684570313 0.065995526 0.82332058984375 0.06114839666666667 0.8238667392578125 0.058165548000000004
1 0.735936646484375 0.029082774000000002 0.7400327690429688 0.03318419066666667 0.744675041015625 0.03318419066666667 0.7452211904296875 0.030947054666666668 0.7435827416992188 0.019388516 0.7373020209960938 0.014914243333333334 0.7348443471679688 0.011558538666666666 0.7342981977539063 0.007084265333333333 0.732386673828125 0.004474272666666667 0.7312943745117187 0.004101416666666666 0.7266521025390625 0.008202834 0.721736755859375 0.015287099333333333 0.7214636811523437 0.019388516 0.7271982524414062 0.029082774000000002 0.735936646484375 0.029082774000000002
1 0.6978683095703125 0 0.7099945385742188 0.010812826000000001 0.7138175859375 0.013422818666666668 0.7187329326171875 0.014168530666666667 0.7231021298828125 0.011931394666666668 0.7321135991210937 0.002982848666666667 0.7337841743164063 0 0.6978683095703125 0
1 0.5917531401367188 0.06040268466666667 0.589295466796875 0.07158836666666667 0.5917531401367188 0.07979120066666667 0.6004915346679688 0.08873974666666667 0.6127799018554687 0.09284116333333332 0.6223375205078125 0.09060402666666666 0.6305297651367188 0.08016405666666666 0.6338066630859375 0.078299776 0.6398143090820313 0.078299776 0.6417258330078125 0.07606264 0.6411796831054688 0.07158836666666667 0.6384489350585938 0.066368382 0.6419989077148438 0.05033557066666666 0.6411796831054688 0.04548844133333334 0.6384489350585938 0.04101416866666667 0.6310759150390625 0.033557046666666666 0.626433642578125 0.030947054666666668 0.6179683232421875 0.02945563 0.6089568540039062 0.030947054666666668 0.605133806640625 0.032811334666666664 0.60240305859375 0.03616703933333334 0.5917531401367188 0.06040268466666667
1 0.4748771162109375 0.11633109600000001 0.477880939453125 0.11856823266666668 0.4827962861328125 0.11782252066666667 0.49535772802734374 0.11036539866666667 0.5040961225585937 0.09656972400000001 0.5092845439453125 0.085011186 0.50873839453125 0.08090976866666667 0.5117422172851562 0.07196122266666667 0.5095576186523437 0.06338553333333333 0.5016384487304687 0.05704698 0.49453850341796873 0.056301268 0.4765155654296875 0.06301267733333332 0.47105406884765627 0.066741238 0.465592572265625 0.07419835933333334 0.46395412353515625 0.09321401933333334 0.46477334765625 0.10216256533333334 0.46613872216796876 0.106636838 0.4748771162109375 0.11633109600000001
1 0.6919716000976562 0.12117822533333333 0.6884216274414062 0.12416107400000001 0.6897870014648437 0.12826249066666667 0.691698525390625 0.12938105866666666 0.7012561440429688 0.13012677133333334 0.706717640625 0.12863534666666668 0.7078099399414063 0.12639821 0.7080830146484375 0.12416107400000001 0.7053522666015625 0.12155108133333332 0.6919716000976562 0.12117822533333333
1 0.6526488256835937 0.28038777 0.6657564174804688 0.28113348266666666 0.667941015625 0.279269202 0.6684871655273438 0.27293064866666666 0.66247951953125 0.26621923933333336 0.6523757509765625 0.269202088 0.6515565263671875 0.27777777800000003 0.6526488256835937 0.28038777
1 0.525669033203125 0.29008202866666666 0.5234844345703125 0.28523489933333335 0.5172037138671876 0.278150634 0.5090114692382812 0.27218493666666665 0.5046422719726562 0.27293064866666666 0.5005461494140625 0.2770320653333333 0.5005461494140625 0.28150633866666663 0.5038230473632812 0.2859806113333333 0.5172037138671876 0.29753915 0.5212998359375 0.296793438 0.5245767338867188 0.29306487666666664 0.525669033203125 0.29008202866666666
1 0.4942654287109375 0.34265473533333335 0.49126160546875 0.346756152 0.4923539047851562 0.35234899333333336 0.5038230473632812 0.3594332586666667 0.5090114692382812 0.355704698 0.5092845439453125 0.35011185666666667 0.5076460952148437 0.3422818793333333 0.49890770068359375 0.34079045466666663 0.4942654287109375 0.34265473533333335
1 0.5232113598632813 0.412751678 0.52293828515625 0.41685309466666665 0.5245767338867188 0.4213273673333333 0.5341343530273438 0.42803877733333334 0.538776625 0.42542878466666667 0.5390496997070312 0.4213273673333333 0.5346805024414063 0.41648023866666667 0.5262151831054688 0.41088739733333335 0.5232113598632813 0.412751678
1 0.651010376953125 0.4392244593333333 0.6482796284179687 0.4358687546666667 0.6332605131835938 0.4362416106666667 0.6297105405273438 0.43736017866666665 0.6242490444335937 0.44295302 0.6242490444335937 0.44780014933333334 0.6267067177734374 0.4541387026666666 0.6313489897460938 0.4541387026666666 0.6414527578125 0.451901566 0.6485527036132812 0.4474272933333333 0.6504642270507812 0.44444444466666666 0.651010376953125 0.4392244593333333
1 0.6548334243164062 0.530201342 0.6526488256835937 0.530201342 0.6504642270507812 0.5331841906666667 0.6507373022460937 0.537285608 0.6531949755859375 0.5406413126666666 0.6613872202148438 0.5432513046666666 0.6657564174804688 0.5425055926666666 0.6660294921875 0.5357941833333334 0.6649371928710938 0.5339299033333333 0.6548334243164062 0.530201342
1 0.626433642578125 0.539149888 0.6261605678710938 0.5436241613333334 0.6305297651367188 0.5469798659999999 0.6362643364257813 0.548844146 0.6398143090820313 0.5454884413333333 0.6400873837890625 0.5432513046666666 0.63790278515625 0.5402684566666667 0.6318951391601563 0.5376584640000001 0.626433642578125 0.539149888
1 0.7282905517578125 0.6278896346666667 0.7192790825195312 0.62453393 0.7140906606445313 0.6208053693333333 0.7097214638671875 0.6219239373333333 0.7119060625 0.6342281879999999 0.7140906606445313 0.6375838926666667 0.7213727470703125 0.635346756 0.7277444018554687 0.6368381806666666 0.7312943745117187 0.6349739 0.7315674497070312 0.6308724833333333 0.7282905517578125 0.6278896346666667
1 0.6851447294921875 0.6401938853333333 0.6848716547851562 0.6349739 0.6859639541015625 0.6308724833333333 0.6835062807617187 0.6178225206666667 0.679410158203125 0.6144668160000001 0.6750409614257813 0.615212528 0.6742217368164063 0.6222967933333333 0.6750409614257813 0.635719612 0.67667941015625 0.643176734 0.6791370834960937 0.6461595826666666 0.6826870561523437 0.6454138700000001 0.6843255053710937 0.643922446 0.6851447294921875 0.6401938853333333
1 0.38175860205078127 0.9548844146666667 0.386127798828125 0.9548844146666667 0.39158929541015625 0.9511558539999999 0.39240852001953125 0.9492915733333332 0.39049699609375 0.9451901566666667 0.386127798828125 0.9451901566666667 0.379847078125 0.9496644293333334 0.38175860205078127 0.9548844146666667
1 0.42381212451171874 0.7833706186666667 0.41316220654296876 0.7777777779999999 0.40879300927734374 0.7796420580000001 0.40988530859375 0.7829977626666667 0.40988530859375 0.7893363160000001 0.4120699072265625 0.7926920206666667 0.4219006005859375 0.7938105893333333 0.4257236484375 0.7930648766666667 0.42654287255859374 0.7915734526666667 0.4270890224609375 0.7878448920000001 0.42381212451171874 0.7833706186666667
1 0.4705079189453125 0.6808351973333333 0.4721463681640625 0.6785980613333333 0.4694156201171875 0.6748695006666667 0.46040415087890624 0.6752423566666667 0.458492626953125 0.6785980613333333 0.46095030029296874 0.6812080540000001 0.4705079189453125 0.6808351973333333
1 0.27280174755859377 0.5913497393333333 0.2689787001953125 0.595824012 0.2681594755859375 0.6144668160000001 0.27143637353515626 0.6185682326666667 0.2758055708007813 0.6200596566666666 0.28154014208984374 0.6189410886666667 0.28590933935546875 0.606636838 0.28563626416015625 0.596196868 0.28154014208984374 0.5924683073333333 0.27280174755859377 0.5913497393333333
1 0.437192791015625 0.46196868 0.43528126708984377 0.4571215513333333 0.43446204248046877 0.4560029826666666 0.43009284521484376 0.45637583866666664 0.42818132177734375 0.4679343773333333 0.42872747119140625 0.470917226 0.43309666845703126 0.4735272186666667 0.4361004916992188 0.47315436266666666 0.4377389404296875 0.471290082 0.4382850903320312 0.4686800893333333 0.437192791015625 0.46196868
1 0.4257236484375 0.3381804626666667 0.4208083012695312 0.337807606 0.4041507373046875 0.34265473533333335 0.4030584379882812 0.35160328133333335 0.40578918603515624 0.35607755399999996 0.412616056640625 0.36055182666666663 0.41698525390625 0.36167039533333334 0.4210813764648437 0.35906040266666667 0.42736209716796875 0.3504847126666667 0.427635171875 0.34638329599999995 0.4257236484375 0.3381804626666667
1 0.4855270341796875 0.212155108 0.4855270341796875 0.203206562 0.4827962861328125 0.19835943333333333 0.46968869482421877 0.19537658466666669 0.4650464228515625 0.19574944066666666 0.45958492626953124 0.19910514533333332 0.4579464775390625 0.20246085000000003 0.45740032763671873 0.20693512333333336 0.4598580009765625 0.21327367666666666 0.46886947021484376 0.220730798 0.4716002182617188 0.21737509333333332 0.47733478955078124 0.21401938866666667 0.4855270341796875 0.212155108
1 0.44374658642578124 0.24235645066666667 0.44811578369140626 0.24496644266666665 0.4565811030273437 0.24422073066666666 0.4634079736328125 0.2382550333333333 0.46531949755859375 0.23489932866666668 0.4650464228515625 0.22408650266666666 0.46040415087890624 0.22595078266666666 0.45576187890625 0.22334079066666668 0.45111960693359376 0.2158836686666667 0.4527580556640625 0.212155108 0.45248498095703127 0.20954511533333334 0.44756963427734375 0.19835943333333333 0.44156198779296874 0.19835943333333333 0.4385581650390625 0.202833706 0.4374658657226563 0.20805369133333332 0.444292736328125 0.23266219266666666 0.44374658642578124 0.24235645066666667
1 0.40660841064453124 0.21140939600000003 0.403604587890625 0.20917225933333336 0.39896231591796877 0.20954511533333334 0.39295466943359375 0.21327367666666666 0.3891316220703125 0.21961223 0.38858547265625 0.22483221466666664 0.39049699609375 0.22669649533333333 0.3978700166015625 0.22632363933333333 0.4063353359375 0.21737509333333332 0.40742763525390624 0.2158836686666667 0.40660841064453124 0.21140939600000003
1 0.3697433095703125 0.22408650266666666 0.3599126162109375 0.21625652466666667 0.3468050244140625 0.2300522 0.34516657568359377 0.23340790466666667 0.3448935009765625 0.2382550333333333 0.3468050244140625 0.2438478746666667 0.35144729638671873 0.24459358666666667 0.36018569091796876 0.23788217733333333 0.36400873828125 0.232289336 0.36919716015625 0.23340790466666667 0.37083560888671874 0.229679344 0.3697433095703125 0.22408650266666666
1 0.33806663037109375 0.12043251333333334 0.3255051884765625 0.12751677866666666 0.3203167666015625 0.13236390733333334 0.3175860185546875 0.13683818066666667 0.3175860185546875 0.14690529466666669 0.32495903857421876 0.15659955266666667 0.3293282358398438 0.16517524266666667 0.33424358251953123 0.171886652 0.34161660302734376 0.17598806866666666 0.3487165483398437 0.18829231933333332 0.35090114697265623 0.19425801666666667 0.3582741669921875 0.19910514533333332 0.3659202622070313 0.20768083533333334 0.37930092822265626 0.211782252 0.39077007080078124 0.211782252 0.3962315673828125 0.21029082799999999 0.4085199345703125 0.19835943333333333 0.41370835595703126 0.19090231200000002 0.412616056640625 0.18195376600000002 0.409066083984375 0.173750932 0.40524303662109373 0.16927665933333333 0.3970507919921875 0.16442953 0.39104314599609374 0.15026099933333334 0.3869470234375 0.145786726 0.38093937744140627 0.14168530933333334 0.368377935546875 0.13870246066666667 0.36209721484375 0.1349739 0.3519934462890625 0.12416107400000001 0.3432550517578125 0.12043251333333334 0.33806663037109375 0.12043251333333334
1 0.3749317314453125 0.03206562266666667 0.36810486083984373 0.036912752 0.36810486083984373 0.04213273666666667 0.36919716015625 0.04511558533333333 0.373566357421875 0.04623415333333333 0.38585472412109373 0.04064131266666667 0.38667394873046873 0.038404176000000005 0.3869470234375 0.032438478666666666 0.386127798828125 0.030947054666666668 0.3749317314453125 0.03206562266666667
1 0.22719825244140626 0.38404176 0.22774440185546874 0.3810589113333333 0.2222829052734375 0.37472035800000003 0.22009830712890624 0.37024608533333336 0.21627525927734376 0.36689037999999996 0.20644456591796875 0.3683818046666667 0.19142545068359376 0.38180462333333337 0.19251775 0.3862788966666667 0.19606772265625 0.38963460133333333 0.2018022939453125 0.392990306 0.20699071533203126 0.394108874 0.2247405791015625 0.38702460866666666 0.22719825244140626 0.38404176
1 0.27034407421875 0.41685309466666665 0.26734025146484375 0.40715883666666663 0.26324412890625 0.40305742 0.254505734375 0.40231170800000005 0.248225013671875 0.4067859806666667 0.2416712177734375 0.41648023866666667 0.24003276904296875 0.4213273673333333 0.24358274169921876 0.42542878466666667 0.25559803369140627 0.4269202086666667 0.2591480063476562 0.424310216 0.269524849609375 0.42095451133333334 0.27034407421875 0.41685309466666665
1 0.3148552705078125 0.4343773306666667 0.3129437465820312 0.43885160333333334 0.315401419921875 0.4500372853333333 0.320589841796875 0.4548844146666667 0.32441288916015626 0.452274422 0.326051337890625 0.443325876 0.3255051884765625 0.43773303533333335 0.3175860185546875 0.434004474 0.3148552705078125 0.4343773306666667
1 0.3397050791015625 0.41648023866666667 0.33315128369140623 0.414243102 0.33042053515625 0.41685309466666665 0.3309666850585937 0.42095451133333334 0.3361551064453125 0.4246830726666667 0.3413435283203125 0.4269202086666667 0.34598580029296877 0.4261744966666667 0.3468050244140625 0.42505592866666664 0.345439650390625 0.421700224 0.3397050791015625 0.41648023866666667
1 0.13626433642578126 0.4560029826666666 0.13353358837890625 0.46047725599999995 0.1338066630859375 0.46495152866666667 0.14418350634765625 0.471290082 0.15019115234375 0.4768829233333333 0.153741125 0.47576435466666667 0.15565264892578126 0.47315436266666666 0.1559257236328125 0.46495152866666667 0.1417258330078125 0.45525727066666666 0.13626433642578126 0.4560029826666666
1 0.18350628076171874 0.874720358 0.1851447294921875 0.8709917973333333 0.18268705615234376 0.8680089486666668 0.1761332607421875 0.8695003726666667 0.17203713818359376 0.8683818046666667 0.16848716552734375 0.8713646533333333 0.16985253955078125 0.876584638 0.16930639013671875 0.8806860553333332 0.17067176416015625 0.884414616 0.17913708349609375 0.884414616 0.184598580078125 0.8806860553333332 0.18350628076171874 0.874720358
1 0.37001638427734374 0.8769574946666666 0.37738940478515626 0.8791946306666667 0.3847624248046875 0.876211782 0.379847078125 0.8709917973333333 0.37520480615234375 0.8691275166666667 0.3697433095703125 0.8713646533333333 0.36919716015625 0.875093214 0.37001638427734374 0.8769574946666666
1 0.7195521572265625 1 0.718186783203125 0.9869500373333333 0.7124522119140625 0.9862043253333332 0.7009830693359375 0.9955257273333333 0.700764609375 1 0.7195521572265625 1
1 0.9748771162109375 0.6808351973333333 0.9795193881835937 0.6703952273333333 0.97706171484375 0.6666666666666666 0.9759694155273437 0.6592095453333333 0.9716002182617187 0.6577181206666667 0.95767340234375 0.6685309473333333 0.9538503549804688 0.6789709173333334 0.9535772802734375 0.684190902 0.9563080283203125 0.693139448 0.9590387768554688 0.6950037286666667 0.9639541235351563 0.6953765846666666 0.967231021484375 0.6942580166666666 0.9748771162109375 0.6808351973333333
1 0.8667394868164062 0.6524981360000001 0.8757509555664063 0.6573452646666667 0.8812124521484375 0.6573452646666667 0.8926815947265625 0.653243848 0.901966138671875 0.653243848 0.9085199345703125 0.655108128 0.9251774985351563 0.6498881433333333 0.9317312944335937 0.643176734 0.9369197158203125 0.6401938853333333 0.939104314453125 0.635346756 0.9399235390625 0.6308724833333333 0.9377389404296875 0.6226696493333334 0.9322774438476562 0.6170768086666667 0.9232659750976563 0.6167039519999999 0.907154560546875 0.6226696493333334 0.8836701254882813 0.6222967933333333 0.879847078125 0.623788218 0.87629710546875 0.6387024606666667 0.8708356088867187 0.6387024606666667 0.8645548881835937 0.6413124533333333 0.86400873828125 0.6487695746666666 0.8667394868164062 0.6524981360000001
1 0.8104860732421875 0.5566741239999999 0.8058438012695313 0.5596569726666667 0.8036592026367188 0.5697240866666666 0.8061168759765625 0.5723340793333334 0.8102129985351563 0.5723340793333334 0.8134898959960938 0.568605518 0.8194975424804688 0.5656226693333333 0.8246859638671875 0.5611483966666666 0.82332058984375 0.556301268 0.8104860732421875 0.5566741239999999
1 0.8607318403320312 0.412378822 0.8588203168945312 0.41648023866666667 0.860458765625 0.4213273673333333 0.8631895141601562 0.423191648 0.8653741123046875 0.4205816553333333 0.8667394868164062 0.41685309466666665 0.8659202622070312 0.41349739 0.8634625888671875 0.4116331093333333 0.8607318403320312 0.412378822
1 0.8757509555664063 0.4601044 0.8779355541992188 0.44780014933333334 0.8782086293945313 0.443325876 0.875477880859375 0.43885160333333334 0.8716548334960937 0.4358687546666667 0.8670125615234375 0.43549589866666666 0.8610049155273437 0.451155854 0.8563626435546875 0.45451155866666665 0.8522665209960938 0.45525727066666666 0.8511742216796875 0.46047725599999995 0.8626433642578125 0.4735272186666667 0.8664664116210937 0.47501864266666666 0.87110868359375 0.4735272186666667 0.8757509555664063 0.4601044
1 0.8664664116210937 0.5674869499999999 0.86400873828125 0.5700969426666667 0.86209721484375 0.575689784 0.8629164389648437 0.587621178 0.8661933369140625 0.5909768826666667 0.87110868359375 0.5902311706666666 0.873566357421875 0.587621178 0.8730202075195312 0.5760626400000001 0.8694702348632812 0.5693512306666666 0.8664664116210937 0.5674869499999999
1 0.8536318950195313 0.5827740493333333 0.852539595703125 0.5786726326666667 0.8421627524414063 0.5741983593333334 0.8323320590820312 0.575689784 0.8235936645507812 0.5827740493333333 0.824139814453125 0.5913497393333333 0.8315128344726562 0.6006711406666667 0.8399781538085938 0.59694258 0.8451665756835938 0.5965697240000001 0.84980884765625 0.5935868753333333 0.8533588203125 0.5879940339999999 0.8536318950195313 0.5827740493333333
1 0.884216275390625 0.5712155106666666 0.9057891860351562 0.5708426546666667 0.910704533203125 0.5741983593333334 0.91343528125 0.5652498133333334 0.9128891318359375 0.5566741239999999 0.9096122338867187 0.5507084266666666 0.9057891860351562 0.548098434 0.9063353359375 0.5428784486666667 0.905516111328125 0.5421327366666667 0.901966138671875 0.5417598806666667 0.8970507919921875 0.5436241613333334 0.8921354453125 0.5499627146666667 0.8809393774414063 0.5566741239999999 0.8793009282226563 0.5604026846666667 0.8801201528320313 0.5693512306666666 0.884216275390625 0.5712155106666666
1 0.8582741669921875 0.11372110333333334 0.8582741669921875 0.10887397466666666 0.8533588203125 0.10626398199999999 0.8457127250976563 0.11073825533333333 0.8402512290039063 0.11111111133333333 0.83560895703125 0.11334824733333333 0.832058984375 0.11968680066666668 0.8353358818359375 0.11968680066666668 0.8377935556640626 0.12416107400000001 0.8407973784179688 0.12639821 0.8451665756835938 0.126025354 0.8533588203125 0.11707680866666667 0.8582741669921875 0.11372110333333334
1 0.6343528125 0.19537658466666669 0.645821955078125 0.18493661466666667 0.6471873291015625 0.18120805399999998 0.645821955078125 0.17636092466666667 0.63599126171875 0.15883668933333334 0.6318951391601563 0.154362416 0.6239759692382812 0.15622669666666666 0.6105953032226562 0.16778523466666667 0.6125068266601562 0.18530947066666667 0.6163298745117187 0.18978374333333334 0.6239759692382812 0.193512304 0.6267067177734374 0.19649515266666667 0.6313489897460938 0.19686800866666665 0.6343528125 0.19537658466666669
1 0.541527982421875 0 0.5409612231445312 0.0018642806666666666 0.5395958491210937 0.010812826000000001 0.5439650463867187 0.015659955333333333 0.54778809375 0.017524235333333332 0.5524303657226562 0.017151379333333334 0.5633533588867188 0.02162565266666667 0.5693610048828125 0.021998508666666666 0.5737302021484375 0.019388516 0.5764609501953125 0.015659955333333333 0.5780993994140625 0.01043997 0.5851993447265625 0.001491424 0.5855634443359375 0 0.541527982421875 0
1 0.18924085205078126 0.192766592 0.20070999462890626 0.19425801666666667 0.20699071533203126 0.19015659933333331 0.2045330419921875 0.18046234133333333 0.2080830146484375 0.154735272 0.20780993994140626 0.14690529466666669 0.20699071533203126 0.144295302 0.20289459326171874 0.13982102933333335 0.1895139267578125 0.14839671866666668 0.18705625341796875 0.15548098466666666 0.17995630810546875 0.16778523466666667 0.1796832333984375 0.17673378066666665 0.18487165478515624 0.18419090200000002 0.18569087939453124 0.18978374333333334 0.18924085205078126 0.192766592
1 0.07591480078125 0.3519761373333333 0.078645548828125 0.35234899333333336 0.07973784814453125 0.355704698 0.0816493720703125 0.355704698 0.08192244677734375 0.34638329599999995 0.07591480078125 0.34265473533333335 0.06772255615234375 0.3400447426666667 0.0630802841796875 0.3396718866666667 0.06116876025390625 0.34265473533333335 0.0551611142578125 0.347129008 0.0535226650390625 0.3508575686666666 0.05406881494140625 0.35309470533333337 0.05598033837890625 0.35458613 0.06717640625 0.3579418346666666 0.07181867822265625 0.35645041 0.07591480078125 0.3519761373333333
1 0.2861824140625 0.3732289333333333 0.2848170400390625 0.3687546606666666 0.28154014208984374 0.36502609999999996 0.2758055708007813 0.36428038799999996 0.2725286728515625 0.36577181200000003 0.264063353515625 0.374347502 0.2618787548828125 0.3773303506666667 0.2618787548828125 0.38180462333333337 0.273894046875 0.38777032066666667 0.2804478427734375 0.38478747199999996 0.28590933935546875 0.37807606266666666 0.2861824140625 0.3732289333333333
1 0.41507372998046876 0.434004474 0.41671217919921877 0.43885160333333334 0.4388312397460937 0.4399701713333333 0.4429273623046875 0.43885160333333334 0.44456581103515624 0.4362416106666667 0.4448388857421875 0.4302759133333333 0.44320043701171874 0.4261744966666667 0.43009284521484376 0.41648023866666667 0.4254505732421875 0.4172259506666667 0.42381212451171874 0.4157345266666667 0.4208083012695312 0.4157345266666667 0.41725832861328127 0.4179716626666667 0.4112506826171875 0.4183445193333334 0.4033315126953125 0.41685309466666665 0.4003276899414063 0.42095451133333334 0.4025122885742187 0.4261744966666667 0.41507372998046876 0.434004474
1 0.8216821411132812 0.29604772533333334 0.8290551611328125 0.29082774066666667 0.832058984375 0.2859806113333333 0.831239759765625 0.2718120806666667 0.8334243583984375 0.26398210266666666 0.8334243583984375 0.25950783 0.8063899506835938 0.2651006713333333 0.8025669033203126 0.268456376 0.8009284545898437 0.2770320653333333 0.7971054067382812 0.2859806113333333 0.79683233203125 0.29940342999999997 0.7992900053710937 0.3035048473333333 0.80202075390625 0.3053691273333333 0.8145821953125 0.3038777033333333 0.8216821411132812 0.29604772533333334
1 0.7143637358398438 0.15734526466666668 0.71736755859375 0.154735272 0.71736755859375 0.15026099933333334 0.7119060625 0.14876957466666665 0.7050791918945313 0.15026099933333334 0.7083560893554688 0.15659955266666667 0.7143637358398438 0.15734526466666668
1 0.7228290551757812 0.11782252066666667 0.730475150390625 0.10999254266666667 0.7310212998046876 0.09768829200000001 0.728836701171875 0.09134973933333333 0.72446750390625 0.08873974666666667 0.7176406333007812 0.08911260266666667 0.712998361328125 0.09097688266666668 0.711086837890625 0.09358687533333333 0.7097214638671875 0.10029828466666667 0.7053522666015625 0.10365398933333334 0.703986892578125 0.106636838 0.7072637900390625 0.11148396733333334 0.7176406333007812 0.11782252066666667 0.7228290551757812 0.11782252066666667
1 0.754505734375 0.42095451133333334 0.7515019116210937 0.4116331093333333 0.7487711630859375 0.4082774046666667 0.7444019663085938 0.40753169266666667 0.7416712177734375 0.4097688293333333 0.7362097216796875 0.42095451133333334 0.73675587109375 0.42542878466666667 0.7416712177734375 0.4302759133333333 0.7444019663085938 0.4358687546666667 0.7531403603515625 0.43475018666666665 0.7542326596679687 0.4272930646666667 0.754505734375 0.42095451133333334
1 0.7768978701171875 0.46644295333333335 0.7768978701171875 0.46047725599999995 0.7752594208984375 0.4556301266666667 0.7708902241210938 0.452647278 0.7665210268554687 0.452274422 0.7637902783203125 0.4560029826666666 0.7651556528320312 0.4645786726666667 0.767613326171875 0.46905294533333336 0.7678864008789063 0.4735272186666667 0.7706171489257813 0.47501864266666666 0.7728017475585938 0.4735272186666667 0.7760786455078125 0.46942580133333334 0.7768978701171875 0.46644295333333335
1 0.5876570180664062 0.62639821 0.594483888671875 0.6137211033333333 0.5947569633789063 0.6088739746666667 0.5931185146484375 0.605145414 0.587383943359375 0.5980611486666667 0.5808301474609375 0.5950783 0.5734571274414062 0.595824012 0.57072637890625 0.6010439973333334 0.56362643359375 0.605145414 0.5611687602539063 0.6092468306666666 0.5647187329101563 0.6178225206666667 0.571545603515625 0.6196868006666667 0.58301474609375 0.6271439226666666 0.5876570180664062 0.62639821
1 0.303113052734375 0.7024608499999999 0.30420535205078125 0.700969426 0.303113052734375 0.6979865773333332 0.28727471337890625 0.6868008946666667 0.28563626416015625 0.68344519 0.28017476806640623 0.68344519 0.2763517202148438 0.6879194633333333 0.2760786455078125 0.6972408653333334 0.2768978701171875 0.7002237133333333 0.28590933935546875 0.7091722593333334 0.2902785361328125 0.7080536913333334 0.2958765703125 0.703206562 0.303113052734375 0.7024608499999999
1 0.07973784814453125 0.606636838 0.07700710009765625 0.604772558 0.07181867822265625 0.60551827 0.06417258349609375 0.6137211033333333 0.062807208984375 0.6174496646666666 0.0630802841796875 0.6219239373333333 0.06690333154296875 0.624161074 0.07181867822265625 0.6230425053333334 0.08055707275390625 0.6126025353333333 0.08110322216796875 0.6088739746666667 0.07973784814453125 0.606636838