1 0.705322265625 0 0.7041015625 0.01 0.7060546875 0.021 0.7177734375 0.03333333333333333 0.71923828125 0.037 0.7197265625 0.05 0.7216796875 0.056 0.724609375 0.060333333333333336 0.734375 0.06333333333333334 0.751953125 0.063 0.762451171875 0.056666666666666664 0.765625 0.053 0.768798828125 0.04666666666666667 0.771728515625 0.033666666666666664 0.771484375 0.025666666666666667 0.769287109375 0.009 0.765869140625 0 0.705322265625 0
1 0.882568359375 0 0.882568359375 0.002 0.88427734375 0.007333333333333333 0.892333984375 0.017666666666666667 0.8984375 0.021333333333333333 0.9130859375 0.025333333333333333 0.93603515625 0.028 0.945556640625 0.031 0.950927734375 0.03966666666666667 0.95361328125 0.04066666666666666 0.954833984375 0.04633333333333333 0.955078125 0.058666666666666666 0.9619140625 0.07133333333333333 0.969482421875 0.08033333333333334 0.97900390625 0.08166666666666667 0.98974609375 0.08033333333333334 0.999755859375 0.07466666666666667 0.999755859375 0 0.882568359375 0
1 0.993896484375 0.14633333333333334 0.995849609375 0.148 0.997802734375 0.15233333333333332 0.999755859375 0.15233333333333332 0.999755859375 0.08933333333333333 0.993408203125 0.08966666666666667 0.98828125 0.09166666666666666 0.982666015625 0.09533333333333334 0.979248046875 0.10233333333333333 0.97900390625 0.10733333333333334 0.9833984375 0.13066666666666665 0.990966796875 0.13866666666666666 0.993896484375 0.14633333333333334
1 0.773193359375 0.181 0.775146484375 0.18233333333333332 0.781982421875 0.18133333333333335 0.788330078125 0.178 0.795166015625 0.17833333333333334 0.80224609375 0.181 0.8154296875 0.18066666666666667 0.818115234375 0.17966666666666667 0.821533203125 0.17366666666666666 0.821044921875 0.17 0.818359375 0.16433333333333333 0.810546875 0.16033333333333333 0.80517578125 0.154 0.8046875 0.14966666666666667 0.80712890625 0.14633333333333334 0.80712890625 0.14233333333333334 0.806396484375 0.14033333333333334 0.802978515625 0.13866666666666666 0.794921875 0.144 0.79248046875 0.14966666666666667 0.79052734375 0.151 0.77978515625 0.15366666666666667 0.76416015625 0.152 0.7587890625 0.158 0.758544921875 0.16233333333333333 0.75927734375 0.16366666666666665 0.76806640625 0.17 0.773193359375 0.181
1 0.904296875 0.725 0.912353515625 0.726 0.924072265625 0.721 0.9326171875 0.7126666666666667 0.937744140625 0.7096666666666667 0.9482421875 0.709 0.9501953125 0.7053333333333334 0.951171875 0.696 0.948486328125 0.6886666666666666 0.939453125 0.6773333333333333 0.935302734375 0.6736666666666666 0.92529296875 0.6723333333333333 0.9189453125 0.6733333333333333 0.904052734375 0.681 0.89501953125 0.6926666666666667 0.890625 0.701 0.890380859375 0.705 0.892333984375 0.7103333333333334 0.899169921875 0.7206666666666667 0.904296875 0.725
1 0.78515625 0.7206666666666667 0.79345703125 0.7183333333333334 0.7978515625 0.7186666666666667 0.806640625 0.723 0.81494140625 0.7253333333333334 0.822265625 0.7236666666666667 0.82763671875 0.7203333333333334 0.830078125 0.717 0.833984375 0.706 0.837158203125 0.6923333333333334 0.83642578125 0.689 0.83349609375 0.685 0.828857421875 0.6813333333333333 0.806640625 0.6713333333333333 0.801513671875 0.671 0.796142578125 0.6726666666666666 0.781982421875 0.681 0.772216796875 0.6893333333333334 0.77001953125 0.694 0.770263671875 0.705 0.775390625 0.719 0.77880859375 0.7206666666666667 0.78515625 0.7206666666666667
1 0.68017578125 0.9276666666666666 0.703125 0.9446666666666667 0.716796875 0.9506666666666667 0.72802734375 0.9446666666666667 0.733154296875 0.9403333333333334 0.74560546875 0.928 0.75244140625 0.92 0.75439453125 0.916 0.759033203125 0.912 0.7578125 0.9046666666666666 0.754638671875 0.9003333333333333 0.74658203125 0.894 0.736572265625 0.8836666666666667 0.7216796875 0.8726666666666667 0.715087890625 0.869 0.709228515625 0.8676666666666667 0.6982421875 0.8693333333333333 0.685302734375 0.8796666666666667 0.67529296875 0.8923333333333333 0.671875 0.9043333333333333 0.67138671875 0.9093333333333333 0.67236328125 0.9166666666666666 0.673583984375 0.9196666666666666 0.68017578125 0.9276666666666666
1 0.81787109375 0.9056666666666666 0.833984375 0.9066666666666666 0.849609375 0.902 0.854248046875 0.8973333333333333 0.8583984375 0.8846666666666667 0.8583984375 0.8763333333333333 0.859619140625 0.873 0.859130859375 0.865 0.852783203125 0.861 0.810302734375 0.8656666666666667 0.80224609375 0.8723333333333333 0.798828125 0.8806666666666667 0.798583984375 0.8846666666666667 0.802001953125 0.8936666666666667 0.806396484375 0.9 0.81787109375 0.9056666666666666
1 0.9130859375 0.9846666666666667 0.928466796875 0.9843333333333333 0.943115234375 0.982 0.955322265625 0.9746666666666667 0.9599609375 0.9703333333333334 0.964599609375 0.963 0.9697265625 0.9436666666666667 0.971435546875 0.92 0.968994140625 0.912 0.963134765625 0.906 0.957275390625 0.9056666666666666 0.94189453125 0.9076666666666666 0.931396484375 0.9153333333333333 0.918212890625 0.9313333333333333 0.90771484375 0.963 0.90673828125 0.967 0.908935546875 0.9783333333333334 0.910400390625 0.982 0.9130859375 0.9846666666666667
1 0.59228515625 0.9516666666666667 0.599609375 0.9486666666666667 0.60693359375 0.9426666666666667 0.6142578125 0.9393333333333334 0.6220703125 0.9326666666666666 0.62744140625 0.9306666666666666 0.634521484375 0.9256666666666666 0.640625 0.9106666666666666 0.641845703125 0.9043333333333333 0.63818359375 0.8963333333333333 0.623046875 0.887 0.614013671875 0.8863333333333333 0.5986328125 0.8906666666666667 0.59375 0.8893333333333333 0.587890625 0.89 0.58349609375 0.896 0.582275390625 0.908 0.5673828125 0.927 0.568359375 0.9353333333333333 0.574462890625 0.943 0.587158203125 0.9516666666666667 0.59228515625 0.9516666666666667
1 0.621826171875 0.8773333333333333 0.627197265625 0.879 0.63330078125 0.8766666666666667 0.643310546875 0.8766666666666667 0.653564453125 0.8726666666666667 0.665771484375 0.861 0.669189453125 0.8536666666666667 0.669921875 0.8493333333333334 0.667236328125 0.842 0.664306640625 0.8376666666666667 0.6494140625 0.8283333333333334 0.638671875 0.8343333333333334 0.635986328125 0.833 0.615478515625 0.831 0.599853515625 0.8463333333333334 0.5966796875 0.853 0.596435546875 0.8573333333333333 0.597412109375 0.861 0.6005859375 0.8646666666666667 0.621826171875 0.8773333333333333
1 0.614501953125 0.829 0.618896484375 0.831 0.63134765625 0.8313333333333334 0.635009765625 0.8336666666666667 0.650634765625 0.8296666666666667 0.65185546875 0.8276666666666667 0.65185546875 0.8176666666666667 0.64892578125 0.8026666666666666 0.64208984375 0.7926666666666666 0.639404296875 0.7913333333333333 0.63720703125 0.788 0.636474609375 0.783 0.626708984375 0.7826666666666666 0.622802734375 0.7856666666666666 0.619140625 0.7863333333333333 0.616455078125 0.7906666666666666 0.615966796875 0.7946666666666666 0.610595703125 0.803 0.609130859375 0.8073333333333333 0.608154296875 0.814 0.608642578125 0.8223333333333334 0.61083984375 0.8263333333333334 0.614501953125 0.829
1 0.551513671875 0.736 0.566162109375 0.7443333333333333 0.5751953125 0.748 0.584716796875 0.75 0.592529296875 0.754 0.602294921875 0.7556666666666667 0.6162109375 0.755 0.621337890625 0.7526666666666667 0.630615234375 0.7456666666666667 0.6416015625 0.7323333333333333 0.644287109375 0.7246666666666667 0.6455078125 0.7146666666666667 0.645263671875 0.7086666666666667 0.643310546875 0.701 0.63720703125 0.6856666666666666 0.626953125 0.676 0.6123046875 0.6686666666666666 0.607177734375 0.6686666666666666 0.603515625 0.6713333333333333 0.594482421875 0.686 0.586669921875 0.6953333333333334 0.580078125 0.6966666666666667 0.564208984375 0.6946666666666667 0.556884765625 0.6963333333333334 0.552490234375 0.6996666666666667 0.548095703125 0.706 0.544921875 0.7126666666666667 0.544921875 0.7183333333333334 0.548828125 0.732 0.551513671875 0.736
1 0.482177734375 0.8096666666666666 0.501953125 0.8286666666666667 0.51708984375 0.833 0.528564453125 0.8346666666666667 0.533203125 0.8343333333333334 0.53857421875 0.829 0.544921875 0.8256666666666667 0.559814453125 0.806 0.5673828125 0.7916666666666666 0.571044921875 0.7743333333333333 0.5703125 0.7593333333333333 0.568359375 0.7516666666666667 0.563232421875 0.7436666666666667 0.556640625 0.74 0.55224609375 0.741 0.544189453125 0.7386666666666667 0.539306640625 0.7343333333333333 0.533447265625 0.7313333333333333 0.51611328125 0.7273333333333334 0.51171875 0.728 0.500244140625 0.738 0.494140625 0.7406666666666667 0.482666015625 0.7423333333333333 0.47802734375 0.7446666666666667 0.474365234375 0.7516666666666667 0.471923828125 0.7693333333333333 0.4716796875 0.7796666666666666 0.47265625 0.7866666666666666 0.478271484375 0.804 0.482177734375 0.8096666666666666
1 0.487548828125 0.9996666666666667 0.489501953125 0.9946666666666667 0.498046875 0.9866666666666667 0.50244140625 0.9793333333333333 0.505126953125 0.9713333333333334 0.507568359375 0.959 0.508056640625 0.9503333333333334 0.502197265625 0.9356666666666666 0.48974609375 0.9233333333333333 0.4775390625 0.9213333333333333 0.458984375 0.925 0.446533203125 0.9246666666666666 0.4267578125 0.9306666666666666 0.4130859375 0.939 0.408203125 0.952 0.406494140625 0.9616666666666667 0.40625 0.9713333333333334 0.407958984375 0.9803333333333333 0.419921875 0.9996666666666667 0.487548828125 0.9996666666666667
1 0.36083984375 0.5946666666666667 0.374755859375 0.5983333333333334 0.388671875 0.5973333333333334 0.393310546875 0.595 0.399658203125 0.589 0.407958984375 0.5873333333333334 0.421234130859375 0.576 0.435546875 0.5756666666666667 0.441162109375 0.574 0.4560546875 0.5666666666666667 0.47119140625 0.557 0.47509765625 0.553 0.479736328125 0.5403333333333333 0.482421875 0.5293333333333333 0.482421875 0.5126666666666667 0.4794921875 0.5076666666666667 0.466796875 0.5013333333333333 0.450439453125 0.49833333333333335 0.446533203125 0.49133333333333334 0.442626953125 0.4886666666666667 0.438720703125 0.488 0.435546875 0.48966666666666664 0.430908203125 0.489 0.427978515625 0.49 0.423828125 0.496 0.423095703125 0.5023333333333333 0.419921875 0.5053333333333333 0.418701171875 0.51 0.41552734375 0.5143333333333333 0.41259765625 0.5223333333333333 0.408203125 0.5266666666666666 0.4033203125 0.527 0.38134765625 0.5223333333333333 0.376708984375 0.523 0.37255859375 0.5253333333333333 0.36767578125 0.531 0.357177734375 0.5506666666666666 0.350830078125 0.5676666666666667 0.350830078125 0.576 0.35302734375 0.584 0.35693359375 0.5906666666666667 0.36083984375 0.5946666666666667
1 0.37060546875 0.43533333333333335 0.37158203125 0.44 0.374267578125 0.443 0.376953125 0.444 0.384521484375 0.441 0.38720703125 0.439 0.390380859375 0.43066666666666664 0.396240234375 0.42766666666666664 0.4013671875 0.422 0.4052734375 0.41233333333333333 0.403564453125 0.4046666666666667 0.40185546875 0.37366666666666665 0.398681640625 0.35733333333333334 0.395263671875 0.35333333333333333 0.380615234375 0.354 0.376708984375 0.35533333333333333 0.372314453125 0.3586666666666667 0.366455078125 0.36566666666666664 0.364990234375 0.369 0.3642578125 0.37633333333333335 0.363525390625 0.4043333333333333 0.36572265625 0.41333333333333333 0.3681640625 0.431 0.37060546875 0.43533333333333335
1 0.5 0.279 0.509521484375 0.2783333333333333 0.512939453125 0.2763333333333333 0.52001953125 0.2673333333333333 0.5283203125 0.25166666666666665 0.526611328125 0.238 0.5234375 0.23266666666666666 0.5166015625 0.22833333333333333 0.49072265625 0.22066666666666668 0.486083984375 0.22133333333333333 0.482421875 0.224 0.47412109375 0.236 0.469970703125 0.246 0.469482421875 0.25566666666666665 0.47509765625 0.2713333333333333 0.48291015625 0.275 0.5 0.279
1 0.541015625 0.126 0.548828125 0.13533333333333333 0.552978515625 0.13866666666666666 0.55859375 0.141 0.568115234375 0.14033333333333334 0.5830078125 0.13433333333333333 0.597412109375 0.12366666666666666 0.6015625 0.11866666666666667 0.602783203125 0.115 0.60205078125 0.11233333333333333 0.602783203125 0.107 0.598876953125 0.1 0.595703125 0.091 0.590087890625 0.08366666666666667 0.5830078125 0.07933333333333334 0.572265625 0.07966666666666666 0.553955078125 0.08566666666666667 0.544921875 0.09066666666666667 0.534423828125 0.10166666666666667 0.53369140625 0.104 0.535400390625 0.112 0.53759765625 0.11933333333333333 0.541015625 0.126
1 0.241943359375 0.19566666666666666 0.24365234375 0.198 0.241943359375 0.205 0.244140625 0.20966666666666667 0.244384765625 0.21666666666666667 0.24755859375 0.218 0.251953125 0.21766666666666667 0.259765625 0.22266666666666668 0.264892578125 0.222 0.271484375 0.21866666666666668 0.275390625 0.215 0.2802734375 0.208 0.283203125 0.19733333333333333 0.282958984375 0.193 0.279052734375 0.185 0.271484375 0.18033333333333335 0.251953125 0.15733333333333333 0.247314453125 0.158 0.243408203125 0.16166666666666665 0.244873046875 0.172 0.244140625 0.178 0.232666015625 0.181 0.230224609375 0.186 0.229736328125 0.18933333333333333 0.232177734375 0.19466666666666665 0.236083984375 0.19633333333333333 0.241943359375 0.19566666666666666
1 0.298583984375 0.266 0.303466796875 0.2663333333333333 0.305908203125 0.265 0.311767578125 0.256 0.314208984375 0.24866666666666667 0.314208984375 0.24333333333333335 0.310302734375 0.233 0.302978515625 0.226 0.296630859375 0.22366666666666668 0.275390625 0.22633333333333333 0.2666015625 0.232 0.262451171875 0.238 0.263427734375 0.244 0.26806640625 0.24533333333333332 0.275390625 0.25366666666666665 0.298583984375 0.266
1 0.22021484375 0.05333333333333334 0.22119140625 0.05633333333333333 0.239501953125 0.07666666666666666 0.243408203125 0.078 0.250244140625 0.077 0.264404296875 0.06466666666666666 0.26953125 0.056666666666666664 0.27001953125 0.052333333333333336 0.263427734375 0.023 0.259765625 0.011666666666666667 0.25537109375 0.005333333333333333 0.24755859375 0.0026666666666666666 0.2353515625 0.0033333333333333335 0.226318359375 0.011 0.224365234375 0.013666666666666667 0.2236328125 0.017 0.224365234375 0.020666666666666667 0.21875 0.025333333333333333 0.21630859375 0.034 0.220947265625 0.04133333333333333 0.221435546875 0.046 0.22021484375 0.05333333333333334
1 0.154052734375 0 0.153564453125 0.014 0.158203125 0.025333333333333333 0.160888671875 0.029 0.17041015625 0.034666666666666665 0.181884765625 0.03766666666666667 0.193603515625 0.03766666666666667 0.204833984375 0.035666666666666666 0.208740234375 0.03333333333333333 0.214599609375 0.028666666666666667 0.217041015625 0.017666666666666667 0.22314453125 0.015333333333333332 0.225341796875 0.009666666666666667 0.22509765625 0 0.154052734375 0
1 0.010498046875 0.17266666666666666 0.008056640625 0.181 0.008544921875 0.18533333333333332 0.0126953125 0.191 0.017578125 0.19433333333333333 0.025146484375 0.20866666666666667 0.027587890625 0.21066666666666667 0.029296875 0.21533333333333332 0.03369140625 0.217 0.036865234375 0.21466666666666667 0.03759765625 0.21233333333333335 0.038330078125 0.209 0.037841796875 0.202 0.043212890625 0.17733333333333334 0.060791015625 0.16433333333333333 0.062744140625 0.15733333333333333 0.0625 0.14866666666666667 0.063232421875 0.146 0.069091796875 0.14033333333333334 0.076171875 0.13566666666666666 0.080078125 0.12833333333333333 0.08251953125 0.119 0.082763671875 0.111 0.079833984375 0.10233333333333333 0.07568359375 0.098 0.068115234375 0.093 0.052734375 0.088 0.044677734375 0.089 0.033203125 0.09233333333333334 0.0302734375 0.09566666666666666 0.02685546875 0.105 0.020751953125 0.10733333333333334 0.009033203125 0.115 0.00537109375 0.11933333333333333 0.00244140625 0.12733333333333333 0.002685546875 0.14666666666666667 0.004638671875 0.15366666666666667 0.0078125 0.159 0.010498046875 0.17266666666666666
1 0.115478515625 0.47833333333333333 0.132568359375 0.48633333333333334 0.14306640625 0.489 0.152587890625 0.486 0.1552734375 0.4826666666666667 0.157958984375 0.4756666666666667 0.15869140625 0.4686666666666667 0.158203125 0.458 0.156494140625 0.44566666666666666 0.154296875 0.43933333333333335 0.146728515625 0.431 0.130615234375 0.4196666666666667 0.118896484375 0.4146666666666667 0.107421875 0.415 0.1025390625 0.42 0.099365234375 0.4266666666666667 0.095458984375 0.441 0.095458984375 0.456 0.097900390625 0.4653333333333333 0.102783203125 0.471 0.115478515625 0.47833333333333333
1 0 0.5933333333333334 0.008056640625 0.6 0.0263671875 0.6093333333333333 0.038818359375 0.6186666666666667 0.041259765625 0.63 0.040771484375 0.6463333333333333 0.042724609375 0.6543333333333333 0.0478515625 0.6643333333333333 0.0556640625 0.6746666666666666 0.06396484375 0.6816666666666666 0.079833984375 0.69 0.087646484375 0.6923333333333334 0.099365234375 0.6893333333333334 0.106201171875 0.6853333333333333 0.111083984375 0.6803333333333333 0.1181640625 0.6693333333333333 0.122802734375 0.6596666666666666 0.12744140625 0.6463333333333333 0.12841796875 0.6396666666666667 0.1279296875 0.628 0.1240234375 0.611 0.118896484375 0.6013333333333334 0.11328125 0.5956666666666667 0.10302734375 0.5896666666666667 0.1005859375 0.587 0.09521484375 0.5863333333333334 0.0888671875 0.5813333333333334 0.085693359375 0.5766666666666667 0.083740234375 0.5643333333333334 0.080810546875 0.5586666666666666 0.07275390625 0.5486666666666666 0.06396484375 0.5426666666666666 0.0537109375 0.537 0.033203125 0.5286666666666666 0.020263671875 0.529 0.009521484375 0.537 0.003173828125 0.5453333333333333 0 0.547 0 0.5933333333333334
1 0.154541015625 0.7146666666666667 0.17529296875 0.7193333333333334 0.1884765625 0.7316666666666667 0.189453125 0.7343333333333333 0.193115234375 0.7333333333333333 0.19775390625 0.73 0.203125 0.724 0.20703125 0.7163333333333334 0.209228515625 0.709 0.209716796875 0.693 0.2158203125 0.674 0.217529296875 0.6613333333333333 0.216796875 0.6466666666666666 0.214599609375 0.63 0.208740234375 0.6246666666666667 0.201171875 0.6226666666666667 0.185546875 0.6296666666666667 0.174560546875 0.6373333333333333 0.165771484375 0.6413333333333333 0.142578125 0.6586666666666666 0.138671875 0.6636666666666666 0.13623046875 0.6773333333333333 0.129638671875 0.6976666666666667 0.12939453125 0.703 0.130615234375 0.7096666666666667 0.133544921875 0.7126666666666667 0.154541015625 0.7146666666666667
1 0.112060546875 0.7746666666666666 0.12158203125 0.7946666666666666 0.12646484375 0.799 0.150634765625 0.807 0.154541015625 0.8076666666666666 0.161865234375 0.8063333333333333 0.167724609375 0.8033333333333333 0.177734375 0.795 0.18701171875 0.7843333333333333 0.192138671875 0.7753333333333333 0.192626953125 0.769 0.190673828125 0.7466666666666667 0.190673828125 0.736 0.185791015625 0.727 0.17724609375 0.72 0.16650390625 0.717 0.13916015625 0.7126666666666667 0.130859375 0.7126666666666667 0.12060546875 0.72 0.109375 0.736 0.10791015625 0.741 0.107666015625 0.752 0.110107421875 0.7633333333333333 0.10986328125 0.7673333333333333 0.112060546875 0.7746666666666666
1 0.275634765625 0.7403333333333333 0.28564453125 0.744 0.294921875 0.7443333333333333 0.30517578125 0.74 0.307861328125 0.7366666666666667 0.30908203125 0.733 0.309814453125 0.7283333333333334 0.306640625 0.7146666666666667 0.298583984375 0.692 0.294677734375 0.6846666666666666 0.286865234375 0.6846666666666666 0.279052734375 0.689 0.263916015625 0.7023333333333334 0.259765625 0.7083333333333334 0.259765625 0.713 0.262939453125 0.7206666666666667 0.271240234375 0.736 0.275634765625 0.7403333333333333
1 0.310302734375 0.771 0.31982421875 0.7803333333333333 0.32177734375 0.785 0.3232421875 0.795 0.325439453125 0.8 0.32958984375 0.8063333333333333 0.333740234375 0.81 0.34130859375 0.8136666666666666 0.35595703125 0.8123333333333334 0.376953125 0.8 0.381591796875 0.795 0.383056640625 0.7836666666666666 0.384765625 0.7476666666666667 0.3837890625 0.7436666666666667 0.380615234375 0.7393333333333333 0.373046875 0.7326666666666667 0.36474609375 0.7313333333333333 0.35693359375 0.7333333333333333 0.3486328125 0.7383333333333333 0.34423828125 0.737 0.34033203125 0.7323333333333333 0.3359375 0.7303333333333333 0.3271484375 0.7306666666666667 0.320068359375 0.7323333333333333 0.3125 0.7366666666666667 0.310546875 0.738 0.30712890625 0.7436666666666667 0.3056640625 0.7476666666666667 0.3056640625 0.7576666666666667 0.30859375 0.768 0.310302734375 0.771
1 0.236328125 0.9626666666666667 0.24365234375 0.9693333333333334 0.249267578125 0.9706666666666667 0.253662109375 0.967 0.26513671875 0.951 0.267578125 0.949 0.2734375 0.936 0.28369140625 0.9223333333333333 0.286376953125 0.912 0.28466796875 0.9003333333333333 0.283203125 0.8966666666666666 0.277099609375 0.8883333333333333 0.271484375 0.8843333333333333 0.265380859375 0.8846666666666667 0.255859375 0.895 0.2421875 0.9133333333333333 0.23583984375 0.9233333333333333 0.23046875 0.9353333333333333 0.229736328125 0.9386666666666666 0.23046875 0.9503333333333334 0.233642578125 0.9586666666666667 0.236328125 0.9626666666666667
1 0.38037109375 0.9253333333333333 0.3818359375 0.9236666666666666 0.38232421875 0.9206666666666666 0.3798828125 0.912 0.365234375 0.908 0.337646484375 0.9063333333333333 0.3330078125 0.908 0.33056640625 0.9113333333333333 0.3310546875 0.916 0.33447265625 0.9206666666666666 0.368408203125 0.928 0.38037109375 0.9253333333333333
1 0.074462890625 0.958 0.07861328125 0.9586666666666667 0.091796875 0.957 0.095947265625 0.9533333333333334 0.099365234375 0.955 0.10888671875 0.9536666666666667 0.13134765625 0.9473333333333334 0.138427734375 0.9443333333333334 0.142822265625 0.941 0.14599609375 0.9356666666666666 0.147705078125 0.928 0.14794921875 0.913 0.146240234375 0.9086666666666666 0.143310546875 0.905 0.138671875 0.9003333333333333 0.135009765625 0.8986666666666666 0.129638671875 0.898 0.1044921875 0.901 0.079833984375 0.907 0.072021484375 0.9113333333333333 0.069091796875 0.9166666666666666 0.066162109375 0.9303333333333333 0.065673828125 0.9433333333333334 0.06640625 0.947 0.07080078125 0.9546666666666667 0.074462890625 0.958
1 0 0.9633333333333334 0.005859375 0.9616666666666667 0.00927734375 0.9586666666666667 0.02294921875 0.943 0.0302734375 0.933 0.03369140625 0.92 0.032958984375 0.9116666666666666 0.029052734375 0.906 0.021240234375 0.9003333333333333 0.001953125 0.8906666666666667 0 0.8906666666666667 0 0.9633333333333334
1 0.200439453125 0.8943333333333333 0.21044921875 0.8923333333333333 0.213134765625 0.8903333333333333 0.2138671875 0.8883333333333333 0.224853515625 0.883 0.22705078125 0.8806666666666667 0.226806640625 0.8766666666666667 0.224609375 0.874 0.2138671875 0.876 0.209716796875 0.878 0.20458984375 0.8766666666666667 0.201904296875 0.881 0.1884765625 0.8876666666666667 0.18359375 0.8936666666666667 0.182861328125 0.8963333333333333 0.18505859375 0.9003333333333333 0.189453125 0.9003333333333333 0.200439453125 0.8943333333333333
1 0.578857421875 0.21566666666666667 0.580810546875 0.216 0.587890625 0.223 0.59130859375 0.22466666666666665 0.593505859375 0.22333333333333333 0.5947265625 0.22066666666666668 0.59375 0.215 0.58740234375 0.20533333333333334 0.588134765625 0.20166666666666666 0.587646484375 0.19633333333333333 0.576904296875 0.19666666666666666 0.572998046875 0.19433333333333333 0.572265625 0.192 0.570231201171875 0.19844433333333333 0.568115234375 0.20133333333333334 0.555908203125 0.20866666666666667 0.5546875 0.21166666666666667 0.5556640625 0.22033333333333333 0.560546875 0.222 0.563720703125 0.22466666666666665 0.578857421875 0.21566666666666667
1 0.105550048828125 0.31988900000000003 0.102294921875 0.32566666666666666 0.10205078125 0.33 0.103271484375 0.3313333333333333 0.11572265625 0.32066666666666666 0.126220703125 0.33 0.130615234375 0.33 0.135009765625 0.326 0.134033203125 0.322 0.125732421875 0.31033333333333335 0.12548828125 0.30566666666666664 0.13134765625 0.2986666666666667 0.130615234375 0.298 0.126708984375 0.29533333333333334 0.120849609375 0.301 0.11865234375 0.30133333333333334 0.111572265625 0.2946666666666667 0.107421875 0.293 0.103271484375 0.2946666666666667 0.101318359375 0.298 0.101318359375 0.30733333333333335 0.10302734375 0.31066666666666665 0.107177734375 0.31366666666666665 0.105550048828125 0.31988900000000003
1 0.203450439453125 0.423493 0.222981689453125 0.420716 0.238444091796875 0.402943 0.242512939453125 0.3901686666666667 0.225423095703125 0.36795266666666665 0.204671142578125 0.35851066666666664 0.194091796875 0.3552776666666667 0.184733154296875 0.3646203333333334 0.175374267578125 0.389058 0.188395263671875 0.4184943333333333 0.203450439453125 0.423493