1 0.932373046875 0.06833333333333333 0.9501953125 0.074 0.955322265625 0.074 0.961669921875 0.06833333333333333 0.958251953125 0.060333333333333336 0.936767578125 0.05566666666666667 0.9345703125 0.05566666666666667 0.931884765625 0.05633333333333333 0.93017578125 0.060333333333333336 0.930419921875 0.065 0.932373046875 0.06833333333333333
1 0.947265625 0.09733333333333333 0.939697265625 0.10733333333333334 0.938232421875 0.11166666666666666 0.943115234375 0.118 0.94775390625 0.119 0.960205078125 0.11133333333333334 0.969482421875 0.10066666666666667 0.971923828125 0.09566666666666666 0.968994140625 0.08966666666666667 0.966552734375 0.08666666666666667 0.96630859375 0.08666666666666667 0.961181640625 0.08866666666666667 0.952880859375 0.09366666666666666 0.95068359375 0.096 0.947265625 0.09733333333333333
1 0.95703125 0.059 0.963134765625 0.058666666666666666 0.965087890625 0.05633333333333333 0.965087890625 0.052333333333333336 0.962890625 0.04766666666666667 0.959716796875 0.04466666666666667 0.9580078125 0.04466666666666667 0.953857421875 0.04833333333333333 0.953857421875 0.05566666666666667 0.954833984375 0.057666666666666665 0.95703125 0.059
1 0.89501953125 0.455 0.900390625 0.46266666666666667 0.90771484375 0.4653333333333333 0.91162109375 0.47433333333333333 0.91796875 0.4736666666666667 0.93505859375 0.4673333333333333 0.94580078125 0.46266666666666667 0.947509765625 0.45966666666666667 0.946533203125 0.45 0.94384765625 0.447 0.93994140625 0.448 0.93115234375 0.448 0.927490234375 0.44633333333333336 0.912109375 0.44633333333333336 0.91162109375 0.44633333333333336 0.904052734375 0.44666666666666666 0.899658203125 0.4493333333333333 0.897705078125 0.453 0.89501953125 0.455
1 0.965087890625 0.681 0.962890625 0.6856666666666666 0.964111328125 0.6886666666666666 0.964111328125 0.6933333333333334 0.96533203125 0.6973333333333334 0.962646484375 0.701 0.96240234375 0.7046666666666667 0.955322265625 0.7093333333333334 0.951171875 0.7093333333333334 0.94287109375 0.7126666666666667 0.9375 0.719 0.934326171875 0.7283333333333334 0.93505859375 0.7353333333333333 0.93701171875 0.7393333333333333 0.939208984375 0.7413333333333333 0.944091796875 0.749 0.947998046875 0.7526666666666667 0.951904296875 0.754 0.959716796875 0.7526666666666667 0.9716796875 0.741 0.97509765625 0.729 0.976806640625 0.726 0.978271484375 0.725 0.98291015625 0.725 0.98779296875 0.7263333333333334 0.98974609375 0.7256666666666667 0.990478515625 0.7243333333333334 0.99072265625 0.72 0.98974609375 0.7166666666666667 0.991455078125 0.7126666666666667 0.988525390625 0.708 0.982177734375 0.7033333333333334 0.98046875 0.7006666666666667 0.975830078125 0.6853333333333333 0.9755859375 0.68 0.97412109375 0.6736666666666666 0.97265625 0.6703333333333333 0.970458984375 0.668 0.97021484375 0.668 0.965576171875 0.6706666666666666 0.962646484375 0.676 0.962646484375 0.678 0.965087890625 0.681
1 0.921875 0.677 0.924560546875 0.6853333333333333 0.927490234375 0.6883333333333334 0.931884765625 0.6886666666666666 0.936767578125 0.6853333333333333 0.936767578125 0.6763333333333333 0.939453125 0.6706666666666666 0.941650390625 0.662 0.94482421875 0.6543333333333333 0.944580078125 0.651 0.943603515625 0.649 0.939697265625 0.6456666666666667 0.9375 0.6453333333333333 0.935302734375 0.6453333333333333 0.93017578125 0.6523333333333333 0.9287109375 0.656 0.927734375 0.662 0.921875 0.677
1 0.8408203125 0.6816666666666666 0.84033203125 0.6853333333333333 0.84130859375 0.688 0.84521484375 0.6916666666666667 0.84912109375 0.6933333333333334 0.85205078125 0.6933333333333334 0.86474609375 0.6873333333333334 0.865966796875 0.6853333333333333 0.86669921875 0.6773333333333333 0.864013671875 0.6726666666666666 0.858154296875 0.6706666666666666 0.85675048828125 0.6706666666666666 0.8525390625 0.6706666666666666 0.848388671875 0.6723333333333333 0.843994140625 0.6786666666666666 0.8408203125 0.6816666666666666
1 0.85302734375 0.6033333333333334 0.8544921875 0.607 0.85791015625 0.611 0.861328125 0.612 0.865234375 0.6106666666666667 0.874267578125 0.6036666666666667 0.877685546875 0.5996666666666667 0.8779296875 0.595 0.876708984375 0.5923333333333334 0.873046875 0.5893333333333334 0.865966796875 0.5873333333333334 0.864501953125 0.5873333333333334 0.861572265625 0.5883333333333334 0.859130859375 0.5916666666666667 0.858154296875 0.5956666666666667 0.85302734375 0.6033333333333334
1 0.78515625 0.5616666666666666 0.78466796875 0.5646666666666667 0.78271484375 0.5683333333333334 0.78369140625 0.572 0.782958984375 0.5836666666666667 0.785400390625 0.5893333333333334 0.79345703125 0.5923333333333334 0.798583984375 0.5916666666666667 0.81005859375 0.5846666666666667 0.822021484375 0.579 0.8251953125 0.5756666666666667 0.826904296875 0.567 0.826416015625 0.5643333333333334 0.822509765625 0.5593333333333333 0.818115234375 0.5566666666666666 0.806640625 0.559 0.802734375 0.556 0.794921875 0.554 0.794677734375 0.5536666666666666 0.792236328125 0.5546666666666666 0.790771484375 0.557 0.78759765625 0.5576666666666666 0.78515625 0.5616666666666666
1 0.790771484375 0.3243333333333333 0.792724609375 0.325 0.803466796875 0.32466666666666666 0.807861328125 0.3233333333333333 0.8095703125 0.322 0.809814453125 0.31733333333333336 0.808837890625 0.315 0.806640625 0.31366666666666665 0.8053115234375 0.31366666666666665 0.794677734375 0.31366666666666665 0.78955078125 0.318 0.789306640625 0.32233333333333336 0.790771484375 0.3243333333333333
1 0.829833984375 0.2643333333333333 0.83447265625 0.264 0.838134765625 0.267 0.839599609375 0.2713333333333333 0.842041015625 0.272 0.857177734375 0.26866666666666666 0.861083984375 0.26966666666666667 0.86572265625 0.2693333333333333 0.867919921875 0.2673333333333333 0.867919921875 0.26366666666666666 0.865478515625 0.25966666666666666 0.861083984375 0.258 0.853759765625 0.25133333333333335 0.841552734375 0.253 0.83740234375 0.25066666666666665 0.831787109375 0.24966666666666668 0.829833984375 0.24766666666666667 0.826416015625 0.24666666666666667 0.825927734375 0.24666666666666667 0.824462890625 0.248 0.82275390625 0.2633333333333333 0.82568359375 0.26766666666666666 0.829833984375 0.2643333333333333
1 0.79541015625 0.2753333333333333 0.801513671875 0.278 0.810302734375 0.2783333333333333 0.818115234375 0.277 0.8203125 0.275 0.820556640625 0.271 0.81982421875 0.2673333333333333 0.818359375 0.26466666666666666 0.81396484375 0.261 0.812662841796875 0.261 0.79541015625 0.26366666666666666 0.793212890625 0.26566666666666666 0.79345703125 0.2713333333333333 0.79541015625 0.2753333333333333
1 0.836181640625 0.19666666666666666 0.837158203125 0.20033333333333334 0.84228515625 0.20033333333333334 0.849609375 0.196 0.853271484375 0.195 0.854248046875 0.19333333333333333 0.854248046875 0.18933333333333333 0.85595703125 0.187 0.857177734375 0.186 0.86279296875 0.18533333333333332 0.865966796875 0.18166666666666667 0.864990234375 0.17966666666666667 0.861328125 0.177 0.860107421875 0.177 0.84912109375 0.18033333333333335 0.83984375 0.18533333333333332 0.839111328125 0.18933333333333333 0.836181640625 0.19666666666666666
1 0.790771484375 0.03233333333333333 0.794677734375 0.036333333333333336 0.799560546875 0.037 0.802490234375 0.03866666666666667 0.806640625 0.038 0.814208984375 0.034 0.816650390625 0.030333333333333334 0.82177734375 0.025333333333333333 0.81884765625 0.023333333333333334 0.80078125 0.023333333333333334 0.793701171875 0.02033333333333333 0.791015625 0.017333333333333333 0.7900390625 0.017333333333333333 0.789306640625 0.017666666666666667 0.789306640625 0.02266666666666667 0.789794921875 0.03 0.790771484375 0.03233333333333333
1 0.746337890625 0.029333333333333333 0.748046875 0.03333333333333333 0.750732421875 0.034333333333333334 0.755615234375 0.033666666666666664 0.760498046875 0.029 0.7607421875 0.021333333333333333 0.762451171875 0.017666666666666667 0.761962890625 0.013666666666666667 0.760498046875 0.013 0.759033203125 0.013 0.75390625 0.018333333333333333 0.749755859375 0.02033333333333333 0.746337890625 0.025 0.746337890625 0.029333333333333333
1 0.77490234375 0.359 0.782470703125 0.36666666666666664 0.78662109375 0.36833333333333335 0.792236328125 0.36733333333333335 0.795654296875 0.365 0.795166015625 0.359 0.7919921875 0.3526666666666667 0.7861328125 0.3476666666666667 0.78076171875 0.3413333333333333 0.7763671875 0.3396666666666667 0.7750244140625 0.3396666666666667 0.768310546875 0.3416666666666667 0.76806640625 0.3453333333333333 0.771240234375 0.35333333333333333 0.77490234375 0.359
1 0.726318359375 0.36533333333333334 0.728515625 0.36766666666666664 0.73193359375 0.36933333333333335 0.736328125 0.369 0.740234375 0.36666666666666664 0.745361328125 0.36533333333333334 0.746826171875 0.36133333333333334 0.745849609375 0.3576666666666667 0.7470703125 0.354 0.746826171875 0.34933333333333333 0.7451171875 0.347 0.73974609375 0.346 0.736328125 0.341 0.733154296875 0.3393333333333333 0.73193359375 0.3393333333333333 0.72900390625 0.342 0.728759765625 0.3536666666666667 0.726318359375 0.361 0.726318359375 0.36533333333333334
1 0.753662109375 0.34 0.763671875 0.34 0.767333984375 0.343 0.776611328125 0.3413333333333333 0.777099609375 0.33766666666666667 0.775146484375 0.33066666666666666 0.76416015625 0.32566666666666666 0.762939453125 0.32566666666666666 0.757568359375 0.3303333333333333 0.75 0.333 0.74853515625 0.33766666666666667 0.753662109375 0.34
1 0.736328125 0.33766666666666667 0.744140625 0.339 0.748046875 0.339 0.749755859375 0.33766666666666667 0.7509765625 0.33366666666666667 0.7470703125 0.3303333333333333 0.74658203125 0.32566666666666666 0.744384765625 0.3243333333333333 0.73828125 0.3233333333333333 0.736083984375 0.3233333333333333 0.731689453125 0.326 0.731689453125 0.33 0.73388671875 0.3323333333333333 0.736328125 0.33766666666666667
1 0.73583984375 0.307 0.740234375 0.309 0.7490234375 0.30633333333333335 0.752685546875 0.30266666666666664 0.754150390625 0.2986666666666667 0.751708984375 0.29533333333333334 0.75146484375 0.29533333333333334 0.744873046875 0.29633333333333334 0.736328125 0.301 0.7353515625 0.30266666666666664 0.73583984375 0.307
1 0.733154296875 0.25166666666666665 0.7333984375 0.25566666666666665 0.737060546875 0.25966666666666666 0.73828125 0.26366666666666666 0.737548828125 0.2673333333333333 0.740234375 0.2683333333333333 0.743896484375 0.26566666666666666 0.751708984375 0.2633333333333333 0.75537109375 0.26466666666666666 0.759765625 0.26366666666666666 0.761474609375 0.25566666666666665 0.760498046875 0.25366666666666665 0.7568359375 0.252 0.75537109375 0.24966666666666668 0.755126953125 0.24733333333333332 0.756591796875 0.244 0.752197265625 0.24166666666666667 0.75146484375 0.24166666666666667 0.744140625 0.24533333333333332 0.736083984375 0.24766666666666667 0.734130859375 0.24933333333333332 0.733154296875 0.25166666666666665
1 0.72509765625 0.197 0.7275390625 0.201 0.73583984375 0.204 0.745361328125 0.20266666666666666 0.748046875 0.201 0.748046875 0.197 0.74560546875 0.191 0.73193359375 0.18733333333333332 0.72705078125 0.185 0.7257080078125 0.185 0.7236328125 0.18533333333333332 0.72314453125 0.18966666666666668 0.725830078125 0.193 0.72509765625 0.197
1 0.876127197265625 0.16804366666666665 0.862084716796875 0.15609866666666666 0.856386474609375 0.153043 0.843361572265625 0.15748766666666666 0.878569580078125 0.192489 0.89098388671875 0.18221066666666666 0.876127197265625 0.16804366666666665
1 0.96465576171875 0.41337599999999997 0.958855712890625 0.40568200000000004 0.9489853515625 0.41059833333333334 0.94979931640625 0.4205986666666667 0.96262060546875 0.41670966666666664 0.96465576171875 0.41337599999999997
1 0.7734375 0.451 0.77099609375 0.455 0.771728515625 0.46266666666666667 0.767578125 0.4683333333333333 0.765625 0.4696666666666667 0.76318359375 0.47433333333333333 0.763671875 0.4776666666666667 0.765869140625 0.4826666666666667 0.771728515625 0.48533333333333334 0.782958984375 0.47733333333333333 0.787353515625 0.47933333333333333 0.791015625 0.483 0.794921875 0.4836666666666667 0.79638671875 0.48233333333333334 0.798828125 0.479 0.79931640625 0.47433333333333333 0.79638671875 0.4713333333333333 0.79345703125 0.465 0.793212890625 0.4603333333333333 0.795654296875 0.4543333333333333 0.794921875 0.451 0.79150390625 0.4483333333333333 0.789794921875 0.4483333333333333 0.783203125 0.4513333333333333 0.777099609375 0.44966666666666666 0.775146484375 0.44966666666666666 0.7734375 0.451
1 0.821490234375 0.603602 0.818916748046875 0.5989916666666666 0.80830126953125 0.598333 0.806049560546875 0.6042606666666667 0.817791015625 0.6062366666666666 0.821490234375 0.603602
1 0.8129658203125 0.8618533333333334 0.805888671875 0.8499983333333333 0.796720947265625 0.8420946666666667 0.787874755859375 0.8464856666666666 0.787552978515625 0.8530716666666667 0.800902587890625 0.8677809999999999 0.8129658203125 0.8618533333333334
1 0.938260009765625 0.8420946666666667 0.93649072265625 0.8475833333333334 0.924588623046875 0.8537303333333333 0.927001220703125 0.862073 0.93713427734375 0.8579016666666667 0.951448974609375 0.8631706666666668 0.958364990234375 0.8521936666666667 0.963029541015625 0.8480223333333333 0.959330078125 0.8416556666666667 0.9480712890625 0.8418753333333334 0.9384208984375 0.83002 0.93166552734375 0.8359476666666666 0.938260009765625 0.8420946666666667
1 0.91992431640625 0.8992023333333333 0.915260009765625 0.893055 0.910595458984375 0.8941526666666667 0.91075634765625 0.9007390000000001 0.92040673828125 0.9060079999999999 0.91992431640625 0.8992023333333333
1 0.807175537109375 0.8987630000000001 0.78369287109375 0.9147896666666667 0.789322265625 0.923571 0.81795166015625 0.9077643333333334 0.807175537109375 0.8987630000000001
1 0.776052978515625 0.9480496666666667 0.78071728515625 0.9513426666666666 0.7794306640625 0.9561726666666667 0.78554248046875 0.9603436666666666 0.7895634765625 0.9436586666666668 0.795031982421875 0.940146 0.79953564453125 0.9436586666666668 0.800822265625 0.938829 0.79519287109375 0.930706 0.79792724609375 0.9223633333333334 0.791654296875 0.9214853333333334 0.7895634765625 0.9293886666666668 0.779752197265625 0.9254370000000001 0.778947998046875 0.927852 0.77862646484375 0.9390483333333334 0.776052978515625 0.9480496666666667
1 0.906655029296875 0.600208 0.906655029296875 0.5964756666666666 0.9044033203125 0.5914263333333334 0.899578125 0.5912066666666667 0.899899658203125 0.5975733333333333 0.90359912109375 0.6013056666666666 0.906655029296875 0.600208
1 0.808220947265625 0.379077 0.814976318359375 0.385224 0.817067138671875 0.38215066666666664 0.823178955078125 0.37556433333333333 0.821570556640625 0.3718323333333334 0.813689453125 0.3731493333333334 0.813528564453125 0.36788033333333336 0.80806005859375 0.370954 0.808220947265625 0.379077
1 0.880759765625 0.363252 0.870626953125 0.36171533333333333 0.868857666015625 0.3669843333333333 0.88204638671875 0.370936 0.8823681640625 0.36544733333333335 0.880759765625 0.363252
1 0.652608154296875 0.10452966666666666 0.64014306640625 0.14422666666666667 0.651080322265625 0.1475196666666667 0.6625 0.10690466666666666 0.652608154296875 0.10452966666666666
1 0.609422607421875 0.08429233333333333 0.6195556640625 0.047873 0.611674560546875 0.047189999999999996 0.602024169921875 0.07880366666666666 0.609422607421875 0.08429233333333333
1 0.6163388671875 0.09856233333333334 0.62405908203125 0.10097733333333334 0.624219970703125 0.104929 0.63161865234375 0.10449000000000001 0.62759765625 0.12578533333333333 0.632744384765625 0.12600466666666668 0.635961181640625 0.115467 0.64496826171875 0.11832100000000001 0.649150146484375 0.11107600000000001 0.624541748046875 0.06892433333333334 0.622611572265625 0.06650933333333334 0.612478759765625 0.07177833333333333 0.623898193359375 0.09000033333333332 0.6168212890625 0.09021966666666667 0.6163388671875 0.09856233333333334
1 0.613765380859375 0.160262 0.602024169921875 0.166409 0.60588427734375 0.17497133333333334 0.6163388671875 0.170361 0.613765380859375 0.160262
1 0.58980029296875 0.11152433333333332 0.5787021484375 0.10559666666666667 0.575163818359375 0.10518833333333333 0.56824755859375 0.11174366666666667 0.592373779296875 0.12952633333333333 0.597198974609375 0.122501 0.58980029296875 0.11152433333333332
1 0.718150634765625 0.19782133333333335 0.719196044921875 0.188856 0.71155615234375 0.192772 0.708660888671875 0.21318933333333331 0.71686376953125 0.21011566666666667 0.718150634765625 0.19782133333333335
1 0.7224931640625 0.33217966666666665 0.686947509765625 0.3482063333333333 0.68952099609375 0.3589636666666667 0.725549072265625 0.3433763333333333 0.7224931640625 0.33217966666666665
1 0.639821533203125 0.3720026666666667 0.6356396484375 0.381814 0.654297119140625 0.3982793333333333 0.65944384765625 0.38861966666666664 0.639821533203125 0.3720026666666667
1 0.63692626953125 0.344992 0.636604736328125 0.35481066666666666 0.661213134765625 0.35415199999999997 0.660248046875 0.34580933333333336 0.63692626953125 0.344992
1 0.65301025390625 0.311122 0.66266064453125 0.32166 0.6682900390625 0.3177083333333333 0.66700341796875 0.3120003333333333 0.667164306640625 0.305853 0.653171142578125 0.291144 0.64979345703125 0.2913636666666667 0.6457724609375 0.2970716666666667 0.634996337890625 0.30124266666666666 0.63210107421875 0.30739 0.65301025390625 0.311122
1 0.617786376953125 0.2173513333333333 0.622611572265625 0.21405833333333332 0.6211640625 0.20154466666666668 0.608135986328125 0.199349 0.6007373046875 0.20044700000000001 0.601380615234375 0.21691233333333332 0.617786376953125 0.2173513333333333
1 0.680835693359375 0.23932366666666666 0.6753671875 0.25051999999999996 0.700618896484375 0.28213366666666667 0.70673095703125 0.27181533333333335 0.680835693359375 0.23932366666666666
1 0.6163388671875 0.4569416666666667 0.612478759765625 0.468797 0.63001025390625 0.4705533333333334 0.65526220703125 0.4670406666666667 0.6613740234375 0.46023499999999995 0.66346484375 0.4475016666666667 0.655101318359375 0.447721 0.649471923828125 0.44420866666666664 0.62486328125 0.451673 0.6163388671875 0.4569416666666667
1 0.637408935546875 0.5524596666666667 0.63966064453125 0.5689253333333334 0.67022021484375 0.5539966666666667 0.666601318359375 0.543291 0.645933349609375 0.5531183333333334 0.639499755859375 0.5373113333333334 0.63644384765625 0.5392873333333333 0.637408935546875 0.5524596666666667
1 0.67295458984375 0.5632173333333333 0.66973779296875 0.5750723333333334 0.676010498046875 0.575731 0.68147900390625 0.5640953333333334 0.68903857421875 0.561461 0.691772705078125 0.5564113333333333 0.689360107421875 0.5526793333333333 0.67826220703125 0.5520206666666666 0.676492919921875 0.556192 0.66812939453125 0.5568506666666666 0.671667724609375 0.5612413333333333 0.67295458984375 0.5632173333333333
1 0.684052490234375 0.6207546666666667 0.694185302734375 0.6126316666666667 0.690164306640625 0.6042893333333333 0.67617138671875 0.5849696666666667 0.67070263671875 0.578603 0.6625 0.5840916666666667 0.674402099609375 0.598142 0.6742412109375 0.622072 0.684052490234375 0.6207546666666667
1 0.6962763671875 0.64205 0.718311279296875 0.6341466666666666 0.719115478515625 0.625804 0.71155615234375 0.618779 0.705765869140625 0.6099973333333333 0.7018251953125 0.6078533333333334 0.693220458984375 0.6233893333333334 0.6871083984375 0.6341466666666666 0.696597900390625 0.6356833333333333 0.6962763671875 0.64205
1 0.710108642578125 0.7195476666666667 0.717507080078125 0.7199866666666667 0.73053515625 0.6949593333333334 0.728605224609375 0.688373 0.724744873046875 0.683543 0.71959814453125 0.6896903333333333 0.700136474609375 0.723719 0.70753515625 0.724597 0.710108642578125 0.7195476666666667
1 0.7160595703125 0.7281096666666668 0.710751953125 0.7300856666666666 0.719437255859375 0.7581866666666667 0.72603173828125 0.7553326666666667 0.7160595703125 0.7281096666666668
1 0.7192763671875 0.9373946666666667 0.692898681640625 0.9305886666666667 0.68919921875 0.9398096666666667 0.691290283203125 0.9532013333333332 0.717185546875 0.9593486666666666 0.7192763671875 0.9373946666666667
1 0.68678662109375 0.9325646666666667 0.69161181640625 0.928613 0.694507080078125 0.903366 0.6875908203125 0.9040246666666667 0.6866259765625 0.9174163333333333 0.68099658203125 0.9193923333333334 0.67874462890625 0.9312473333333334 0.68678662109375 0.9325646666666667
1 0.688877685546875 0.8890956666666666 0.677618896484375 0.8912913333333332 0.678905517578125 0.8987556666666666 0.6903251953125 0.8965599999999999 0.688877685546875 0.8890956666666666
1 0.64448583984375 0.9332233333333334 0.64609423828125 0.9380533333333333 0.66330419921875 0.9378336666666668 0.668772705078125 0.9248806666666666 0.659765625 0.9182946666666667 0.64496826171875 0.9134646666666666 0.640625732421875 0.914782 0.642716552734375 0.9187336666666667 0.635156982421875 0.9207096666666666 0.636282958984375 0.9305886666666667 0.64448583984375 0.9332233333333334
1 0.625506591796875 0.962422 0.622933349609375 0.967691 0.63805224609375 0.9769116666666667 0.63966064453125 0.9696670000000001 0.625506591796875 0.962422
1 0.659283203125 0.9996666666666667 0.69466796875 0.9988656666666668 0.694989501953125 0.992938 0.690486083984375 0.992938 0.658318115234375 0.9966703333333333 0.659283203125 0.9996666666666667
1 0.649954345703125 0.8330859999999999 0.647541748046875 0.8405503333333333 0.668450927734375 0.8495513333333333 0.6698984375 0.8427456666666667 0.649954345703125 0.8330859999999999
1 0.63668505859375 0.7353313333333333 0.63403125 0.7441543333333334 0.656387939453125 0.7498623333333333 0.658318115234375 0.7410806666666667 0.63668505859375 0.7353313333333333
1 0.6034716796875 0.6126226666666666 0.601219970703125 0.6055973333333333 0.58899609375 0.6077929999999999 0.57693310546875 0.6328203333333333 0.586905029296875 0.6378696666666667 0.586905029296875 0.658726 0.5975205078125 0.6565306666666667 0.607814208984375 0.6536766666666667 0.62357666015625 0.6541156666666667 0.6195556640625 0.6343573333333333 0.627114990234375 0.6336986666666666 0.629045166015625 0.6268926666666667 0.634352783203125 0.6264536666666667 0.63161865234375 0.619209 0.637569580078125 0.6174526666666666 0.6361220703125 0.6077929999999999 0.625024169921875 0.611086 0.617464599609375 0.6027433333333333 0.611513671875 0.610647 0.6034716796875 0.6126226666666666
1 0.672471923828125 0.6433493333333333 0.671185302734375 0.6347873333333334 0.675206298828125 0.627323 0.669416015625 0.628201 0.66652099609375 0.6266643333333333 0.66346484375 0.6312746666666667 0.6581572265625 0.6325916666666667 0.660730712890625 0.6380803333333334 0.672471923828125 0.6433493333333333
1 0.60266748046875 0.5665103333333333 0.599289794921875 0.581 0.606527587890625 0.5796826666666667 0.622129150390625 0.5726573333333334 0.61714306640625 0.5680470000000001 0.614247802734375 0.567169 0.611352783203125 0.5579483333333334 0.607814208984375 0.567608 0.60266748046875 0.5665103333333333
1 0.538818359375 0.236 0.538818359375 0.24 0.540771484375 0.24833333333333332 0.54541015625 0.25 0.552490234375 0.25 0.560791015625 0.257 0.571044921875 0.25766666666666665 0.587646484375 0.264 0.59228515625 0.26366666666666666 0.594970703125 0.26033333333333336 0.59619140625 0.256 0.59619140625 0.24666666666666667 0.594970703125 0.24066666666666667 0.591796875 0.23433333333333334 0.583984375 0.22966666666666666 0.57177734375 0.22766666666666666 0.564453125 0.223 0.558837890625 0.222 0.5576171875 0.222 0.54296875 0.223 0.538330078125 0.22466666666666665 0.537109375 0.232 0.538818359375 0.236
1 0.504150390625 0.17766666666666667 0.5048828125 0.18933333333333333 0.510498046875 0.19266666666666668 0.513671875 0.198 0.525634765625 0.20366666666666666 0.529296875 0.20433333333333334 0.53271484375 0.20333333333333334 0.53662109375 0.19966666666666666 0.544921875 0.20233333333333334 0.548828125 0.202 0.550537109375 0.20066666666666666 0.55224609375 0.197 0.550537109375 0.19566666666666666 0.5478515625 0.18933333333333333 0.548583984375 0.18533333333333332 0.5439453125 0.17366666666666666 0.54345703125 0.169 0.541015625 0.16733333333333333 0.536865234375 0.16733333333333333 0.52880859375 0.16266666666666665 0.517578125 0.162 0.516357421875 0.162 0.509765625 0.16366666666666665 0.507080078125 0.166 0.505859375 0.17366666666666666 0.504150390625 0.17766666666666667
1 0.56787109375 0.13866666666666666 0.565185546875 0.14066666666666666 0.56396484375 0.14233333333333334 0.5634765625 0.14533333333333334 0.564208984375 0.15533333333333332 0.56884765625 0.158 0.574462890625 0.15766666666666668 0.575927734375 0.157 0.578857421875 0.15233333333333332 0.586181640625 0.14633333333333334 0.586669921875 0.13866666666666666 0.5849609375 0.13466666666666666 0.583740234375 0.13366666666666666 0.58349609375 0.13366666666666666 0.58056640625 0.13466666666666666 0.575927734375 0.13433333333333333 0.57275390625 0.13766666666666666 0.56787109375 0.13866666666666666
1 0.521484375 0.13266666666666665 0.5234375 0.13766666666666666 0.522705078125 0.14233333333333334 0.525390625 0.14466666666666667 0.530517578125 0.14466666666666667 0.537353515625 0.14266666666666666 0.5390625 0.139 0.538818359375 0.134 0.541259765625 0.13066666666666665 0.537841796875 0.12433333333333334 0.536376953125 0.119 0.533203125 0.117 0.529541015625 0.11633333333333333 0.52880859375 0.11633333333333333 0.52099609375 0.119 0.518798828125 0.12266666666666666 0.5205078125 0.12566666666666668 0.521484375 0.13266666666666665
1 0.467041015625 0.23333333333333334 0.46826171875 0.238 0.46826171875 0.24033333333333334 0.46630859375 0.24433333333333335 0.4697265625 0.25166666666666665 0.46826171875 0.259 0.468505859375 0.2613333333333333 0.473388671875 0.2733333333333333 0.475830078125 0.276 0.48095703125 0.2776666666666667 0.49072265625 0.2776666666666667 0.496337890625 0.2753333333333333 0.498046875 0.2713333333333333 0.499267578125 0.26166666666666666 0.501220703125 0.25633333333333336 0.501220703125 0.25 0.5 0.24566666666666667 0.495849609375 0.24 0.491455078125 0.23633333333333334 0.486572265625 0.234 0.481201171875 0.234 0.479248046875 0.23266666666666666 0.47509765625 0.22633333333333333 0.472412109375 0.22533333333333333 0.4708251953125 0.22533333333333333 0.467041015625 0.22633333333333333 0.4658203125 0.229 0.4658203125 0.23233333333333334 0.467041015625 0.23333333333333334
1 0.51318359375 0.2813333333333333 0.515380859375 0.2853333333333333 0.517578125 0.287 0.521240234375 0.28633333333333333 0.52880859375 0.288 0.532958984375 0.28733333333333333 0.54052734375 0.2896666666666667 0.5498046875 0.28933333333333333 0.55224609375 0.28833333333333333 0.554443359375 0.2796666666666667 0.552490234375 0.27666666666666667 0.522216796875 0.272 0.52001953125 0.272 0.513427734375 0.2733333333333333 0.510498046875 0.275 0.509765625 0.2793333333333333 0.51318359375 0.2813333333333333
1 0.493408203125 0.21266666666666667 0.4931640625 0.21666666666666667 0.49658203125 0.21766666666666667 0.499755859375 0.22066666666666668 0.50048828125 0.22933333333333333 0.49658203125 0.236 0.50048828125 0.24 0.5009765625 0.24866666666666667 0.501953125 0.25133333333333335 0.504150390625 0.25266666666666665 0.513916015625 0.25333333333333335 0.51513671875 0.252 0.51513671875 0.244 0.51708984375 0.24233333333333335 0.529052734375 0.247 0.532958984375 0.24666666666666667 0.534423828125 0.24466666666666667 0.53564453125 0.24033333333333334 0.53515625 0.235 0.531005859375 0.231 0.5244140625 0.22766666666666666 0.522216796875 0.22533333333333333 0.521240234375 0.22066666666666668 0.5185546875 0.21933333333333332 0.51416015625 0.21233333333333335 0.513427734375 0.21 0.514404296875 0.20566666666666666 0.51416015625 0.20333333333333334 0.513427734375 0.202 0.510986328125 0.201 0.50927734375 0.201 0.506103515625 0.20266666666666666 0.501953125 0.20166666666666666 0.496337890625 0.21 0.493408203125 0.21266666666666667
1 0.532470703125 0.3393333333333333 0.533447265625 0.3426666666666667 0.536865234375 0.3453333333333333 0.53955078125 0.3456666666666667 0.541015625 0.3473333333333333 0.542236328125 0.35 0.543212890625 0.357 0.544677734375 0.359 0.544921875 0.361 0.548828125 0.36433333333333334 0.553955078125 0.36233333333333334 0.5576171875 0.3586666666666667 0.559814453125 0.35333333333333333 0.5595703125 0.349 0.557373046875 0.3416666666666667 0.5576171875 0.3393333333333333 0.55859375 0.3373333333333333 0.560546875 0.336 0.564208984375 0.337 0.565185546875 0.33366666666666667 0.564208984375 0.3273333333333333 0.55615234375 0.32866666666666666 0.553955078125 0.326 0.552978515625 0.32 0.552001953125 0.31833333333333336 0.545654296875 0.31566666666666665 0.54443359375 0.31566666666666665 0.54052734375 0.31833333333333336 0.539306640625 0.3263333333333333 0.53271484375 0.337 0.532470703125 0.3393333333333333
1 0.559814453125 0.38233333333333336 0.564453125 0.38666666666666666 0.568603515625 0.39366666666666666 0.581298828125 0.396 0.58447265625 0.39566666666666667 0.586669921875 0.3923333333333333 0.587890625 0.38866666666666666 0.587890625 0.38433333333333336 0.589599609375 0.38066666666666665 0.5888671875 0.37333333333333335 0.583984375 0.37266666666666665 0.581298828125 0.37366666666666665 0.575439453125 0.37366666666666665 0.5732421875 0.37266666666666665 0.571923828125 0.37266666666666665 0.560546875 0.374 0.5576171875 0.377 0.556396484375 0.38066666666666665 0.559814453125 0.38233333333333336
1 0.581298828125 0.316 0.587646484375 0.318 0.59228515625 0.31666666666666665 0.595703125 0.32066666666666666 0.596923828125 0.31633333333333336 0.598388671875 0.31433333333333335 0.603271484375 0.313 0.6044921875 0.311 0.60302734375 0.30466666666666664 0.59716796875 0.30266666666666664 0.595703125 0.30266666666666664 0.588134765625 0.30433333333333334 0.579345703125 0.31 0.579345703125 0.314 0.581298828125 0.316
1 0.585055419921875 0.45219566666666666 0.585859619140625 0.44517033333333333 0.58521630859375 0.442975 0.564146240234375 0.44890266666666667 0.563663818359375 0.45592800000000006 0.58730712890625 0.4594406666666666 0.585055419921875 0.45219566666666666
1 0.506726318359375 0.44648766666666667 0.501901123046875 0.4800773333333333 0.51010400390625 0.48095533333333335 0.51541162109375 0.448683 0.506726318359375 0.44648766666666667
1 0.508334716796875 0.508398 0.51332080078125 0.496982 0.509460693359375 0.4910543333333333 0.5039921875 0.48893966666666666 0.492572509765625 0.49171299999999996 0.48758642578125 0.495006 0.492572509765625 0.5037876666666666 0.508334716796875 0.508398
1 0.549188232421875 0.6274246666666666 0.54227197265625 0.6346696666666667 0.563824462890625 0.6605753333333334 0.570258056640625 0.6535500000000001 0.549188232421875 0.6274246666666666
1 0.555943359375 0.7069163333333333 0.5635029296875 0.7064773333333333 0.562216064453125 0.7178933333333333 0.570258056640625 0.718552 0.579747802734375 0.7150393333333334 0.585055419921875 0.701867 0.585537841796875 0.6955003333333334 0.581677734375 0.6915483333333333 0.569293212890625 0.6944023333333333 0.565272216796875 0.700769 0.556104248046875 0.700769 0.555943359375 0.7069163333333333
1 0.588272216796875 0.7602643333333333 0.598726806640625 0.7435793333333333 0.599852783203125 0.7503850000000001 0.610789794921875 0.7479703333333334 0.60499951171875 0.7337 0.613524169921875 0.7279920000000001 0.6214052734375 0.721845 0.615936767578125 0.7174543333333333 0.606447265625 0.7236013333333333 0.602265380859375 0.7225036666666667 0.60290869140625 0.7156980000000001 0.592614990234375 0.718552 0.59486669921875 0.7255773333333333 0.5768525390625 0.7536783333333333 0.588272216796875 0.7602643333333333
1 0.52088037109375 0.716576 0.52088037109375 0.7233816666666667 0.510747314453125 0.7159173333333333 0.507048095703125 0.7229426666666666 0.51702001953125 0.7312853333333335 0.509460693359375 0.7330416666666667 0.5065654296875 0.7374323333333334 0.51283837890625 0.7420426666666667 0.5290830078125 0.7429206666666667 0.540020263671875 0.7497266666666667 0.542432861328125 0.7451163333333334 0.541146240234375 0.7416036666666667 0.549509765625 0.741823 0.553691650390625 0.7334806666666667 0.550153076171875 0.727553 0.530852294921875 0.7260163333333334 0.5281181640625 0.7249186666666666 0.5249013671875 0.716137 0.52088037109375 0.716576
1 0.563663818359375 0.8533946666666667 0.555943359375 0.8505406666666666 0.54709716796875 0.8843496666666667 0.55787353515625 0.8854473333333334 0.56109033203125 0.8696406666666667 0.563663818359375 0.8533946666666667
1 0.55626513671875 0.8949056666666667 0.54178955078125 0.9289343333333333 0.549509765625 0.932008 0.563663818359375 0.8979793333333334 0.55626513671875 0.8949056666666667
1 0.527635498046875 0.9741596666666666 0.534873291015625 0.9693296666666666 0.55304833984375 0.9669146666666667 0.55787353515625 0.957255 0.549348876953125 0.9471563333333334 0.54870556640625 0.9368380000000001 0.54066357421875 0.9392526666666666 0.532300048828125 0.9355206666666667 0.5258662109375 0.9333253333333333 0.508173828125 0.9471563333333334 0.52667041015625 0.960548 0.5189501953125 0.9691103333333334 0.527635498046875 0.9741596666666666
1 0.40973974609375 0.012268333333333332 0.39912451171875 0.039710666666666665 0.452040771484375 0.069129 0.462012939453125 0.03949133333333334 0.40973974609375 0.012268333333333332
1 0.504313720703125 0.06320166666666667 0.504635498046875 0.057274 0.490159912109375 0.065397 0.496271728515625 0.07242233333333334 0.50157958984375 0.06890966666666667 0.504313720703125 0.06320166666666667
1 0.475040771484375 0.189894 0.440781982421875 0.19977333333333336 0.448823974609375 0.22062966666666667 0.48597802734375 0.21118933333333334 0.475040771484375 0.189894
1 0.430005615234375 0.24590399999999998 0.4353134765625 0.252051 0.448502197265625 0.2287796666666667 0.442872802734375 0.22416933333333336 0.4390126953125 0.22899933333333336 0.4132783203125 0.23163366666666665 0.41520849609375 0.24656266666666665 0.43290087890625 0.24370866666666666 0.430005615234375 0.24590399999999998
1 0.476970947265625 0.3300056666666667 0.48597802734375 0.333299 0.498684326171875 0.345154 0.498041015625 0.33461599999999997 0.4872646484375 0.3190286666666667 0.49611083984375 0.31683333333333336 0.49514599609375 0.3095886666666667 0.5033486328125 0.3159553333333333 0.507530517578125 0.316614 0.5092998046875 0.3073933333333333 0.5162158203125 0.301246 0.522649658203125 0.30014833333333335 0.52023681640625 0.2924643333333333 0.505439697265625 0.2880736666666667 0.49080322265625 0.2854393333333333 0.48388720703125 0.2871956666666667 0.4904814453125 0.29773333333333335 0.49208984375 0.298392 0.452362548828125 0.309808 0.458956787109375 0.33768966666666667 0.4674814453125 0.32912766666666665 0.476970947265625 0.3300056666666667
1 0.4470546875 0.34954466666666667 0.441264404296875 0.34427599999999997 0.436278564453125 0.349984 0.442712158203125 0.363376 0.44946728515625 0.3607413333333333 0.4470546875 0.34954466666666667
1 0.441586181640625 0.3614 0.431935791015625 0.3554723333333333 0.42646728515625 0.35657 0.425180419921875 0.3607413333333333 0.447537353515625 0.3805 0.44576806640625 0.367547 0.441586181640625 0.3614
1 0.440299560546875 0.336592 0.436278564453125 0.33066433333333334 0.430970703125 0.32803 0.427110595703125 0.33373800000000003 0.429844970703125 0.339007 0.43660009765625 0.34120233333333333 0.440299560546875 0.336592
1 0.419068603515625 0.4189376666666667 0.4095791015625 0.4143273333333333 0.414243408203125 0.40664333333333336 0.41038330078125 0.40269166666666667 0.401376220703125 0.41674200000000006 0.407488037109375 0.4228893333333333 0.405879638671875 0.437818 0.4169775390625 0.4347443333333333 0.4224462890625 0.432988 0.42968408203125 0.443526 0.431453369140625 0.43935466666666667 0.428397216796875 0.43079266666666666 0.442872802734375 0.42728 0.44062109375 0.4136686666666667 0.43660009765625 0.413449 0.424697998046875 0.4180593333333334 0.427432373046875 0.4103753333333333 0.424215576171875 0.40774099999999996 0.419068603515625 0.4189376666666667
1 0.4213203125 0.499289 0.425823974609375 0.5028016666666667 0.4240546875 0.49248333333333333 0.423411376953125 0.48611666666666664 0.4224462890625 0.48136366666666663 0.413117431640625 0.4815063333333333 0.405236328125 0.492703 0.415851806640625 0.49775233333333335 0.4213203125 0.499289
1 0.440299560546875 0.596983 0.419872802734375 0.6347903333333333 0.43129248046875 0.6420353333333333 0.4497890625 0.6060306666666667 0.440299560546875 0.596983
1 0.4454462890625 0.626448 0.458796142578125 0.6376443333333334 0.469411376953125 0.637864 0.488229736328125 0.627326 0.482600341796875 0.615032 0.489838134765625 0.6075676666666666 0.48806884765625 0.602518 0.48067041015625 0.6003226666666667 0.4739150390625 0.602518 0.462495361328125 0.5985663333333333 0.454453369140625 0.6049329999999999 0.4454462890625 0.615032 0.4454462890625 0.626448
1 0.487425537109375 0.7784146666666667 0.4862998046875 0.8071746666666666 0.494663330078125 0.8076136666666667 0.4969150390625 0.7784146666666667 0.487425537109375 0.7784146666666667
1 0.460886962890625 0.7957583333333333 0.45750927734375 0.80937 0.48067041015625 0.8205663333333334 0.483404541015625 0.8087113333333333 0.460886962890625 0.7957583333333333
1 0.49884521484375 0.9532136666666667 0.469572265625 0.9538723333333334 0.471341552734375 0.9644103333333334 0.501901123046875 0.963093 0.49884521484375 0.9532136666666667
1 0.4872646484375 0.9720943333333333 0.4743974609375 0.9852666666666667 0.48002685546875 0.9925113333333334 0.494341796875 0.976924 0.4872646484375 0.9720943333333333
1 0.448019775390625 0.962215 0.439656005859375 0.9685816666666667 0.443837890625 0.9745090000000001 0.4546142578125 0.968362 0.459760986328125 0.9799976666666667 0.459600341796875 0.9758263333333332 0.460565185546875 0.966386 0.469733154296875 0.9600193333333333 0.465149169921875 0.954053 0.456061767578125 0.9571653333333333 0.452362548828125 0.9422366666666667 0.443677001953125 0.943993 0.448019775390625 0.962215
1 0.448823974609375 0.906214 0.458152587890625 0.9070923333333334 0.462012939453125 0.9218013333333334 0.47037646484375 0.9200450000000001 0.4674814453125 0.9007256666666668 0.476005859375 0.9055553333333334 0.4776142578125 0.8980910000000001 0.4706982421875 0.8950176666666666 0.46394287109375 0.891505 0.462173583984375 0.8873336666666667 0.457348388671875 0.8873336666666667 0.458474365234375 0.9018233333333333 0.450110595703125 0.9000670000000001 0.448823974609375 0.906214
1 0.44062109375 0.9332176666666666 0.453649169921875 0.9294853333333334 0.452844970703125 0.9481463333333333 0.460886962890625 0.9503416666666668 0.466998779296875 0.9384863333333333 0.4808310546875 0.92729 0.471019775390625 0.9213623333333333 0.45911767578125 0.922021 0.454775146484375 0.9092546666666667 0.448341552734375 0.9103853333333333 0.45381005859375 0.921582 0.438047607421875 0.9235576666666666 0.44062109375 0.9332176666666666
1 0.41617333984375 0.9147763333333334 0.408935546875 0.9112310000000001 0.401858642578125 0.9277289999999999 0.400572021484375 0.9387059999999999 0.408453125 0.9430966666666667 0.41617333984375 0.9147763333333334
1 0.419872802734375 0.9896393333333334 0.425823974609375 0.993591 0.429040771484375 0.9918346666666666 0.427593017578125 0.9870046666666668 0.42461767578125 0.9846873333333332 0.41842529296875 0.9843703333333333 0.409900634765625 0.9881026666666667 0.412635009765625 0.9920543333333334 0.419872802734375 0.9896393333333334
1 0.46394287109375 0.8497653333333333 0.4642646484375 0.854595 0.475040771484375 0.8499846666666667 0.4766494140625 0.8572296666666667 0.48469140625 0.8587663333333333 0.485334716796875 0.848448 0.49289404296875 0.8499846666666667 0.490159912109375 0.8124433333333333 0.48324365234375 0.8148583333333332 0.484530517578125 0.8291283333333334 0.476166748046875 0.8302263333333334 0.4771318359375 0.838349 0.46667724609375 0.8418616666666667 0.455257568359375 0.8475696666666667 0.457670166015625 0.853278 0.46394287109375 0.8497653333333333
1 0.458152587890625 0.2981453333333333 0.4583134765625 0.28892466666666666 0.4518798828125 0.285412 0.434670166015625 0.2880466666666667 0.435956787109375 0.29770633333333335 0.458152587890625 0.2981453333333333
1 0.41215234375 0.28431433333333334 0.419872802734375 0.284973 0.41681689453125 0.28848566666666664 0.419390380859375 0.293096 0.423089599609375 0.28848566666666664 0.42968408203125 0.29221766666666665 0.431935791015625 0.2893636666666667 0.429201416015625 0.2862903333333333 0.432418212890625 0.28080166666666667 0.4320966796875 0.277465 0.42694970703125 0.2775086666666666 0.422607177734375 0.28036266666666665 0.4137607421875 0.277728 0.41215234375 0.28431433333333334
1 0.442390380859375 0.375679 0.426306396484375 0.382924 0.428397216796875 0.3892906666666667 0.444320556640625 0.3802893333333333 0.442390380859375 0.375679
1 0.457348388671875 0.3945596666666667 0.45348828125 0.390608 0.44946728515625 0.38797333333333334 0.444802978515625 0.385778 0.4422294921875 0.38583766666666663 0.4417470703125 0.3993893333333333 0.441264404296875 0.40334099999999995 0.450432373046875 0.4011456666666666 0.457348388671875 0.3945596666666667
1 0.591810791015625 0.22698733333333332 0.587146484375 0.21666899999999997 0.58039111328125 0.21820566666666666 0.586181396484375 0.23730566666666666 0.5929365234375 0.2353296666666667 0.591810791015625 0.22698733333333332
1 0.559642822265625 0.611062 0.5538525390625 0.607769 0.54902734375 0.6117206666666667 0.55465673828125 0.618746 0.56269873046875 0.619185 0.565432861328125 0.6235756666666668 0.570258056640625 0.6215999999999999 0.573796630859375 0.6150136666666667 0.580712646484375 0.6119403333333333 0.5736357421875 0.5891080000000001 0.571544921875 0.5836196666666666 0.564146240234375 0.5820826666666666 0.568167236328125 0.6057929999999999 0.56639794921875 0.6099643333333333 0.559642822265625 0.611062
1 0.497397705078125 0.7188923333333334 0.5028662109375 0.7184533333333334 0.5060830078125 0.6997923333333333 0.50415283203125 0.695182 0.497397705078125 0.700012 0.4969150390625 0.700012 0.48002685546875 0.7210876666666667 0.48597802734375 0.7259176666666667 0.49353759765625 0.7206486666666666 0.497397705078125 0.7188923333333334
1 0.5125166015625 0.6817989999999999 0.517985107421875 0.6741153333333333 0.517341796875 0.6653336666666667 0.5162158203125 0.6550153333333334 0.51122998046875 0.658528 0.509460693359375 0.665114 0.5039921875 0.6712613333333334 0.504313720703125 0.6807013333333334 0.5125166015625 0.6817989999999999
1 0.43129248046875 0.6875163333333333 0.452523193359375 0.6866380000000001 0.447215576171875 0.6743436666666667 0.447537353515625 0.661391 0.44062109375 0.6539266666666667 0.433061767578125 0.6510726666666667 0.427432373046875 0.651292 0.425984619140625 0.661391 0.427593017578125 0.6712703333333333 0.42485888671875 0.6829059999999999 0.43129248046875 0.6875163333333333
1 0.43981689453125 0.7327413333333334 0.435956787109375 0.7358150000000001 0.444320556640625 0.7511826666666666 0.450271484375 0.7472310000000001 0.43981689453125 0.7327413333333334
1 0.4229287109375 0.8302353333333333 0.425019775390625 0.8491156666666667 0.432418212890625 0.8491156666666667 0.43290087890625 0.8409926666666667 0.43177490234375 0.8322109999999999 0.448019775390625 0.8258443333333333 0.445285400390625 0.8203560000000001 0.443998779296875 0.8087203333333334 0.4320966796875 0.8005973333333333 0.4261455078125 0.7977433333333334 0.4226875 0.7972583333333334 0.409096435546875 0.801256 0.41247412109375 0.8144283333333333 0.414243408203125 0.8267226666666667 0.4229287109375 0.8302353333333333
1 0.4270302734375 0.10282666666666668 0.423330810546875 0.09580133333333334 0.419470703125 0.094484 0.41593212890625 0.09624033333333333 0.418505615234375 0.10326566666666667 0.425904296875 0.10897366666666666 0.4270302734375 0.10282666666666668
1 0.370736083984375 0.16759066666666667 0.382316650390625 0.16517600000000002 0.380386474609375 0.15397933333333333 0.364302490234375 0.14475866666666667 0.35593896484375 0.137953 0.347414306640625 0.137953 0.349666015625 0.14805166666666666 0.361889892578125 0.15946766666666667 0.370736083984375 0.16759066666666667
1 0.392449462890625 0.24775 0.399204833984375 0.240066 0.403869140625 0.23348000000000002 0.405316650390625 0.211526 0.393897216796875 0.212843 0.393575439453125 0.224918 0.391162841796875 0.23062600000000003 0.38537255859375 0.24182233333333333 0.392449462890625 0.24775
1 0.396470458984375 0.256312 0.382799072265625 0.256751 0.383442626953125 0.26136133333333333 0.399526611328125 0.2618006666666667 0.396470458984375 0.256312
1 0.354652099609375 0.24423733333333333 0.35433056640625 0.24072466666666667 0.350631103515625 0.23765133333333333 0.343232421875 0.24050533333333332 0.340980712890625 0.24862800000000002 0.34950537109375 0.2536776666666667 0.354652099609375 0.24423733333333333
1 0.318359375 0.19233333333333333 0.313720703125 0.19333333333333333 0.31396484375 0.19766666666666666 0.320068359375 0.2 0.323486328125 0.20466666666666666 0.324951171875 0.20866666666666667 0.323486328125 0.21166666666666667 0.3232421875 0.21666666666666667 0.325927734375 0.21966666666666668 0.330078125 0.211 0.3330078125 0.214 0.33740234375 0.21266666666666667 0.337646484375 0.209 0.3359375 0.206 0.3349609375 0.19333333333333333 0.3369140625 0.19033333333333333 0.3447265625 0.18533333333333332 0.343017578125 0.181 0.33837890625 0.17833333333333334 0.337646484375 0.17833333333333334 0.33349609375 0.181 0.325927734375 0.18133333333333335 0.320068359375 0.191 0.318359375 0.19233333333333333
1 0.361572265625 0.943 0.362548828125 0.9473333333333334 0.364501953125 0.9493333333333334 0.3701171875 0.9493333333333334 0.37890625 0.947 0.3857421875 0.9436666666666667 0.3876953125 0.9393333333333334 0.387451171875 0.9353333333333333 0.385009765625 0.933 0.3818359375 0.9326666666666666 0.380615234375 0.9326666666666666 0.377197265625 0.934 0.372802734375 0.9333333333333333 0.36474609375 0.938 0.361572265625 0.943
1 0.334228515625 0.966 0.34521484375 0.9793333333333333 0.352783203125 0.9783333333333334 0.360107421875 0.9796666666666667 0.365234375 0.9793333333333333 0.369873046875 0.975 0.372802734375 0.9706666666666667 0.371337890625 0.9616666666666667 0.36962890625 0.9586666666666667 0.354248046875 0.9576666666666667 0.349609375 0.9536666666666667 0.346435546875 0.9533333333333334 0.345703125 0.9533333333333334 0.341796875 0.9583333333333334 0.333984375 0.9606666666666667 0.333251953125 0.9623333333333334 0.334228515625 0.966
1 0.31875048828125 0.806065 0.32534228515625 0.8203983333333333 0.33095751953125 0.8410650000000001 0.33486376953125 0.8430650000000001 0.34169970703125 0.8413983333333334 0.34267626953125 0.8370650000000001 0.33535205078125 0.8103983333333334 0.33510791015625 0.8057316666666667 0.33730517578125 0.8017316666666667 0.33632861328125 0.7983983333333334 0.33657275390625 0.7943983333333334 0.33413134765625 0.7923983333333334 0.33364306640625 0.7923983333333334 0.33022509765625 0.7933983333333334 0.32583056640625 0.7963983333333334 0.32216845703125 0.8003983333333334 0.31875048828125 0.806065
1 0.344278076171875 0.4283303333333333 0.317498046875 0.4460306666666667 0.320232421875 0.458325 0.347414306640625 0.4414203333333333 0.344278076171875 0.4283303333333333
1 0.36237255859375 0.48202233333333333 0.341784912109375 0.5007233333333334 0.349344482421875 0.5068703333333334 0.368484375 0.488868 0.36237255859375 0.48202233333333333
1 0.382638427734375 0.5930303333333333 0.373952880859375 0.6096423333333333 0.379582275390625 0.6140329999999999 0.388267822265625 0.5980066666666667 0.382638427734375 0.5930303333333333
1 0.30977783203125 0.6893713333333333 0.28565185546875 0.7023243333333333 0.289029541015625 0.7108863333333334 0.294658935546875 0.7084713333333335 0.29739306640625 0.7128619999999999 0.305595947265625 0.7119840000000001 0.31331640625 0.7161553333333333 0.3191064453125 0.7122033333333334 0.3250576171875 0.7091299999999999 0.33116943359375 0.7093493333333333 0.328917724609375 0.7003483333333334 0.335673095703125 0.692884 0.32956103515625 0.6839446666666666 0.31781982421875 0.6873956666666666 0.310421142578125 0.6805896666666666 0.30656103515625 0.6856393333333334 0.30977783203125 0.6893713333333333
1 0.348218505859375 0.6748636666666666 0.350952880859375 0.6728876666666667 0.3480576171875 0.6540073333333333 0.340498291015625 0.6509336666666666 0.337281494140625 0.6500166666666667 0.332456298828125 0.6616913333333334 0.3287568359375 0.668936 0.33358203125 0.6836453333333334 0.348218505859375 0.6748636666666666
1 0.329721923828125 0.6320533333333334 0.31090380859375 0.6355660000000001 0.310742919921875 0.6434693333333333 0.331330322265625 0.6399566666666666 0.329721923828125 0.6320533333333334
1 0.313637939453125 0.61932 0.32071484375 0.6138316666666667 0.33229541015625 0.6094406666666666 0.336798828125 0.6041716666666667 0.333260498046875 0.6000006666666666 0.313959716796875 0.599781 0.30656103515625 0.6057086666666667 0.30704345703125 0.6166856666666667 0.313637939453125 0.61932
1 0.33020458984375 0.152653 0.3347080078125 0.166045 0.33872900390625 0.16384966666666667 0.341302490234375 0.14716466666666667 0.34307177734375 0.137944 0.3379248046875 0.13289433333333334 0.3351904296875 0.14101733333333333 0.32795263671875 0.1427736666666667 0.32586181640625 0.152653 0.33020458984375 0.152653
1 0.352561279296875 0.07691166666666667 0.35111376953125 0.07383833333333333 0.34644921875 0.074936 0.35207861328125 0.09667033333333334 0.35642138671875 0.09469466666666666 0.352561279296875 0.07691166666666667
1 0.393897216796875 0.8265143333333334 0.407729248046875 0.8201476666666667 0.405638427734375 0.8164153333333334 0.4017783203125 0.816196 0.398400634765625 0.8102683333333333 0.39687255859375 0.8058230000000001 0.391001953125 0.807634 0.3958271484375 0.8181716666666666 0.392449462890625 0.8216843333333333 0.393897216796875 0.8265143333333334
1 0.22710595703125 0.6519346666666667 0.235308837890625 0.6677416666666667 0.2221201171875 0.6712543333333333 0.221959228515625 0.6798163333333334 0.23353955078125 0.6793773333333334 0.234504638671875 0.6910130000000001 0.23434375 0.7171383333333333 0.255413818359375 0.7103323333333332 0.270211181640625 0.7184553333333333 0.277448974609375 0.69716 0.275197265625 0.6923303333333334 0.268763671875 0.6916716666666666 0.262651611328125 0.6853049999999999 0.26200830078125 0.6804749999999999 0.24865869140625 0.6558866666666667 0.255735595703125 0.6488613333333334 0.247371826171875 0.642275 0.23675634765625 0.6229556666666667 0.233700439453125 0.6216383333333333 0.2242109375 0.62559 0.2269453125 0.6330543333333334 0.21906396484375 0.649959 0.22710595703125 0.6519346666666667
1 0.286354248046875 0.06572666666666667 0.26955859375 0.07503566666666667 0.273698486328125 0.087467 0.292623291015625 0.07552 0.286354248046875 0.06572666666666667
1 0.261279052734375 0.11346 0.261634033203125 0.11846466666666666 0.26955859375 0.11668866666666666 0.273225341796875 0.12443833333333333 0.2784296875 0.12007933333333333 0.272634033203125 0.105226 0.2833974609375 0.10102866666666667 0.279139404296875 0.09263333333333333 0.2705048828125 0.093925 0.266246826171875 0.082785 0.2654189453125 0.08050299999999999 0.26092431640625 0.07971766666666666 0.258203857421875 0.08359233333333332 0.2664833984375 0.10893933333333333 0.261279052734375 0.11346
1 0.287773681640625 0.209567 0.289193115234375 0.20504666666666665 0.2844619140625 0.20133333333333334 0.28292431640625 0.20569233333333334 0.277365234375 0.202625 0.27547265625 0.20004166666666667 0.271687744140625 0.20989 0.28990283203125 0.22393566666666667 0.292150146484375 0.21441033333333334 0.287773681640625 0.209567
1 0.322784423828125 0.3234066666666667 0.312494140625 0.3221153333333333 0.3045693359375 0.31872466666666666 0.299246826171875 0.3153343333333333 0.2943974609375 0.31436566666666665 0.2925048828125 0.320985 0.301730712890625 0.32663566666666666 0.3214833984375 0.33277066666666666 0.322784423828125 0.3234066666666667
1 0.27038671875 0.3450406666666667 0.27393505859375 0.3414886666666666 0.27488134765625 0.3458476666666666 0.277128662109375 0.337291 0.28505322265625 0.344879 0.29002099609375 0.3414886666666666 0.2884833984375 0.3334163333333333 0.283160888671875 0.32599 0.28647265625 0.31743333333333335 0.283515625 0.31388133333333335 0.27795654296875 0.31791766666666665 0.274289794921875 0.31210566666666667 0.26482763671875 0.3208236666666667 0.263408203125 0.3305103333333333 0.2694404296875 0.33277066666666666 0.27038671875 0.3450406666666667
1 0.282451171875 0.2867516666666667 0.293451171875 0.2827156666666667 0.303859619140625 0.28400733333333333 0.3053974609375 0.28093966666666664 0.3056337890625 0.274482 0.295698486328125 0.270607 0.29297802734375 0.2746433333333333 0.2815048828125 0.2806166666666667 0.282451171875 0.2867516666666667
1 0.275591064453125 0.440482 0.280677001953125 0.44403400000000004 0.288719970703125 0.43983633333333333 0.28647265625 0.4330556666666666 0.283279052734375 0.431441 0.280322021484375 0.42738533333333334 0.273225341796875 0.42724333333333336 0.269085693359375 0.431118 0.2654189453125 0.438706 0.275591064453125 0.440482
1 0.291322021484375 0.48116166666666665 0.271687744140625 0.4813413333333333 0.2734619140625 0.489252 0.292859619140625 0.48747633333333334 0.291322021484375 0.48116166666666665
1 0.26293505859375 0.7778433333333334 0.2544189453125 0.7797806666666667 0.25583837890625 0.8175593333333333 0.265182373046875 0.8162676666666666 0.26293505859375 0.7778433333333334
1 0.2375048828125 0.52641 0.25382763671875 0.5115566666666667 0.2454296875 0.5002556666666667 0.216451171875 0.47619999999999996 0.202612548828125 0.4710336666666667 0.183096435546875 0.486694 0.217160888671875 0.51527 0.229580322265625 0.5233423333333334 0.2375048828125 0.52641
1 0.19776318359375 0.39495933333333333 0.190666259765625 0.40077133333333337 0.192085693359375 0.41320266666666666 0.223074951171875 0.39673499999999995 0.220236083984375 0.38947000000000004 0.219408203125 0.38737133333333335 0.193505126953125 0.386564 0.192558837890625 0.39173033333333335 0.20083837890625 0.392699 0.19776318359375 0.39495933333333333
1 0.274644775390625 0.39080766666666666 0.263762939453125 0.397381 0.267074951171875 0.40658333333333335 0.278784423828125 0.39818800000000004 0.274644775390625 0.39080766666666666
1 0.2294619140625 0.028860333333333335 0.22981689453125 0.03644833333333333 0.2454296875 0.040807333333333334 0.2493330078125 0.03806266666666667 0.261515625 0.043229000000000004 0.261279052734375 0.037094 0.25997802734375 0.03144366666666667 0.243655517578125 0.022241 0.23691357421875 0.020465 0.23738671875 0.027891666666666665 0.2294619140625 0.028860333333333335
1 0.231177001953125 0.2755373333333333 0.239219970703125 0.2745686666666667 0.238273681640625 0.268963 0.228693115234375 0.2658506666666667 0.21438134765625 0.266335 0.213908203125 0.27295433333333335 0.231177001953125 0.2755373333333333
1 0.2137900390625 0.30153033333333334 0.21544580078125 0.3062123333333333 0.20941357421875 0.3087953333333333 0.214026611328125 0.3215496666666667 0.226564208984375 0.3320436666666667 0.235080322265625 0.33785566666666667 0.237091064453125 0.33268933333333334 0.241585693359375 0.3333353333333333 0.24335986328125 0.32106533333333337 0.238037353515625 0.31832066666666664 0.239101806640625 0.31202433333333335 0.236736083984375 0.310087 0.232951171875 0.307181 0.2247900390625 0.302822 0.219230712890625 0.30233766666666667 0.217574951171875 0.30104600000000004 0.2137900390625 0.30153033333333334
1 0.2057470703125 0.27489166666666665 0.20326318359375 0.27053266666666664 0.1869404296875 0.2763446666666667 0.186822265625 0.28393266666666667 0.20338134765625 0.28054233333333334 0.2057470703125 0.27489166666666665
1 0.250574951171875 0.2971913333333333 0.2438330078125 0.303972 0.247736083984375 0.30736233333333335 0.25849951171875 0.30332633333333336 0.261101806640625 0.3212466666666667 0.26642431640625 0.31801766666666664 0.263703857421875 0.302519 0.27458544921875 0.299613 0.275650146484375 0.28895733333333334 0.26346728515625 0.28685866666666665 0.260805908203125 0.2723543333333333 0.254241455078125 0.2773333333333333 0.25554248046875 0.28831166666666663 0.252585693359375 0.29250933333333334 0.250574951171875 0.2971913333333333
1 0.26051025390625 0.598019 0.2599189453125 0.5931756666666667 0.24028466796875 0.5938216666666667 0.242058837890625 0.6014096666666667 0.256607177734375 0.601248 0.26051025390625 0.598019
1 0.209177001953125 0.666914 0.2068115234375 0.6560969999999999 0.20527392578125 0.6490313333333334 0.198058837890625 0.6535139999999999 0.203144775390625 0.6775693333333334 0.209058837890625 0.6757936666666667 0.209177001953125 0.666914
1 0.21432861328125 0.7842403333333333 0.21592431640625 0.7790923333333334 0.215416748046875 0.769553 0.197936767578125 0.771766 0.197791748046875 0.7826563333333334 0.205625 0.7885963333333335 0.21432861328125 0.7842403333333333
1 0.165587890625 0.528157 0.1532578125 0.532513 0.16007568359375 0.5620153333333333 0.17371142578125 0.5598373333333333 0.165587890625 0.528157
1 0.159007568359375 0.4575593333333334 0.154054443359375 0.46292099999999997 0.141586669921875 0.4752766666666666 0.142953125 0.485301 0.150980224609375 0.4822703333333333 0.177794677734375 0.457326 0.173695556640625 0.4513356666666667 0.16874267578125 0.45149799999999995 0.167547119140625 0.4466023333333333 0.16105712890625 0.45219733333333334 0.159007568359375 0.4575593333333334
1 0.1631064453125 0.6380453333333334 0.17010888671875 0.6403766666666667 0.167718017578125 0.6476033333333333 0.173183349609375 0.667652 0.180868896484375 0.6622903333333333 0.177623779296875 0.6473703333333334 0.18445556640625 0.6438733333333333 0.190091552734375 0.6462046666666666 0.193336669921875 0.639211 0.200339111328125 0.6347816666666667 0.201876220703125 0.6219596666666667 0.194019775390625 0.614966 0.17489111328125 0.6086716666666667 0.156445556640625 0.6061073333333333 0.1631064453125 0.6380453333333334
1 0.1742080078125 0.8745723333333334 0.156616455078125 0.9015620000000001 0.161910888671875 0.9050590000000001 0.177111572265625 0.8833783333333334 0.1742080078125 0.8745723333333334
1 0.153712890625 0.8390656666666667 0.147735107421875 0.8467586666666667 0.160203125 0.8600466666666666 0.164472900390625 0.8530530000000001 0.153712890625 0.8390656666666667
1 0.299725341796875 0.051177999999999994 0.282717041015625 0.045846000000000005 0.2827900390625 0.05337000000000001 0.299725341796875 0.060544 0.301039306640625 0.05356933333333333 0.299725341796875 0.051177999999999994
1 0.109770263671875 0.04690066666666667 0.11754150390625 0.04159666666666667 0.114627197265625 0.03549733333333333 0.111032958984375 0.02997466666666667 0.094615966796875 0.03205 0.09636474609375 0.04027066666666666 0.10102734375 0.04955233333333334 0.109770263671875 0.04690066666666667
1 0.1919521484375 0.043188 0.198557861328125 0.030989333333333334 0.197780517578125 0.026480999999999998 0.19350634765625 0.024404000000000002 0.188455078125 0.03417133333333333 0.1845693359375 0.042127 0.1919521484375 0.043188
1 0.10271533203125 0.10721099999999999 0.081271240234375 0.10721099999999999 0.0803701171875 0.11950966666666667 0.103255859375 0.12049333333333334 0.10271533203125 0.10721099999999999
1 0.117491943359375 0.09884833333333334 0.1200146484375 0.09835633333333334 0.121816650390625 0.10450533333333334 0.127943603515625 0.10081599999999999 0.129205078125 0.09466666666666666 0.125060302734375 0.08999333333333334 0.1227177734375 0.07983866666666667 0.117491943359375 0.08138433333333334 0.119654296875 0.08925533333333334 0.1124462890625 0.09515866666666667 0.117491943359375 0.09884833333333334
1 0.004885986328125 0.14134166666666667 0.00552685546875 0.151619 0.015619384765625 0.15183766666666665 0.017701904296875 0.15402433333333332 0.01962451171875 0.17785866666666666 0.02378955078125 0.18857333333333334 0.026352783203125 0.19032266666666664 0.02763427734375 0.20672266666666667 0.043974609375 0.20125600000000002 0.043333740234375 0.18835466666666664 0.048620361328125 0.19797599999999999 0.057271240234375 0.19644533333333333 0.058072265625 0.18245066666666665 0.052144775390625 0.168019 0.058232421875 0.16561366666666666 0.05614990234375 0.15336833333333333 0.04942138671875 0.15052566666666667 0.04573681640625 0.14374699999999999 0.044615478515625 0.139811 0.02394970703125 0.14090433333333335 0.00200244140625 0.13084566666666667 0 0.13893633333333333 0.004885986328125 0.14134166666666667
1 0.056017822265625 0.30274466666666666 0.0318720703125 0.30410933333333334 0.031228271484375 0.3155346666666667 0.055052001953125 0.3117993333333333 0.056017822265625 0.30274466666666666
1 0.114819580078125 0.259334 0.099490478515625 0.262178 0.10112744140625 0.267866 0.117052001953125 0.2654283333333333 0.114819580078125 0.259334
1 0.104401611328125 0.28757099999999997 0.090411865234375 0.28269533333333335 0.083119384765625 0.287774 0.100680908203125 0.29407133333333335 0.104401611328125 0.28757099999999997
1 0.075454833984375 0.6435266666666667 0.049038330078125 0.6539106666666666 0.052759033203125 0.665896 0.07984521484375 0.6514730000000001 0.075454833984375 0.6435266666666667
1 0.10410400390625 0.6836030000000001 0.114373046875 0.6825869999999999 0.11496826171875 0.6726333333333334 0.11362890625 0.668164 0.10931298828125 0.6703986666666666 0.09889501953125 0.6697893333333333 0.097258056640625 0.6744613333333334 0.096513916015625 0.679337 0.10410400390625 0.6836030000000001
1 0.085203125 0.66532 0.0668974609375 0.6689766666666667 0.0698740234375 0.6777116666666667 0.088923828125 0.6728363333333334 0.085203125 0.66532
1 0.0317744140625 0.7136676666666667 0.035197509765625 0.703917 0.025523681640625 0.6669453333333334 0.018826416015625 0.6710079999999999 0.026416748046875 0.7057453333333333 0.0317744140625 0.7136676666666667
1 0.10559228515625 0.7862146666666666 0.101722900390625 0.7896679999999999 0.1049970703125 0.7963716666666666 0.0997880859375 0.7973873333333332 0.100829833984375 0.8105916666666667 0.10856884765625 0.8122166666666667 0.11571240234375 0.8126230000000001 0.123600341796875 0.8063256666666666 0.130743896484375 0.7973873333333332 0.119730712890625 0.7882459999999999 0.125534912109375 0.7851986666666667 0.124344482421875 0.7782920000000001 0.116903076171875 0.7819486666666666 0.11303369140625 0.7679316666666667 0.110354736328125 0.7608216666666667 0.10559228515625 0.7628533333333333 0.104401611328125 0.7683380000000001 0.106931640625 0.7809326666666666 0.10559228515625 0.7862146666666666
1 0.130594970703125 0.975178 0.125832763671875 0.9568953333333334 0.122558349609375 0.9495420000000001 0.113331298828125 0.953442 0.1222607421875 0.981882 0.1282138671875 0.980866 0.130594970703125 0.975178
1 0.06258154296875 0.840267 0.063474365234375 0.8485956666666666 0.06823681640625 0.8461580000000001 0.068534423828125 0.8422983333333334 0.08371484375 0.8463613333333333 0.084607666015625 0.832954 0.090709716796875 0.8305159999999999 0.0997880859375 0.8209686666666667 0.09175146484375 0.8091863333333335 0.095769775390625 0.7911066666666667 0.082970703125 0.7904973333333334 0.069278564453125 0.8004513333333333 0.052610107421875 0.8006543333333334 0.044573486328125 0.8010606666666666 0.03981103515625 0.8278753333333334 0.05290771484375 0.8270626666666667 0.05141943359375 0.8355946666666667 0.06258154296875 0.840267
1 0.083863525390625 0.8419003333333334 0.080291748046875 0.8465726666666666 0.088923828125 0.8561203333333333 0.091304931640625 0.8815130000000001 0.1035087890625 0.877044 0.10112744140625 0.8530733333333332 0.103955078125 0.8459633333333333 0.09666259765625 0.842713 0.091453857421875 0.841291 0.0901142578125 0.8445413333333333 0.083863525390625 0.8419003333333334
1 0.116903076171875 0.8985770000000001 0.11720068359375 0.8884200000000001 0.106931640625 0.887201 0.102318115234375 0.8902483333333333 0.106038818359375 0.9024366666666667 0.116903076171875 0.8985770000000001
1 0.088923828125 0.9304703333333334 0.0930908203125 0.9375803333333333 0.08877490234375 0.9412366666666667 0.09666259765625 0.9432683333333333 0.0822265625 0.9538316666666666 0.091453857421875 0.9615509999999999 0.106485107421875 0.9548473333333333 0.11199169921875 0.9641916666666666 0.11418994140625 0.9621573333333334 0.11254296875 0.954364 0.12017724609375 0.9479403333333333 0.1274697265625 0.9422523333333334 0.123600341796875 0.9373769999999999 0.11831689453125 0.9367406666666668 0.10410400390625 0.938596 0.100085693359375 0.9406273333333334 0.091453857421875 0.9266106666666666 0.088923828125 0.9304703333333334
1 0.03303955078125 0.8827326666666666 0.03348583984375 0.8983746666666665 0.042713134765625 0.8991870000000001 0.041373779296875 0.85734 0.03199755859375 0.8579493333333333 0.032890625 0.8725756666666666 0.019942626953125 0.883139 0.02038916015625 0.890249 0.03303955078125 0.8827326666666666
1 0.12097216796875 0.9315906666666667 0.136641357421875 0.9407896666666667 0.145065673828125 0.927451 0.1440546875 0.920782 0.124847412109375 0.9154923333333332 0.125015869140625 0.8970943333333333 0.120466796875 0.8975543333333333 0.118781982421875 0.9210116666666667 0.12097216796875 0.9315906666666667
1 0.1436416015625 0.7409723333333333 0.149483154296875 0.7358613333333333 0.15936865234375 0.7321810000000001 0.15577392578125 0.72707 0.162813720703125 0.7219586666666667 0.162064697265625 0.7139853333333334 0.1282138671875 0.7305456666666668 0.131059814453125 0.7397456666666667 0.14349169921875 0.7313633333333334 0.1436416015625 0.7409723333333333
1 0.02506201171875 0.5948596666666667 0.024125244140625 0.5874 0.036304931640625 0.5933676666666667 0.03599267578125 0.584416 0.025686767578125 0.579727 0.021158447265625 0.575038 0.02225146484375 0.568857 0.01756689453125 0.565825 0.013194580078125 0.5899576666666667 0.01819140625 0.5884656666666667 0.020377685546875 0.595286 0.02506201171875 0.5948596666666667
1 0.0007353515625 0.6495843333333333 0.009692626953125 0.641555 0.009692626953125 0.635533 0.00808837890625 0.6337083333333333 0.003141845703125 0.63973 0 0.6444746666666666 0.0007353515625 0.6495843333333333
1 0.083840576171875 0.531313 0.081583251953125 0.5315329999999999 0.074972900390625 0.5431969999999999 0.080454833984375 0.548699 0.0872265625 0.5357146666666667 0.083840576171875 0.531313
1 0.077875 0.06666233333333334 0.0698134765625 0.05257766666666667 0.06578271484375 0.051952 0.065460205078125 0.05565866666666667 0.076585205078125 0.071504 0.077875 0.06666233333333334
1 0.13591845703125 0.3663053333333333 0.128340576171875 0.4067416666666666 0.13882080078125 0.410703 0.14672119140625 0.36954899999999996 0.13591845703125 0.3663053333333333
1 0.055786376953125 0.39288599999999996 0.050546142578125 0.392061 0.04530615234375 0.42369633333333334 0.05627001953125 0.422816 0.0604619140625 0.398388 0.055786376953125 0.39288599999999996
1 0.067006103515625 0.23277233333333333 0.067683837890625 0.22484233333333334 0.06332666015625 0.22316166666666667 0.061389892578125 0.22471 0.05964697265625 0.23184700000000003 0.064488525390625 0.236473 0.067006103515625 0.23277233333333333
1 0.074946044921875 0.191668 0.073977783203125 0.18796733333333335 0.07087939453125 0.18627666666666667 0.0669091796875 0.19061066666666668 0.065456787109375 0.19589733333333334 0.06971728515625 0.198012 0.074946044921875 0.191668
1 0.0435732421875 0.058963333333333326 0.033599853515625 0.06355866666666667 0.035536376953125 0.06871300000000001 0.044347900390625 0.06514466666666667 0.0435732421875 0.058963333333333326
1 0.658298828125 0.8116646666666667 0.65761962890625 0.8074933333333333 0.65546923828125 0.8062573333333333 0.652073486328125 0.8082656666666667 0.65060205078125 0.815218 0.65637451171875 0.8166086666666666 0.658298828125 0.8116646666666667
1 0.594008544921875 0.9141733333333333 0.591937744140625 0.9205633333333334 0.5969794921875 0.9213006666666667 0.5989599609375 0.9157706666666666 0.594008544921875 0.9141733333333333
1 0.552458740234375 0.8575093333333332 0.553518798828125 0.8472369999999999 0.553518798828125 0.8455006666666667 0.55044482421875 0.8431856666666666 0.54652294921875 0.846224 0.54397900390625 0.8537476666666667 0.545992919921875 0.8606923333333334 0.552458740234375 0.8575093333333332
1 0.223636962890625 0.913606 0.217414794921875 0.913511 0.212625244140625 0.9342579999999999 0.213430908203125 0.942323 0.218265380859375 0.9371906666666667 0.223636962890625 0.913606
1 0.071039306640625 0.98194 0.07718798828125 0.9837386666666667 0.081140869140625 0.9668033333333332 0.07466259765625 0.9627566666666667 0.070160888671875 0.9615576666666666 0.06324365234375 0.962607 0.05764404296875 0.9751960000000001 0.058741943359375 0.9880846666666666 0.0681845703125 0.9871856666666666 0.071039306640625 0.98194
1 0.0554111328125 0.861247 0.04548388671875 0.8623556666666666 0.045393798828125 0.8692536666666667 0.056042724609375 0.8677756666666667 0.0554111328125 0.861247
1 0.00559521484375 0.897216 0.014168701171875 0.9176643333333333 0.019312744140625 0.9105196666666667 0.015522216796875 0.8935206666666666 0.011100341796875 0.8791083333333333 0.009385498046875 0.8729493333333334 0.00360986328125 0.8766446666666667 0.003970947265625 0.8825573333333333 0.001804931640625 0.8831733333333334 0.00559521484375 0.897216
1 0.026412109375 0.758739 0.023751220703125 0.755376 0.005716064453125 0.7658686666666668 0.009953857421875 0.7751506666666668 0.024243896484375 0.7658686666666668 0.026412109375 0.758739
1 0.2819501953125 0.749563 0.28035302734375 0.7412513333333333 0.27356494140625 0.742069 0.264181640625 0.7460203333333334 0.264780517578125 0.7601906666666667 0.272966064453125 0.7580106666666667 0.2819501953125 0.749563
1 0.203189697265625 0.746293 0.205685302734375 0.7514703333333334 0.21646630859375 0.7456116666666667 0.220958251953125 0.7502443333333334 0.22564990234375 0.755013 0.231239990234375 0.7521516666666667 0.221656982421875 0.7344386666666666 0.216366455078125 0.7266723333333333 0.212173828125 0.7211196666666666 0.211574951171875 0.730351 0.209079345703125 0.7366186666666668 0.208580322265625 0.7415240000000001 0.203189697265625 0.746293
1 0.367601318359375 0.6539813333333333 0.3646982421875 0.6706246666666666 0.366440185546875 0.689963 0.36922705078125 0.6956693333333333 0.395588134765625 0.689963 0.38304638671875 0.6750630000000001 0.37340771484375 0.662224 0.381885009765625 0.6607973333333333 0.406504150390625 0.6639673333333334 0.412542724609375 0.656042 0.410336181640625 0.6487506666666667 0.387923583984375 0.6516036666666667 0.382465576171875 0.6444706666666666 0.375962646484375 0.6497016666666666 0.367601318359375 0.6539813333333333
1 0.28669873046875 0.567084 0.283010986328125 0.5629653333333333 0.278652587890625 0.5597623333333334 0.2757470703125 0.5587413333333333 0.274406005859375 0.564491 0.27496484375 0.5728803333333333 0.28267578125 0.5731853333333333 0.28669873046875 0.567084
1 0.283010986328125 0.5191876666666667 0.277255859375 0.512968 0.26244873046875 0.5367293333333334 0.27094189453125 0.5422206666666667 0.279099609375 0.5271193333333333 0.283010986328125 0.5191876666666667
1 0.2932919921875 0.51934 0.291951171875 0.5239163333333333 0.29921484375 0.5237636666666666 0.298991455078125 0.519035 0.2932919921875 0.51934
1 0.42075390625 0.1985906666666667 0.433061767578125 0.18608866666666665 0.428768310546875 0.17710266666666666 0.421612548828125 0.17319566666666666 0.4058701171875 0.18374433333333332 0.400431884765625 0.195465 0.4090185546875 0.20406 0.42075390625 0.1985906666666667
1 0.14939990234375 0.274638 0.13989697265625 0.2665576666666667 0.1377158203125 0.26719566666666666 0.135690673828125 0.27697733333333335 0.15796826171875 0.29037366666666664 0.1607724609375 0.280167 0.14939990234375 0.274638
1 0.49507275390625 0.5431046666666667 0.491084228515625 0.538527 0.4799677734375 0.5505176666666667 0.485398681640625 0.5519076666666667 0.489132568359375 0.5514443333333333 0.49507275390625 0.5431046666666667
0 0.521209716796875 0.983355 0.515778564453125 0.9759416666666666 0.508480712890625 0.9740886666666667 0.49914599609375 0.9754783333333333 0.492866455078125 0.9845133333333334 0.488029296875 0.9969929999999999 0.524434326171875 0.9996666666666667 0.52545263671875 0.9951696666666666 0.521209716796875 0.983355