1 0.3458589453125 0.29055717866666664 0.344599623046875 0.280927624 0.34082165576171874 0.26889068 0.33679182421875 0.2640759026666667 0.33150267041015624 0.260636776 0.32470232958984374 0.260636776 0.31513147998046875 0.26820285466666666 0.3111016484375 0.27370545733333335 0.31059791943359377 0.28023979866666665 0.31613893798828124 0.30190629733333335 0.32344300732421877 0.30775281266666665 0.328480296875 0.3080967253333333 0.33125080615234376 0.30672107466666665 0.3428365712890625 0.29743543266666667 0.3458589453125 0.291245004 0.3458589453125 0.29055717866666664
1 0.6312213881835937 0.21971116733333335 0.630465794921875 0.214208564 0.6279471499023438 0.21076943733333334 0.62265799609375 0.21042552466666667 0.6166132490234375 0.214208564 0.61434646875 0.21730377866666667 0.6128352817382813 0.22383811933333334 0.6128352817382813 0.23174811066666667 0.6145983334960937 0.23759462666666664 0.6171169780273438 0.24137766600000002 0.6201393515625 0.24378505466666664 0.6231617250976562 0.2441289673333333 0.6276952856445313 0.24172157866666666 0.6289546079101562 0.240345928 0.630465794921875 0.23553115 0.6312213881835937 0.22143073066666666 0.6312213881835937 0.21971116733333335
1 0.6135908754882813 0.323572796 0.6115759594726563 0.3177262806666667 0.6083017216796875 0.31256759 0.6055312124023438 0.310504114 0.6030125678710937 0.31084802666666667 0.6007457875976563 0.31256759 0.5979752783203125 0.3191019313333333 0.595708498046875 0.32907539866666663 0.595708498046875 0.3352658273333333 0.5994864653320312 0.34455146933333336 0.602760703125 0.350054072 0.604775619140625 0.35177363533333333 0.6083017216796875 0.3503979846666667 0.610568501953125 0.34489538200000003 0.6128352817382813 0.33560974 0.6135908754882813 0.3259801846666667 0.6135908754882813 0.323572796
1 0.45063456396484375 0.12547909333333332 0.4486196484375 0.11000302266666667 0.44710846142578126 0.10587607066666667 0.44610100390625 0.10450042 0.4433304946289062 0.10381259466666667 0.44005625634765627 0.10484433266666668 0.43627828955078124 0.11000302266666667 0.43501896728515627 0.11516171266666667 0.435774560546875 0.12754256933333333 0.4372857470703125 0.13476473533333333 0.43980439208984373 0.13751603666666667 0.44559727490234374 0.13682821133333334 0.449878970703125 0.13235734666666668 0.45063456396484375 0.127886482 0.45063456396484375 0.12547909333333332
1 0.7002681630859375 1 0.7032546264648437 0.9959220820000001 0.70552140625 0.9900755666666667 0.70552140625 0.9890438286666667 0.7052695419921875 0.9845729639999999 0.6997285239257812 0.9701286313333334 0.6931800473632812 0.9656577666666667 0.6878908935546875 0.9649699413333332 0.6851203842773438 0.9660016793333333 0.678571908203125 0.971504282 0.6732827543945312 0.9790703613333334 0.6732827543945312 0.9845729639999999 0.6742902124023438 0.9893877413333333 0.6778610795898438 1 0.7002681630859375 1
1 0.7728448911132813 1 0.7732729487304687 0.9966099073333333 0.7732729487304687 0.9955781693333333 0.77176176171875 0.9904194793333333 0.7699987104492187 0.9890438286666667 0.7657170146484376 0.9886999160000001 0.7591685380859375 0.9911073046666667 0.7529064560546875 1 0.7728448911132813 1
1 0.8563882231445312 0.784759698 0.8586550034179687 0.7864792613333333 0.862432970703125 0.785791436 0.8662109375 0.781922418 0.8662109375 0.7587004959999999 0.864951615234375 0.7569027706666668 0.8621811059570312 0.7558710326666666 0.8589068676757813 0.758622334 0.8561363588867188 0.7699714526666667 0.8556326298828125 0.7816644833333333 0.8563882231445312 0.784759698
1 0.7838512563476563 0.758622334 0.7823400693359375 0.7541514693333333 0.7793176958007813 0.7500245173333333 0.7740285419921875 0.7458975653333334 0.7702505747070313 0.7479610413333333 0.7684875234375 0.7534636439999999 0.7692431171875 0.7606858099999999 0.773021083984375 0.7682518893333332 0.776295322265625 0.7720349286666667 0.7790658315429687 0.7713471033333333 0.7805770180664062 0.76962754 0.7830956625976563 0.7641249373333333 0.7838512563476563 0.7603418973333333 0.7838512563476563 0.758622334
1 0.8662109375 0.9733712366666667 0.8662109375 0.9542028293333333 0.8654553442382813 0.9539647353333333 0.8621811059570312 0.954308648 0.8601661904296874 0.9574038619999999 0.8606699189453125 0.9684090679999999 0.864951615234375 0.9725360200000001 0.8662109375 0.9733712366666667
1 0.5987114223632812 1 0.5994864653320312 0.9990172966666667 0.6032644321289062 0.9852607893333334 0.6032644321289062 0.9835412259999999 0.602760703125 0.979414274 0.5994864653320312 0.9770068846666666 0.587396970703125 0.9759751466666666 0.5846264614257812 0.9770068846666666 0.5821078168945313 0.979414274 0.580344765625 0.9859486146666666 0.5768186630859375 0.990763392 0.5763149340820313 0.9962659946666667 0.577190005859375 1 0.5987114223632812 1
1 0.6674898715820312 0.6595754826666667 0.6664824135742188 0.65407288 0.664467498046875 0.6513215786666666 0.661193259765625 0.650977666 0.6594302084960938 0.6530411420000001 0.656155970703125 0.665421998 0.655400376953125 0.672300252 0.656155970703125 0.6750515533333333 0.6576671572265625 0.676427204 0.6609413955078125 0.6771150293333333 0.6642156337890625 0.675395466 0.6659786850585937 0.6709246013333333 0.6674898715820312 0.6606072206666667 0.6674898715820312 0.6595754826666667
1 0.46675389013671875 0.8745209066666666 0.46650202587890627 0.8693622166666667 0.4649908388671875 0.8662670026666667 0.45768676904296873 0.8566374473333334 0.4536569379882813 0.8552617966666667 0.4488715126953125 0.8583570106666666 0.44458981689453125 0.8910287153333334 0.4450935458984375 0.8961874053333333 0.44811591943359375 0.9020339213333334 0.45491626025390625 0.9020339213333334 0.46222032958984377 0.8968752306666667 0.4637315166015625 0.8948117546666667 0.4649908388671875 0.8906848026666666 0.46675389013671875 0.8748648193333334 0.46675389013671875 0.8745209066666666
1 0.4851399965820313 0.80814576 0.48413253857421873 0.8033309826666667 0.4790952490234375 0.7978283793333333 0.47506541748046877 0.7974844666666666 0.47254677294921876 0.800235768 0.46675389013671875 0.8198387906666667 0.46675389013671875 0.8253413940000001 0.47128745068359373 0.833595298 0.4753172822265625 0.8339392106666665 0.478843384765625 0.8308439966666666 0.4803545712890625 0.8229340053333334 0.4851399965820313 0.8088335853333333 0.4851399965820313 0.80814576
1 0.467257619140625 0.6802102433333334 0.4662501611328125 0.6695489506666666 0.46448710986328123 0.6657659106666667 0.46222032958984377 0.665421998 0.46070914306640626 0.6657659106666667 0.45970168505859377 0.6674854746666666 0.45290134423828127 0.682617632 0.45164202197265624 0.689495886 0.4521457509765625 0.7011889166666666 0.4546643955078125 0.7080671706666667 0.4579386337890625 0.7115062973333334 0.46070914306640626 0.7108184719999999 0.46222032958984377 0.7090989086666667 0.46650202587890627 0.6991254406666667 0.467257619140625 0.6821017633333334 0.467257619140625 0.6802102433333334
1 0.5465949267578125 0.5980151133333333 0.54558746875 0.5938881613333333 0.5405501796875 0.5904490346666667 0.534757296875 0.588041646 0.5289644140625 0.5897612093333333 0.5173786484375 0.60145424 0.51410441015625 0.6100520573333333 0.5138525458984375 0.6162424853333334 0.5188898349609375 0.6244963893333334 0.5229196665039062 0.6251842146666667 0.5438244174804687 0.6059251046666667 0.5465949267578125 0.6000785893333334 0.5465949267578125 0.5980151133333333
1 0.641295966796875 0.5092856419999999 0.6405403735351562 0.5055026026666667 0.6344956264648437 0.5003439126666667 0.6261840986328125 0.49552913533333337 0.6198874873046875 0.4941534846666667 0.6161095200195312 0.5 0.6135908754882813 0.5158199833333333 0.6140946044921874 0.5247617126666666 0.615605791015625 0.5278569266666667 0.625932234375 0.5337034426666667 0.6314732524414063 0.5388621326666666 0.6344956264648437 0.53851822 0.6385254580078125 0.5330156173333334 0.641295966796875 0.5115210746666666 0.641295966796875 0.5092856419999999
1 0.6705122451171875 0.5319838793333334 0.6695047875976563 0.5282008393333333 0.6652230913085937 0.5230421493333334 0.6614451245117188 0.5237299746666667 0.6589264799804687 0.5292325773333334 0.6589264799804687 0.5392060453333334 0.661193259765625 0.542645172 0.664467498046875 0.542645172 0.6682454653320312 0.5398938706666667 0.6705122451171875 0.5347351806666666 0.6705122451171875 0.5319838793333334
1 0.718366494140625 0.5839146933333333 0.717107171875 0.5804755666666667 0.7143366630859375 0.5784120906666667 0.7110624248046875 0.5784120906666667 0.7085437802734375 0.5797877413333333 0.706277 0.5883855586666666 0.7070325932617187 0.593200336 0.70879564453125 0.5945759866666667 0.7150922563476563 0.594232074 0.717862765625 0.5907929473333333 0.718366494140625 0.5856342566666667 0.718366494140625 0.5839146933333333
1 0.7642058276367187 0.5653434086666667 0.7624427763671875 0.5557138540000001 0.7609315893554688 0.5539942906666667 0.7584129448242187 0.5533064653333334 0.7558943002929688 0.5543382033333333 0.7538793842773438 0.5570895046666667 0.7523681977539063 0.560872544 0.7513607397460937 0.567062972 0.7528719267578124 0.5732534006666666 0.7558943002929688 0.5756607893333333 0.7594204028320313 0.5763486146666666 0.7624427763671875 0.5742851386666668 0.7642058276367187 0.567062972 0.7642058276367187 0.5653434086666667
1 0.7211370034179687 0.2633880773333333 0.7196258168945312 0.25822938733333334 0.7150922563476563 0.255821998 0.710810560546875 0.2554780853333333 0.7067807290039062 0.257541562 0.7037583549804688 0.26441981533333336 0.7027508974609376 0.27267371933333334 0.7035064907226563 0.28023979866666665 0.7082919155273437 0.28367892533333333 0.7135810693359375 0.28367892533333333 0.7168553076171875 0.28230327466666666 0.7196258168945312 0.2764567593333333 0.7211370034179687 0.2654515533333333 0.7211370034179687 0.2633880773333333
1 0.4314928647460938 0.4174609573333333 0.4302335419921875 0.4123022673333333 0.42494438818359376 0.40679966399999995 0.415877267578125 0.4043922753333333 0.4136104873046875 0.40508010066666666 0.41209930029296876 0.40748748933333334 0.4115955712890625 0.41505356866666665 0.412603029296875 0.42021225866666667 0.4161291318359375 0.4288100753333333 0.41990709912109375 0.43328094066666667 0.42292947265625 0.4343126786666667 0.42569998193359376 0.43328094066666667 0.43073727099609377 0.42365138533333335 0.4314928647460938 0.4191805206666667 0.4314928647460938 0.4174609573333333
1 0.7810807470703125 0.30225021 0.7778065087890625 0.29674760733333333 0.7760434575195313 0.29537195666666666 0.7732729487304687 0.2939963053333333 0.770502439453125 0.29537195666666666 0.767983794921875 0.300186734 0.7654651499023437 0.30878455066666666 0.7649614208984375 0.3156628046666667 0.7657170146484376 0.3211654073333333 0.7735248129882812 0.3280436606666667 0.7767990512695313 0.328731486 0.7793176958007813 0.32426062133333333 0.7803251538085938 0.3191019313333333 0.7810807470703125 0.30431368599999997 0.7810807470703125 0.30225021
1 0.762190912109375 0.257541562 0.7611834541015625 0.252726784 0.7586648095703125 0.24688026866666665 0.7558943002929688 0.24584853066666668 0.7538793842773438 0.24791200666666668 0.7488420952148438 0.25788547466666667 0.7488420952148438 0.26441981533333336 0.7528719267578124 0.27370545733333335 0.7561461645507812 0.27267371933333334 0.7609315893554688 0.2640759026666667 0.762190912109375 0.2589172126666667 0.762190912109375 0.257541562
1 0.8599143256835937 0.10415650733333333 0.8586550034179687 0.09934172933333334 0.8553807651367188 0.09383912666666666 0.8523583916015625 0.09315130133333334 0.8503434760742188 0.09555868999999999 0.8432912709960938 0.12582300600000002 0.84303940625 0.132013434 0.8445505932617188 0.13476473533333333 0.8473211025390625 0.13682821133333334 0.8493360180664062 0.13648429866666667 0.853365849609375 0.13407691 0.854625171875 0.132013434 0.859158732421875 0.1148178 0.8599143256835937 0.10587607066666667 0.8599143256835937 0.10415650733333333
1 0.3990023481445312 0.350054072 0.39774302587890625 0.34145625533333335 0.3957281098632813 0.33801712866666667 0.3924538720703125 0.33732930333333333 0.3891796337890625 0.33939277933333334 0.3879203115234375 0.3431758186666667 0.38741658251953126 0.35280537333333334 0.38766844677734374 0.3576201513333333 0.3896833627929687 0.36105927800000004 0.3962318388671875 0.36140319066666665 0.398498619140625 0.357964064 0.3990023481445312 0.35177363533333333 0.3990023481445312 0.350054072
1 0.15998296728515626 0.12032040333333333 0.15670872900390626 0.11550562533333335 0.14789347265625 0.112754324 0.144115505859375 0.11550562533333335 0.1431080478515625 0.122727792 0.14512296337890626 0.13166952133333332 0.15066398193359376 0.13407691 0.15544940673828125 0.13442082266666666 0.1572124580078125 0.13373299733333333 0.1592273740234375 0.13029387066666667 0.15998296728515626 0.12203996666666665 0.15998296728515626 0.12032040333333333
1 0.26223994140625 0.07698740533333334 0.25921756787109373 0.07148480266666667 0.2574545166015625 0.07045306466666666 0.2549358720703125 0.07114089 0.2536765498046875 0.075267842 0.2541802783203125 0.08249000866666667 0.25669892333984373 0.08524131 0.2599731611328125 0.08455348466666666 0.26173621240234374 0.082146096 0.26223994140625 0.077331318 0.26223994140625 0.07698740533333334
1 0.26878841796875 0.12616691866666668 0.2662697729492188 0.12375953 0.259721296875 0.124791268 0.25821010986328125 0.12651083133333332 0.25795824560546876 0.13166952133333332 0.2594694326171875 0.13270125933333332 0.26601790869140624 0.13270125933333332 0.26752909521484375 0.13166952133333332 0.26878841796875 0.126854744 0.26878841796875 0.12616691866666668
1 0.699224794921875 0.16984382866666667 0.6969580146484375 0.16468513866666665 0.6939356411132812 0.16468513866666665 0.6899058095703124 0.16984382866666667 0.6886464873046875 0.17500251866666666 0.6888983515625 0.17740990733333334 0.6906614028320313 0.18016120933333332 0.6939356411132812 0.18016120933333332 0.6979654721679688 0.17569034399999997 0.699224794921875 0.17087556666666667 0.699224794921875 0.16984382866666667
1 0.30606435888671873 0.4288100753333333 0.3017826630859375 0.42021225866666667 0.29876028955078127 0.4174609573333333 0.2952341870117188 0.41952443333333334 0.29296740673828126 0.4233074726666667 0.29397486474609374 0.4308735513333333 0.298256560546875 0.4377518053333333 0.30127893408203127 0.43706397999999996 0.3045531723632813 0.4346565913333333 0.3063162236328125 0.42915398800000004 0.30606435888671873 0.4288100753333333
1 0.39119454931640624 0.785791436 0.389431498046875 0.7785692693333334 0.386912853515625 0.7744423173333334 0.3833867509765625 0.77478623 0.37834946142578124 0.7802888326666666 0.3775938681640625 0.7823523086666667 0.3775938681640625 0.7875109993333334 0.3788531904296875 0.791981864 0.38162369970703125 0.7971405540000001 0.383638615234375 0.7981722920000001 0.386912853515625 0.7971405540000001 0.3904389560546875 0.7923257766666667 0.39119454931640624 0.7881988246666667 0.39119454931640624 0.785791436
1 0.237305359375 0.401640974 0.2362979013671875 0.39957749800000003 0.23327552783203126 0.3992335853333333 0.2315124765625 0.401640974 0.23126061181640625 0.40748748933333334 0.23327552783203126 0.4116144413333333 0.236549765625 0.411958354 0.237305359375 0.4033605373333333 0.237305359375 0.401640974
1 0.5364168315429687 0.08330026666666666 0.5334382822265625 0.08438496733333332 0.5317505385742187 0.09089420266666667 0.5318001557617188 0.093945396 0.5351262783203125 0.09597963933333334 0.5434695405273438 0.09042785666666667 0.5364168315429687 0.08330026666666666
1 0.810297025390625 0.30225021 0.809037703125 0.299154996 0.8070227875976562 0.29777934533333333 0.8029929560546875 0.2957158693333333 0.8002224467773438 0.2957158693333333 0.7972000732421874 0.29881108333333334 0.7956888862304687 0.30362586066666664 0.7954370219726562 0.308440638 0.7969482084960937 0.31256759 0.8002224467773438 0.317382368 0.8034966845703125 0.3191019313333333 0.80576346484375 0.317382368 0.8085339741210937 0.31325541533333334 0.810297025390625 0.30431368599999997 0.810297025390625 0.30225021
1 0.8518546625976563 0.31875801866666664 0.8503434760742188 0.31600671733333335 0.8440468642578125 0.3156628046666667 0.8412763549804687 0.31875801866666664 0.8410244907226563 0.324604534 0.8440468642578125 0.32838757333333335 0.8495878823242188 0.3280436606666667 0.8516027983398438 0.32494844666666667 0.8518546625976563 0.3209934506666667 0.8518546625976563 0.31875801866666664
1 0.361222677734375 0.47248698599999994 0.3607189487304687 0.46767220800000003 0.3574447109375 0.464576994 0.35417047265625 0.4642330813333333 0.351651828125 0.4669843826666667 0.3513999633789063 0.47283089866666667 0.3539186079101562 0.4769578506666667 0.3602152197265625 0.477645676 0.361222677734375 0.47317481133333333 0.361222677734375 0.47248698599999994
1 0.43275218701171875 0.498968262 0.432500322265625 0.49518522266666665 0.431241 0.49243392133333336 0.42872235546875 0.4931217466666667 0.426707439453125 0.49518522266666665 0.42620371044921873 0.5006878253333333 0.42821862646484377 0.5058465153333334 0.4309891357421875 0.5048147773333334 0.43275218701171875 0.5006878253333333 0.43275218701171875 0.498968262
1 0.19826636669921874 0.41058270333333335 0.198014501953125 0.4071435766666667 0.19725890869140625 0.40645575133333334 0.18919924560546875 0.40542401333333333 0.18466568505859374 0.407831402 0.18340636279296876 0.4133340053333333 0.1849175498046875 0.41677313200000005 0.18919924560546875 0.41711704466666666 0.1919697548828125 0.415741394 0.19524399267578124 0.4160853066666667 0.19826636669921874 0.41264618000000003 0.19826636669921874 0.41058270333333335
1 0.22773450927734376 0.6138350966666667 0.2272307802734375 0.6117716206666667 0.2259714580078125 0.6107398826666667 0.22168976220703124 0.6110837953333333 0.2199267109375 0.6148668346666667 0.2199267109375 0.6183059613333333 0.22068230419921875 0.6214011753333334 0.22446027099609375 0.621745088 0.22773450927734376 0.6169303106666667 0.22773450927734376 0.6138350966666667
1 0.42821862646484377 0.869018304 0.4254481171875 0.8666109153333333 0.4246925239257813 0.866954828 0.42267760791015624 0.8693622166666667 0.42141828564453127 0.8748648193333334 0.42242574365234375 0.8769282953333333 0.4254481171875 0.8779600333333333 0.42796676171875 0.8745209066666666 0.42821862646484377 0.87108178 0.42821862646484377 0.869018304
1 0.46096100732421874 0.3627788413333333 0.45768676904296873 0.3607153653333333 0.45491626025390625 0.363122754 0.45390880224609376 0.367249706 0.4546643955078125 0.37137665799999997 0.45844236279296874 0.372408396 0.46070914306640626 0.3686253566666667 0.46096100732421874 0.36449840466666666 0.46096100732421874 0.3627788413333333
1 0.14789347265625 0.7094428213333334 0.146634150390625 0.7039402180000001 0.14512296337890626 0.7011889166666666 0.14210058984375 0.6994693533333334 0.1385744873046875 0.7001571786666667 0.1337890625 0.713913686 0.1337890625 0.7374717046666667 0.13555211376953125 0.7386753986666666 0.13781889404296874 0.7386753986666666 0.14260431884765626 0.735236272 0.14713787939453124 0.7207919393333333 0.14789347265625 0.7116208199999999 0.14789347265625 0.7094428213333334
1 0.36625996728515625 0.9402082286666668 0.36500064453125 0.935049538 0.3634894580078125 0.9340177999999999 0.35971149072265624 0.9340177999999999 0.35366674365234374 0.9374569266666667 0.3519036923828125 0.939864316 0.3506443701171875 0.9463986566666668 0.3531630146484375 0.9508695213333334 0.3576965751953125 0.9515573466666667 0.364496916015625 0.947086482 0.36625996728515625 0.9412399666666666 0.36625996728515625 0.9402082286666668
1 0.31437588671875 0.16915600333333333 0.3138721577148437 0.16571687666666665 0.31261283544921875 0.16365340066666667 0.307323681640625 0.16021427400000002 0.3063162236328125 0.16709252733333332 0.30681995263671874 0.17087556666666667 0.30833113916015625 0.17397078066666666 0.3100941904296875 0.17637816933333333 0.3133684287109375 0.17603425666666667 0.31437588671875 0.17156339199999998 0.31437588671875 0.16915600333333333
1 0.44030812109375 0.4546035266666667 0.44005625634765627 0.4511643993333333 0.4370338828125 0.4497887486666667 0.43527083154296875 0.45254005066666664 0.43451523828125 0.457354828 0.435774560546875 0.45976221666666667 0.4372857470703125 0.460450042 0.44030812109375 0.45666700266666665 0.44030812109375 0.4546035266666667
1 0.41285489404296877 0.4549474393333333 0.4115955712890625 0.4511643993333333 0.4075657397460937 0.4511643993333333 0.4065582822265625 0.4570109153333334 0.4075657397460937 0.45907439133333333 0.41083997802734373 0.45941830400000006 0.41285489404296877 0.45666700266666665 0.41285489404296877 0.4549474393333333
1 0.289945033203125 0.6152107473333333 0.2884338461914063 0.6100520573333333 0.2864189306640625 0.6069568426666666 0.28339655712890627 0.60661293 0.28012231884765626 0.6107398826666667 0.28138164111328123 0.616586398 0.28616706591796875 0.6214011753333334 0.289189439453125 0.6200255246666666 0.289945033203125 0.6172742233333334 0.289945033203125 0.6152107473333333
1 0.7689912524414062 0.902377834 0.7677319301757812 0.9003143579999999 0.76596887890625 0.8999704453333334 0.762190912109375 0.9016900086666666 0.762190912109375 0.9078804366666666 0.7644576923828125 0.9106317380000001 0.7667244721679688 0.9099439126666666 0.7687393881835938 0.907536524 0.7689912524414062 0.9037534846666667 0.7689912524414062 0.902377834
1 0.34056979150390626 0.18016120933333332 0.3400660625 0.17534643133333336 0.3377992822265625 0.17018774133333334 0.33376945068359376 0.16743644 0.32772470361328127 0.16674861466666666 0.3229392783203125 0.17087556666666667 0.320672498046875 0.18119294733333333 0.3204206337890625 0.18738337533333332 0.323946736328125 0.197700756 0.3307470771484375 0.201827708 0.33376945068359376 0.20217162066666666 0.33704368896484377 0.19838858133333334 0.33830301123046874 0.19529336666666666 0.3403179267578125 0.18738337533333332 0.34056979150390626 0.18222468533333333 0.34056979150390626 0.18016120933333332