1 0.452317048828125 0.4328274333333333 0.45836241259765625 0.4331861813333333 0.46992721826171874 0.429957114 0.47754960107421873 0.42278080333333334 0.482280658203125 0.4051994553333333 0.48070363916015624 0.38367120466666665 0.47202991015625 0.3750599046666667 0.45836241259765625 0.3718304966666667 0.44522058837890627 0.3743420693333333 0.43943793603515624 0.38654152466666664 0.43444416748046877 0.40125255266666665 0.43838683935546874 0.4199104833333333 0.4474710869140625 0.4308270933333333 0.452317048828125 0.4328274333333333
1 0.5437846459960938 0.31083356 0.5448359921875 0.2986341046666667 0.5677028911132812 0.2982753573333333 0.5648115654296875 0.25916541866666665 0.530905533203125 0.25952450666666665 0.5316941674804687 0.27208270933333334 0.5167123627929687 0.269929884 0.519603439453125 0.30975697733333335 0.5437846459960938 0.31083356
1 0.28835593212890626 0.6573825733333333 0.294401046875 0.6616882233333333 0.29834371875 0.653794418 0.294401046875 0.6398012253333333 0.30018369873046874 0.6279605173333334 0.263649052734375 0.601050034 0.25891799609375 0.6207845473333333 0.2465648056640625 0.6175551393333334 0.2347370390625 0.6060735193333333 0.2231722333984375 0.6161198093333333 0.2397308076171875 0.6329840026666667 0.2399937685546875 0.654153506 0.25155857421875 0.655229748 0.24630184423828125 0.6720936013333333 0.27297008984375 0.6901194693333333 0.28835593212890626 0.6573825733333333
1 0.09070189453125 0.652299864 0.08597083740234375 0.6024258 0.07729735791015625 0.59955548 0.04128863427734375 0.6121136826666667 0.033928962890625 0.6182134106666667 0.05587911279296875 0.6691177673333333 0.09070189453125 0.652299864
1 0.12066550341796875 0.23871375066666667 0.1062093720703125 0.21718516 0.0720406279296875 0.2430194006666667 0.09077941162109375 0.2660432266666667 0.12066550341796875 0.23871375066666667
1 0.6745538383789063 0.497951668 0.6516869389648438 0.4800115726666667 0.6359167495117187 0.4972341726666667 0.6598297607421875 0.5140268893333334 0.6745538383789063 0.497951668
1 0.6897983549804687 0.21180326733333335 0.7011004487304687 0.20785636466666665 0.7142422729492187 0.183457454 0.6876956630859375 0.15977637866666666 0.6800732802734375 0.169105514 0.6682457626953126 0.177716814 0.6614120141601563 0.19673349199999998 0.6622003989257812 0.2103679373333333 0.6792848955078125 0.22543771266666665 0.6897983549804687 0.21180326733333335
1 0.7894137587890625 0.6267651466666667 0.7794259721679687 0.6231773313333333 0.7662841474609375 0.627124234 0.7594503989257813 0.6307120493333334 0.7549820537109375 0.6411174266666667 0.7555077270507813 0.64793499 0.7834591225585937 0.645692308 0.7894137587890625 0.6267651466666667
1 0.8075496010742188 0.443294418 0.7660211865234375 0.4203308373333333 0.74604561328125 0.45872328133333334 0.785208375 0.48312185133333335 0.8075496010742188 0.443294418
1 0.5439833002929687 0.6333427500000001 0.5355725322265625 0.6293958473333333 0.5284758227539063 0.6311899253333334 0.51638534375 0.6322661673333334 0.507711615234375 0.6398012253333333 0.5024548852539062 0.6520006806666667 0.5161226323242187 0.6527181753333333 0.5176996508789062 0.6573825733333333 0.5316298603515625 0.6516415926666667 0.5371495512695312 0.6505653506666667 0.5476630107421875 0.6444656226666666 0.5439833002929687 0.6333427500000001
1 0.6191547856445313 0.6759809393333334 0.6173150546875 0.6677283866666667 0.6002305581054688 0.6587583393333334 0.5941854438476563 0.6558880193333334 0.5757866401367188 0.6763400273333333 0.59476171484375 0.692542886 0.6191547856445313 0.6759809393333334
1 0.5290014956054687 0.7452304286666668 0.5410922231445312 0.7348250513333334 0.526636091796875 0.7150908779999999 0.5150712861328125 0.7190377806666667 0.4971981557617188 0.7308784886666667 0.5145453637695313 0.750612662 0.5290014956054687 0.7452304286666668
1 0.538463609375 0.7208318586666665 0.549765703125 0.717961198 0.5505543369140625 0.6982270253333333 0.550817048828125 0.6835159973333332 0.5413549350585938 0.6827985026666666 0.5337325522460937 0.68602757 0.5332068793945313 0.6942801226666667 0.531468095703125 0.7224302246666666 0.538463609375 0.7208318586666665
1 0.6165264208984375 0.4429952346666666 0.6262514956054688 0.4422773993333334 0.6333482055664063 0.4372542546666667 0.63965628125 0.42756637200000003 0.6325595712890625 0.421466644 0.612583998046875 0.418596324 0.6031218842773437 0.4189550713333333 0.5920825024414063 0.421466644 0.5978649052734375 0.43079577933333335 0.6042260717773438 0.44294349866666666 0.6165264208984375 0.4429952346666666
1 0.7258668994140625 0.13364295466666665 0.7237642075195313 0.12790231466666668 0.718244765625 0.11462627666666667 0.71430209375 0.11713784866666667 0.7040513461914063 0.12431415933333333 0.6953778662109374 0.13723110933333332 0.7082567299804687 0.14440707933333335 0.7258668994140625 0.13364295466666665
1 0.437008474609375 0.164918652 0.45172731787109377 0.15523076933333335 0.46250373876953127 0.148772294 0.45934970068359376 0.12186181066666668 0.44831031884765626 0.12150306333333333 0.42807178466796875 0.13226718866666665 0.4225523427734375 0.141596324 0.4244012958984375 0.16911130000000002 0.437008474609375 0.164918652
1 0.3676193916015625 0.546449966 0.3707734296875 0.5500381213333333 0.3804982553710938 0.5514731106666666 0.390486291015625 0.5518321986666667 0.39626844482421875 0.5414268206666667 0.39653140576171875 0.5224101426666667 0.39626844482421875 0.49621715466666666 0.3896976572265625 0.4567484686666667 0.38470363916015626 0.42373859799999997 0.3741901796875 0.4158447926666667 0.35631729833984377 0.41333322 0.3329247255859375 0.4251735873333334 0.33739282177734375 0.457107556 0.34107278173828126 0.4926289993333333 0.3429125126953125 0.5270745406666667 0.35164331982421876 0.5519918313333333 0.3676193916015625 0.546449966
1 0.42123828515625 0.5495010213333333 0.4375341474609375 0.5491422733333333 0.43989955126953123 0.5326371679999999 0.44384222314453126 0.500344452 0.42807178466796875 0.4942450646666667 0.41177592236328125 0.4935272293333333 0.408884845703125 0.50644418 0.4057308076171875 0.5355074879999999 0.4130902294921875 0.5502185159999999 0.42123828515625 0.5495010213333333
1 0.48416450634765623 0.5673492173333333 0.48837886328125 0.563261402 0.4904860419921875 0.559022124 0.48627168505859375 0.55584275 0.4790628115234375 0.5514523486666667 0.47362836474609377 0.553420354 0.46641949169921876 0.5617474473333334 0.47473753759765625 0.56704629 0.4817340478515625 0.5701470386666666 0.48416450634765623 0.5673492173333333
1 0.472297607421875 0.65841661 0.47473753759765625 0.6484244386666667 0.48272258203125 0.6508468346666667 0.485606181640625 0.634192648 0.48094815576171873 0.634192648 0.47251944189453127 0.633587134 0.4706338486328125 0.6384319266666666 0.46209421728515626 0.6387348533333334 0.4600979560546875 0.644790674 0.4587709370117187 0.6560388020000001 0.472297607421875 0.65841661
1 0.47407203369140627 0.6157971406666667 0.48028265185546876 0.5965694346666667 0.4667522431640625 0.5865769233333333 0.4614287138671875 0.606107556 0.473746759765625 0.6161606533333334 0.47407203369140627 0.6157971406666667
1 0.5775471088867188 0.9666688219999999 0.5656802094726563 0.951983322 0.5515952143554688 0.9598560246666666 0.5634621137695313 0.972270592 0.5775471088867188 0.9666688219999999
1 0.4630392021484375 1 0.46775049853515627 0.9879411166666667 0.462205134765625 0.9777974813333333 0.45754710888671873 0.9761320626666667 0.45111465625 0.991271954 0.45699082958984377 1 0.4630392021484375 1
1 0.6255692919921875 0.8066133426666667 0.633 0.807975834 0.6284528911132813 0.7945010213333333 0.6357726821289063 0.7828434306666666 0.62989456640625 0.7804210346666667 0.6287856430664063 0.7723968686666667 0.6235730307617188 0.7690660313333333 0.6080461118164062 0.7643727026666667 0.6052734296875 0.78193499 0.594515703125 0.789353642 0.6015027416992188 0.7946524846666666 0.6094880361328125 0.8050990466666668 0.6177652045898437 0.8097579986666666 0.6255692919921875 0.8066133426666667
1 0.557583998046875 0.6450936013333334 0.5670109672851562 0.641762764 0.56989456640625 0.6302562966666667 0.5582495014648438 0.6326786926666667 0.553867896484375 0.6447910139999999 0.557583998046875 0.6450936013333334
1 0.5973993022460937 0.4688379853333333 0.5861976572265625 0.46111640600000003 0.5778798603515625 0.47973893800000006 0.588811814453125 0.486640912 0.5973993022460937 0.4688379853333333
1 0.48549526416015626 0.36830735200000003 0.465310568359375 0.35362151133333336 0.450781904296875 0.37390912200000004 0.46825573291015626 0.3952957793333333 0.48549526416015626 0.36830735200000003
1 0.6112624624023437 0.310118788 0.6185822534179688 0.31132981600000004 0.6233511962890625 0.3090588833333333 0.626345712890625 0.302700136 0.6257911264648438 0.298309394 0.6212440180664063 0.29800680733333335 0.6127041376953125 0.300883254 0.6100276669921875 0.30974472399999997 0.6112624624023437 0.310118788
1 0.44002392822265624 0.35387338333333335 0.4467891328125 0.319505446 0.42017173486328124 0.31117869266666665 0.414182951171875 0.3444863853333333 0.44002392822265624 0.35387338333333335
1 0.47751021923828124 0.15765793066666667 0.483055333984375 0.15099659599999998 0.4913733798828125 0.15523553466666667 0.49569865380859374 0.13570490133333335 0.472962861328125 0.124349898 0.466641326171875 0.14993669133333332 0.47751021923828124 0.15765793066666667
1 0.5773252744140625 0.19762763800000002 0.5842013959960938 0.1883921033333333 0.579654287109375 0.18536419333333334 0.5714471586914063 0.18430428866666668 0.5657911264648438 0.18808951666666668 0.560689431640625 0.19550816866666665 0.5715894814453125 0.19999421400000003 0.5773252744140625 0.19762763800000002
1 0.7453733798828125 0.9024486046666665 0.738940677734375 0.895181416 0.7311774677734375 0.8997236213333334 0.7390700400390625 0.9082607213333334 0.7453733798828125 0.9024486046666665
1 0.7380535893554687 0.6820847513333334 0.73350648046875 0.6696698433333333 0.722859421875 0.6745146360000001 0.7278382353515624 0.6870554799999999 0.7380535893554687 0.6820847513333334
1 0.7264085244140625 0.6096392106666666 0.71709247265625 0.6058543226666666 0.7129887836914063 0.615846494 0.7227485043945312 0.6184203540000001 0.7264085244140625 0.6096392106666666
1 0.7438207875976562 0.29295881533333334 0.7491440678710938 0.27569911533333336 0.7323973081054688 0.27342818266666663 0.7298349951171875 0.29065758999999997 0.7438207875976562 0.29295881533333334
1 0.6769444169921875 0.13888291333333333 0.6786081752929688 0.13146426133333333 0.6813806083984375 0.12858747466666667 0.6808262709960937 0.11617290666666666 0.6730628115234375 0.09512831866666667 0.6595324028320313 0.10330394799999999 0.6503270190429687 0.10133560266666666 0.6513252744140625 0.114507488 0.6574249750976563 0.12132028599999999 0.666297607421875 0.12525697733333335 0.6709297109375 0.13421204933333333 0.6769444169921875 0.13888291333333333
1 0.677055333984375 0.5720153166666666 0.691583998046875 0.5711068753333333 0.7027856430664062 0.5645966646666667 0.7050037387695313 0.539766848 0.691583998046875 0.540524166 0.6787190927734374 0.546125936 0.6721754736328125 0.5526361473333333 0.6677392822265625 0.5586919673333334 0.6732846459960937 0.5638396866666667 0.6699314555664062 0.5704877466666667 0.677055333984375 0.5720153166666666
1 0.5826904287109375 0.8583526206666667 0.5887901293945312 0.8568383253333333 0.594557328125 0.858049694 0.5958880859375 0.8491170866666666 0.5917846459960937 0.8477545946666667 0.5906754736328125 0.8445752213333334 0.5823576767578125 0.8382161333333333 0.5768123129882813 0.841849898 0.5739287138671875 0.8488141593333333 0.5826904287109375 0.8586552073333333 0.5826904287109375 0.8583526206666667
1 0.6152966103515625 0.8459377126666666 0.6212856430664062 0.841849898 0.6136331005859375 0.8341286586666666 0.6048716352539063 0.8374591560000001 0.6124130107421875 0.846846154 0.6152966103515625 0.8459377126666666
1 0.5829122631835938 0.8154302246666666 0.5917846459960937 0.8045292713333333 0.5891228813476562 0.8001388700000001 0.5931154038085937 0.78893499 0.5825795112304688 0.7865125933333333 0.5748160517578125 0.8002899933333333 0.5786976572265625 0.8034693666666667 0.575259720703125 0.8122508506666667 0.5829122631835938 0.8154302246666666
1 0.67352218359375 0.6587804626666667 0.67407676953125 0.6468196053333334 0.6672006479492187 0.6460626273333333 0.6603245263671875 0.6524217153333334 0.6563317548828125 0.6661991153333333 0.6654386840820312 0.6662641253333333 0.67352218359375 0.6587804626666667
1 0.7057958623046875 0.6383413886666667 0.6973668994140625 0.6271378486666667 0.6912671982421875 0.6337995233333333 0.7006318544921875 0.6441092580000001 0.7057958623046875 0.6383413886666667
1 0.6892706879882813 0.6292573180000001 0.6915997006835938 0.6104836626666666 0.6784020439453124 0.6077586793333333 0.6752966103515625 0.6269863853333333 0.6892706879882813 0.6292573180000001
1 0.5460914755859375 0.5338492173333333 0.5503058325195312 0.5197692306666667 0.5348900795898438 0.524311096 0.5311545366210938 0.5377671886666667 0.5460914755859375 0.5338492173333333
1 0.5580692919921875 0.5420248466666667 0.569603439453125 0.526127978 0.5559621137695312 0.5252195373333333 0.54862637109375 0.5401531653333334 0.5580692919921875 0.5420248466666667
1 0.567718095703125 0.47379373733333335 0.5657218344726562 0.44230258666666666 0.5302320537109375 0.438668822 0.528013708984375 0.471068414 0.5368863408203125 0.4836347853333333 0.5481271186523438 0.48561844800000004 0.567718095703125 0.47379373733333335
1 0.6038733798828125 0.405612662 0.6009897807617187 0.40167631066666665 0.5917846459960937 0.40061640600000004 0.5859065302734375 0.4087920353333333 0.5910082250976563 0.41000340399999996 0.5988826020507813 0.4125769233333333 0.6038733798828125 0.405612662
1 0.6221727319335938 0.4053097346666667 0.62361465625 0.4010707966666666 0.6332634594726563 0.3984969366666667 0.6392522431640625 0.393803608 0.6357033896484375 0.38910993866666665 0.6271635092773438 0.39183526199999996 0.620731056640625 0.39001838 0.61230209375 0.3927437033333333 0.607422482421875 0.4025847513333333 0.6185139580078125 0.4051800546666667 0.6221727319335938 0.4053097346666667
1 0.5149269692382813 0.3696545266666667 0.5216921733398437 0.376164738 0.5269047856445312 0.3642042206666667 0.5393262709960938 0.35451463600000005 0.5276812065429688 0.3313505786666667 0.5061655034179687 0.340737236 0.48997308056640626 0.33180462866666666 0.48320787646484376 0.350124234 0.485647806640625 0.3548175626666667 0.4952966103515625 0.3620847513333333 0.5012856430664062 0.3608733833333333 0.5079419243164063 0.3741637166666667 0.5149269692382813 0.3696545266666667
1 0.5641689931640625 0.12655548 0.5560730307617188 0.124738598 0.5511931704101563 0.121559224 0.5407679462890626 0.114746426 0.5338918247070312 0.12685840733333334 0.5388826020507812 0.13064329466666666 0.5343354936523438 0.13851599733333333 0.55230209375 0.14442069466666668 0.5641689931640625 0.12655548
1 0.5388192919921875 0.23625833933333334 0.533384845703125 0.235349898 0.5341612661132813 0.22914261400000002 0.542146560546875 0.22429782133333334 0.5435882353515625 0.22005854333333333 0.5358247758789062 0.21445677333333332 0.5266196411132813 0.21672770600000002 0.5187452641601562 0.23928624933333334 0.5267305581054688 0.24413104133333333 0.5257323032226563 0.25064125266666665 0.5316104189453125 0.253820626 0.5388192919921875 0.23625833933333334
1 0.5348524428710938 0.7767266846666666 0.5297375375976563 0.7595159973333333 0.5208761215820312 0.7647283866666666 0.5258940678710937 0.7814931926666666 0.5348524428710938 0.7767266846666666
1 0.4495543369140625 0.669135126 0.45308449658203126 0.6622508506666667 0.448833998046875 0.6469087813333333 0.4362265703125 0.6541861813333333 0.43947632080078125 0.6732266846666667 0.4495543369140625 0.669135126
1 0.41803364892578126 0.23021987733333332 0.4220680458984375 0.20956705266666664 0.405786390625 0.21428761066666668 0.40380682958984376 0.23329782133333332 0.41803364892578126 0.23021987733333332
1 0.44252816552734375 0.4746289993333333 0.4474990029296875 0.47295711399999996 0.4523257724609375 0.46902314466666667 0.4539828017578125 0.47276038133333337 0.4636363408203125 0.47295711399999996 0.4634202392578125 0.466761402 0.45974626123046874 0.4616473793333334 0.45326246240234375 0.4559431586666667 0.4467786640625 0.450927502 0.4424561318359375 0.45151769933333336 0.42653464599609375 0.4633192646666666 0.4415842470703125 0.47484921733333335 0.44252816552734375 0.4746289993333333
1 0.4205550849609375 0.7656630360000001 0.4013918247070313 0.7483539819999999 0.39181031884765627 0.7636960519999999 0.410940677734375 0.782600068 0.4205550849609375 0.7656630360000001
1 0.4549192421875 0.7377651466666666 0.4607547358398438 0.7364867253333334 0.4624117646484375 0.7298975493333334 0.46061066796875 0.7220296119999999 0.45513534375 0.7220296119999999 0.4516774677734375 0.7227181753333333 0.448219341796875 0.729307352 0.45052467578125 0.7388468346666667 0.4549192421875 0.7377651466666666
1 0.54796485546875 0.9081187880000001 0.5517111166992188 0.8948420693333334 0.5403285146484375 0.891399932 0.5369424228515625 0.90339823 0.54796485546875 0.9081187880000001
1 0.6491313559570312 0.5758451326666667 0.6601537885742188 0.574566372 0.6635398803710938 0.5618798500000001 0.6547507475585937 0.5604046973333333 0.6453130610351563 0.5625680733333334 0.642306580078125 0.5751449966666666 0.6491313559570312 0.5758451326666667
1 0.725136091796875 0.44479748133333336 0.7304670986328125 0.4440105513333333 0.7280176967773437 0.43456943466666664 0.7239833002929688 0.43368413866666666 0.7178596708984375 0.433290674 0.7189404287109376 0.4380115726666667 0.7246709868164063 0.44473825733333333 0.725136091796875 0.44479748133333336
1 0.6740580756835938 0.322125936 0.6714646059570313 0.321044248 0.6670700400390625 0.320355684 0.6602978564453125 0.3232079646666666 0.6596495512695313 0.33540265466666663 0.6731213857421875 0.3381565693333333 0.6740580756835938 0.322125936
1 0.61142323046875 0.037173587333333334 0.606452392578125 0.035698434 0.6014092719726563 0.03874710666666667 0.5991039379882812 0.04228761066666666 0.6032103686523438 0.044746426000000006 0.6084204887695313 0.04311232133333333 0.61142323046875 0.037173587333333334
1 0.5820343969726562 0.30434206933333335 0.5850600698242188 0.28703301533333336 0.5661849453125 0.2837876106666667 0.5643200400390626 0.30193294733333337 0.5820343969726562 0.30434206933333335
1 0.5110007475585937 0.6350670526666667 0.51481904296875 0.6305432266666666 0.514530658203125 0.6227736553333333 0.511432951171875 0.6177579986666666 0.5061016948242187 0.6166763106666666 0.50343619140625 0.6208066713333333 0.5044449150390625 0.6288713413333333 0.5106535395507813 0.6347025186666666 0.5110007475585937 0.6350670526666667
1 0.3425381357421875 0.7165231446666667 0.34232203369140624 0.700394486 0.32949850439453127 0.7007879506666667 0.33117048876953126 0.7168430906666667 0.3425381357421875 0.7165231446666667
1 0.2155276669921875 0.5232957793333334 0.22410069775390626 0.5182801226666667 0.2268382353515625 0.509723962 0.226766201171875 0.5028396866666667 0.22539730810546876 0.49811912866666663 0.2199222333984375 0.4999877466666667 0.21480707861328124 0.5049050373333334 0.2132223330078125 0.5101174266666667 0.21200174462890625 0.5233366233333334 0.2155276669921875 0.5232957793333334
1 0.3540648056640625 0.21361708666666668 0.33281231298828123 0.20388053066666664 0.31970064794921876 0.22000953 0.339944666015625 0.22915588866666667 0.3540648056640625 0.21361708666666668
1 0.3184040380859375 0.21715758999999998 0.334469341796875 0.20702790999999998 0.32697706884765626 0.17939244399999998 0.3125685444335938 0.1919805993333333 0.317875623046875 0.21691388666666667 0.3184040380859375 0.21715758999999998
1 0.3876702392578125 0.322649762 0.3952412763671875 0.31727535733333334 0.39296984033203125 0.30962695733333334 0.38676171484375 0.30280565000000004 0.37752517431640625 0.30404594933333334 0.3714683447265625 0.3106606533333333 0.37222532421875 0.31603505800000004 0.3790393818359375 0.323062968 0.3876702392578125 0.322649762
1 0.3952933701171875 0.4213151806666666 0.4143723828125 0.40477876133333335 0.4127066298828125 0.385348196 0.40861839501953123 0.38472804600000005 0.39423354931640625 0.39175629666666667 0.3921136591796875 0.401884956 0.390598953125 0.4227045606666666 0.3952933701171875 0.4213151806666666
1 0.16086241259765624 0.9613825733333333 0.1709202392578125 0.9500405040000001 0.1783541875 0.9479513273333333 0.18819317041015626 0.9413846153333334 0.1805406279296875 0.918103472 0.1626116650390625 0.8873601086666666 0.1518980556640625 0.8634816200000001 0.11341625146484376 0.9106412526666666 0.13047058837890624 0.9401906059999999 0.138560568359375 0.9578008846666667 0.1502477568359375 0.9657964600000001 0.16086241259765624 0.9613825733333333
1 0.7059598706054687 0.380411164 0.7132781655273438 0.377855344 0.7146398305664062 0.3720469706666667 0.7097041376953125 0.3613597686666667 0.7018753740234375 0.36182436999999995 0.6957485043945313 0.36507726333333335 0.6952377866210937 0.370885296 0.69891799609375 0.38056807333333337 0.7059598706054687 0.380411164
1 0.8223713857421875 0.50498162 0.8302001494140625 0.5042845473333334 0.8344548852539062 0.496385296 0.8358165502929688 0.4789601766666666 0.8196483051757812 0.486162696 0.8191375874023438 0.4910415246666667 0.8184219838867187 0.5045292713333334 0.8223713857421875 0.50498162
1 0.0235874873046875 0.09905445866666668 0.02988459619140625 0.06420456066666667 0.01167397802734375 0.05978999333333333 0.00487637109375 0.09080292733333332 0.0235874873046875 0.09905445866666668
1 0.23934396826171875 0.3764230766666667 0.28223230322265624 0.376190606 0.2904015454101562 0.32507726333333337 0.2514274677734375 0.321127638 0.24005383837890626 0.3763839346666667 0.23934396826171875 0.3764230766666667
1 0.3256311064453125 0.2589394146666667 0.31439855419921875 0.243140912 0.29840054833984375 0.2580102113333333 0.313037138671875 0.27404118466666666 0.3256311064453125 0.2589394146666667
1 0.604699900390625 0.098047992 0.6019768193359375 0.085966644 0.5929566298828125 0.09061334266666667 0.59550124609375 0.10231007466666667 0.604699900390625 0.098047992
1 0.6220595712890625 0.12244315866666666 0.62427218359375 0.11919026533333332 0.6261443168945312 0.11454356733333333 0.6261443168945312 0.10710891733333333 0.6215491025390625 0.10617971400000001 0.6189960122070313 0.108270592 0.6159327016601562 0.11454356733333333 0.6174643569335938 0.12104901266666666 0.6220595712890625 0.12244315866666666
1 0.47075897314453125 0.192763104 0.4850550849609375 0.18858100733333333 0.481140578125 0.172085432 0.47552417724609375 0.169994214 0.45850498486328123 0.1764996593333333 0.4614424228515625 0.19331926466666668 0.47075897314453125 0.192763104
1 0.5730443666992188 0.3331320626666667 0.5752567299804687 0.320353642 0.5638539379882812 0.3191919673333333 0.5613010966796875 0.32918243733333336 0.5730443666992188 0.3331320626666667
1 0.5728741274414062 0.3709254593333333 0.5655558325195312 0.3611674606666666 0.5550039877929688 0.37115759000000004 0.5617951147460938 0.38004526866666666 0.5728741274414062 0.3709254593333333
1 0.4745029912109375 0.43311368266666667 0.4649723330078125 0.43473995933333337 0.46139830517578123 0.43892205600000006 0.46854636083984375 0.44496255933333334 0.47369915234375 0.4443791693333333 0.4826722333984375 0.4393866573333333 0.4745029912109375 0.43311368266666667
1 0.49441550341796875 0.5505973453333334 0.500542373046875 0.5501324026666667 0.50905209375 0.5512940773333334 0.511094466796875 0.53921307 0.5064992524414063 0.538748128 0.49798953125 0.5347985026666667 0.49390503466796876 0.5334046973333333 0.4886291127929687 0.535263104 0.4870972084960937 0.5426977533333334 0.491318294921875 0.5505568413333333 0.49441550341796875 0.5505973453333334
1 0.49730882373046875 0.689881552 0.4981597705078125 0.68174983 0.49577716845703124 0.67919435 0.4903310068359375 0.6805881553333334 0.4905523427734375 0.6902089859999999 0.49730882373046875 0.689881552
1 0.5658963110351563 0.609183458 0.5640241772460938 0.6054663033333333 0.5592587236328125 0.6026783526666667 0.5560251743164063 0.6068601086666666 0.5585780161132813 0.613598026 0.5660082250976562 0.6143679373333334 0.5658963110351563 0.609183458
1 0.5999346958007813 0.15338189266666666 0.6002749252929688 0.15012899933333335 0.6016365903320312 0.14385602466666667 0.5951692421875 0.139674268 0.5909145063476563 0.14176514666666667 0.5892126123046875 0.148270592 0.5934673481445313 0.15291729066666668 0.5985655532226563 0.15409121866666667 0.5999346958007813 0.15338189266666666
1 0.40332926220703125 0.36962695733333334 0.3999254736328125 0.35777807999999994 0.39413883349609374 0.35243430933333336 0.38818220361328126 0.35220183800000004 0.38750149560546876 0.3705561606666667 0.3900543369140625 0.38170830466666666 0.4016904287109375 0.384229408 0.40332926220703125 0.36962695733333334
1 0.2381689931640625 0.5558080326666667 0.22440503466796874 0.547540504 0.21636664990234375 0.5645265486666666 0.2291924228515625 0.5726208306666667 0.2381689931640625 0.5558080326666667
1 0.1208988037109375 0.305427502 0.1255234296875 0.28738938066666664 0.1109885341796875 0.28032437 0.1057809072265625 0.2988516 0.1208988037109375 0.305427502
1 0.8280249252929688 0.40823383266666663 0.8367073779296875 0.4036929886666667 0.8324586240234375 0.39637746733333334 0.8252539877929688 0.3880527566666666 0.8149090229492187 0.3878005446666667 0.8041944169921875 0.39385500333333334 0.8071500498046875 0.405711368 0.81786465625 0.4099996593333334 0.8280249252929688 0.40823383266666663
1 0.3471637587890625 0.10047209 0.3517821533203125 0.09744520066666666 0.35325997021484373 0.08735432266666666 0.3495653041992188 0.08382266866666667 0.3432843969726562 0.08735432266666666 0.33903564306640627 0.09542682066666666 0.3412522431640625 0.09794962533333335 0.3451318544921875 0.100724302 0.3471637587890625 0.10047209
1 0.18414955126953125 0.47798196066666665 0.18794541357421876 0.454257318 0.1875074775390625 0.450668822 0.17290777685546874 0.45545336933333336 0.16867372900390626 0.46163376466666667 0.16458574267578124 0.47220047666666665 0.1648778662109375 0.4865547993333333 0.18414955126953125 0.47798196066666665
1 0.144438185546875 0.8354482639999999 0.14983997998046875 0.8320588833333333 0.1580159521484375 0.824283526 0.15655583251953126 0.819100068 0.15290603173828124 0.8133185839999999 0.15582602197265624 0.8067392786666666 0.16195787646484375 0.7935810073333334 0.15830782666015625 0.7824166100000001 0.1464820537109375 0.773644316 0.1308604189453125 0.770653846 0.12180857421875 0.7957739960000001 0.11655259228515626 0.820894486 0.12516650048828126 0.827872362 0.13626221337890626 0.8382392786666666 0.144438185546875 0.8354482639999999
1 0.12385244287109375 0.6881157246666667 0.154804087890625 0.6921027913333334 0.1702796611328125 0.6923022466666666 0.17743369873046874 0.681336964 0.17553564306640626 0.6713686179999999 0.19334720849609374 0.6602042206666666 0.1894052841796875 0.6538243699999999 0.18181355908203126 0.6430585433333333 0.1685276669921875 0.6344857046666667 0.14969416748046874 0.633488768 0.1253125625 0.624716814 0.12137063818359375 0.6330901973333334 0.11888858447265625 0.654023826 0.1093988037109375 0.6578117766666667 0.112026669921875 0.6687770593333333 0.12312263232421874 0.6891123213333333 0.12385244287109375 0.6881157246666667
1 0.15334396826171875 0.608368618 0.153636091796875 0.5930173586666666 0.16268793603515624 0.5894285226666667 0.1610817548828125 0.5860394826666666 0.15655583251953126 0.5772671886666667 0.14181031884765624 0.5742767186666666 0.13305034912109376 0.5776657593333333 0.130422482421875 0.5898274333333333 0.13494840478515624 0.5956089173333333 0.13743020947265625 0.6111596326666667 0.15334396826171875 0.608368618
1 0.6656954135742188 0.38349829799999996 0.6692696909179687 0.38255377799999996 0.66800124609375 0.3772008166666667 0.665234296875 0.37641388666666664 0.6620062314453125 0.3775156566666667 0.6632744267578125 0.38365588866666667 0.6656954135742188 0.38349829799999996
1 0.5920388833007812 0.5747270253333333 0.6032609672851562 0.5722368959999999 0.6108357426757812 0.5760677333333333 0.6150438681640625 0.5756848193333334 0.624021435546875 0.5617014973333333 0.6223382353515625 0.5601691626666666 0.6149037885742188 0.561318244 0.61546485546875 0.5553801906666667 0.6202340478515626 0.5490588833333334 0.6108357426757812 0.5475265486666666 0.6029803090820313 0.548292716 0.5965276669921875 0.552123894 0.5893738784179687 0.558253574 0.5871293618164063 0.566681756 0.5879710869140625 0.575301566 0.5920388833007812 0.5747270253333333
1 0.05730383837890625 0.7644067393333334 0.05982951123046875 0.7694479240000001 0.06585269189453125 0.7760810073333334 0.079647806640625 0.7705091900000001 0.08275648046875 0.7532634446666666 0.09111141552734375 0.7426504426666667 0.07129312060546875 0.7426504426666667 0.0590523427734375 0.7495486726666666 0.05128040869140625 0.764672226 0.05730383837890625 0.7644067393333334
1 0.28385368896484375 0.9434996593333334 0.2789962612304687 0.92121273 0.25470912255859374 0.9286415926666667 0.2582066298828125 0.9490714773333334 0.28385368896484375 0.9434996593333334
1 0.37655782666015625 0.6259543906666667 0.38339331982421876 0.6294040166666667 0.392309322265625 0.6257511913333333 0.39409247265625 0.6192579986666666 0.40211664990234375 0.6196637166666666 0.39810468603515625 0.5995748806666666 0.3926064306640625 0.5898345813333333 0.3798270190429687 0.5880085093333333 0.37328863427734377 0.5847617426666667 0.3703167998046875 0.5908492173333333 0.3655615654296875 0.595922056 0.3636298603515625 0.6113441113333333 0.37655782666015625 0.618040504 0.37655782666015625 0.6259543906666667
1 0.42618968115234374 0.6316358066666666 0.42886440673828125 0.6204754933333334 0.4203943168945313 0.6166198093333334 0.417422482421875 0.6271718853333333 0.42618968115234374 0.6316358066666666
1 0.15546984033203126 0.14705718199999998 0.16119541357421874 0.14382164733333333 0.15862886328125 0.14058645333333333 0.1505338984375 0.13465486733333334 0.14540054833984375 0.13492443866666667 0.13868768701171874 0.13789040133333333 0.14401844482421874 0.143552076 0.1509287138671875 0.14813546600000002 0.15546984033203126 0.14705718199999998
1 0.049445912109375 0.6032392786666667 0.0549743271484375 0.5997345133333333 0.06306904296875 0.6000040846666667 0.06682053857421875 0.5973080326666667 0.06563584228515625 0.5913764466666667 0.05596136572265625 0.5905677333333333 0.04924850439453125 0.5873321986666666 0.04273305078125 0.5862539139999999 0.030689431640625 0.5970384613333333 0.03957402783203125 0.600812798 0.04707676953125 0.6045874746666666 0.049445912109375 0.6032392786666667
1 0.10926944189453125 0.45010006799999996 0.09722582275390625 0.45306603133333334 0.1007796611328125 0.46762491466666667 0.1142053837890625 0.4654680053333333 0.10926944189453125 0.45010006799999996
1 0.7387392822265625 0.7288710006666667 0.7151064306640625 0.7083995913333333 0.7022315551757813 0.7250173586666666 0.7265700400390624 0.745729408 0.7387392822265625 0.7288710006666667
1 0.5171527915039063 0.7808669159999999 0.5017205883789062 0.7814605173333333 0.501503240234375 0.7853189246666668 0.4965042373046875 0.7856157246666666 0.49411340966796874 0.791552076 0.510632103515625 0.797784888 0.5234558823242188 0.7971912866666666 0.5171527915039063 0.7808669159999999
1 0.377612662109375 0.7853189246666668 0.3589202392578125 0.78828693 0.35718145556640624 0.7960040846666667 0.3623980556640625 0.8167804626666666 0.38478514453125 0.8149996593333334 0.377612662109375 0.7853189246666668
1 0.42552218359375 0.8009605173333333 0.42539134130859374 0.8104328326666667 0.42963409765625 0.811284888 0.4338786142578125 0.8116470386666667 0.43493968115234377 0.8083866573333333 0.44289830517578127 0.8116470386666667 0.4414391826171875 0.8015037439999999 0.43692946142578126 0.8018658953333333 0.434276669921875 0.8000547993333333 0.42989930224609374 0.7993301566666667 0.42552218359375 0.8009605173333333
1 0.38872382861328125 0.7522644653333334 0.3882375375976562 0.73749047 0.37219117626953124 0.7436324026666666 0.37377168505859376 0.7572443839999999 0.38872382861328125 0.7522644653333334
1 0.29780583251953124 0.5078635126666666 0.28394715869140624 0.4992188566666667 0.27744541357421876 0.5169754933333334 0.29096211376953124 0.52562015 0.29780583251953124 0.5078635126666666
1 0.318508474609375 0.6263192646666667 0.3164553837890625 0.6134690266666667 0.3065316552734375 0.6139363513333334 0.3099536391601562 0.627020082 0.318508474609375 0.6263192646666667
1 0.25948030908203124 0.7550551393333333 0.27043045849609376 0.7375323346666667 0.254176470703125 0.73005582 0.24527941162109376 0.7473451326666667 0.25948030908203124 0.7550551393333333
1 0.7675548354492188 0.739770592 0.7734189931640625 0.739770592 0.7820755234375 0.7321443160000001 0.7815171982421875 0.7287123893333334 0.7882190927734375 0.7241364873333334 0.769509720703125 0.7119339686666667 0.7639247255859375 0.7168914226666667 0.7588983051757813 0.7157474473333333 0.7446567797851562 0.72680565 0.7647624624023438 0.74129612 0.7675548354492188 0.739770592
1 0.67311590234375 0.311376106 0.6759065302734375 0.30637440466666666 0.6680578266601562 0.30161096000000004 0.6645695415039062 0.3080415246666667 0.6717205883789062 0.31185228066666665 0.67311590234375 0.311376106
1 0.48910069775390624 0.08741729066666666 0.48018793603515625 0.08194043599999999 0.47461739794921876 0.09076446533333332 0.48353015966796875 0.095937032 0.48910069775390624 0.08741729066666666
1 0.49199750732421876 0.09867563 0.483307328125 0.09715418666666667 0.4819705883789063 0.10719537133333333 0.4897691923828125 0.10993396866666666 0.49199750732421876 0.09867563
1 0.38793993017578127 0.12910313133333334 0.38548878369140627 0.11997481266666667 0.3763531904296875 0.12575595666666667 0.381255234375 0.13397140933333332 0.38793993017578127 0.12910313133333334
1 0.55059247265625 0.8278597686666667 0.5466625126953125 0.8148669159999999 0.5363202890625 0.8148669159999999 0.5388023427734375 0.8284247786666666 0.55059247265625 0.8278597686666667
1 0.5363202890625 0.405587134 0.5261849453125 0.40445711399999995 0.5224618642578125 0.4143430906666667 0.5317696909179688 0.41490810066666667 0.5363202890625 0.405587134
1 0.47033723828125 0.5002100066666667 0.46164980078125 0.49258373066666666 0.452341724609375 0.5027522126666667 0.462270189453125 0.511790674 0.47033723828125 0.5002100066666667
1 0.07615054833984375 0.3218485366666667 0.079647806640625 0.318929884 0.0833394814453125 0.3138887 0.08644815576171876 0.316011232 0.08528240283203126 0.3282161333333333 0.097328763671875 0.3221136826666667 0.10082627099609374 0.3146848193333333 0.101797607421875 0.30592920333333334 0.1010204384765625 0.3011531653333333 0.094608673828125 0.2998267526666667 0.087613908203125 0.28762185133333334 0.07129312060546875 0.29478556866666666 0.06585269189453125 0.30645983666666665 0.07556754736328125 0.3223791693333333 0.07615054833984375 0.3218485366666667
1 0.6224910268554688 0.49196834600000006 0.6200947158203125 0.485014976 0.6118078266601562 0.490877808 0.6141041875 0.4966041526666667 0.6224910268554688 0.49196834600000006
1 0.5299349453125 0.9731245746666667 0.52244666015625 0.9683526206666667 0.5162562314453125 0.9803509186666667 0.5240441176757813 0.9838958473333334 0.5299349453125 0.9731245746666667
1 0.36519317041015625 0.9234877466666667 0.3682485043945313 0.9126824373333334 0.3604925224609375 0.9138594280000001 0.3576722333984375 0.92412968 0.36519317041015625 0.9234877466666667
1 0.11154511474609374 0.7529329473333334 0.11493220361328126 0.7516715453333332 0.117241525390625 0.746625936 0.1112370390625 0.7470462900000001 0.10384720849609375 0.7424210346666668 0.09845887353515625 0.7445234853333333 0.0996904287109375 0.7489383933333333 0.10785019921875 0.75419435 0.11154511474609374 0.7529329473333334
1 0.4611541435546875 0 0.4600984545898438 0.007208986 0.45186241259765625 0.011957454000000001 0.45991525439453124 0.021954390666666667 0.467968095703125 0.03320081666666667 0.4807794116210938 0.022454390666666667 0.4767529912109375 0.018205582 0.49176046875 0.011457794666666667 0.4900124248046875 0 0.4611541435546875 0
1 0.554410767578125 0.03887848866666666 0.5575261713867188 0.039433628 0.5595580756835937 0.03721375066666666 0.5595580756835937 0.031479917999999996 0.5557654536132812 0.028150442666666668 0.5510244267578125 0.028335262 0.5504825522460938 0.032959496000000005 0.55183723828125 0.03721375066666666 0.554410767578125 0.03887848866666666
1 0.23959496533203126 0.4774523486666667 0.249449900390625 0.47408815533333337 0.25163983056640626 0.45913546600000005 0.2521874375 0.4359584753333334 0.23329860400390626 0.4423134786666667 0.23220363916015624 0.478200136 0.23959496533203126 0.4774523486666667
1 0.927479810546875 0.6812253233333333 0.9112078764648438 0.6501170866666667 0.8940483549804688 0.6662770593333333 0.9153497006835938 0.6957692306666666 0.927479810546875 0.6812253233333333
1 0.5020717846679688 0.22782845466666668 0.5124132602539062 0.21590401666666667 0.5112642075195313 0.20617597000000001 0.5186181455078125 0.20084138866666668 0.5186181455078125 0.19331007466666666 0.506897806640625 0.18703403666666668 0.4988544365234375 0.20052757000000002 0.48943220361328127 0.20617597000000001 0.5013823530273438 0.22720081666666667 0.5020717846679688 0.22782845466666668
1 0.079952392578125 0.9496123213333334 0.07568993017578125 0.940701838 0.064100947265625 0.942520082 0.05810668017578125 0.956340708 0.0722265703125 0.9657968006666666 0.079952392578125 0.9496123213333334
1 0.254651046875 0.7127137506666666 0.242928962890625 0.6996208306666667 0.2340042373046875 0.7127137506666666 0.2446605185546875 0.725988768 0.254651046875 0.7127137506666666
1 0.135958375 0.15156705266666667 0.12823155517578125 0.14798808733333335 0.12271236279296875 0.14817665066666666 0.116089232421875 0.15363921066666666 0.12823155517578125 0.16023213066666667 0.13844217333984374 0.155836964 0.135958375 0.15156705266666667
1 0.13333673974609375 0.14685806666666668 0.1369244765625 0.14290231466666667 0.129059322265625 0.13499081 0.11898678955078125 0.12877433600000002 0.1082243271484375 0.136309394 0.11898678955078125 0.14742307666666665 0.13333673974609375 0.14685806666666668
1 0.188391326171875 0.142894486 0.17762886328125 0.13611334266666666 0.17652492529296876 0.14967597000000002 0.1852178466796875 0.15696732466666666 0.188391326171875 0.142894486
1 0.11112188427734375 0.5106848193333333 0.10049725830078125 0.5127566373333333 0.10091126611328124 0.5195381213333333 0.1031188935546875 0.5253774673333333 0.11388135595703125 0.5244356706666666 0.11774501513671876 0.520431586 0.11112188427734375 0.5106848193333333
1 0.2172295615234375 0.4644179713333333 0.2101924228515625 0.463664738 0.2088125625 0.46818550066666664 0.211572283203125 0.47402484666666667 0.21971311083984374 0.47572021800000003 0.2172295615234375 0.4644179713333333
1 0.31712811572265626 0.41129033333333337 0.3056754736328125 0.407711368 0.3015361416015625 0.42296902666666664 0.3129885341796875 0.42372260066666667 0.31712811572265626 0.41129033333333337
1 0.28691002001953125 0.421273996 0.27159421728515626 0.41976684799999997 0.2695244267578125 0.43276446533333335 0.28028688916015626 0.43408305 0.2852542373046875 0.431257318 0.28691002001953125 0.421273996
1 0.26000373876953126 0.39659734533333335 0.256554087890625 0.3900044246666666 0.24786141552734375 0.3915115726666667 0.25200074755859375 0.3981044926666667 0.26000373876953126 0.39659734533333335
1 0.3669391826171875 0.18802586799999998 0.3554867895507812 0.18538870000000002 0.35562487548828126 0.1959373726666667 0.3676291127929687 0.19970490133333332 0.3669391826171875 0.18802586799999998
1 0.5739803090820312 0.21799625600000003 0.5738422231445313 0.21291048333333334 0.5658394814453125 0.21008475133333332 0.5604581254882812 0.21291048333333334 0.5654254736328125 0.21931484 0.5739803090820312 0.21799625600000003
1 0.762048853515625 0.5930102113333333 0.7526662514648438 0.5835915586666667 0.7456291127929687 0.5890544586666666 0.7537699399414063 0.5998512593333333 0.762048853515625 0.5930102113333333
1 0.5284464106445312 0.5442246426666666 0.5262387836914062 0.5393270933333333 0.5215473579101563 0.5400806673333333 0.5230650546875 0.5461082366666667 0.5283773676757813 0.5475643293333333 0.5284464106445312 0.5442246426666666
1 0.5007121137695313 0.5879264806666666 0.5019541376953125 0.5828403673333333 0.5106468095703125 0.577377808 0.507473330078125 0.5704081006666667 0.5033337485351562 0.5707848879999999 0.50002218359375 0.576059224 0.493537138671875 0.5762474473333333 0.49381306103515626 0.5864193326666667 0.49643469580078126 0.590751872 0.5007121137695313 0.5879264806666666
1 0.5236171484375 0.77051838 0.5160281655273438 0.7618533013333334 0.5058175473632812 0.7592161333333334 0.50057427734375 0.7618533013333334 0.5094050346679687 0.7746623553333334 0.5236171484375 0.77051838
1 0.5237549848632812 0.7622300886666666 0.5327238286132813 0.7578975493333334 0.5320338984375 0.749044248 0.5280324028320312 0.7458420693333334 0.5196156528320313 0.7467838666666666 0.512164755859375 0.7507396186666666 0.5078870888671875 0.7599697073333334 0.51906380859375 0.7634948946666666 0.5237549848632812 0.7622300886666666
1 0.5465219340820312 0.7424513273333334 0.53713933203125 0.7373652146666667 0.5363113159179688 0.755637168 0.5484536391601562 0.7590279099999999 0.5465219340820312 0.7424513273333334
1 0.5105089731445313 0.8894104833333334 0.5087151044921875 0.8833825733333334 0.498090478515625 0.8799918313333333 0.49602093701171873 0.8901640573333334 0.5065074775390624 0.893177672 0.5105089731445313 0.8894104833333334
1 0.4876039379882813 0.8308274333333334 0.4898115654296875 0.8251763106666667 0.4811188935546875 0.8210323346666667 0.4768414755859375 0.8244227366666668 0.47849725830078127 0.8323345813333334 0.482015703125 0.8386749486666666 0.4876039379882813 0.8308274333333334
1 0.15527592236328125 0.7221068753333334 0.13940802587890624 0.7222950986666666 0.134578763671875 0.7268162013333334 0.13388883349609376 0.7420742 0.14368544384765625 0.7473485366666667 0.15610368896484375 0.7467831859999999 0.163692671875 0.7465949626666667 0.16769416748046875 0.7430159973333332 0.1712816552734375 0.7347277059999999 0.16783225341796876 0.7261875426666667 0.15527592236328125 0.7221068753333334
1 0.20757078759765624 0.9451749486666666 0.220403041015625 0.9427263446666666 0.224956380859375 0.9363216473333333 0.225094466796875 0.9314240979999999 0.2239905283203125 0.9242661673333333 0.22330059814453124 0.9186150439999999 0.21916126611328124 0.9123989106666667 0.20936465625 0.9108917633333333 0.202189431640625 0.9144707286666667 0.202189431640625 0.9250194006666668 0.19653240283203124 0.93537985 0.20660493505859376 0.9447985026666667 0.20757078759765624 0.9451749486666666
1 0.2736637587890625 0.8929891080000001 0.28277068798828126 0.8807450646666666 0.27435368896484374 0.8666170866666666 0.2583479560546875 0.8720799866666666 0.24082427734375 0.8877147719999999 0.26221136572265624 0.8992052413333332 0.2736637587890625 0.8929891080000001
1 0.29587886328125 0.7631790333333334 0.2947749252929687 0.7667583393333333 0.29629287158203127 0.7776837986666666 0.3037437685546875 0.7786255953333333 0.30512362890625 0.7716558886666667 0.30912512451171875 0.7673233493333333 0.3200256728515625 0.7675115726666666 0.320991525390625 0.7624257999999999 0.3175418745117187 0.7400095299999999 0.30222607177734373 0.740951668 0.297810568359375 0.7486746086666667 0.29601694921875 0.7646861813333333 0.29587886328125 0.7631790333333334
1 0.38249102685546876 0.6415987066666666 0.3783514458007812 0.638544248 0.3716388334960937 0.6388495573333333 0.37107951123046873 0.642820626 0.3720862412109375 0.6493883593333333 0.37779212353515623 0.6495411846666667 0.38249102685546876 0.6415987066666666
1 0.34866101708984376 0.807568754 0.3498043369140625 0.806983322 0.35366350927734375 0.7978127979999999 0.3523771186523437 0.7919588153333335 0.3490897309570313 0.7843492173333334 0.3433726323242188 0.7911783526666667 0.34265802587890626 0.7976174266666667 0.348160767578125 0.80790742 0.34866101708984376 0.807568754
1 0.5436156528320313 0.5184251193333334 0.5471532900390625 0.5113321986666667 0.5436156528320313 0.5086157246666667 0.539636091796875 0.5089176313333333 0.53709371875 0.512841048 0.5364304584960937 0.518273996 0.5406311064453125 0.5210452686666667 0.5436156528320313 0.5184251193333334
1 0.55864980078125 0.5065027226666667 0.556991525390625 0.4917134106666667 0.548479810546875 0.4927699113333333 0.5498063310546875 0.5058992513333334 0.55864980078125 0.5065027226666667
1 0.5101742275390625 0.4249948946666667 0.5067848955078125 0.41555548 0.49526096728515623 0.41907215800000003 0.4982437685546875 0.43036215133333333 0.5097676967773438 0.4298070113333333 0.5101742275390625 0.4249948946666667
1 0.34382951123046873 0.077857386 0.3502008974609375 0.06025833933333333 0.33493893310546874 0.04812151133333333 0.3290119638671875 0.06511334266666666 0.34382951123046873 0.078868618 0.34382951123046873 0.077857386
1 0.3263449653320312 0.063292716 0.3048596708984375 0.05641524866666667 0.29997008984375 0.06652927133333333 0.3087121137695312 0.07866644 0.32649302099609373 0.08114159266666666 0.3263449653320312 0.063292716
1 0.1867724326171875 0.23237644666666665 0.19458549365234376 0.22854322666666668 0.18811540380859376 0.22121034733333333 0.18323230322265624 0.22604356733333333 0.1854297109375 0.23087644666666665 0.1867724326171875 0.23237644666666665
1 0.21924501513671876 0.5941048333333333 0.2252268193359375 0.581438734 0.21094391845703125 0.578605854 0.2070373876953125 0.5919383933333333 0.21924501513671876 0.5934383933333334 0.21924501513671876 0.5941048333333333
1 0.8783933198242188 0.497451668 0.8594621137695313 0.4776695033333333 0.8505807578125 0.49170830466666665 0.8692781655273437 0.5143621513333333 0.8783933198242188 0.497451668
1 0.87979561328125 0.19171885666666666 0.8924162514648437 0.18980462866666667 0.8800291625976563 0.16715078266666666 0.8650712861328125 0.16300306333333334 0.8470750249023438 0.168746086 0.8646039379882813 0.19209836600000002 0.87979561328125 0.19171885666666666
1 0.848944666015625 0.15405582 0.85198305078125 0.14607930533333333 0.8402971088867187 0.125977876 0.8269750747070312 0.13172123866666668 0.8393621635742188 0.15619366933333334 0.848944666015625 0.15405582
1 0.8405309072265625 0.6681790333333333 0.845205134765625 0.6633931246666667 0.8449715854492188 0.6506303606666667 0.8349214853515625 0.6503114366666667 0.8358564306640625 0.6693955073333333 0.8405309072265625 0.6681790333333333
1 0.733955134765625 0.811187202 0.7255413759765625 0.7984244386666666 0.7136216352539062 0.812144656 0.7225029912109375 0.8258645339999999 0.733955134765625 0.811187202
1 0.7278786142578125 0.7760898573333334 0.7133880859375 0.774494554 0.71105084765625 0.784066712 0.7187634594726563 0.7875762426666667 0.7269436689453125 0.7843856366666667 0.7278786142578125 0.7760898573333334
1 0.5026807080078125 0.16117699133333332 0.5110486040039063 0.158146018 0.5086577768554688 0.149520082 0.5004606181640625 0.15045234866666668 0.49619117626953124 0.15418277733333333 0.4941418247070313 0.15931177666666668 0.49841126611328124 0.16374132066666666 0.5026807080078125 0.16117699133333332
1 0.581408275390625 0.43796187866666664 0.585677716796875 0.43609666466666663 0.5774805581054687 0.41837814866666667 0.5684294614257812 0.4109176313333333 0.5559626123046875 0.40928556866666665 0.5510102192382812 0.413948264 0.5586951645507813 0.4242066033333333 0.5670630610351562 0.43306569066666667 0.5767973579101563 0.4370292713333333 0.581408275390625 0.43796187866666664
1 0.5508394814453125 0.42443975466666667 0.5564750747070313 0.42164193333333333 0.550498005859375 0.414414568 0.54144666015625 0.411850238 0.5373482055664063 0.41604663066666664 0.5399097705078125 0.42257454066666666 0.5477654536132812 0.42677093266666666 0.5508394814453125 0.42443975466666667
1 0.58072532421875 0.4505513953333333 0.5663801098632812 0.44518924466666665 0.56211066796875 0.45544724333333336 0.5778220336914063 0.46197515333333333 0.58072532421875 0.4505513953333333
1 0.5843115654296875 0.628960858 0.5783342470703124 0.6187028593333334 0.56860019921875 0.6228992513333333 0.5728696411132812 0.6338567053333334 0.5843115654296875 0.628960858
1 0.4157557329101563 0.931066712 0.41678040869140626 0.9093846153333334 0.40106904296875 0.908918312 0.4002151044921875 0.917544588 0.40311839501953123 0.9317661673333334 0.4157557329101563 0.931066712
1 0.27793968115234374 0.29093499 0.27674426708984373 0.27624710666666663 0.26444840478515624 0.276946562 0.26632701904296874 0.29227433599999997 0.27793968115234374 0.29093499
1 0.015201146484375 0.8640374406666667 0.02339830517578125 0.8605401633333333 0.02800922216796875 0.8570432266666667 0.0304000498046875 0.8481837986666666 0.01707951123046875 0.8458522806666666 0.0071744765625 0.8500490126666667 0.002222083984375 0.8544785566666666 0.00965079736328125 0.8642066033333334 0.015201146484375 0.8640374406666667
1 0.42248454638671873 0.7464414566666666 0.42248454638671873 0.7405653506666666 0.41235692919921874 0.7383185839999999 0.40855907275390624 0.7441946899999999 0.41299002978515625 0.7507620833333334 0.42121859423828123 0.7507174946666667 0.42248454638671873 0.7464414566666666
1 0.45172806591796877 0.7587120493333334 0.44755059814453124 0.7550827093333334 0.44577816552734373 0.758366576 0.4455249252929688 0.766489108 0.4521079262695312 0.7692545946666668 0.45172806591796877 0.7587120493333334