1 0.837646484375 0.8783333333333333 0.845703125 0.8793333333333333 0.848388671875 0.877 0.851318359375 0.8716666666666667 0.858154296875 0.857 0.860107421875 0.8503333333333334 0.86865234375 0.8336666666666667 0.869384765625 0.8256666666666667 0.86767578125 0.8146666666666667 0.86181640625 0.805 0.853759765625 0.7983333333333333 0.845947265625 0.7956666666666666 0.84130859375 0.7956666666666666 0.834716796875 0.798 0.826171875 0.7973333333333333 0.821044921875 0.7983333333333333 0.817138671875 0.803 0.810546875 0.8143333333333334 0.803955078125 0.8296666666666667 0.8037109375 0.838 0.80712890625 0.857 0.808837890625 0.8596666666666667 0.837646484375 0.8783333333333333
1 0.875732421875 0.693 0.888916015625 0.7003333333333334 0.904052734375 0.714 0.910888671875 0.7126666666666667 0.92724609375 0.7046666666666667 0.9296875 0.7006666666666667 0.932373046875 0.689 0.93212890625 0.6813333333333333 0.92529296875 0.675 0.919677734375 0.667 0.904296875 0.6606666666666666 0.900146484375 0.662 0.868896484375 0.654 0.865234375 0.6556666666666666 0.86083984375 0.6603333333333333 0.858642578125 0.6683333333333333 0.85791015625 0.6773333333333333 0.861328125 0.6843333333333333 0.872314453125 0.689 0.875732421875 0.693
1 0.927001953125 0.6443333333333333 0.93896484375 0.65 0.944580078125 0.6503333333333333 0.95263671875 0.6466666666666666 0.958251953125 0.639 0.966552734375 0.625 0.968505859375 0.615 0.966552734375 0.6113333333333333 0.948486328125 0.6026666666666667 0.923828125 0.6033333333333334 0.91943359375 0.6063333333333333 0.912353515625 0.6163333333333333 0.908203125 0.62 0.904052734375 0.626 0.900390625 0.635 0.900146484375 0.642 0.9013671875 0.6446666666666667 0.911865234375 0.6496666666666666 0.927001953125 0.6443333333333333
1 0.965576171875 0.6853333333333333 0.96728515625 0.6773333333333333 0.967041015625 0.6576666666666666 0.968017578125 0.654 0.968017578125 0.6463333333333333 0.96630859375 0.6433333333333333 0.962158203125 0.6406666666666667 0.958740234375 0.642 0.954345703125 0.6466666666666666 0.95263671875 0.65 0.94970703125 0.669 0.949462890625 0.6856666666666666 0.950439453125 0.687 0.958984375 0.6883333333333334 0.965576171875 0.6853333333333333
1 0.734375 0.5906666666666667 0.744140625 0.6 0.751708984375 0.602 0.765869140625 0.601 0.7734375 0.59 0.774658203125 0.5846666666666667 0.774658203125 0.568 0.776611328125 0.5533333333333333 0.77685546875 0.5336666666666666 0.775634765625 0.529 0.76708984375 0.5163333333333333 0.763427734375 0.5143333333333333 0.74755859375 0.5143333333333333 0.743408203125 0.515 0.736328125 0.52 0.732177734375 0.518 0.72314453125 0.53 0.719482421875 0.5326666666666666 0.71630859375 0.533 0.712890625 0.5363333333333333 0.718017578125 0.5753333333333334 0.720947265625 0.58 0.7255859375 0.5843333333333334 0.734375 0.5906666666666667
1 0.779541015625 0.648 0.78955078125 0.6386666666666667 0.795654296875 0.6306666666666667 0.797119140625 0.627 0.796142578125 0.6236666666666667 0.791748046875 0.619 0.79052734375 0.6116666666666667 0.791259765625 0.607 0.79736328125 0.599 0.796875 0.5916666666666667 0.787353515625 0.5836666666666667 0.7822265625 0.5833333333333334 0.77392578125 0.59 0.771240234375 0.5956666666666667 0.767822265625 0.5993333333333334 0.7587890625 0.605 0.755615234375 0.6033333333333334 0.751953125 0.6043333333333333 0.749267578125 0.6123333333333333 0.7490234375 0.62 0.751953125 0.6273333333333333 0.7666015625 0.6426666666666667 0.779541015625 0.648
1 0.822265625 0.5486666666666666 0.823486328125 0.5446666666666666 0.818359375 0.515 0.816650390625 0.5133333333333333 0.812255859375 0.513 0.806640625 0.5136666666666667 0.802490234375 0.5163333333333333 0.802490234375 0.529 0.8076171875 0.5486666666666666 0.81005859375 0.5503333333333333 0.822265625 0.5486666666666666
1 0.852783203125 0.614 0.862060546875 0.6143333333333333 0.863525390625 0.6153333333333333 0.864990234375 0.619 0.86962890625 0.6196666666666667 0.875244140625 0.6156666666666667 0.8818359375 0.615 0.888671875 0.6046666666666667 0.895263671875 0.6006666666666667 0.89599609375 0.5973333333333334 0.894775390625 0.591 0.899169921875 0.5873333333333334 0.902587890625 0.5866666666666667 0.903076171875 0.5836666666666667 0.901123046875 0.58 0.89697265625 0.5773333333333334 0.889892578125 0.5693333333333334 0.884765625 0.5676666666666667 0.880126953125 0.568 0.849365234375 0.5793333333333334 0.841552734375 0.5913333333333334 0.83837890625 0.6 0.837646484375 0.6036666666666667 0.839111328125 0.607 0.844970703125 0.6116666666666667 0.852783203125 0.614
1 0.849609375 0.5216666666666666 0.853271484375 0.524 0.857421875 0.5223333333333333 0.86328125 0.5143333333333333 0.86328125 0.505 0.861083984375 0.5003333333333333 0.85888671875 0.5 0.853515625 0.49566666666666664 0.849609375 0.49566666666666664 0.845458984375 0.5013333333333333 0.84521484375 0.5056666666666667 0.847900390625 0.5114166666666666 0.84765625 0.5173333333333333 0.849609375 0.5216666666666666
1 0.892333984375 0.37366666666666665 0.89990234375 0.36866666666666664 0.9072265625 0.35333333333333333 0.903564453125 0.35 0.889892578125 0.3473333333333333 0.888671875 0.3463333333333333 0.889892578125 0.3413333333333333 0.888427734375 0.34 0.883544921875 0.346 0.876708984375 0.35033333333333333 0.875732421875 0.35633333333333334 0.87109375 0.36633333333333334 0.870849609375 0.36933333333333335 0.87451171875 0.37233333333333335 0.885986328125 0.37466666666666665 0.892333984375 0.37366666666666665
1 0.731689453125 0.24866666666666667 0.753662109375 0.24833333333333332 0.795166015625 0.24233333333333335 0.802734375 0.24 0.808349609375 0.232 0.806884765625 0.22033333333333333 0.802978515625 0.21666666666666667 0.799072265625 0.21633333333333332 0.76220703125 0.21666666666666667 0.73193359375 0.219 0.728271484375 0.22 0.7236328125 0.229 0.72314453125 0.23233333333333334 0.72412109375 0.24 0.728515625 0.24666666666666667 0.731689453125 0.24866666666666667
1 0.783203125 0.138 0.79541015625 0.135 0.797607421875 0.13066666666666665 0.796142578125 0.11533333333333333 0.794677734375 0.11233333333333333 0.79150390625 0.11033333333333334 0.775390625 0.10933333333333334 0.7705078125 0.112 0.756103515625 0.115 0.753662109375 0.11733333333333333 0.753173828125 0.12066666666666667 0.75537109375 0.13466666666666666 0.759765625 0.13866666666666666 0.783203125 0.138
1 0.82470703125 0.11166666666666666 0.835205078125 0.10566666666666667 0.83984375 0.09966666666666667 0.85693359375 0.08733333333333333 0.859375 0.08366666666666667 0.861083984375 0.076 0.86083984375 0.07166666666666667 0.85986328125 0.06866666666666667 0.857666015625 0.06633333333333333 0.85107421875 0.065 0.826416015625 0.073 0.822021484375 0.076 0.81787109375 0.086 0.813232421875 0.08766666666666667 0.80322265625 0.09533333333333334 0.80322265625 0.09933333333333333 0.81103515625 0.10833333333333334 0.818603515625 0.112 0.82470703125 0.11166666666666666
1 0.95068359375 0.08866666666666667 0.95703125 0.09533333333333334 0.9677734375 0.09933333333333333 0.9892578125 0.09966666666666667 0.993408203125 0.09766666666666667 0.99755859375 0.089 0.999755859375 0.08866666666666667 0.999755859375 0.08266666666666667 0.99755859375 0.082 0.994873046875 0.07566666666666666 0.990234375 0.07366666666666667 0.97900390625 0.07266666666666667 0.974609375 0.071 0.968505859375 0.060333333333333336 0.962890625 0.05633333333333333 0.955078125 0.054 0.948486328125 0.055 0.945556640625 0.05733333333333333 0.94384765625 0.06166666666666667 0.943115234375 0.073 0.944091796875 0.076 0.947998046875 0.082 0.95068359375 0.08866666666666667
1 0.974853515625 0.21266666666666667 0.9775390625 0.20866666666666667 0.978515625 0.205 0.97802734375 0.201 0.971435546875 0.19566666666666666 0.966552734375 0.18933333333333333 0.962646484375 0.18733333333333332 0.95654296875 0.19233333333333333 0.956787109375 0.20566666666666666 0.9580078125 0.20866666666666667 0.970703125 0.214 0.974853515625 0.21266666666666667
1 0.8017578125 0.359 0.80419921875 0.35733333333333334 0.80615234375 0.35333333333333333 0.802490234375 0.3453333333333333 0.7978515625 0.345 0.778076171875 0.35533333333333333 0.775634765625 0.357 0.77490234375 0.359 0.775146484375 0.36333333333333334 0.7783203125 0.36933333333333335 0.78271484375 0.36933333333333335 0.8017578125 0.359
1 0.653564453125 0.45366666666666666 0.657958984375 0.459 0.665771484375 0.4643333333333333 0.674072265625 0.4653333333333333 0.67724609375 0.4673333333333333 0.680908203125 0.472 0.685302734375 0.47433333333333333 0.693115234375 0.47433333333333333 0.697265625 0.4713333333333333 0.699462890625 0.46266666666666667 0.697509765625 0.45066666666666666 0.688232421875 0.44066666666666665 0.685546875 0.43166666666666664 0.68359375 0.43033333333333335 0.677734375 0.4196666666666667 0.666259765625 0.4093333333333333 0.662109375 0.4073333333333333 0.65771484375 0.41133333333333333 0.65283203125 0.4236666666666667 0.654296875 0.43566666666666665 0.65087890625 0.44333333333333336 0.6513671875 0.447 0.653564453125 0.45366666666666666
1 0.732421875 0.41533333333333333 0.737548828125 0.41333333333333333 0.73974609375 0.411 0.73974609375 0.405 0.736083984375 0.3943333333333333 0.7314453125 0.39566666666666667 0.7216796875 0.4023333333333333 0.720458984375 0.404 0.720947265625 0.4083333333333333 0.7265625 0.41433333333333333 0.732421875 0.41533333333333333
1 0.60498046875 0.7946666666666666 0.611083984375 0.8026666666666666 0.623291015625 0.81 0.631591796875 0.8113333333333334 0.6513671875 0.8026666666666666 0.658203125 0.7936666666666666 0.666259765625 0.7793333333333333 0.66552734375 0.7716666666666666 0.657470703125 0.7603333333333333 0.650390625 0.7546666666666667 0.63916015625 0.7556666666666667 0.635498046875 0.752 0.630615234375 0.7426666666666667 0.6220703125 0.7426666666666667 0.607666015625 0.751 0.606689453125 0.7553333333333333 0.6123046875 0.771 0.60498046875 0.7873333333333333 0.604248046875 0.7903333333333333 0.60498046875 0.7946666666666666
1 0.622802734375 0.9456666666666667 0.62939453125 0.9413333333333334 0.632568359375 0.9346666666666666 0.637939453125 0.9143333333333333 0.639404296875 0.9046666666666666 0.638671875 0.9023333333333333 0.63720703125 0.9003333333333333 0.630859375 0.897 0.626953125 0.8966666666666666 0.621337890625 0.9 0.617431640625 0.9073333333333333 0.6103515625 0.9366666666666666 0.610107421875 0.9393333333333334 0.61181640625 0.9423333333333334 0.61865234375 0.9453333333333334 0.622802734375 0.9456666666666667
1 0.478759765625 0.616 0.490234375 0.617 0.494384765625 0.6153333333333333 0.508544921875 0.6033333333333334 0.5126953125 0.5956666666666667 0.51318359375 0.5876666666666667 0.5078125 0.5756666666666667 0.50146484375 0.5683333333333334 0.49462890625 0.5646666666666667 0.489501953125 0.5593333333333333 0.481689453125 0.559 0.478515625 0.5603333333333333 0.475830078125 0.565 0.466552734375 0.5726666666666667 0.462158203125 0.5833333333333334 0.460693359375 0.5896666666666667 0.463134765625 0.598 0.46728515625 0.605 0.478759765625 0.616
1 0.564697265625 0.4726666666666667 0.568115234375 0.474 0.57568359375 0.4716666666666667 0.57666015625 0.4647776666666667 0.5791015625 0.45966666666666667 0.59521484375 0.451 0.599853515625 0.4503333333333333 0.603515625 0.455 0.611328125 0.456 0.622802734375 0.4533333333333333 0.6240234375 0.44766666666666666 0.622802734375 0.439 0.62109375 0.43533333333333335 0.615234375 0.43133333333333335 0.6123046875 0.425 0.610595703125 0.4126666666666667 0.60888671875 0.408 0.607421875 0.4056666666666667 0.60400390625 0.4043333333333333 0.591552734375 0.41 0.582275390625 0.4186666666666667 0.5732421875 0.422 0.566162109375 0.42966666666666664 0.559814453125 0.43366666666666664 0.55712890625 0.43766666666666665 0.55615234375 0.44133333333333336 0.555908203125 0.447 0.559326171875 0.4563333333333333 0.560302734375 0.4666666666666667 0.564697265625 0.4726666666666667
1 0.503662109375 0.37733333333333335 0.509033203125 0.4043333333333333 0.5185546875 0.4196666666666667 0.526611328125 0.42433333333333334 0.530029296875 0.4246666666666667 0.53271484375 0.42333333333333334 0.53564453125 0.41933333333333334 0.535400390625 0.41233333333333333 0.53662109375 0.4063333333333333 0.54052734375 0.39966666666666667 0.5419921875 0.389 0.541259765625 0.381 0.535888671875 0.361 0.53076171875 0.352 0.52490234375 0.3473333333333333 0.521484375 0.33766666666666667 0.513427734375 0.3323333333333333 0.50634765625 0.32966666666666666 0.502197265625 0.33066666666666666 0.499267578125 0.334 0.50048828125 0.35 0.499267578125 0.353 0.499267578125 0.366 0.503662109375 0.37733333333333335
1 0.55126953125 0.42833333333333334 0.560546875 0.433 0.56640625 0.43 0.5712890625 0.42233333333333334 0.573486328125 0.41633333333333333 0.572265625 0.4086666666666667 0.56884765625 0.4 0.5595703125 0.3943333333333333 0.553466796875 0.38133333333333336 0.548828125 0.377 0.544677734375 0.377 0.542236328125 0.38166666666666665 0.542236328125 0.396 0.5458984375 0.4066666666666667 0.548583984375 0.421 0.55126953125 0.42833333333333334
1 0.595703125 0.157 0.607177734375 0.15166666666666667 0.619140625 0.14333333333333334 0.624267578125 0.13433333333333333 0.624755859375 0.123 0.623779296875 0.10733333333333334 0.621826171875 0.09866666666666667 0.619140625 0.09566666666666666 0.611083984375 0.095 0.607666015625 0.09333333333333334 0.603515625 0.09366666666666666 0.588134765625 0.09966666666666667 0.583984375 0.10266666666666667 0.58056640625 0.10733333333333334 0.578857421875 0.11633333333333333 0.578857421875 0.151 0.57958984375 0.15433333333333332 0.583740234375 0.158 0.595703125 0.157
1 0.677490234375 0.10133333333333333 0.68505859375 0.09666666666666666 0.689453125 0.09733333333333333 0.693115234375 0.096 0.701171875 0.085 0.700927734375 0.08266666666666667 0.6982421875 0.08 0.689697265625 0.076 0.67724609375 0.075 0.668701171875 0.07033333333333333 0.655517578125 0.06966666666666667 0.649658203125 0.06733333333333333 0.646240234375 0.06433333333333334 0.642578125 0.068 0.640380859375 0.07666666666666666 0.640625 0.084 0.64404296875 0.08833333333333333 0.67333984375 0.10233333333333333 0.677490234375 0.10133333333333333
1 0.49365234375 0.125 0.525146484375 0.10966666666666666 0.527099609375 0.10733333333333334 0.528076171875 0.102 0.526611328125 0.092 0.524658203125 0.086 0.52490234375 0.08366666666666667 0.521240234375 0.08233333333333333 0.510498046875 0.08733333333333333 0.48876953125 0.104 0.482421875 0.10733333333333334 0.482177734375 0.112 0.48388671875 0.119 0.487060546875 0.126 0.49365234375 0.125
1 0.549072265625 0.082 0.552490234375 0.07666666666666666 0.5537109375 0.07233333333333333 0.553955078125 0.052333333333333336 0.552734375 0.049 0.533203125 0.052333333333333336 0.53076171875 0.056666666666666664 0.529052734375 0.06566666666666666 0.526611328125 0.07233333333333333 0.52587890625 0.07633333333333334 0.538818359375 0.084 0.544921875 0.084 0.549072265625 0.082
1 0.5712890625 0.63 0.5751953125 0.628 0.579833984375 0.629 0.587646484375 0.6136666666666667 0.594482421875 0.607 0.59716796875 0.5996666666666667 0.59716796875 0.5956666666666667 0.59375 0.592 0.591064453125 0.5856666666666667 0.590087890625 0.568 0.586669921875 0.5663333333333334 0.55859375 0.572 0.55126953125 0.581 0.548583984375 0.599 0.54833984375 0.6176666666666667 0.550537109375 0.6276666666666667 0.552734375 0.63 0.5712890625 0.63
1 0.62548828125 0.6956666666666667 0.638427734375 0.7046666666666667 0.642578125 0.7046666666666667 0.646728515625 0.7023333333333334 0.65625 0.6933333333333334 0.658447265625 0.6883333333333334 0.657958984375 0.679 0.654541015625 0.6743333333333333 0.627197265625 0.6543333333333333 0.62255859375 0.6543333333333333 0.615966796875 0.659 0.61083984375 0.6563333333333333 0.60693359375 0.656 0.594482421875 0.6656666666666666 0.59326171875 0.6686666666666666 0.59423828125 0.6736666666666666 0.6025390625 0.6806666666666666 0.607177734375 0.6906666666666667 0.62548828125 0.6956666666666667
1 0.468994140625 0.7626666666666667 0.47412109375 0.7673333333333333 0.48095703125 0.7766666666666666 0.486572265625 0.7783333333333333 0.490234375 0.7813333333333333 0.493896484375 0.7816666666666666 0.501953125 0.773 0.507568359375 0.7636666666666667 0.5087890625 0.7553333333333333 0.508056640625 0.7473333333333333 0.505859375 0.7393333333333333 0.498046875 0.7316666666666667 0.48388671875 0.729 0.48291015625 0.7263333333333334 0.48291015625 0.7203333333333334 0.484130859375 0.716 0.482177734375 0.707 0.47802734375 0.7043333333333334 0.469970703125 0.704 0.465576171875 0.7056666666666667 0.452392578125 0.707 0.44775390625 0.709 0.447265625 0.7323333333333333 0.457275390625 0.7476666666666667 0.463623046875 0.7493333333333333 0.468994140625 0.7626666666666667
1 0.723388671875 0.7413333333333333 0.729248046875 0.7406666666666667 0.73291015625 0.738 0.73828125 0.7316666666666667 0.740478515625 0.7246666666666667 0.740478515625 0.7183333333333334 0.7392578125 0.714 0.732666015625 0.7046666666666667 0.728515625 0.7063333333333334 0.720458984375 0.7166666666666667 0.7197265625 0.7203333333333334 0.720703125 0.728 0.719482421875 0.7373333333333333 0.720458984375 0.7403333333333333 0.723388671875 0.7413333333333333
1 0.607666015625 0.8633333333333333 0.613037109375 0.8663333333333333 0.614990234375 0.8713333333333333 0.615234375 0.8766666666666667 0.627685546875 0.8753333333333333 0.634521484375 0.873 0.630859375 0.861 0.62744140625 0.856 0.623291015625 0.857 0.615234375 0.8516666666666667 0.608805419921875 0.851 0.603515625 0.848 0.599609375 0.8483333333333334 0.599853515625 0.8503333333333334 0.603271484375 0.8523333333333334 0.60595703125 0.861 0.607666015625 0.8633333333333333
1 0.77880859375 0.826 0.776611328125 0.8143333333333334 0.77392578125 0.8063333333333333 0.770751953125 0.804 0.7666015625 0.8046666666666666 0.765380859375 0.8066666666666666 0.770263671875 0.8256666666666667 0.772216796875 0.827 0.77880859375 0.826
1 0.35546875 0.197 0.356201171875 0.20466666666666666 0.3583984375 0.20866666666666667 0.357421875 0.21266666666666667 0.35888671875 0.21633333333333332 0.365234375 0.22433333333333333 0.368896484375 0.22766666666666666 0.375244140625 0.229 0.380615234375 0.228 0.3896484375 0.223 0.39404296875 0.22833333333333333 0.39892578125 0.23 0.404541015625 0.229 0.408447265625 0.22466666666666665 0.412841796875 0.209 0.4140625 0.20133333333333334 0.41357421875 0.19366666666666665 0.410400390625 0.18633333333333332 0.396240234375 0.16333333333333333 0.3916015625 0.16166666666666665 0.387451171875 0.15766666666666668 0.380615234375 0.15633333333333332 0.371826171875 0.15966666666666668 0.353515625 0.162 0.349609375 0.16733333333333333 0.349609375 0.17033333333333334 0.35546875 0.176 0.357666015625 0.188 0.35546875 0.197
1 0.295654296875 0.146 0.296875 0.149 0.302490234375 0.15566666666666668 0.306884765625 0.15766666666666668 0.318359375 0.15833333333333333 0.32421875 0.15166666666666667 0.333740234375 0.15166666666666667 0.34033203125 0.14933333333333335 0.342529296875 0.14666666666666667 0.343505859375 0.12833333333333333 0.346435546875 0.119 0.344970703125 0.11466666666666667 0.3388671875 0.11033333333333334 0.333984375 0.104 0.331217529296875 0.104 0.325927734375 0.09933333333333333 0.306396484375 0.09566666666666666 0.302734375 0.09733333333333333 0.29833984375 0.10533333333333333 0.294677734375 0.107 0.297119140625 0.113 0.297607421875 0.11783333333333333 0.2958984375 0.12666666666666668 0.295654296875 0.146
1 0.235595703125 0.31066666666666665 0.24365234375 0.308 0.255859375 0.30866666666666664 0.259765625 0.30366666666666664 0.2626953125 0.2813333333333333 0.2646484375 0.275 0.27099609375 0.272 0.27294921875 0.268 0.2734375 0.26366666666666666 0.271240234375 0.25933333333333336 0.267578125 0.25666666666666665 0.26318359375 0.25666666666666665 0.2314453125 0.266 0.228759765625 0.268 0.227294921875 0.2713333333333333 0.22265625 0.29133333333333333 0.22216796875 0.299 0.22314453125 0.30266666666666664 0.230712890625 0.31033333333333335 0.235595703125 0.31066666666666665
1 0.09619140625 0.4836666666666667 0.106364013671875 0.48 0.111572265625 0.48133333333333334 0.114990234375 0.47933333333333333 0.123779296875 0.4703333333333333 0.1298828125 0.4623333333333333 0.130859375 0.4593333333333333 0.130615234375 0.44733333333333336 0.126953125 0.43466666666666665 0.1171875 0.427 0.114990234375 0.4186666666666667 0.10693359375 0.41533333333333333 0.095947265625 0.42033333333333334 0.091064453125 0.42733333333333334 0.088134765625 0.42933333333333334 0.0830078125 0.439 0.077392578125 0.44533333333333336 0.072998046875 0.4583333333333333 0.0732421875 0.4663333333333333 0.07568359375 0.4716666666666667 0.087646484375 0.4826666666666667 0.09619140625 0.4836666666666667
1 0.134521484375 0.7326666666666667 0.138671875 0.7403333333333333 0.14208984375 0.742 0.1484375 0.7373333333333333 0.161865234375 0.734 0.1640625 0.7323333333333333 0.173828125 0.712 0.17578125 0.7053333333333334 0.175048828125 0.7003333333333334 0.167236328125 0.687 0.162841796875 0.6816666666666666 0.159423828125 0.6806666666666666 0.134765625 0.6846666666666666 0.129150390625 0.692 0.126220703125 0.7006666666666667 0.125732421875 0.7093333333333334 0.126953125 0.7166666666666667 0.132568359375 0.7256666666666667 0.134521484375 0.7326666666666667
1 0.053955078125 0.8793333333333333 0.056640625 0.8883333333333333 0.060302734375 0.8866666666666667 0.06201171875 0.882 0.0654296875 0.8786666666666667 0.0751953125 0.8753333333333333 0.079833984375 0.8723333333333333 0.095458984375 0.8443333333333334 0.097900390625 0.8373333333333334 0.092529296875 0.8293333333333334 0.07958984375 0.8183333333333334 0.0654296875 0.816 0.052734375 0.8163333333333334 0.044921875 0.822 0.04150390625 0.8266666666666667 0.0341796875 0.8376666666666667 0.03076171875 0.849 0.03125 0.8576666666666667 0.03466796875 0.8646666666666667 0.044921875 0.877 0.053955078125 0.8793333333333333
1 0.220458984375 0.8723333333333333 0.220703125 0.8746666666666667 0.241943359375 0.8743333333333333 0.251708984375 0.8786666666666667 0.255615234375 0.8783333333333333 0.265380859375 0.8686666666666667 0.267333984375 0.8646666666666667 0.271484375 0.8466666666666667 0.27392578125 0.8416666666666667 0.263427734375 0.834 0.251708984375 0.8306666666666667 0.247802734375 0.832 0.235107421875 0.8423333333333334 0.2255859375 0.8576666666666667 0.224365234375 0.8613333333333333 0.224365234375 0.8663333333333333 0.22265625 0.871 0.220458984375 0.8723333333333333
1 0.122802734375 0.8916666666666667 0.126708984375 0.8943333333333333 0.131103515625 0.8936666666666667 0.134521484375 0.8946666666666667 0.1376953125 0.8996666666666666 0.138671875 0.904 0.13427734375 0.908 0.130615234375 0.9166666666666666 0.1337890625 0.9273333333333333 0.138671875 0.9316666666666666 0.15380859375 0.9366666666666666 0.158447265625 0.9366666666666666 0.162353515625 0.936 0.169677734375 0.93 0.18017578125 0.9273333333333333 0.197021484375 0.9403333333333334 0.203125 0.9353333333333333 0.203369140625 0.9306666666666666 0.19384765625 0.9166666666666666 0.1962890625 0.9116666666666666 0.20263671875 0.9036666666666666 0.2060546875 0.8963333333333333 0.206787109375 0.8923333333333333 0.204833984375 0.8883333333333333 0.18603515625 0.8683333333333333 0.177490234375 0.84 0.1728515625 0.8413333333333334 0.166015625 0.8486666666666667 0.1630859375 0.8593333333333333 0.160400390625 0.8593333333333333 0.153564453125 0.8553333333333333 0.137939453125 0.8533333333333334 0.130615234375 0.8533333333333334 0.125 0.8553333333333333 0.122802734375 0.8583333333333333 0.12060546875 0.869 0.115966796875 0.8793333333333333 0.114990234375 0.888 0.1162109375 0.8903333333333333 0.118896484375 0.892 0.122802734375 0.8916666666666667
1 0.075927734375 0.8996666666666666 0.08447265625 0.898 0.087890625 0.8996666666666666 0.09375 0.8963333333333333 0.099365234375 0.8893333333333333 0.099853515625 0.877 0.09765625 0.8726666666666667 0.092529296875 0.8683333333333333 0.0849609375 0.869 0.072509765625 0.876 0.06689453125 0.8766666666666667 0.060302734375 0.8846666666666667 0.060791015625 0.8896666666666667 0.06005859375 0.893 0.062255859375 0.897 0.075927734375 0.8996666666666666
1 0.048828125 0.913 0.05322265625 0.9163333333333333 0.060791015625 0.9153333333333333 0.064453125 0.9186666666666666 0.07568359375 0.9203333333333333 0.076904296875 0.9193333333333333 0.077880859375 0.9123333333333333 0.076904296875 0.9043333333333333 0.066650390625 0.8943333333333333 0.059326171875 0.8916666666666667 0.048828125 0.8793333333333333 0.041015625 0.8756666666666667 0.03759765625 0.8806666666666667 0.036865234375 0.884 0.037353515625 0.896 0.0439453125 0.9043333333333333 0.046630859375 0.906 0.048828125 0.913
1 0.377197265625 0.44066666666666665 0.3974609375 0.445 0.404541015625 0.44466666666666665 0.41845703125 0.43166666666666664 0.42138671875 0.42733333333333334 0.422119140625 0.424 0.4208984375 0.4196666666666667 0.41259765625 0.4076666666666667 0.40380859375 0.40166666666666667 0.3857421875 0.397 0.380859375 0.397 0.371826171875 0.404 0.3623046875 0.42 0.36181640625 0.4236666666666667 0.36328125 0.42766666666666664 0.369140625 0.43633333333333335 0.377197265625 0.44066666666666665
1 0.3876953125 0.5186666666666667 0.401611328125 0.5173333333333333 0.406982421875 0.5153333333333333 0.41455078125 0.5056666666666667 0.4150390625 0.5016666666666667 0.414306640625 0.49433333333333335 0.410888671875 0.48733333333333334 0.404541015625 0.482 0.396240234375 0.4786666666666667 0.38525390625 0.4796666666666667 0.38037109375 0.4816666666666667 0.37255859375 0.491 0.368408203125 0.499 0.367919921875 0.5056666666666667 0.368896484375 0.507 0.381591796875 0.5173333333333333 0.3876953125 0.5186666666666667
1 0.224365234375 0.529 0.232421875 0.5283333333333333 0.238037109375 0.5253333333333333 0.2412109375 0.522 0.245849609375 0.5113333333333333 0.255859375 0.494 0.255615234375 0.49166666666666664 0.2548828125 0.49 0.240478515625 0.48333333333333334 0.236083984375 0.478 0.2255859375 0.47533333333333333 0.216552734375 0.47533333333333333 0.211669921875 0.479 0.204833984375 0.49066666666666664 0.200927734375 0.501 0.199462890625 0.5086666666666667 0.199462890625 0.5146666666666667 0.202392578125 0.5186666666666667 0.210693359375 0.5216666666666666 0.224365234375 0.529
1 0.167724609375 0.5016666666666667 0.169921875 0.5056666666666667 0.17724609375 0.5106666666666667 0.189697265625 0.513 0.197509765625 0.508 0.203857421875 0.49933333333333335 0.205322265625 0.494 0.2080078125 0.49 0.21142578125 0.4856666666666667 0.214111328125 0.48433333333333334 0.216552734375 0.48033333333333333 0.220458984375 0.48233333333333334 0.2294921875 0.463 0.23046875 0.4583333333333333 0.227783203125 0.4533333333333333 0.22021484375 0.4503333333333333 0.216796875 0.44666666666666666 0.204833984375 0.44066666666666665 0.19677734375 0.43866666666666665 0.18505859375 0.44566666666666666 0.18212890625 0.449 0.173583984375 0.463 0.17041015625 0.4703333333333333 0.171142578125 0.48483333333333334 0.1689453125 0.49233333333333335 0.166748046875 0.496 0.167724609375 0.5016666666666667
1 0.126220703125 0.576 0.1328125 0.5786666666666667 0.146240234375 0.579 0.154296875 0.5756666666666667 0.163818359375 0.5566666666666666 0.1640625 0.5523333333333333 0.161865234375 0.5433333333333333 0.1552734375 0.536 0.14501953125 0.5363333333333333 0.13623046875 0.5343333333333333 0.134521484375 0.5346666666666666 0.130126953125 0.5393333333333333 0.12060546875 0.558 0.1201171875 0.5643333333333334 0.12109375 0.568 0.122802734375 0.572 0.126220703125 0.576
1 0.118408203125 0.5193333333333333 0.125732421875 0.5213333333333333 0.13134765625 0.5256666666666666 0.135009765625 0.5313333333333333 0.138671875 0.534 0.15087890625 0.5366666666666666 0.158203125 0.5333333333333333 0.1611328125 0.5183333333333333 0.159912109375 0.511 0.157958984375 0.5076666666666667 0.1513671875 0.504 0.145751953125 0.49666666666666665 0.14306640625 0.48633333333333334 0.138427734375 0.479 0.134033203125 0.4776666666666667 0.126708984375 0.4723333333333333 0.118896484375 0.478 0.114501953125 0.4846666666666667 0.112548828125 0.49033333333333334 0.11767578125 0.5026666666666667 0.11474609375 0.5133333333333333 0.118408203125 0.5193333333333333
1 0.193115234375 0.5826666666666667 0.201171875 0.5723333333333334 0.2060546875 0.5683333333333334 0.204833984375 0.557 0.19873046875 0.554 0.197021484375 0.549 0.193603515625 0.547 0.189453125 0.5473333333333333 0.177734375 0.555 0.176025390625 0.558 0.176025390625 0.5636666666666666 0.178955078125 0.5716666666666667 0.189453125 0.5823333333333334 0.193115234375 0.5826666666666667
1 0.2548828125 0.626 0.259521484375 0.6066666666666667 0.259765625 0.5933333333333334 0.252197265625 0.5866666666666667 0.248046875 0.5873333333333334 0.244873046875 0.5976666666666667 0.24169921875 0.6036666666666667 0.241455078125 0.6193333333333333 0.242431640625 0.6213333333333333 0.25 0.6266666666666667 0.2548828125 0.626
1 0.22412109375 0.728 0.22998046875 0.7273333333333334 0.2333984375 0.7283333333333334 0.240234375 0.7156666666666667 0.250732421875 0.705 0.252685546875 0.701 0.250732421875 0.6973333333333334 0.242919921875 0.6913333333333334 0.239990234375 0.6896666666666667 0.236572265625 0.6903333333333334 0.2333984375 0.6943333333333334 0.220703125 0.703 0.212158203125 0.7146666666666667 0.21142578125 0.717 0.21240234375 0.7196666666666667 0.220703125 0.7263333333333334 0.22412109375 0.728
1 0.1982421875 0.7633333333333333 0.201171875 0.7663333333333333 0.208984375 0.766 0.224609375 0.762 0.23291015625 0.756 0.234130859375 0.7526666666666667 0.23291015625 0.75 0.228271484375 0.7463333333333333 0.2236328125 0.7456666666666667 0.209716796875 0.7486666666666667 0.20654296875 0.747 0.200927734375 0.7396666666666667 0.197265625 0.7386666666666667 0.19384765625 0.7396666666666667 0.193359375 0.7436666666666667 0.195068359375 0.748 0.196533203125 0.7593333333333333 0.1982421875 0.7633333333333333
1 0.396240234375 0.6536666666666666 0.398681640625 0.6503333333333333 0.39794921875 0.6426666666666667 0.39599609375 0.6373333333333333 0.38671875 0.6296666666666667 0.380615234375 0.6296666666666667 0.378173828125 0.6306666666666667 0.373779296875 0.6356666666666667 0.360595703125 0.6396666666666667 0.358642578125 0.6423333333333333 0.359375 0.645 0.365478515625 0.6546666666666666 0.396240234375 0.6536666666666666
1 0.310546875 0.5936666666666667 0.31591796875 0.5916666666666667 0.318359375 0.5876666666666667 0.31787109375 0.583 0.308837890625 0.5786666666666667 0.306640625 0.572 0.302490234375 0.573 0.299560546875 0.58 0.29931640625 0.5836666666666667 0.302001953125 0.588 0.306396484375 0.589 0.310546875 0.5936666666666667
1 0.146240234375 0.6263333333333333 0.15380859375 0.6223333333333333 0.154541015625 0.624 0.15380859375 0.6266666666666667 0.158203125 0.6363333333333333 0.16455078125 0.637 0.16943359375 0.6413333333333333 0.171875 0.6386666666666667 0.16943359375 0.619 0.16357421875 0.6056666666666667 0.15625 0.599 0.154296875 0.5956666666666667 0.15087890625 0.5993333333333334 0.14599609375 0.602 0.133544921875 0.6026666666666667 0.130126953125 0.606 0.127685546875 0.6113333333333333 0.12646484375 0.6146666666666667 0.126708984375 0.618 0.130615234375 0.6236666666666667 0.146240234375 0.6263333333333333
1 0.564453125 0.381 0.57080078125 0.37666666666666665 0.57958984375 0.37433333333333335 0.581298828125 0.37266666666666665 0.58154296875 0.369 0.576171875 0.36333333333333334 0.57177734375 0.363 0.558349609375 0.368 0.55615234375 0.37066666666666664 0.5556640625 0.374 0.5576171875 0.38 0.561279296875 0.38133333333333336 0.564453125 0.381
1 0.896484375 0.4886666666666667 0.900146484375 0.48633333333333334 0.905029296875 0.4806666666666667 0.906005859375 0.478 0.903564453125 0.472 0.903076171875 0.4623333333333333 0.90185546875 0.45866666666666667 0.894775390625 0.459 0.890380859375 0.46266666666666667 0.889892578125 0.4646666666666667 0.889404296875 0.479 0.89111328125 0.487 0.892578125 0.48833333333333334 0.896484375 0.4886666666666667
1 0.8486328125 0.9746666666666667 0.848388671875 0.9706666666666667 0.843017578125 0.962 0.837646484375 0.9613333333333334 0.833740234375 0.9623333333333334 0.833740234375 0.971 0.83740234375 0.9813333333333333 0.846923828125 0.9783333333333334 0.8486328125 0.9746666666666667
1 0.505615234375 0.9673333333333334 0.50927734375 0.967 0.513427734375 0.9656666666666667 0.517578125 0.9623333333333334 0.519775390625 0.9556666666666667 0.52001953125 0.9503333333333334 0.5185546875 0.9423333333333334 0.5166015625 0.9383333333333334 0.51416015625 0.9366666666666666 0.50390625 0.9376666666666666 0.500732421875 0.9403333333333334 0.4990234375 0.9446666666666667 0.496826171875 0.9536666666666667 0.498779296875 0.9623333333333334 0.500732421875 0.9653333333333334 0.505615234375 0.9673333333333334
1 0.170166015625 0.13433333333333333 0.185546875 0.14233333333333334 0.189453125 0.143 0.193115234375 0.14133333333333334 0.209716796875 0.12733333333333333 0.212158203125 0.123 0.211669921875 0.119 0.209228515625 0.114 0.201171875 0.10066666666666667 0.183837890625 0.09433333333333334 0.173583984375 0.09466666666666666 0.1572265625 0.107 0.1552734375 0.10966666666666666 0.1552734375 0.114 0.156494140625 0.11766666666666667 0.166259765625 0.131 0.170166015625 0.13433333333333333
1 0.103759765625 0.157 0.1064453125 0.146 0.110595703125 0.143 0.112060546875 0.13933333333333334 0.111328125 0.121 0.108642578125 0.115 0.103759765625 0.113 0.10009765625 0.11366666666666667 0.095458984375 0.119 0.091064453125 0.12166666666666667 0.0888671875 0.14233333333333334 0.087158203125 0.14666666666666667 0.087646484375 0.154 0.08984375 0.156 0.099609375 0.15866666666666668 0.103759765625 0.157
1 0.096435546875 0.107 0.09716796875 0.10333333333333333 0.095703125 0.097 0.091552734375 0.089 0.087646484375 0.08933333333333333 0.083984375 0.093 0.083740234375 0.09666666666666666 0.087890625 0.109 0.091552734375 0.11 0.096435546875 0.107
1 0.03515625 0.12 0.0478515625 0.119 0.048095703125 0.11533333333333333 0.044921875 0.113 0.043701171875 0.10933333333333334 0.04345703125 0.10333333333333333 0.036865234375 0.10266666666666667 0.033447265625 0.09866666666666667 0.03173828125 0.09866666666666667 0.029052734375 0.09966666666666667 0.02734375 0.10466666666666667 0.027099609375 0.10733333333333334 0.030029296875 0.11333333333333333 0.029052734375 0.119 0.03515625 0.12
1 0.083740234375 0.057 0.0869140625 0.05466666666666667 0.089111328125 0.05533333333333333 0.091552734375 0.058666666666666666 0.094970703125 0.058333333333333334 0.09619140625 0.057 0.096435546875 0.05266666666666667 0.093994140625 0.04633333333333333 0.091552734375 0.043666666666666666 0.087890625 0.042333333333333334 0.08642578125 0.03666666666666667 0.084228515625 0.033 0.080810546875 0.03833333333333333 0.0771484375 0.04066666666666666 0.0771484375 0.04466666666666667 0.079345703125 0.050666666666666665 0.082763671875 0.054 0.083740234375 0.057
1 0.072265625 0.064 0.075439453125 0.05633333333333333 0.07275390625 0.05333333333333334 0.068115234375 0.054 0.0634765625 0.06066666666666667 0.063232421875 0.06433333333333334 0.064208984375 0.06566666666666666 0.0703125 0.06566666666666666 0.072265625 0.064
1 0.1240234375 0.244 0.126708984375 0.24033333333333334 0.125732421875 0.23633333333333334 0.122802734375 0.234 0.114013671875 0.23533333333333334 0.10888671875 0.238 0.107421875 0.24 0.107421875 0.244 0.1103515625 0.24633333333333332 0.1240234375 0.244
1 0.142822265625 0.2856666666666667 0.14404296875 0.2786666666666667 0.142333984375 0.275 0.138427734375 0.2713333333333333 0.13134765625 0.2673333333333333 0.126220703125 0.2713333333333333 0.1259765625 0.2793333333333333 0.1298828125 0.284 0.137451171875 0.28833333333333333 0.142822265625 0.2856666666666667
1 0.13916015625 0.31433333333333335 0.139892578125 0.306 0.138427734375 0.30333333333333334 0.130615234375 0.30333333333333334 0.126220703125 0.305 0.125 0.30733333333333335 0.126708984375 0.31433333333333335 0.13330078125 0.31566666666666665 0.13916015625 0.31433333333333335
1 0.072021484375 0.264 0.0830078125 0.27266666666666667 0.0908203125 0.27466666666666667 0.0986328125 0.2733333333333333 0.10498046875 0.263 0.105712890625 0.25533333333333336 0.103515625 0.24933333333333332 0.09716796875 0.24666666666666667 0.080810546875 0.23166666666666666 0.07470703125 0.23166666666666666 0.065022705078125 0.24255566666666667 0.06396484375 0.244 0.06396484375 0.249 0.067138671875 0.25833333333333336 0.072021484375 0.264
1 0.0927734375 0.22533333333333333 0.091796875 0.223 0.08837890625 0.22433333333333333 0.0869140625 0.22933333333333333 0.087158203125 0.24 0.091796875 0.24266666666666667 0.093017578125 0.23333333333333334 0.0927734375 0.22533333333333333
1 0.1103515625 0.33066666666666666 0.118896484375 0.32166666666666666 0.12060546875 0.31833333333333336 0.12060546875 0.31433333333333335 0.119140625 0.31233333333333335 0.111328125 0.31233333333333335 0.105224609375 0.31866666666666665 0.104248046875 0.321 0.10400390625 0.3263333333333333 0.10546875 0.3293333333333333 0.107421875 0.33166666666666667 0.1103515625 0.33066666666666666
1 0.150634765625 0.39266666666666666 0.150390625 0.3883333333333333 0.14794921875 0.38433333333333336 0.146484375 0.38233333333333336 0.142822265625 0.38133333333333336 0.13525390625 0.385 0.13037109375 0.38433333333333336 0.126708984375 0.38966666666666666 0.126708984375 0.4033333333333333 0.13037109375 0.409 0.1337890625 0.4076666666666667 0.150634765625 0.39266666666666666
1 0.103271484375 0.31633333333333336 0.107177734375 0.31666666666666665 0.114013671875 0.307 0.115234375 0.29833333333333334 0.11279296875 0.2946666666666667 0.107421875 0.2916666666666667 0.104248046875 0.29233333333333333 0.103271484375 0.2946666666666667 0.103515625 0.29933333333333334 0.1005859375 0.31 0.1005859375 0.31433333333333335 0.103271484375 0.31633333333333336
1 0.194091796875 0.37633333333333335 0.19189453125 0.37266666666666665 0.19482421875 0.36766666666666664 0.201904296875 0.36233333333333334 0.20361328125 0.35733333333333334 0.203125 0.35333333333333333 0.199462890625 0.345 0.194580078125 0.3426666666666667 0.185546875 0.3456666666666667 0.181640625 0.34833333333333333 0.18017578125 0.352 0.1845703125 0.377 0.189697265625 0.3883333333333333 0.194091796875 0.38466666666666666 0.194091796875 0.37633333333333335
1 0.068115234375 0.448 0.07568359375 0.44866666666666666 0.082763671875 0.43933333333333335 0.084228515625 0.43366666666666664 0.09130859375 0.422 0.095947265625 0.42033333333333334 0.096923828125 0.404 0.095703125 0.401 0.09130859375 0.396 0.084716796875 0.3943333333333333 0.078857421875 0.3953333333333333 0.064208984375 0.4066666666666667 0.0556640625 0.424 0.053955078125 0.43233333333333335 0.056396484375 0.43933333333333335 0.0595703125 0.44433333333333336 0.068115234375 0.448
1 0.15625 0.4236666666666667 0.156494140625 0.42866666666666664 0.160400390625 0.43466666666666665 0.16943359375 0.44366666666666665 0.17431640625 0.444 0.1826171875 0.439 0.189208984375 0.433 0.19091796875 0.428 0.190673828125 0.42333333333333334 0.186930419921875 0.41688899999999995 0.1796875 0.3963333333333333 0.173828125 0.392 0.169677734375 0.391 0.166015625 0.3943333333333333 0.162841796875 0.4003333333333333 0.161865234375 0.4083333333333333 0.1630859375 0.4126666666666667 0.159912109375 0.4196666666666667 0.15625 0.4236666666666667
1 0.130859375 0.37433333333333335 0.13525390625 0.373 0.136962890625 0.36966666666666664 0.136962890625 0.3636666666666667 0.1328125 0.3586666666666667 0.130126953125 0.3516666666666667 0.127685546875 0.35033333333333333 0.123046875 0.35133333333333333 0.1201171875 0.3576666666666667 0.119873046875 0.36933333333333335 0.121826171875 0.37233333333333335 0.1259765625 0.37433333333333335 0.130859375 0.37433333333333335
1 0.052734375 0.472 0.056640625 0.469 0.057861328125 0.4666666666666667 0.056884765625 0.46266666666666667 0.0517578125 0.4553333333333333 0.048583984375 0.44766666666666666 0.044921875 0.44733333333333336 0.041015625 0.4513333333333333 0.039794921875 0.45466666666666666 0.040771484375 0.45866666666666667 0.048828125 0.4696666666666667 0.052734375 0.472
1 0.013671875 0.406 0.0244140625 0.3883333333333333 0.021484375 0.38533333333333336 0.0087890625 0.38566666666666666 0.006103515625 0.387 0.00390625 0.3913333333333333 0.00390625 0.3963333333333333 0.0068359375 0.4003333333333333 0.007080078125 0.4036666666666667 0.013671875 0.406
1 0.0263671875 0.318 0.029052734375 0.31766666666666665 0.03125 0.31466666666666665 0.031982421875 0.31 0.031005859375 0.30233333333333334 0.029296875 0.2986666666666667 0.017578125 0.2976666666666667 0.015380859375 0.2986666666666667 0.013916015625 0.30133333333333334 0.013671875 0.30666666666666664 0.014892578125 0.31333333333333335 0.016845703125 0.31633333333333336 0.0263671875 0.318
1 0.108642578125 0.552 0.110107421875 0.545 0.109375 0.542 0.10986328125 0.5343333333333333 0.108642578125 0.529 0.103515625 0.5286666666666666 0.101318359375 0.5303333333333333 0.099365234375 0.533 0.09814453125 0.5403333333333333 0.097900390625 0.546 0.099365234375 0.5513333333333333 0.106689453125 0.553 0.108642578125 0.552
1 0.106689453125 0.5666666666666667 0.107421875 0.5626666666666666 0.10595703125 0.5603333333333333 0.10205078125 0.56 0.097412109375 0.5626666666666666 0.094970703125 0.5673333333333334 0.095458984375 0.5693333333333334 0.098876953125 0.571 0.103271484375 0.57 0.106689453125 0.5666666666666667
1 0.108642578125 0.5976666666666667 0.109130859375 0.5923333333333334 0.103515625 0.582 0.099609375 0.582 0.09521484375 0.5866666666666667 0.094970703125 0.5916666666666667 0.09765625 0.5956666666666667 0.106689453125 0.599 0.108642578125 0.5976666666666667
1 0.091796875 0.649 0.100341796875 0.6446666666666667 0.101806640625 0.6426666666666667 0.1025390625 0.6383333333333333 0.10107421875 0.6346666666666667 0.099609375 0.6336666666666667 0.08984375 0.6346666666666667 0.087158203125 0.6363333333333333 0.08349609375 0.644 0.083251953125 0.6463333333333333 0.084228515625 0.6476666666666666 0.087646484375 0.6493333333333333 0.091796875 0.649
1 0.090576171875 0.6086666666666667 0.091796875 0.611 0.095703125 0.6076666666666667 0.094482421875 0.6003333333333334 0.091064453125 0.5956666666666667 0.088134765625 0.594 0.0849609375 0.5953333333333334 0.0849609375 0.5993333333333334 0.08642578125 0.6016666666666667 0.087646484375 0.6073333333333333 0.090576171875 0.6086666666666667
1 0.070556640625 0.619 0.07275390625 0.627 0.075439453125 0.63 0.079345703125 0.6296666666666667 0.08056640625 0.624 0.079833984375 0.6073333333333333 0.072021484375 0.596 0.068115234375 0.595 0.06689453125 0.5963333333333334 0.066162109375 0.5993333333333334 0.068115234375 0.606 0.07080078125 0.611 0.070556640625 0.619
1 0.058837890625 0.627 0.062744140625 0.6273333333333333 0.064208984375 0.627 0.066650390625 0.6226666666666667 0.067138671875 0.619 0.06640625 0.6163333333333333 0.062255859375 0.6086666666666667 0.060546875 0.6023333333333334 0.056640625 0.6043333333333333 0.054443359375 0.6093333333333333 0.05224609375 0.6116666666666667 0.052001953125 0.6196666666666667 0.052490234375 0.6226666666666667 0.0537109375 0.624 0.058837890625 0.627
1 0.060791015625 0.5876666666666667 0.060791015625 0.583 0.056396484375 0.5753333333333334 0.052978515625 0.5736666666666667 0.04931640625 0.5753333333333334 0.048828125 0.576 0.051025390625 0.5813333333333334 0.05517578125 0.5876666666666667 0.060791015625 0.5876666666666667
1 0.045166015625 0.7896666666666666 0.048828125 0.787 0.051513671875 0.783 0.044677734375 0.7753333333333333 0.03662109375 0.753 0.029052734375 0.748 0.0263671875 0.7506666666666667 0.025390625 0.7556666666666667 0.02587890625 0.7603333333333333 0.02490234375 0.7713333333333333 0.0361328125 0.7856666666666666 0.045166015625 0.7896666666666666
1 0.0615234375 0.787 0.06005859375 0.7726666666666666 0.058837890625 0.7696666666666667 0.056640625 0.7683333333333333 0.05419921875 0.7693333333333333 0.051025390625 0.7776666666666666 0.051025390625 0.7816666666666666 0.05224609375 0.784 0.056640625 0.787 0.0615234375 0.787
1 0.074951171875 0.756 0.07275390625 0.7516666666666667 0.071533203125 0.7513333333333333 0.068359375 0.754 0.068359375 0.7616666666666667 0.072265625 0.763 0.07470703125 0.7606666666666667 0.074951171875 0.756
1 0.13525390625 0.7976666666666666 0.13671875 0.7946666666666666 0.134521484375 0.791 0.12646484375 0.7883333333333333 0.122314453125 0.788 0.118408203125 0.7906666666666666 0.118408203125 0.7946666666666666 0.123046875 0.798 0.13330078125 0.7986666666666666 0.13525390625 0.7976666666666666
1 0.107177734375 0.835 0.11279296875 0.826 0.113037109375 0.8223333333333334 0.111328125 0.8193333333333334 0.107177734375 0.8193333333333334 0.0927734375 0.8296666666666667 0.095947265625 0.8373333333333334 0.099365234375 0.838 0.105224609375 0.836 0.107177734375 0.835
1 0.12255859375 0.8606666666666667 0.126220703125 0.8573333333333333 0.1279296875 0.8533333333333334 0.12451171875 0.847 0.118896484375 0.8433333333333334 0.114013671875 0.8416666666666667 0.11181640625 0.8426666666666667 0.111083984375 0.8446666666666667 0.111083984375 0.8503333333333334 0.114501953125 0.8533333333333334 0.117919921875 0.8543333333333333 0.12255859375 0.8606666666666667
1 0.02880859375 0.8533333333333334 0.030029296875 0.85 0.030029296875 0.845 0.025390625 0.8406666666666667 0.019775390625 0.8463333333333334 0.014404296875 0.856 0.01318359375 0.8646666666666667 0.013427734375 0.8696666666666667 0.013916015625 0.8683333333333333 0.019775390625 0.8653333333333333 0.02880859375 0.8533333333333334
1 0.0693359375 0.9996666666666667 0.070556640625 0.9856666666666667 0.06982421875 0.9823333333333333 0.06689453125 0.9783333333333334 0.06005859375 0.977 0.051513671875 0.9823333333333333 0.048828125 0.9863333333333333 0.048583984375 0.9903333333333333 0.054443359375 0.997 0.05517578125 0.9996666666666667 0.0693359375 0.9996666666666667
1 0.1123046875 0.9913333333333333 0.1201171875 0.9953333333333333 0.130859375 0.9956666666666667 0.13037109375 0.9856666666666667 0.1318359375 0.9796666666666667 0.13134765625 0.975 0.124755859375 0.9683333333333334 0.122802734375 0.9626666666666667 0.118896484375 0.9623333333333334 0.11474609375 0.964 0.111083984375 0.961 0.103515625 0.9593333333333334 0.10009765625 0.9626666666666667 0.099609375 0.9666666666666667 0.099365234375 0.971 0.100341796875 0.9743333333333334 0.109619140625 0.9856666666666667 0.1123046875 0.9913333333333333
1 0.28271484375 0.9426666666666667 0.302490234375 0.945 0.306396484375 0.9426666666666667 0.31005859375 0.9316666666666666 0.30908203125 0.9233333333333333 0.298828125 0.9136666666666666 0.291015625 0.9083333333333333 0.287841796875 0.9103333333333333 0.28125 0.9116666666666666 0.277099609375 0.9206666666666666 0.275634765625 0.9276666666666666 0.279541015625 0.9346666666666666 0.279052734375 0.94 0.28271484375 0.9426666666666667
1 0.263916015625 0.943 0.263916015625 0.9346666666666666 0.261474609375 0.93 0.251953125 0.924 0.248046875 0.924 0.246826171875 0.926 0.24658203125 0.9283333333333333 0.249267578125 0.9363333333333334 0.258544921875 0.942 0.263916015625 0.943
1 0.267578125 0.9036666666666666 0.2705078125 0.9003333333333333 0.270263671875 0.896 0.271240234375 0.8936666666666667 0.276123046875 0.889 0.275390625 0.8873333333333333 0.271240234375 0.8873333333333333 0.269775390625 0.8843333333333333 0.26953125 0.881 0.267578125 0.8783333333333333 0.255859375 0.879 0.25390625 0.8806666666666667 0.254638671875 0.8833333333333333 0.253662109375 0.9 0.255615234375 0.903 0.267578125 0.9036666666666666
1 0.32421875 0.8326666666666667 0.326416015625 0.83 0.327392578125 0.8256666666666667 0.326171875 0.822 0.3193359375 0.8226666666666667 0.309814453125 0.8256666666666667 0.306884765625 0.83 0.306640625 0.8343333333333334 0.308349609375 0.8363333333333334 0.31494140625 0.8366666666666667 0.32421875 0.8326666666666667
1 0.41259765625 0.868 0.418212890625 0.8653333333333333 0.4208984375 0.8583333333333333 0.423828125 0.854 0.423583984375 0.841 0.4208984375 0.8263333333333334 0.418212890625 0.825 0.413330078125 0.825 0.408447265625 0.827 0.40625 0.83 0.402587890625 0.84 0.402099609375 0.8416666666666667 0.40673828125 0.849 0.407958984375 0.8663333333333333 0.41259765625 0.868
1 0.385498046875 0.855 0.388916015625 0.8556666666666667 0.392333984375 0.8533333333333334 0.392333984375 0.8503333333333334 0.390869140625 0.8466666666666667 0.385498046875 0.8433333333333334 0.37939453125 0.8356666666666667 0.376953125 0.8273333333333334 0.374267578125 0.8326666666666667 0.373046875 0.837 0.373046875 0.8416666666666667 0.376953125 0.848 0.385498046875 0.855
1 0.384521484375 0.8916666666666667 0.381591796875 0.8893333333333333 0.378662109375 0.8893333333333333 0.376708984375 0.89 0.375732421875 0.8926666666666667 0.37451171875 0.9043333333333333 0.38134765625 0.911 0.38330078125 0.9083333333333333 0.384521484375 0.8916666666666667
1 0.438720703125 0.9506666666666667 0.442138671875 0.9473333333333334 0.439208984375 0.9376666666666666 0.435546875 0.9306666666666666 0.430419921875 0.9306666666666666 0.427001953125 0.9336666666666666 0.426513671875 0.9356666666666666 0.427490234375 0.9386666666666666 0.43310546875 0.9506666666666667 0.438720703125 0.9506666666666667
1 0.474365234375 0.9313333333333333 0.474609375 0.9263333333333333 0.47314453125 0.9236666666666666 0.462890625 0.919 0.461181640625 0.9196666666666666 0.46044921875 0.9216666666666666 0.460205078125 0.9236666666666666 0.46240234375 0.9276666666666666 0.4697265625 0.9313333333333333 0.474365234375 0.9313333333333333
1 0.479248046875 0.8996666666666666 0.48193359375 0.8966666666666666 0.481689453125 0.8926666666666667 0.473876953125 0.8853333333333333 0.469482421875 0.8833333333333333 0.466796875 0.8846666666666667 0.466552734375 0.886 0.46630859375 0.889 0.46826171875 0.8923333333333333 0.47705078125 0.899 0.479248046875 0.8996666666666666
1 0.49951171875 0.96 0.498779296875 0.951 0.494873046875 0.9486666666666667 0.49072265625 0.9503333333333334 0.483154296875 0.963 0.48291015625 0.9666666666666667 0.4853515625 0.9706666666666667 0.490234375 0.9716666666666667 0.49951171875 0.96
1 0.379150390625 0.9663333333333334 0.382568359375 0.959 0.384033203125 0.9536666666666667 0.3837890625 0.9503333333333334 0.380615234375 0.947 0.376708984375 0.9483333333333334 0.372802734375 0.954 0.37060546875 0.9606666666666667 0.370361328125 0.9666666666666667 0.372802734375 0.9693333333333334 0.376708984375 0.969 0.379150390625 0.9663333333333334
1 0.21728515625 0.8296666666666667 0.220703125 0.8286666666666667 0.222900390625 0.8263333333333334 0.21435546875 0.818 0.209716796875 0.8163333333333334 0.206787109375 0.8173333333333334 0.2060546875 0.8183333333333334 0.207763671875 0.8223333333333334 0.212890625 0.828 0.21728515625 0.8296666666666667
1 0.251708984375 0.771 0.247802734375 0.769 0.2431640625 0.7713333333333333 0.239013671875 0.7753333333333333 0.238037109375 0.7793333333333333 0.240478515625 0.783 0.24951171875 0.777 0.251708984375 0.771
1 0.220458984375 0.8523333333333334 0.214599609375 0.847 0.21240234375 0.846 0.20947265625 0.8493333333333334 0.209228515625 0.8533333333333334 0.212646484375 0.858 0.220947265625 0.858 0.220458984375 0.8523333333333334
1 0.259521484375 0.6686666666666666 0.26220703125 0.6616666666666666 0.255859375 0.6586666666666666 0.25244140625 0.6596666666666666 0.247802734375 0.662 0.242431640625 0.669 0.242431640625 0.673 0.243408203125 0.674 0.255859375 0.6716666666666666 0.259521484375 0.6686666666666666
1 0.215087890625 0.6906666666666667 0.2197265625 0.6853333333333333 0.21923828125 0.68 0.21630859375 0.6756666666666666 0.212158203125 0.6746666666666666 0.207275390625 0.678 0.207275390625 0.6856666666666666 0.209228515625 0.6896666666666667 0.212646484375 0.6913333333333334 0.215087890625 0.6906666666666667
1 0.17822265625 0.682 0.181884765625 0.6836666666666666 0.18359375 0.6816666666666666 0.181640625 0.6723333333333333 0.1787109375 0.6666666666666666 0.17333984375 0.6603333333333333 0.169189453125 0.6593333333333333 0.16748046875 0.662 0.167236328125 0.6656666666666666 0.16552734375 0.6696666666666666 0.165771484375 0.6773333333333333 0.169921875 0.6826666666666666 0.173828125 0.6836666666666666 0.17822265625 0.682
1 0.252197265625 0.5356666666666666 0.2548828125 0.533 0.256103515625 0.5293333333333333 0.2568359375 0.5173333333333333 0.254150390625 0.5133333333333333 0.251953125 0.5063333333333333 0.248046875 0.5096666666666667 0.247314453125 0.5143333333333333 0.248046875 0.533 0.250244140625 0.5353333333333333 0.252197265625 0.5356666666666666
1 0.232177734375 0.4523333333333333 0.23388671875 0.44333333333333336 0.234130859375 0.43133333333333335 0.232421875 0.42933333333333334 0.228515625 0.42933333333333334 0.226806640625 0.43166666666666664 0.225830078125 0.436 0.2255859375 0.44733333333333336 0.2265625 0.45066666666666666 0.228515625 0.4523333333333333 0.232177734375 0.4523333333333333
1 0.271240234375 0.465 0.271484375 0.45866666666666667 0.267333984375 0.45766666666666667 0.264404296875 0.461 0.260986328125 0.46266666666666667 0.260009765625 0.4656666666666667 0.259033203125 0.475 0.259521484375 0.47633333333333333 0.263916015625 0.47833333333333333 0.271240234375 0.465
1 0.33056640625 0.43633333333333335 0.3349609375 0.434 0.341552734375 0.428 0.345458984375 0.408 0.341796875 0.4033333333333333 0.33740234375 0.401 0.333984375 0.391 0.325927734375 0.391 0.322021484375 0.3933333333333333 0.320556640625 0.39666666666666667 0.306640625 0.414 0.306640625 0.41833333333333333 0.313720703125 0.429 0.322265625 0.43533333333333335 0.33056640625 0.43633333333333335
1 0.345458984375 0.486 0.349853515625 0.48633333333333334 0.35205078125 0.4846666666666667 0.3603515625 0.4706666666666667 0.361572265625 0.4666666666666667 0.3603515625 0.46166666666666667 0.357421875 0.4563333333333333 0.3564453125 0.45066666666666666 0.353759765625 0.447 0.345947265625 0.44 0.33935546875 0.43666666666666665 0.330322265625 0.437 0.327392578125 0.43833333333333335 0.322265625 0.44333333333333336 0.317138671875 0.455 0.317626953125 0.46266666666666667 0.325439453125 0.47433333333333333 0.332275390625 0.47733333333333333 0.345458984375 0.486
1 0.357666015625 0.38866666666666666 0.362060546875 0.38533333333333336 0.372802734375 0.38333333333333336 0.375244140625 0.373 0.3779296875 0.369 0.376953125 0.364 0.369873046875 0.36233333333333334 0.361083984375 0.364 0.35693359375 0.368 0.354736328125 0.372 0.353271484375 0.37266666666666665 0.353515625 0.3883333333333333 0.357666015625 0.38866666666666666
1 0.317138671875 0.22733333333333333 0.322509765625 0.239 0.328125 0.23833333333333334 0.3310546875 0.23066666666666666 0.33544921875 0.226 0.337890625 0.226 0.339599609375 0.22133333333333333 0.337890625 0.21566666666666667 0.333251953125 0.21533333333333332 0.3232421875 0.21066666666666667 0.319580078125 0.21266666666666667 0.31884765625 0.21466666666666667 0.3134765625 0.21566666666666667 0.31005859375 0.21933333333333332 0.30859375 0.22466666666666665 0.310302734375 0.22633333333333333 0.31396484375 0.22566666666666665 0.317138671875 0.22733333333333333
1 0.348876953125 0.238 0.357421875 0.23866666666666667 0.361572265625 0.23266666666666666 0.361083984375 0.22833333333333333 0.359130859375 0.22433333333333333 0.356201171875 0.22166666666666668 0.349365234375 0.22066666666666668 0.345703125 0.222 0.342041015625 0.22733333333333333 0.341552734375 0.22866666666666666 0.342529296875 0.232 0.345703125 0.23633333333333334 0.348876953125 0.238
1 0.376708984375 0.251 0.380615234375 0.24633333333333332 0.385498046875 0.24366666666666667 0.38720703125 0.24066666666666667 0.384765625 0.23733333333333334 0.377685546875 0.23533333333333334 0.369140625 0.23933333333333334 0.365234375 0.23966666666666667 0.365234375 0.24433333333333335 0.3681640625 0.24533333333333332 0.373291015625 0.25 0.376708984375 0.251
1 0.283935546875 0.218 0.288818359375 0.213 0.288818359375 0.20766666666666667 0.27734375 0.197 0.27392578125 0.197 0.269775390625 0.20333333333333334 0.26953125 0.205 0.271484375 0.209 0.279541015625 0.217 0.283935546875 0.218
1 0.298583984375 0.22233333333333333 0.300537109375 0.21566666666666667 0.306396484375 0.21266666666666667 0.30712890625 0.20933333333333334 0.3046875 0.20466666666666666 0.298583984375 0.2 0.294677734375 0.19966666666666666 0.292724609375 0.201 0.2900390625 0.207 0.288330078125 0.21266666666666667 0.2890625 0.22066666666666668 0.294921875 0.22266666666666668 0.298583984375 0.22233333333333333
1 0.204345703125 0.244 0.208984375 0.24533333333333332 0.2158203125 0.242 0.2177734375 0.23966666666666667 0.220703125 0.22766666666666666 0.220947265625 0.22266666666666668 0.219970703125 0.21866666666666668 0.216796875 0.21733333333333332 0.197265625 0.21766666666666667 0.190673828125 0.22 0.190185546875 0.22433333333333333 0.1943359375 0.23233333333333334 0.201904296875 0.23933333333333334 0.204345703125 0.244
1 0.20263671875 0.26766666666666666 0.216796875 0.26466666666666666 0.218017578125 0.2633333333333333 0.22021484375 0.25533333333333336 0.218505859375 0.249 0.216552734375 0.24633333333333332 0.20947265625 0.244 0.1962890625 0.24366666666666667 0.193603515625 0.247 0.19189453125 0.256 0.188232421875 0.25966666666666666 0.18701171875 0.264 0.189453125 0.26666666666666666 0.1953125 0.268 0.20263671875 0.26766666666666666
1 0.206787109375 0.18066666666666667 0.21240234375 0.18566666666666667 0.223388671875 0.189 0.241943359375 0.19233333333333333 0.244140625 0.19233333333333333 0.2470703125 0.18966666666666668 0.251708984375 0.18933333333333333 0.25244140625 0.17366666666666666 0.248779296875 0.16144433333333333 0.247802734375 0.146 0.244384765625 0.13866666666666666 0.239990234375 0.138 0.2353515625 0.13966666666666666 0.22998046875 0.14266666666666666 0.222412109375 0.14966666666666667 0.214599609375 0.147 0.208740234375 0.14333333333333334 0.200439453125 0.14133333333333334 0.19287109375 0.14266666666666666 0.18994140625 0.14633333333333334 0.189453125 0.162 0.19580078125 0.17866666666666667 0.200927734375 0.181 0.206787109375 0.18066666666666667
1 0.259765625 0.19933333333333333 0.263427734375 0.19966666666666666 0.272542236328125 0.19233333333333333 0.279541015625 0.191 0.279296875 0.18133333333333335 0.27734375 0.17833333333333334 0.279052734375 0.16933333333333334 0.264892578125 0.168 0.259033203125 0.17 0.25146484375 0.18933333333333333 0.259521484375 0.19266666666666668 0.259033203125 0.19733333333333333 0.259765625 0.19933333333333333
1 0.259765625 0.114 0.263671875 0.111 0.264404296875 0.10766666666666666 0.263671875 0.10166666666666667 0.25927734375 0.10133333333333333 0.255126953125 0.10533333333333333 0.254150390625 0.10733333333333334 0.254150390625 0.11166666666666666 0.255859375 0.11466666666666667 0.259765625 0.114
1 0.43359375 0.09533333333333334 0.435302734375 0.099 0.437744140625 0.10033333333333333 0.4423828125 0.1 0.445556640625 0.09833333333333333 0.4462890625 0.09566666666666666 0.443603515625 0.08933333333333333 0.439453125 0.08033333333333334 0.435302734375 0.07433333333333333 0.4296875 0.07466666666666667 0.422607421875 0.07866666666666666 0.421875 0.07966666666666666 0.422607421875 0.08366666666666667 0.427490234375 0.09233333333333334 0.43359375 0.09533333333333334
1 0.48583984375 0.08366666666666667 0.48974609375 0.08466666666666667 0.49609375 0.089 0.498046875 0.08933333333333333 0.5009765625 0.08766666666666667 0.501953125 0.083 0.50048828125 0.07833333333333334 0.501953125 0.074 0.50537109375 0.072 0.503662109375 0.07133333333333333 0.501708984375 0.068 0.49755859375 0.06666666666666667 0.494384765625 0.06066666666666667 0.49267578125 0.059666666666666666 0.489990234375 0.059 0.48583984375 0.06433333333333334 0.486083984375 0.06833333333333333 0.487548828125 0.072 0.4853515625 0.07966666666666666 0.48583984375 0.08366666666666667
1 0.46923828125 0.13833333333333334 0.47119140625 0.134 0.470458984375 0.13 0.46826171875 0.127 0.46484375 0.125 0.462890625 0.12166666666666667 0.458984375 0.121 0.4521484375 0.13633333333333333 0.45263671875 0.143 0.455078125 0.14766666666666667 0.458740234375 0.14633333333333334 0.46923828125 0.13833333333333334
1 0.4267578125 0.205 0.439208984375 0.199 0.441650390625 0.195 0.439697265625 0.18533333333333332 0.436279296875 0.18333333333333332 0.426513671875 0.18466666666666667 0.41796875 0.18833333333333332 0.416259765625 0.19066666666666668 0.415771484375 0.19333333333333333 0.41943359375 0.20466666666666666 0.42138671875 0.206 0.4267578125 0.205
1 0.47021484375 0.259 0.476806640625 0.25966666666666666 0.48291015625 0.259 0.48583984375 0.25666666666666665 0.48681640625 0.25266666666666665 0.486572265625 0.248 0.482666015625 0.23633333333333334 0.4765625 0.22666666666666666 0.467041015625 0.21833333333333332 0.457763671875 0.21666666666666667 0.451171875 0.22033333333333333 0.448486328125 0.22666666666666666 0.4482421875 0.23266666666666666 0.450439453125 0.24 0.464111328125 0.256 0.47021484375 0.259
1 0.512451171875 0.234 0.519287109375 0.23066666666666666 0.52294921875 0.22466666666666665 0.523193359375 0.22233333333333333 0.5224609375 0.21266666666666667 0.521240234375 0.21066666666666667 0.517578125 0.211 0.513916015625 0.21366666666666667 0.505615234375 0.21466666666666667 0.501953125 0.21866666666666668 0.497802734375 0.221 0.498046875 0.22666666666666666 0.501953125 0.23166666666666666 0.505615234375 0.23333333333333334 0.512451171875 0.234
1 0.50146484375 0.06 0.500244140625 0.06433333333333334 0.501953125 0.067 0.50390625 0.06733333333333333 0.509521484375 0.067 0.513671875 0.065 0.51806640625 0.056666666666666664 0.518798828125 0.053 0.518310546875 0.048666666666666664 0.509765625 0.03666666666666667 0.50537109375 0.037 0.502197265625 0.04133333333333333 0.501708984375 0.04933333333333333 0.50244140625 0.053 0.499267578125 0.05633333333333333 0.50146484375 0.06
1 0.567626953125 0.04066666666666666 0.56787109375 0.037 0.564453125 0.035 0.56298828125 0.035666666666666666 0.55859375 0.043 0.55810546875 0.04633333333333333 0.559814453125 0.050333333333333334 0.563720703125 0.049666666666666665 0.567626953125 0.04066666666666666
1 0.63720703125 0.037 0.639404296875 0.033666666666666664 0.637451171875 0.021 0.635009765625 0.017666666666666667 0.630859375 0.019 0.626953125 0.027 0.626708984375 0.029333333333333333 0.628173828125 0.033 0.633056640625 0.037 0.63720703125 0.037
1 0.6806640625 0.013333333333333334 0.678955078125 0.009333333333333334 0.676025390625 0.009 0.669189453125 0.014 0.668212890625 0.017333333333333333 0.674072265625 0.018666666666666668 0.677490234375 0.017 0.6806640625 0.013333333333333334
1 0.767822265625 0.029666666666666668 0.76904296875 0.028333333333333332 0.769287109375 0.025333333333333333 0.767333984375 0.021333333333333333 0.76123046875 0.017333333333333333 0.75537109375 0.014333333333333333 0.751220703125 0.014333333333333333 0.748779296875 0.01633333333333333 0.7490234375 0.021 0.75439453125 0.025333333333333333 0.763427734375 0.03 0.767822265625 0.029666666666666668
1 0.891845703125 0.04066666666666666 0.88916015625 0.035666666666666666 0.88916015625 0.029333333333333333 0.88671875 0.025 0.880859375 0.020666666666666667 0.876953125 0.021333333333333333 0.86572265625 0.033 0.866455078125 0.03666666666666667 0.865234375 0.03966666666666667 0.859130859375 0.044333333333333336 0.85693359375 0.048666666666666664 0.856201171875 0.05266666666666667 0.857177734375 0.05433333333333333 0.8623046875 0.05566666666666667 0.891845703125 0.04066666666666666
1 0.874755859375 0.112 0.8798828125 0.109 0.8818359375 0.10366666666666667 0.880615234375 0.09966666666666667 0.874755859375 0.09766666666666667 0.873046875 0.09166666666666666 0.871337890625 0.091 0.867919921875 0.092 0.86572265625 0.09633333333333334 0.864990234375 0.10233333333333333 0.864013671875 0.11533333333333333 0.86669921875 0.11666666666666667 0.87109375 0.116 0.874755859375 0.112
1 0.85693359375 0.104 0.859619140625 0.09933333333333333 0.857177734375 0.09566666666666666 0.84912109375 0.09766666666666667 0.84521484375 0.09966666666666667 0.8408203125 0.10633333333333334 0.84130859375 0.10833333333333334 0.84326171875 0.10933333333333334 0.849365234375 0.109 0.85693359375 0.104
1 0.48681640625 0.366 0.493896484375 0.37333333333333335 0.49755859375 0.37233333333333335 0.50048828125 0.36133333333333334 0.5009765625 0.35333333333333333 0.502197265625 0.34933333333333333 0.499755859375 0.3416666666666667 0.4951171875 0.3353333333333333 0.486083984375 0.32766666666666666 0.482177734375 0.333 0.478271484375 0.347 0.478515625 0.35333333333333333 0.481201171875 0.35733333333333334 0.482666015625 0.36433333333333334 0.48681640625 0.366
1 0.454833984375 0.4043333333333333 0.458740234375 0.4036666666666667 0.46240234375 0.3983333333333333 0.466552734375 0.3963333333333333 0.467529296875 0.393 0.466552734375 0.391 0.458984375 0.38666666666666666 0.451416015625 0.384 0.447265625 0.384 0.4462890625 0.38533333333333336 0.446044921875 0.38866666666666666 0.447021484375 0.39166666666666666 0.450439453125 0.39566666666666667 0.454833984375 0.4043333333333333
1 0.462890625 0.38333333333333336 0.46826171875 0.37666666666666665 0.468994140625 0.37266666666666665 0.46484375 0.361 0.462890625 0.35833333333333334 0.458740234375 0.36033333333333334 0.4580078125 0.36233333333333334 0.45751953125 0.36566666666666664 0.4599609375 0.37233333333333335 0.459716796875 0.377 0.462890625 0.38333333333333336
1 0.486083984375 0.4166666666666667 0.487548828125 0.4156666666666667 0.48876953125 0.412 0.486083984375 0.4066666666666667 0.47900390625 0.4056666666666667 0.4755859375 0.4083333333333333 0.470458984375 0.41 0.468994140625 0.413 0.46875 0.416 0.470703125 0.41833333333333333 0.47900390625 0.41833333333333333 0.486083984375 0.4166666666666667
1 0.513671875 0.49033333333333334 0.5234375 0.47933333333333333 0.521484375 0.4703333333333333 0.517578125 0.47 0.51318359375 0.4736666666666667 0.510986328125 0.4786666666666667 0.505615234375 0.485 0.505126953125 0.48833333333333334 0.50634765625 0.491 0.509765625 0.49266666666666664 0.513671875 0.49033333333333334
1 0.540283203125 0.44566666666666666 0.543701171875 0.43933333333333335 0.5419921875 0.428 0.536865234375 0.4256666666666667 0.533203125 0.427 0.532958984375 0.43266666666666664 0.52978515625 0.43933333333333335 0.529541015625 0.44333333333333336 0.53271484375 0.44666666666666666 0.537841796875 0.44733333333333336 0.540283203125 0.44566666666666666
1 0.56787109375 0.734 0.57080078125 0.7286666666666667 0.56689453125 0.7196666666666667 0.564208984375 0.7166666666666667 0.556640625 0.7176666666666667 0.554443359375 0.7233333333333334 0.554443359375 0.7273333333333334 0.55615234375 0.7303333333333333 0.564208984375 0.735 0.56787109375 0.734
1 0.54736328125 0.7086666666666667 0.547607421875 0.7036666666666667 0.5400390625 0.6933333333333334 0.53662109375 0.6923333333333334 0.534423828125 0.695 0.53369140625 0.701 0.541015625 0.7116666666666667 0.544921875 0.713 0.54736328125 0.7086666666666667
1 0.560791015625 0.6896666666666667 0.5625 0.6816666666666666 0.565673828125 0.6736666666666666 0.560791015625 0.6696666666666666 0.556396484375 0.6696666666666666 0.553955078125 0.6733333333333333 0.55224609375 0.681 0.552490234375 0.69 0.55615234375 0.6923333333333334 0.559326171875 0.6913333333333334 0.560791015625 0.6896666666666667
1 0.444580078125 0.686 0.44384765625 0.6816666666666666 0.442626953125 0.6806666666666666 0.438720703125 0.682 0.431396484375 0.6893333333333334 0.430908203125 0.6913333333333334 0.431640625 0.697 0.435546875 0.697 0.443359375 0.689 0.444580078125 0.686
1 0.4658203125 0.7886666666666666 0.466064453125 0.783 0.455078125 0.7753333333333333 0.450927734375 0.776 0.450439453125 0.783 0.454833984375 0.789 0.46337890625 0.791 0.4658203125 0.7886666666666666
1 0.48974609375 0.7953333333333333 0.497802734375 0.795 0.49853515625 0.794 0.4990234375 0.7863333333333333 0.49755859375 0.7813333333333333 0.48828125 0.78 0.482421875 0.7776666666666666 0.474609375 0.7773333333333333 0.470703125 0.7803333333333333 0.469970703125 0.7826666666666666 0.470458984375 0.7866666666666666 0.478271484375 0.7936666666666666 0.48974609375 0.7953333333333333
1 0.582275390625 0.8993333333333333 0.5830078125 0.8966666666666666 0.580322265625 0.894 0.574951171875 0.8943333333333333 0.571533203125 0.8963333333333333 0.570556640625 0.9006666666666666 0.572021484375 0.903 0.580322265625 0.9013333333333333 0.582275390625 0.8993333333333333
1 0.60107421875 0.916 0.602783203125 0.912 0.59716796875 0.9043333333333333 0.587890625 0.9016666666666666 0.58349609375 0.904 0.580810546875 0.912 0.5810546875 0.9183333333333333 0.583984375 0.921 0.591552734375 0.9196666666666666 0.60107421875 0.916
1 0.5576171875 0.8336666666666667 0.560302734375 0.8393333333333334 0.56494140625 0.8383333333333334 0.5654296875 0.8286666666666667 0.56640625 0.826 0.562744140625 0.822 0.562255859375 0.8183333333333334 0.560302734375 0.817 0.55419921875 0.8186666666666667 0.549560546875 0.8173333333333334 0.541259765625 0.8183333333333334 0.53955078125 0.8213333333333334 0.537109375 0.822 0.539306640625 0.826 0.5576171875 0.8336666666666667
1 0.7470703125 0.9823333333333333 0.736328125 0.9743333333333334 0.73193359375 0.9756666666666667 0.720947265625 0.9836666666666667 0.71630859375 0.984 0.714599609375 0.986 0.713134765625 0.99 0.714599609375 0.9996666666666667 0.75439453125 0.9996666666666667 0.7470703125 0.9823333333333333
1 0.685302734375 0.5203333333333333 0.689208984375 0.518 0.69189453125 0.5106666666666667 0.690185546875 0.5063333333333333 0.683837890625 0.504 0.676513671875 0.5046666666666667 0.67236328125 0.5096666666666667 0.671630859375 0.5146666666666667 0.672607421875 0.5173333333333333 0.68115234375 0.521 0.685302734375 0.5203333333333333
1 0.662109375 0.5453333333333333 0.670166015625 0.5406666666666666 0.67236328125 0.5373333333333333 0.673583984375 0.5326666666666666 0.671875 0.529 0.669189453125 0.5273333333333333 0.654052734375 0.5266666666666666 0.64697265625 0.5306666666666666 0.63427734375 0.5313333333333333 0.63134765625 0.533 0.630859375 0.535 0.630126953125 0.541 0.6337890625 0.5453333333333333 0.654296875 0.5463333333333333 0.662109375 0.5453333333333333
1 0.603271484375 0.58 0.60498046875 0.5816666666666667 0.607421875 0.5816666666666667 0.614990234375 0.5763333333333334 0.618896484375 0.568 0.6201171875 0.561 0.61767578125 0.5556666666666666 0.6162109375 0.555 0.614990234375 0.555 0.61083984375 0.5596666666666666 0.608154296875 0.5603333333333333 0.603759765625 0.5583333333333333 0.599365234375 0.5586666666666666 0.599365234375 0.5643333333333334 0.601806640625 0.5666666666666667 0.603515625 0.572 0.603271484375 0.58
1 0.740234375 0.4866666666666667 0.741455078125 0.4826666666666667 0.741455078125 0.47833333333333333 0.739990234375 0.47633333333333333 0.732177734375 0.4713333333333333 0.72900390625 0.47433333333333333 0.72705078125 0.48 0.725830078125 0.48633333333333334 0.728515625 0.48966666666666664 0.736572265625 0.48966666666666664 0.740234375 0.4866666666666667
1 0.787109375 0.48333333333333334 0.7958984375 0.47433333333333333 0.79638671875 0.4703333333333333 0.794677734375 0.469 0.78515625 0.4693333333333333 0.782958984375 0.4703333333333333 0.779052734375 0.4756666666666667 0.77880859375 0.479 0.78076171875 0.4816666666666667 0.783203125 0.48333333333333334 0.787109375 0.48333333333333334
1 0.747802734375 0.445 0.751708984375 0.44466666666666665 0.75341796875 0.43833333333333335 0.75634765625 0.43566666666666665 0.7578125 0.432 0.756103515625 0.42766666666666664 0.7490234375 0.42766666666666664 0.743408203125 0.42966666666666664 0.741943359375 0.43133333333333335 0.74267578125 0.43466666666666665 0.745849609375 0.44266666666666665 0.747802734375 0.445
1 0.56884765625 0.336 0.568359375 0.32066666666666666 0.5654296875 0.318 0.56298828125 0.318 0.56201171875 0.31966666666666665 0.561767578125 0.324 0.563720703125 0.33766666666666667 0.568115234375 0.3383333333333333 0.56884765625 0.336
1 0.424072265625 0.28633333333333333 0.418212890625 0.2793333333333333 0.4150390625 0.279 0.41162109375 0.2823333333333333 0.413330078125 0.2876666666666667 0.419921875 0.297 0.426025390625 0.291 0.424072265625 0.28633333333333333
1 0.720458984375 0.13433333333333333 0.7265625 0.12266666666666666 0.726806640625 0.115 0.724609375 0.11233333333333333 0.721435546875 0.11266666666666666 0.713134765625 0.116 0.710693359375 0.119 0.709228515625 0.13766666666666666 0.711669921875 0.13966666666666666 0.715576171875 0.13933333333333334 0.720458984375 0.13433333333333333
1 0.77734375 0.09133333333333334 0.781005859375 0.08766666666666667 0.779296875 0.08366666666666667 0.7763671875 0.083 0.76318359375 0.08766666666666667 0.7626953125 0.09166666666666666 0.766845703125 0.09466666666666666 0.771240234375 0.09433333333333334 0.77734375 0.09133333333333334
1 0.7646484375 0.187 0.766357421875 0.18533333333333332 0.766845703125 0.18166666666666667 0.763671875 0.169 0.7587890625 0.16966666666666666 0.755126953125 0.17166666666666666 0.747802734375 0.18033333333333335 0.747802734375 0.186 0.75 0.18933333333333333 0.754150390625 0.191 0.7646484375 0.187
1 0.60546875 0.21 0.610595703125 0.20433333333333334 0.61181640625 0.201 0.613037109375 0.181 0.61181640625 0.17766666666666667 0.608154296875 0.17333333333333334 0.603759765625 0.171 0.597412109375 0.17333333333333334 0.595703125 0.17933333333333334 0.593994140625 0.19633333333333333 0.594482421875 0.202 0.598876953125 0.21 0.60546875 0.21
1 0.49169921875 0.14633333333333334 0.490966796875 0.14233333333333334 0.4814453125 0.14 0.478515625 0.14266666666666666 0.478271484375 0.147 0.486083984375 0.157 0.490234375 0.15666666666666668 0.49169921875 0.14633333333333334
1 0.3388671875 0.064 0.341796875 0.072 0.345458984375 0.07133333333333333 0.34716796875 0.06833333333333333 0.34716796875 0.06433333333333334 0.34375 0.053 0.341796875 0.048666666666666664 0.337646484375 0.049 0.33642578125 0.053 0.333740234375 0.05566666666666667 0.333984375 0.059 0.3388671875 0.064
1 0.396484375 0.07466666666666667 0.39794921875 0.072 0.39697265625 0.069 0.39501953125 0.068 0.3896484375 0.06833333333333333 0.38525390625 0.07066666666666667 0.384521484375 0.07166666666666667 0.38525390625 0.076 0.392333984375 0.07766666666666666 0.396484375 0.07466666666666667
1 0.290283203125 0.08 0.294677734375 0.079 0.297607421875 0.073 0.29833984375 0.06866666666666667 0.296875 0.06266666666666666 0.29541015625 0.061 0.290283203125 0.06166666666666667 0.282958984375 0.07666666666666666 0.283203125 0.08166666666666667 0.2861328125 0.083 0.289306640625 0.082 0.290283203125 0.08
1 0.34716796875 0.326 0.345947265625 0.322 0.34033203125 0.32166666666666666 0.338134765625 0.32566666666666666 0.337890625 0.334 0.341796875 0.3353333333333333 0.345703125 0.33366666666666667 0.34716796875 0.326
1 0.419921875 0.5413333333333333 0.42333984375 0.5433333333333333 0.427978515625 0.5433333333333333 0.43212890625 0.537 0.43359375 0.533 0.433837890625 0.5286666666666666 0.431396484375 0.521 0.427490234375 0.5166666666666667 0.423828125 0.5196666666666667 0.42041015625 0.5263333333333333 0.41748046875 0.529 0.417724609375 0.5333333333333333 0.419921875 0.5413333333333333
1 0.4560546875 0.5136666666666667 0.46044921875 0.5056666666666667 0.460205078125 0.5016666666666667 0.459228515625 0.5006666666666667 0.455078125 0.5026666666666667 0.454345703125 0.5056666666666667 0.450927734375 0.5096666666666667 0.45166015625 0.5136666666666667 0.4560546875 0.5136666666666667
1 0.296630859375 0.5293333333333333 0.296142578125 0.5136666666666667 0.294677734375 0.511 0.290771484375 0.5123333333333333 0.289794921875 0.5173333333333333 0.2890625 0.5253333333333333 0.290283203125 0.53 0.294677734375 0.5316666666666666 0.296630859375 0.5293333333333333
1 0.263671875 0.9666666666666667 0.2685546875 0.963 0.267578125 0.959 0.263427734375 0.9536666666666667 0.247802734375 0.939 0.243896484375 0.939 0.242919921875 0.9413333333333334 0.243408203125 0.9456666666666667 0.250732421875 0.9526666666666667 0.2607421875 0.9656666666666667 0.263671875 0.9666666666666667
1 0.76025390625 0.9303333333333333 0.761962890625 0.928 0.760009765625 0.923 0.75634765625 0.9213333333333333 0.743896484375 0.92 0.742431640625 0.9216666666666666 0.741943359375 0.924 0.743896484375 0.928 0.75830078125 0.9306666666666666 0.76025390625 0.9303333333333333