1 0.8301432290039062 1 0.83056640625 0.9986666666666667 0.830322265625 0.9943333333333333 0.828125 0.9893333333333333 0.823974609375 0.985 0.8193359375 0.9843333333333333 0.811767578125 0.988 0.810791015625 0.993 0.811767578125 0.9976666666666667 0.8108603393554688 1 0.8301432290039062 1
1 0.75341796875 0.036 0.751953125 0.027666666666666666 0.7451171875 0.015666666666666666 0.741455078125 0.017333333333333333 0.741455078125 0.026 0.747314453125 0.04666666666666667 0.75048828125 0.048666666666666664 0.75390625 0.044 0.75341796875 0.036
1 0.79699658203125 0.05744433333333333 0.801738525390625 0.05603666666666667 0.803826416015625 0.040127666666666666 0.79977978515625 0.03843833333333333 0.79699658203125 0.05744433333333333
1 0.7865029296875 0.15036333333333332 0.7845146484375 0.14557666666666666 0.7755458984375 0.13966366666666666 0.77265966796875 0.14262033333333332 0.772556396484375 0.14811100000000002 0.780081787109375 0.15303833333333333 0.78379296875 0.152616 0.7865029296875 0.15036333333333332
1 0.762453857421875 0.14346499999999998 0.76111376953125 0.13924133333333333 0.75853662109375 0.142902 0.75595947265625 0.148674 0.7459599609375 0.15360166666666666 0.75008349609375 0.16683566666666666 0.75575341796875 0.16500533333333334 0.760495361328125 0.160641 0.768329833984375 0.15247533333333332 0.771422607421875 0.14121233333333333 0.771422607421875 0.140227 0.76688671875 0.14050833333333332 0.762453857421875 0.14346499999999998
1 0.7772890625 0.017650333333333334 0.778515625 0.03973033333333333 0.787658447265625 0.036532666666666665 0.78587451171875 0.015214000000000002 0.7772890625 0.017650333333333334
1 0.752982421875 0.07764666666666667 0.74305908203125 0.07353533333333333 0.74183251953125 0.08708766666666666 0.74428564453125 0.096224 0.752982421875 0.092874 0.750975341796875 0.08602166666666666 0.752759521484375 0.07764666666666667 0.752982421875 0.07764666666666667
1 0.709377197265625 0.053587333333333334 0.706143798828125 0.060592 0.707035888671875 0.06683533333333333 0.71071533203125 0.068967 0.71425244140625 0.06972833333333334 0.71171875 0.06074433333333334 0.709377197265625 0.053587333333333334
1 0.664099609375 0.04033933333333333 0.663542236328125 0.03485766666666666 0.663653564453125 0.033791666666666664 0.660420166015625 0.029223333333333334 0.653730224609375 0.025416333333333332 0.652392333984375 0.036684666666666664 0.654287841796875 0.041557666666666666 0.661981201171875 0.04368933333333334 0.664099609375 0.04033933333333333
1 0.66945166015625 0.05861233333333333 0.6691171875 0.049628 0.66499169921875 0.04110066666666667 0.66186962890625 0.04247133333333333 0.663653564453125 0.04993266666666667 0.66443408203125 0.05846 0.66632958984375 0.05967833333333333 0.66945166015625 0.05861233333333333
1 0.644475830078125 0.19657300000000003 0.659193603515625 0.19840033333333335 0.66878271484375 0.17464566666666667 0.6762529296875 0.15576366666666666 0.676611328125 0.15515433333333334 0.661089111328125 0.14754066666666668 0.644475830078125 0.19657300000000003
1 0.5821298828125 0.026634666666666664 0.582798828125 0.03500966666666667 0.59852001953125 0.02435066666666667 0.597405029296875 0.016280000000000003 0.59380078125 0.017650333333333334 0.581683837890625 0.004402666666666667 0.579788330078125 0.009275333333333333 0.581572265625 0.018107333333333333 0.587816162109375 0.02298 0.5821298828125 0.026634666666666664
1 0.5501937412109374 0 0.54934912109375 0.0005956666666666667 0.54555810546875 0.012777666666666666 0.556261962890625 0.023284666666666665 0.569864990234375 0.010950333333333333 0.569976318359375 0.0010526666666666666 0.5692405849609375 0 0.5501937412109374 0
1 0.62744140625 0.06566666666666666 0.617919921875 0.07566666666666666 0.6181640625 0.09266666666666666 0.61669921875 0.105 0.618896484375 0.11 0.62451171875 0.109 0.62744140625 0.10566666666666667 0.639404296875 0.07966666666666666 0.64013671875 0.07566666666666666 0.639404296875 0.07033333333333333 0.63330078125 0.06466666666666666 0.630126953125 0.06433333333333334 0.62744140625 0.06566666666666666
1 0.58447265625 0.08866666666666667 0.59033203125 0.089 0.5927734375 0.08566666666666667 0.593505859375 0.06933333333333333 0.5908203125 0.065 0.58740234375 0.06466666666666666 0.5859375 0.06733333333333333 0.582763671875 0.08033333333333334 0.582763671875 0.08633333333333333 0.58447265625 0.08866666666666667
1 0.552978515625 0.09966666666666667 0.550048828125 0.10166666666666667 0.548828125 0.10633333333333334 0.548828125 0.11133333333333334 0.55078125 0.123 0.556396484375 0.12333333333333334 0.5625 0.118 0.564697265625 0.10833333333333334 0.563720703125 0.10166666666666667 0.558837890625 0.098 0.556884765625 0.1 0.552978515625 0.09966666666666667
1 0.4767295434570312 0 0.475830078125 0.0016666666666666668 0.4814453125 0.012333333333333333 0.48486328125 0.013333333333333334 0.4873046875 0.011666666666666667 0.489501953125 0.005666666666666667 0.48828125 0.0006666666666666666 0.487890625 0 0.4767295434570312 0
1 0.161865234375 0.016666666666666666 0.157958984375 0.006333333333333333 0.1552734375 0.0026666666666666666 0.15087890625 0.003 0.147705078125 0.006666666666666667 0.1533203125 0.02 0.156005859375 0.02266666666666667 0.161376953125 0.018666666666666668 0.161865234375 0.016666666666666666
1 0.201416015625 0.143 0.20947265625 0.14033333333333334 0.211669921875 0.134 0.210205078125 0.129 0.207763671875 0.12766666666666668 0.2041015625 0.12733333333333333 0.18994140625 0.13433333333333333 0.190673828125 0.14166666666666666 0.1923828125 0.14333333333333334 0.201416015625 0.143
1 0.20654296875 0.16633333333333333 0.2080078125 0.17216666666666666 0.20751953125 0.177 0.209228515625 0.17933333333333334 0.2138671875 0.18 0.21630859375 0.17766666666666667 0.221435546875 0.16233333333333333 0.22119140625 0.15733333333333333 0.2197265625 0.155 0.21484375 0.156 0.2099609375 0.165 0.20654296875 0.16633333333333333
1 0.203857421875 0.126 0.20703125 0.122 0.207763671875 0.11866666666666667 0.20703125 0.11333333333333333 0.198486328125 0.109 0.1953125 0.108 0.19384765625 0.10966666666666666 0.1923828125 0.122 0.192626953125 0.12766666666666668 0.203857421875 0.126
1 0.252685546875 0.22033333333333333 0.25244140625 0.21433333333333332 0.2470703125 0.20833333333333334 0.244140625 0.208 0.242431640625 0.20933333333333334 0.241943359375 0.215 0.24267578125 0.217 0.24658203125 0.22166666666666668 0.252685546875 0.22033333333333333
1 0.323974609375 0.024333333333333332 0.32421875 0.019 0.322998046875 0.01633333333333333 0.318115234375 0.016 0.315185546875 0.019333333333333334 0.314453125 0.023333333333333334 0.315673828125 0.028333333333333332 0.322265625 0.026333333333333334 0.323974609375 0.024333333333333332
1 0.457275390625 0.127 0.464599609375 0.137 0.46630859375 0.13466666666666666 0.470458984375 0.118 0.469970703125 0.113 0.468017578125 0.10866666666666666 0.46240234375 0.10633333333333334 0.458251953125 0.10566666666666667 0.455810546875 0.107 0.455322265625 0.11566666666666667 0.457275390625 0.127
1 0.463134765625 0.04933333333333333 0.457275390625 0.038 0.455810546875 0.036333333333333336 0.45263671875 0.03766666666666667 0.44873046875 0.042 0.444580078125 0.044 0.4404296875 0.04933333333333333 0.44091796875 0.06533333333333333 0.443603515625 0.06733333333333333 0.447021484375 0.067 0.451904296875 0.06166666666666667 0.458251953125 0.06833333333333333 0.461669921875 0.068 0.4638671875 0.06533333333333333 0.46435546875 0.059333333333333335 0.463134765625 0.04933333333333333
1 0.39892578125 0.076 0.399658203125 0.07033333333333333 0.396728515625 0.06766666666666667 0.392822265625 0.06733333333333333 0.3876953125 0.071 0.386962890625 0.076 0.389892578125 0.081 0.39306640625 0.081 0.39892578125 0.076
1 0.750244140625 0.13433333333333333 0.74853515625 0.14 0.7490234375 0.14533333333333334 0.750244140625 0.147 0.75341796875 0.146 0.75778271484375 0.138861 0.757671142578125 0.13825199999999999 0.759765625 0.134 0.758056640625 0.13033333333333333 0.756103515625 0.12833333333333333 0.75390625 0.12933333333333333 0.750244140625 0.13433333333333333
1 0.767822265625 0.2856666666666667 0.7705078125 0.2866666666666667 0.773193359375 0.2856666666666667 0.7744140625 0.2813333333333333 0.7744140625 0.2673333333333333 0.773193359375 0.261 0.771240234375 0.259 0.767578125 0.26033333333333336 0.76416015625 0.267 0.76708984375 0.284 0.767822265625 0.2856666666666667
1 0.749755859375 0.226 0.75390625 0.22533333333333333 0.758056640625 0.21966666666666668 0.758056640625 0.20966666666666667 0.755859375 0.205 0.75341796875 0.20366666666666666 0.74853515625 0.21466666666666667 0.74755859375 0.22133333333333333 0.748291015625 0.22466666666666665 0.749755859375 0.226
1 0.6474609375 0.242 0.649658203125 0.241 0.6533203125 0.244 0.656494140625 0.24466666666666667 0.660888671875 0.241 0.66162109375 0.236 0.65869140625 0.225 0.654541015625 0.22433333333333333 0.650146484375 0.22566666666666665 0.64697265625 0.23566666666666666 0.6474609375 0.242
1 0.607177734375 0.23333333333333334 0.6103515625 0.23933333333333334 0.613037109375 0.241 0.615234375 0.23966666666666667 0.61669921875 0.23633333333333334 0.61669921875 0.225 0.615478515625 0.21933333333333332 0.610107421875 0.21366666666666667 0.607666015625 0.217 0.6064453125 0.22433333333333333 0.607177734375 0.23333333333333334
1 0.567845458984375 0.19961866666666667 0.559260009765625 0.20647100000000002 0.549002197265625 0.19109133333333334 0.54543408203125 0.190939 0.545211181640625 0.19626866666666667 0.552570068359375 0.21134366666666665 0.54465380859375 0.21667333333333333 0.548110107421875 0.22245966666666667 0.558591064453125 0.2183483333333333 0.56316259765625 0.22291666666666668 0.56583837890625 0.21728233333333333 0.565392578125 0.2130186666666667 0.571718017578125 0.20951633333333333 0.567845458984375 0.19961866666666667
1 0.539794921875 0.25633333333333336 0.5361328125 0.25166666666666665 0.53271484375 0.25166666666666665 0.53125 0.25733333333333336 0.535888671875 0.26366666666666666 0.5390625 0.264 0.541015625 0.2623333333333333 0.539794921875 0.25633333333333336
1 0.49755859375 0.26366666666666666 0.495849609375 0.25433333333333336 0.493896484375 0.25166666666666665 0.489501953125 0.252 0.4873046875 0.261 0.48828125 0.26766666666666666 0.492919921875 0.273 0.495849609375 0.27166666666666667 0.49755859375 0.26366666666666666
1 0.408788818359375 0.26052833333333336 0.409011962890625 0.25184866666666667 0.403325439453125 0.2512396666666667 0.402322021484375 0.2643353333333333 0.39897705078125 0.26509666666666665 0.395408935546875 0.27118766666666666 0.3923984375 0.2743853333333333 0.3948515625 0.280324 0.4032138671875 0.2809333333333333 0.412914306640625 0.2810853333333333 0.4133603515625 0.2721013333333333 0.40867724609375 0.2705786666666667 0.408788818359375 0.26052833333333336
1 0.23291015625 0.32966666666666666 0.23828125 0.332 0.241455078125 0.332 0.245849609375 0.32666666666666666 0.24560546875 0.31533333333333335 0.2412109375 0.30233333333333334 0.236572265625 0.29333333333333333 0.229736328125 0.2946666666666667 0.227783203125 0.311 0.22802734375 0.32 0.23291015625 0.32966666666666666
1 0.1552734375 0.29933333333333334 0.158447265625 0.2996666666666667 0.16357421875 0.2956666666666667 0.163818359375 0.2886666666666667 0.162353515625 0.2856666666666667 0.1611328125 0.284 0.157958984375 0.284 0.15234375 0.28833333333333333 0.152587890625 0.2946666666666667 0.1552734375 0.29933333333333334
1 0.742988525390625 0.38719166666666666 0.746705078125 0.3713783333333333 0.750964111328125 0.3731353333333333 0.7485634765625 0.345804 0.742416748046875 0.345609 0.74341748046875 0.36454566666666666 0.7364130859375 0.3834823333333333 0.738843017578125 0.3909006666666667 0.742988525390625 0.38719166666666666
1 0.792236328125 0.349 0.79443359375 0.35933333333333334 0.796142578125 0.36333333333333334 0.799072265625 0.366 0.80126953125 0.3626666666666667 0.8017578125 0.3576666666666667 0.800537109375 0.3476666666666667 0.799072265625 0.342 0.7978515625 0.3413333333333333 0.796142578125 0.341 0.7939453125 0.3426666666666667 0.792236328125 0.349
1 0.80876171875 0.25307266666666667 0.813764892578125 0.257758 0.8268896484375 0.23316 0.82219873046875 0.22769366666666668 0.80876171875 0.25307266666666667
1 0.664950927734375 0.15030566666666667 0.686116455078125 0.166855 0.690640625 0.152733 0.667535888671875 0.137287 0.664950927734375 0.15030566666666667
1 0.4781953125 0.23701066666666668 0.48358154296875 0.23719933333333332 0.48454833984375 0.22852299999999998 0.48938232421875 0.224562 0.4904462890625 0.21428233333333332 0.48289111328125 0.21381066666666668 0.4781953125 0.23701066666666668
1 0.32954248046875 0.19890966666666668 0.331061767578125 0.19306266666666666 0.331299072265625 0.186838 0.3267802734375 0.1825 0.32305126953125 0.18778133333333336 0.323741943359375 0.19343966666666665 0.3258134765625 0.194383 0.327332763671875 0.20023000000000002 0.32954248046875 0.19890966666666668
1 0.224135498046875 0.157225 0.22758837890625 0.15345266666666668 0.234908203125 0.15100066666666667 0.23767041015625 0.144776 0.2372197265625 0.139306 0.22372119140625 0.14798266666666665 0.224135498046875 0.157225
1 0.219577880859375 0.06404699999999999 0.2313173828125 0.06781933333333333 0.2307958984375 0.05923733333333333 0.223030517578125 0.05725666666666667 0.219577880859375 0.06404699999999999
1 0.26722607421875 0.0814 0.273164794921875 0.079514 0.272240478515625 0.07366666666666667 0.26529248046875 0.07536433333333332 0.26722607421875 0.0814
1 0.25617724609375 0.102148 0.25590087890625 0.09667833333333334 0.25065283203125 0.093849 0.2466474609375 0.09667833333333334 0.24968603515625 0.101205 0.25617724609375 0.102148
1 0.34901611328125 0.009159 0.35288330078125 0.04499666666666667 0.357823486328125 0.04254466666666667 0.35454052734375 0.008404333333333333 0.34901611328125 0.009159
1 0.805083251953125 0.39319666666666664 0.80824462890625 0.3907936666666667 0.80996435546875 0.36125999999999997 0.804515625 0.36033 0.803039794921875 0.3891656666666667 0.805083251953125 0.39319666666666664
1 0.797722412109375 0.38750233333333334 0.797799072265625 0.39273900000000006 0.79971630859375 0.395148 0.8022470703125 0.38729299999999994 0.802860595703125 0.38676933333333335 0.80117333984375 0.38142800000000004 0.797722412109375 0.38750233333333334
1 0.73451904296875 0.3997563333333333 0.73060791015625 0.39818533333333334 0.730377685546875 0.4043646666666667 0.74004052734375 0.40823966666666667 0.741267578125 0.40174633333333337 0.737126220703125 0.399442 0.73451904296875 0.3997563333333333
1 0.741957763671875 0.43693666666666664 0.74280126953125 0.4459436666666666 0.745355712890625 0.44699099999999997 0.74533203125 0.4363083333333333 0.741957763671875 0.43693666666666664
1 0.61941064453125 0.31392866666666663 0.646046630859375 0.31490433333333334 0.646352783203125 0.3061236666666667 0.6182880859375 0.3027786666666667 0.61941064453125 0.31392866666666663
1 0.45933984375 0.37302399999999997 0.470973876953125 0.375254 0.471382080078125 0.3671703333333333 0.4595439453125 0.364104 0.45933984375 0.37302399999999997
1 0.45801318359375 0.38361666666666666 0.464365966796875 0.375742 0.45964599609375 0.3713516666666667 0.454135009765625 0.37678733333333336 0.455563720703125 0.3825016666666667 0.45801318359375 0.38361666666666666
1 0.41330517578125 0.3083536666666667 0.4166728515625 0.32020066666666663 0.420113525390625 0.31845833333333334 0.4170810546875 0.30723866666666666 0.41330517578125 0.3083536666666667
1 0.4005400390625 0.33943466666666666 0.4009482421875 0.343337 0.404724365234375 0.34542766666666663 0.406561279296875 0.3431976666666667 0.407251220703125 0.3410373333333333 0.40329541015625 0.33859833333333333 0.4005400390625 0.33943466666666666
1 0.353276611328125 0.3026393333333333 0.354807373046875 0.29748233333333335 0.34398974609375 0.2892593333333333 0.3447041015625 0.29817933333333335 0.348990234375 0.30166366666666666 0.353276611328125 0.3026393333333333
1 0.318357421875 0.3280056666666667 0.32152099609375 0.33023566666666665 0.324072265625 0.32744833333333334 0.325807373046875 0.3256363333333333 0.325501220703125 0.312117 0.318357421875 0.31142 0.318357421875 0.3280056666666667
1 0.279160400390625 0.31978266666666666 0.27722119140625 0.3238243333333333 0.280589111328125 0.331072 0.285589599609375 0.334417 0.286712158203125 0.3305146666666667 0.283038330078125 0.3224306666666667 0.279160400390625 0.31978266666666666
1 0.14034619140625 0.224589 0.1367744140625 0.23671466666666666 0.14034619140625 0.23810833333333334 0.14340771484375 0.23364833333333335 0.145040771484375 0.231976 0.14422412109375 0.223892 0.14034619140625 0.224589
1 0.316778076171875 0.340898 0.313716552734375 0.343128 0.313308349609375 0.35065433333333335 0.314532958984375 0.3521873333333333 0.316449462890625 0.3523266666666667 0.317390380859375 0.3459156666666667 0.316778076171875 0.340898
1 0.28973388671875 0.3443823333333333 0.2920810546875 0.3448003333333334 0.2912646484375 0.33671666666666666 0.28850927734375 0.33378966666666665 0.28789697265625 0.343825 0.28973388671875 0.3443823333333333
1 0.377108642578125 0.4723293333333334 0.376190185546875 0.48612733333333336 0.3837421875 0.49365366666666666 0.391702392578125 0.48961166666666667 0.39347021484375 0.47609233333333334 0.3855791015625 0.4667543333333333 0.377108642578125 0.4723293333333334
1 0.3656787109375 0.4784616666666667 0.369658935546875 0.48166733333333334 0.371291748046875 0.4691236666666667 0.369454833984375 0.4687053333333333 0.36271923828125 0.464803 0.36180078125 0.4550466666666667 0.359861572265625 0.45532533333333336 0.356595947265625 0.447799 0.34914599609375 0.450726 0.35057470703125 0.457416 0.3482275390625 0.4673116666666666 0.343839111328125 0.47442 0.343430908203125 0.4850123333333333 0.3494521484375 0.4878 0.354963134765625 0.48738166666666666 0.3624130859375 0.4907266666666667 0.3640458984375 0.48389733333333335 0.3656787109375 0.4784616666666667
1 0.340879638671875 0.4546286666666667 0.342614501953125 0.456719 0.34465576171875 0.45574366666666666 0.34567626953125 0.448078 0.342104248046875 0.44598733333333335 0.336491455078125 0.44529033333333334 0.3336337890625 0.45086533333333334 0.337818115234375 0.4519803333333333 0.340879638671875 0.4546286666666667
1 0.3651767578125 0.501877 0.367320068359375 0.5068943333333333 0.37540185546875 0.5030616666666666 0.375484375 0.497835 0.3651767578125 0.501877
1 0.4857275390625 0.442503 0.4853193359375 0.4246626666666667 0.4816455078125 0.42173600000000006 0.475828369140625 0.4211783333333334 0.474195556640625 0.4346976666666667 0.478787841796875 0.4475203333333333 0.48358447265625 0.4448723333333333 0.4857275390625 0.442503
1 0.526659423828125 0.4590886666666667 0.52808837890625 0.4657786666666667 0.53380322265625 0.46968099999999996 0.53543603515625 0.4650816666666666 0.534343017578125 0.4602036666666667 0.53033349609375 0.4576946666666667 0.526659423828125 0.4590886666666667
1 0.552997802734375 0.44668399999999997 0.555855224609375 0.44961100000000004 0.56473388671875 0.44236333333333333 0.5609580078125 0.4387396666666667 0.552997802734375 0.44668399999999997
1 0.5856591796875 0.4716323333333333 0.580148193359375 0.474838 0.576576416015625 0.468845 0.57014697265625 0.4700993333333333 0.57096337890625 0.47734666666666664 0.571677734375 0.4794373333333333 0.5706572265625 0.4886363333333334 0.572902587890625 0.49908933333333333 0.576576416015625 0.49267800000000006 0.5834140625 0.491145 0.580148193359375 0.4862666666666666 0.58800634765625 0.47888000000000003 0.59023291015625 0.47860100000000005 0.5856591796875 0.4716323333333333
1 0.633849609375 0.3841043333333334 0.63293115234375 0.3896793333333333 0.63721728515625 0.38995833333333335 0.641503662109375 0.38605566666666663 0.641809814453125 0.38298933333333335 0.639360595703125 0.38089866666666666 0.633849609375 0.3841043333333334
1 0.778420654296875 0.33664700000000003 0.774109375 0.33504433333333333 0.770435302734375 0.339783 0.771557861328125 0.34772733333333333 0.77380322265625 0.3484243333333333 0.77747705078125 0.3459156666666667 0.778599609375 0.34061933333333333 0.778420654296875 0.33664700000000003
1 0.80596826171875 0.5914286666666667 0.811983154296875 0.5974883333333333 0.816453125 0.596411 0.8137578125 0.5860423333333333 0.809813720703125 0.5657083333333334 0.804292236328125 0.5530503333333333 0.797685791015625 0.559514 0.80044677734375 0.5732493333333334 0.80596826171875 0.5914286666666667
1 0.733574951171875 0.48908666666666667 0.733476318359375 0.49595433333333333 0.73732177734375 0.4962236666666667 0.744026611328125 0.48976 0.745440673828125 0.48370033333333334 0.74313916015625 0.48154566666666665 0.733574951171875 0.48908666666666667
1 0.70801123046875 0.5004653333333333 0.703986328125 0.49635833333333335 0.69649267578125 0.4928573333333333 0.688407470703125 0.4908373333333333 0.68466064453125 0.49474233333333334 0.6828857421875 0.508747 0.70418359375 0.517904 0.70801123046875 0.5004653333333333
1 0.6952109375 0.48423900000000003 0.6981689453125 0.48908666666666667 0.701817138671875 0.48370033333333334 0.704577880859375 0.4768326666666667 0.706254150390625 0.47279266666666664 0.703098876953125 0.46807966666666667 0.6952109375 0.48423900000000003
1 0.68623828125 0.48208433333333334 0.68789111328125 0.4780446666666667 0.683871826171875 0.476698 0.680223388671875 0.4832963333333333 0.682195556640625 0.4847776666666667 0.68623828125 0.48208433333333334
1 0.616712158203125 0.4978396666666667 0.6144443359375 0.4884133333333333 0.609317138671875 0.4800643333333333 0.602119140625 0.4807376666666667 0.6024150390625 0.4896253333333333 0.599851318359375 0.4916453333333333 0.600048583984375 0.49757033333333334 0.601527587890625 0.5021486666666667 0.60103466796875 0.5106323333333334 0.607838134765625 0.5096896666666667 0.612275146484375 0.506862 0.61631787109375 0.5038993333333334 0.619097900390625 0.49945566666666663 0.616712158203125 0.4978396666666667
1 0.598865478515625 0.5336593333333334 0.601626220703125 0.5316393333333334 0.604584228515625 0.5298886666666667 0.610500244140625 0.5227516666666667 0.610894775390625 0.5228863333333333 0.60882421875 0.509151 0.604880126953125 0.5152106666666667 0.603203857421875 0.516692 0.5990625 0.5222129999999999 0.598865478515625 0.5336593333333334
1 0.66266845703125 0.6020666666666666 0.6796279296875 0.5950643333333333 0.6820927734375 0.5852343333333333 0.6761767578125 0.572172 0.672232666015625 0.565035 0.670655029296875 0.5437586666666667 0.651230712890625 0.551165 0.651427978515625 0.5799823333333333 0.66266845703125 0.6020666666666666
1 0.55230126953125 0.5335246666666666 0.55673828125 0.5341980000000001 0.556814208984375 0.5238963333333334 0.551906982421875 0.5259836666666666 0.55230126953125 0.5335246666666666
1 0.504763427734375 0.5818676666666667 0.5036787109375 0.5731146666666667 0.499635986328125 0.572576 0.495100341796875 0.5779626666666666 0.495297607421875 0.5872539999999999 0.5008193359375 0.5883313333333333 0.502889892578125 0.584965 0.504763427734375 0.5818676666666667
1 0.48030224609375 0.6159366666666667 0.48611962890625 0.6151286666666667 0.48611962890625 0.5978923333333332 0.48178125 0.5992390000000001 0.47971044921875 0.6061066666666667 0.48030224609375 0.6159366666666667
1 0.4723154296875 0.6358666666666667 0.472216796875 0.6501406666666667 0.477738525390625 0.651891 0.48621826171875 0.651083 0.48937353515625 0.6482553333333334 0.48572509765625 0.6365396666666666 0.4723154296875 0.6358666666666667
1 0.42408740234375 0.617822 0.421129150390625 0.6036826666666667 0.41767822265625 0.5938523333333333 0.412255126953125 0.594391 0.412649658203125 0.600047 0.418171142578125 0.6199766666666667 0.422706787109375 0.62065 0.42408740234375 0.617822
1 0.39312646484375 0.6112236666666667 0.4065048828125 0.599643 0.404465576171875 0.59291 0.389478271484375 0.603144 0.389675537109375 0.610685 0.39312646484375 0.6112236666666667
1 0.40288818359375 0.6050293333333333 0.40397265625 0.6337119999999999 0.397465087890625 0.642869 0.39953564453125 0.6557963333333333 0.409198486328125 0.6454273333333334 0.415410400390625 0.6382903333333334 0.41748095703125 0.640041 0.42053759765625 0.6374823333333333 0.42053759765625 0.6330386666666666 0.4158046875 0.6250936666666667 0.41432568359375 0.6066453333333333 0.40288818359375 0.6050293333333333
1 0.368661376953125 0.5420083333333333 0.36747802734375 0.5504916666666666 0.37102783203125 0.5526463333333334 0.37349267578125 0.547664 0.37454931640625 0.5440953333333334 0.3719150390625 0.5409309999999999 0.368661376953125 0.5420083333333333
1 0.317183349609375 0.6022013333333334 0.31816943359375 0.6225350000000001 0.32398681640625 0.6199766666666667 0.32290234375 0.6013933333333333 0.317183349609375 0.6022013333333334
1 0.34853857421875 0.6335773333333333 0.34834130859375 0.6373476666666666 0.352186767578125 0.6419263333333334 0.3558349609375 0.6399063333333334 0.35731396484375 0.637617 0.353567138671875 0.63048 0.34853857421875 0.6335773333333333
1 0.329311279296875 0.650679 0.329015625 0.658624 0.334142822265625 0.6583546666666666 0.335523193359375 0.6540456666666666 0.33591748046875 0.650679 0.33325537109375 0.649198 0.329311279296875 0.650679
1 0.24587451171875 0.6044906666666666 0.24528271484375 0.611089 0.247747802734375 0.6191686666666667 0.25198779296875 0.6160713333333333 0.254124267578125 0.6129743333333333 0.252382080078125 0.6028746666666667 0.24587451171875 0.6044906666666666
1 0.25760791015625 0.632904 0.2625380859375 0.6326346666666667 0.265811767578125 0.6226696666666667 0.26086181640625 0.619438 0.25760791015625 0.632904
1 0.232748291015625 0.5798476666666667 0.233412353515625 0.575202 0.225156005859375 0.5675936666666667 0.22259228515625 0.5720373333333334 0.218746826171875 0.5727106666666667 0.217859619140625 0.5768853333333334 0.219042724609375 0.582137 0.215 0.584157 0.214408447265625 0.588062 0.216281982421875 0.5911593333333334 0.220521728515625 0.5899473333333334 0.224564453125 0.594795 0.228311279296875 0.5918326666666667 0.226832275390625 0.5861766666666667 0.2303818359375 0.582137 0.232748291015625 0.5798476666666667
1 0.201483642578125 0.562342 0.20651220703125 0.56113 0.2081884765625 0.5534543333333334 0.21134375 0.540123 0.212132568359375 0.5351406666666667 0.210850830078125 0.5315046666666666 0.207301025390625 0.5340633333333333 0.204441650390625 0.5420083333333333 0.201680908203125 0.555609 0.201483642578125 0.562342
1 0.164007080078125 0.43656900000000004 0.160851806640625 0.44613 0.165288818359375 0.4513816666666667 0.16933154296875 0.443302 0.170388916015625 0.43946433333333335 0.168739990234375 0.43481866666666663 0.164007080078125 0.43656900000000004
1 0.186701416015625 0.6813143333333334 0.18591259765625 0.6873739999999999 0.190744140625 0.6914140000000001 0.194195068359375 0.682661 0.19666015625 0.673908 0.19202587890625 0.669195 0.186701416015625 0.6813143333333334
1 0.21647900390625 0.7280416666666667 0.21953564453125 0.7273683333333334 0.220225830078125 0.7234630000000001 0.217070556640625 0.7133636666666666 0.212140625 0.700571 0.207703369140625 0.703668 0.20740771484375 0.7097276666666666 0.21174609375 0.7229243333333334 0.21647900390625 0.7280416666666667
1 0.226536376953125 0.6541129999999999 0.224958740234375 0.6492653333333334 0.218845458984375 0.6483226666666667 0.215492919921875 0.6566716666666667 0.21904248046875 0.6631353333333333 0.223578125 0.6621926666666667 0.22525439453125 0.6562676666666667 0.226536376953125 0.6541129999999999
1 0.2521806640625 0.753223 0.24350390625 0.7490486666666667 0.2397568359375 0.7538963333333333 0.239165283203125 0.7586093333333334 0.245377197265625 0.76238 0.2524765625 0.7669583333333333 0.25663916015625 0.7614373333333333 0.26263232421875 0.7513376666666667 0.258885498046875 0.7478366666666667 0.254744384765625 0.7498566666666667 0.2521806640625 0.753223
1 0.31312841796875 0.7490486666666667 0.310761962890625 0.7567243333333332 0.31332568359375 0.7664196666666667 0.324072998046875 0.768709 0.327207763671875 0.7586093333333334 0.316875244140625 0.7485100000000001 0.31312841796875 0.7490486666666667
1 0.40238671875 0.7316773333333334 0.4057392578125 0.7299266666666667 0.40426025390625 0.7221163333333334 0.395780517578125 0.7289843333333333 0.398738525390625 0.7394876666666668 0.40238671875 0.7316773333333334
1 0.508214111328125 0.6759280000000001 0.50505908203125 0.6771400000000001 0.505157470703125 0.6877779999999999 0.508707275390625 0.6903366666666667 0.511566650390625 0.6879126666666666 0.510284912109375 0.6821223333333333 0.508214111328125 0.6759280000000001
1 0.615224853515625 0.650477 0.624690673828125 0.6585566666666667 0.6281416015625 0.6511503333333334 0.617985595703125 0.6411856666666667 0.615224853515625 0.650477
1 0.57686083984375 0.6196400000000001 0.581199462890625 0.622333 0.581199462890625 0.61762 0.578734375 0.6130416666666667 0.576269287109375 0.611291 0.575283203125 0.6048273333333333 0.572423828125 0.6075203333333333 0.57370556640625 0.6217943333333333 0.57686083984375 0.6196400000000001
1 0.642151123046875 0.6891246666666666 0.642151123046875 0.6884513333333333 0.6386015625 0.673908 0.63386865234375 0.6770053333333333 0.637812744140625 0.6919526666666668 0.642151123046875 0.6891246666666666
1 0.8446240234375 0.7347746666666667 0.835749755859375 0.73262 0.834566650390625 0.7537616666666667 0.835552734375 0.7578013333333333 0.84146875 0.7592826666666667 0.843342041015625 0.7563203333333333 0.84393359375 0.7454126666666666 0.8446240234375 0.7347746666666667
1 0.65685498046875 0.7114783333333333 0.657347900390625 0.7152486666666666 0.660305908203125 0.7156526666666667 0.661686279296875 0.717134 0.66247509765625 0.7188846666666666 0.664447265625 0.718346 0.66569970703125 0.7182113333333333 0.664447265625 0.7106703333333333 0.66227783203125 0.7117476666666667 0.660798828125 0.7094583333333333 0.65685498046875 0.7114783333333333
1 0.644517578125 0.6085976666666666 0.648264404296875 0.6102136666666667 0.647771484375 0.6032113333333333 0.645405029296875 0.5997103333333333 0.64274267578125 0.602538 0.644517578125 0.6085976666666666
1 0.815000732421875 0.8530063333333333 0.8148037109375 0.8624326666666666 0.81776171875 0.8709163333333333 0.820029541015625 0.8691656666666666 0.820226806640625 0.866607 0.818057373046875 0.8535450000000001 0.815000732421875 0.8530063333333333
1 0.754743408203125 0.8050673333333334 0.7583916015625 0.8084336666666666 0.769730712890625 0.7808283333333333 0.77830908203125 0.7816363333333334 0.778506103515625 0.775442 0.772787353515625 0.77423 0.7706181640625 0.7681703333333333 0.765096435546875 0.7736913333333334 0.7555322265625 0.7996810000000001 0.754743408203125 0.8050673333333334
1 0.747142822265625 0.8113963333333333 0.741128173828125 0.8099149999999999 0.735113525390625 0.8018353333333332 0.73185986328125 0.8065486666666667 0.72870458984375 0.815032 0.733535888671875 0.816648 0.74684716796875 0.8181293333333333 0.747142822265625 0.8113963333333333
1 0.719830322265625 0.8410216666666667 0.73876171875 0.8453306666666667 0.739375 0.8390016666666668 0.71914013671875 0.8344233333333333 0.719830322265625 0.8410216666666667
1 0.66984228515625 0.8713203333333333 0.666462890625 0.8484280000000001 0.660842529296875 0.8485626666666667 0.662222900390625 0.8601433333333333 0.65877197265625 0.8913846666666667 0.66488525390625 0.890038 0.6663642578125 0.8726666666666667 0.66984228515625 0.8713203333333333
1 0.6354658203125 0.958774 0.64012646484375 0.9711606666666667 0.642771728515625 0.9677199999999999 0.637481201171875 0.9546453333333333 0.6354658203125 0.958774
1 0.566537552734375 1 0.562515625 0.9864716666666666 0.560248291015625 0.9921486666666667 0.562220904296875 1 0.566537552734375 1
1 0.366344482421875 0.828029 0.385239501953125 0.8467803333333332 0.392419677734375 0.8307813333333334 0.372516845703125 0.8106533333333333 0.366344482421875 0.828029
1 0.535417236328125 0.7910416666666666 0.53189013671875 0.7936223333333334 0.535165283203125 0.7992993333333334 0.54423486328125 0.8063526666666667 0.547258056640625 0.8053203333333333 0.54436083984375 0.7968906666666666 0.535417236328125 0.7910416666666666
1 0.498886962890625 0.8147823333333334 0.499012939453125 0.8266526666666667 0.504681640625 0.8369746666666666 0.511483642578125 0.8311253333333334 0.50883837890625 0.8249323333333334 0.5043037109375 0.812718 0.498886962890625 0.8147823333333334
1 0.42694482421875 0.8142663333333333 0.422535888671875 0.8177070000000001 0.418253173828125 0.8151263333333333 0.41837890625 0.8269966666666666 0.422661865234375 0.8249323333333334 0.42568505859375 0.829233 0.428330322265625 0.8350823333333333 0.428582275390625 0.8411033333333333 0.432865234375 0.839727 0.433998779296875 0.8228679999999999 0.429716064453125 0.8195993333333332 0.42694482421875 0.8142663333333333
1 0.340510986328125 0.9133573333333334 0.34315625 0.906476 0.340762939453125 0.9004549999999999 0.33710986328125 0.9042396666666667 0.3339609375 0.9152496666666666 0.3319453125 0.9238513333333334 0.335094482421875 0.9264319999999999 0.33773974609375 0.9198946666666667 0.340259033203125 0.9235073333333333 0.342400634765625 0.9204106666666667 0.340510986328125 0.9133573333333334
1 0.33168310546875 0.8545219999999999 0.332690673828125 0.8507373333333333 0.33206103515625 0.8481566666666666 0.31883447265625 0.850221 0.31845654296875 0.8553820000000001 0.323243408203125 0.8564143333333333 0.327022216796875 0.8600270000000001 0.33231298828125 0.8612313333333333 0.33168310546875 0.8545219999999999
1 0.2607431640625 0.8885846666666667 0.261625 0.8916810000000001 0.26666357421875 0.8884126666666666 0.270190673828125 0.8834236666666667 0.271450439453125 0.881015 0.269182861328125 0.8779183333333334 0.2607431640625 0.8885846666666667
1 0.83996533203125 0.9461296666666668 0.8359345703125 0.9518066666666667 0.8364384765625 0.9598923333333333 0.84261083984375 0.9652253333333333 0.845357666015625 0.9597203333333334 0.844878173828125 0.948194 0.83996533203125 0.9461296666666668
1 0.723858154296875 0.5699743333333334 0.718790283203125 0.573793 0.71442138671875 0.5711676666666666 0.7083046875 0.5783276666666667 0.720712646484375 0.6029103333333333 0.723858154296875 0.6150826666666667 0.72892626953125 0.6019556666666667 0.73189697265625 0.5921703333333334 0.734693115234375 0.585965 0.733295166015625 0.5718836666666667 0.726130126953125 0.576657 0.723858154296875 0.5699743333333334
1 0.795712646484375 0.6494506666666667 0.798508544921875 0.6446773333333333 0.79239208984375 0.6360853333333334 0.786974609375 0.639188 0.79274169921875 0.6504053333333333 0.795712646484375 0.6494506666666667
1 0.761810791015625 0.7350443333333333 0.765397705078125 0.732595 0.765013427734375 0.7268216666666667 0.75912060546875 0.7248973333333333 0.758864501953125 0.7318953333333333 0.761810791015625 0.7350443333333333
1 0.22704736328125 0.7072613333333334 0.22679541015625 0.7217123333333334 0.231481201171875 0.7207659999999999 0.2309521484375 0.7082936666666666 0.22704736328125 0.7072613333333334
1 0.790431884765625 0.6718953333333333 0.789240478515625 0.6735226666666667 0.78941064453125 0.6809606666666667 0.791282958984375 0.6811929999999999 0.792878662109375 0.6809606666666667 0.7927294921875 0.6738713333333334 0.790431884765625 0.6718953333333333
1 0.27809423828125 0.16694533333333333 0.277988525390625 0.17112866666666665 0.28062939453125 0.18079433333333333 0.28263623046875 0.17819766666666664 0.28253076171875 0.17300433333333334 0.2810517578125 0.167378 0.27809423828125 0.16694533333333333
1 0.276932373046875 0.20430833333333331 0.278939208984375 0.21007866666666666 0.2823193359375 0.21007866666666666 0.284326416015625 0.20762633333333333 0.284748779296875 0.20430833333333331 0.2797841796875 0.20344299999999998 0.276932373046875 0.20430833333333331
1 0.83765185546875 0.154539 0.83839111328125 0.157857 0.849059814453125 0.15699133333333332 0.849059814453125 0.152231 0.848214599609375 0.14876866666666666 0.839764404296875 0.15049966666666667 0.83765185546875 0.154539
1 0.545832763671875 0.566111 0.546236572265625 0.5604123333333334 0.542256103515625 0.559598 0.5409150390625 0.566111 0.54374658203125 0.569164 0.545832763671875 0.566111