1 0.705810546875 0.42733333333333334 0.73681640625 0.432 0.739501953125 0.43066666666666664 0.7421875 0.42733333333333334 0.74462890625 0.419 0.754150390625 0.4013333333333333 0.755615234375 0.394 0.75537109375 0.38533333333333336 0.754150390625 0.38066666666666665 0.747802734375 0.37233333333333335 0.74365234375 0.36866666666666664 0.73779296875 0.368 0.735107421875 0.369 0.729736328125 0.375 0.725341796875 0.378 0.7041015625 0.379 0.701904296875 0.381 0.699951171875 0.388 0.692626953125 0.39266666666666666 0.689697265625 0.4 0.6884765625 0.408 0.691650390625 0.4106666666666667 0.697265625 0.4196666666666667 0.705810546875 0.42733333333333334
1 0.768310546875 0.4583333333333333 0.7734375 0.4583333333333333 0.77783203125 0.456 0.78076171875 0.4483333333333333 0.79736328125 0.42766666666666664 0.798583984375 0.419 0.79736328125 0.41233333333333333 0.794921875 0.4083333333333333 0.787109375 0.4036666666666667 0.779296875 0.4023333333333333 0.7578125 0.4033333333333333 0.752685546875 0.406 0.750732421875 0.4083333333333333 0.74169921875 0.424 0.74169921875 0.427 0.7392578125 0.43333333333333335 0.73974609375 0.43633333333333335 0.74755859375 0.44033333333333335 0.758056640625 0.455 0.768310546875 0.4583333333333333
1 0.931396484375 0.309 0.942626953125 0.31266666666666665 0.951171875 0.31166666666666665 0.970703125 0.298 0.976806640625 0.291 0.977294921875 0.28733333333333333 0.970947265625 0.2776666666666667 0.96044921875 0.266 0.955078125 0.25166666666666665 0.949951171875 0.248 0.943603515625 0.246 0.9365234375 0.248 0.934326171875 0.252 0.934814453125 0.25466666666666665 0.927490234375 0.26666666666666666 0.9140625 0.2753333333333333 0.90966796875 0.2796666666666667 0.908447265625 0.283 0.916259765625 0.2936666666666667 0.927978515625 0.30666666666666664 0.931396484375 0.309
1 0.83642578125 0.12633333333333333 0.839599609375 0.128 0.84130859375 0.13466666666666666 0.84228515625 0.13533333333333333 0.851806640625 0.13466666666666666 0.861328125 0.13 0.866943359375 0.123 0.868896484375 0.11566666666666667 0.8681640625 0.103 0.865966796875 0.09466666666666666 0.861328125 0.08733333333333333 0.859130859375 0.08566666666666667 0.852294921875 0.086 0.848876953125 0.07933333333333334 0.845703125 0.07633333333333334 0.830078125 0.08733333333333333 0.826171875 0.09266666666666666 0.821533203125 0.106 0.82177734375 0.11466666666666667 0.824951171875 0.12233333333333334 0.830322265625 0.12666666666666668 0.83642578125 0.12633333333333333
1 0.873779296875 0.109 0.880126953125 0.11 0.889404296875 0.10966666666666666 0.894287109375 0.10766666666666666 0.904296875 0.09966666666666667 0.908203125 0.09233333333333334 0.907470703125 0.08766666666666667 0.897705078125 0.07566666666666666 0.888916015625 0.06933333333333333 0.884521484375 0.07 0.875732421875 0.076 0.863525390625 0.087 0.863037109375 0.088 0.864990234375 0.096 0.868896484375 0.106 0.873779296875 0.109
1 0.78125 0.15333333333333332 0.786376953125 0.162 0.791015625 0.165 0.79443359375 0.16666666666666666 0.798583984375 0.165 0.81396484375 0.15633333333333332 0.820556640625 0.15 0.8212890625 0.14666666666666667 0.82080078125 0.139 0.81884765625 0.13733333333333334 0.80517578125 0.13633333333333333 0.798095703125 0.13866666666666666 0.795166015625 0.13633333333333333 0.79296875 0.128 0.787109375 0.12233333333333334 0.781982421875 0.122 0.779296875 0.12333333333333334 0.778564453125 0.125 0.7783203125 0.12933333333333333 0.780029296875 0.138 0.77978515625 0.14333333333333334 0.78125 0.15333333333333332
1 0.83935546875 0.218 0.843994140625 0.21633333333333332 0.844482421875 0.21266666666666667 0.843017578125 0.209 0.842041015625 0.20166666666666666 0.83740234375 0.19333333333333333 0.83447265625 0.192 0.829833984375 0.19233333333333333 0.826171875 0.19566666666666666 0.82568359375 0.19733333333333333 0.826904296875 0.20466666666666666 0.833984375 0.21766666666666667 0.83935546875 0.218
1 0.862060546875 0.248 0.863037109375 0.24466666666666667 0.861083984375 0.24166666666666667 0.85400390625 0.239 0.84912109375 0.23933333333333334 0.847412109375 0.24133333333333334 0.84716796875 0.244 0.8486328125 0.24566666666666667 0.857177734375 0.24933333333333332 0.862060546875 0.248
1 0.7822265625 0.267 0.782958984375 0.2713333333333333 0.786865234375 0.2723333333333333 0.791259765625 0.26866666666666666 0.79150390625 0.256 0.790771484375 0.255 0.786376953125 0.25666666666666665 0.7744140625 0.25466666666666665 0.77392578125 0.256 0.776123046875 0.259 0.77685546875 0.2623333333333333 0.7822265625 0.267
1 0.794677734375 0.24866666666666667 0.799560546875 0.248 0.810791015625 0.24033333333333334 0.8095703125 0.23766666666666666 0.80615234375 0.23566666666666666 0.794921875 0.23666666666666666 0.79248046875 0.24 0.7939453125 0.244 0.793701171875 0.24766666666666667 0.794677734375 0.24866666666666667
1 0.84521484375 0.579 0.849609375 0.576 0.85400390625 0.5703333333333334 0.857421875 0.5643333333333334 0.858642578125 0.56 0.85791015625 0.5563333333333333 0.853759765625 0.553 0.837890625 0.551 0.830078125 0.5516666666666666 0.822021484375 0.5566666666666666 0.810302734375 0.5716666666666667 0.810546875 0.5736666666666667 0.818359375 0.573 0.8310546875 0.5783333333333334 0.84521484375 0.579
1 0.827392578125 0.7676666666666667 0.836669921875 0.7733333333333333 0.84130859375 0.778 0.841552734375 0.784 0.853271484375 0.7833333333333333 0.861083984375 0.7706666666666667 0.86767578125 0.7516666666666667 0.86669921875 0.744 0.867431640625 0.74 0.865234375 0.736 0.854248046875 0.7286666666666667 0.8466796875 0.7216666666666667 0.838134765625 0.717 0.830078125 0.716 0.823486328125 0.7203333333333334 0.81103515625 0.7446666666666667 0.810546875 0.7483333333333333 0.812744140625 0.7523333333333333 0.8232421875 0.7616666666666667 0.827392578125 0.7676666666666667
1 0.8408203125 0.7193333333333334 0.845947265625 0.7193333333333334 0.850830078125 0.7173333333333334 0.856689453125 0.7086666666666667 0.8583984375 0.7023333333333334 0.857177734375 0.6943333333333334 0.853271484375 0.6896666666666667 0.849365234375 0.687 0.841552734375 0.6873333333333334 0.83056640625 0.683 0.82177734375 0.6853333333333333 0.815185546875 0.6886666666666666 0.810546875 0.7006666666666667 0.8095703125 0.7043333333333334 0.809814453125 0.7083333333333334 0.8154296875 0.714 0.8408203125 0.7193333333333334
1 0.89599609375 0.9996666666666667 0.92236328125 0.9996666666666667 0.937255859375 0.9746666666666667 0.93505859375 0.9666666666666667 0.925048828125 0.9433333333333334 0.923828125 0.9413333333333334 0.91943359375 0.9386666666666666 0.90673828125 0.9353333333333333 0.8994140625 0.937 0.89501953125 0.9403333333333334 0.889404296875 0.948 0.884521484375 0.959 0.884521484375 0.9693333333333334 0.8916015625 0.99 0.89404296875 0.993 0.89599609375 0.9996666666666667
1 0.672607421875 0.924 0.681396484375 0.929 0.692138671875 0.9316666666666666 0.696533203125 0.9306666666666666 0.701171875 0.932 0.70654296875 0.9296666666666666 0.70849609375 0.924 0.708251953125 0.9196666666666666 0.709228515625 0.916 0.7138671875 0.904 0.71142578125 0.9003333333333333 0.711669921875 0.8963333333333333 0.70361328125 0.8816666666666667 0.69775390625 0.88 0.688720703125 0.8803333333333333 0.668212890625 0.8846666666666667 0.6630859375 0.8873333333333333 0.659423828125 0.8926666666666667 0.658203125 0.8963333333333333 0.658203125 0.9006666666666666 0.659423828125 0.9036666666666666 0.672607421875 0.924
1 0.784912109375 0.9493333333333334 0.782958984375 0.9546666666666667 0.78271484375 0.962 0.785400390625 0.967 0.785888671875 0.9706666666666667 0.79052734375 0.9723333333333334 0.795166015625 0.9776666666666667 0.79736328125 0.978 0.804443359375 0.9733333333333334 0.806640625 0.9693333333333334 0.807373046875 0.9616666666666667 0.802490234375 0.943 0.794677734375 0.931 0.79052734375 0.9303333333333333 0.788330078125 0.935 0.782958984375 0.9373333333333334 0.781494140625 0.9393333333333334 0.78271484375 0.943 0.78466796875 0.9443333333333334 0.784912109375 0.9493333333333334
1 0.607421875 0.524 0.643310546875 0.5176666666666667 0.650390625 0.514 0.65234375 0.5093333333333333 0.652099609375 0.5056666666666667 0.650390625 0.5016666666666667 0.646240234375 0.497 0.614990234375 0.497 0.603515625 0.5016666666666667 0.598876953125 0.509 0.597900390625 0.5133333333333333 0.597412109375 0.5176666666666667 0.598388671875 0.5213333333333333 0.600830078125 0.523 0.607421875 0.524
1 0.57958984375 0.3983333333333333 0.598388671875 0.3903333333333333 0.603515625 0.38433333333333336 0.6044921875 0.38133333333333336 0.604248046875 0.37233333333333335 0.603271484375 0.36933333333333335 0.600830078125 0.367 0.591796875 0.3626666666666667 0.585693359375 0.364 0.5849609375 0.365 0.585693359375 0.36966666666666664 0.580322265625 0.377 0.577880859375 0.373 0.5771484375 0.36833333333333335 0.57275390625 0.365 0.567626953125 0.36733333333333335 0.559814453125 0.374 0.558837890625 0.38066666666666665 0.560791015625 0.38333333333333336 0.569580078125 0.3923333333333333 0.57958984375 0.3983333333333333
1 0.607177734375 0.313 0.61376953125 0.312 0.619140625 0.315 0.623779296875 0.30966666666666665 0.630859375 0.30666666666666664 0.635498046875 0.2956666666666667 0.63818359375 0.2936666666666667 0.64208984375 0.29533333333333334 0.646484375 0.294 0.6484375 0.291 0.6484375 0.287 0.646240234375 0.283 0.64208984375 0.2826666666666667 0.638671875 0.2856666666666667 0.634033203125 0.28 0.60302734375 0.271 0.599609375 0.275 0.596923828125 0.29 0.5966796875 0.2986666666666667 0.60205078125 0.306 0.603759765625 0.311 0.607177734375 0.313
1 0.64794921875 0.2633333333333333 0.650146484375 0.25966666666666666 0.646484375 0.255 0.638427734375 0.24933333333333332 0.626708984375 0.25066666666666665 0.622802734375 0.25366666666666665 0.622802734375 0.25966666666666666 0.6318359375 0.2663333333333333 0.642333984375 0.26766666666666666 0.64794921875 0.2633333333333333
1 0.73583984375 0.31233333333333335 0.740478515625 0.312 0.74365234375 0.31033333333333335 0.75927734375 0.30133333333333334 0.76171875 0.2986666666666667 0.75927734375 0.29433333333333334 0.754638671875 0.2896666666666667 0.739990234375 0.2853333333333333 0.727783203125 0.2856666666666667 0.723388671875 0.288 0.72021484375 0.29133333333333333 0.719482421875 0.295 0.721435546875 0.2986666666666667 0.732421875 0.31033333333333335 0.73583984375 0.31233333333333335
1 0.697509765625 0.187 0.703369140625 0.162 0.698974609375 0.16033333333333333 0.691650390625 0.162 0.68798828125 0.168 0.685302734375 0.17633333333333334 0.682861328125 0.185 0.68505859375 0.18933333333333333 0.693115234375 0.18933333333333333 0.697509765625 0.187
1 0.704833984375 0.205 0.705322265625 0.20333333333333334 0.705810546875 0.19633333333333333 0.704833984375 0.19333333333333333 0.69384765625 0.192 0.69189453125 0.19366666666666665 0.690673828125 0.19733333333333333 0.690185546875 0.20133333333333334 0.69287109375 0.205 0.702392578125 0.20566666666666666 0.704833984375 0.205
1 0.716796875 0.060333333333333336 0.720947265625 0.058333333333333334 0.721923828125 0.056666666666666664 0.721923828125 0.052333333333333336 0.717529296875 0.04466666666666667 0.70556640625 0.037 0.701416015625 0.03833333333333333 0.697021484375 0.044 0.697509765625 0.048666666666666664 0.69921875 0.050666666666666665 0.712890625 0.059333333333333335 0.716796875 0.060333333333333336
1 0.68017578125 0.17 0.681396484375 0.16566666666666666 0.676513671875 0.16366666666666665 0.674072265625 0.165 0.6689453125 0.171 0.669189453125 0.18933333333333333 0.673583984375 0.18966666666666668 0.675537109375 0.17766666666666667 0.68017578125 0.17
1 0.643798828125 0.186 0.6455078125 0.18166666666666667 0.6455078125 0.178 0.642333984375 0.17533333333333334 0.638671875 0.17466666666666666 0.635986328125 0.17766666666666667 0.63330078125 0.186 0.633056640625 0.18966666666666668 0.634765625 0.192 0.638916015625 0.193 0.643798828125 0.186
1 0.51123046875 0.42733333333333334 0.508544921875 0.43133333333333335 0.509521484375 0.436 0.51611328125 0.44666666666666666 0.520751953125 0.44966666666666666 0.526611328125 0.44733333333333336 0.5400390625 0.437 0.54150390625 0.435 0.541015625 0.42833333333333334 0.542887451171875 0.42444433333333337 0.55224609375 0.41633333333333333 0.554443359375 0.412 0.550048828125 0.4003333333333333 0.5419921875 0.39566666666666667 0.536865234375 0.3963333333333333 0.5322265625 0.3993333333333333 0.526611328125 0.4 0.52099609375 0.4046666666666667 0.52001953125 0.408 0.521728515625 0.41 0.523193359375 0.416 0.51123046875 0.42733333333333334
1 0.595703125 0.43233333333333335 0.59765625 0.42333333333333334 0.596435546875 0.4196666666666667 0.59228515625 0.416 0.587158203125 0.4156666666666667 0.57470703125 0.4196666666666667 0.5595703125 0.42766666666666664 0.559814453125 0.433 0.56787109375 0.44066666666666665 0.588134765625 0.439 0.595703125 0.43233333333333335
1 0.603515625 0.459 0.60302734375 0.45566666666666666 0.599609375 0.4483333333333333 0.5966796875 0.44733333333333336 0.59375 0.4483333333333333 0.589599609375 0.45366666666666666 0.5830078125 0.4543333333333333 0.580078125 0.45666666666666667 0.57958984375 0.459 0.5908203125 0.4656666666666667 0.599609375 0.463 0.603515625 0.459
1 0.62451171875 0.43066666666666664 0.62744140625 0.41933333333333334 0.625244140625 0.41433333333333333 0.623046875 0.413 0.61865234375 0.413 0.615234375 0.416 0.614013671875 0.42233333333333334 0.61376953125 0.42766666666666664 0.614990234375 0.432 0.622802734375 0.43266666666666664 0.62451171875 0.43066666666666664
1 0.630615234375 0.6373333333333333 0.6318359375 0.635 0.630859375 0.626 0.626220703125 0.6223333333333333 0.622802734375 0.6176666666666667 0.611083984375 0.617 0.608154296875 0.6213333333333333 0.6083984375 0.6266666666666667 0.612548828125 0.6306666666666667 0.626953125 0.638 0.630615234375 0.6373333333333333
1 0.673095703125 0.7476666666666667 0.671875 0.7363333333333333 0.666015625 0.7323333333333333 0.66162109375 0.732 0.650634765625 0.7363333333333333 0.6513671875 0.7476666666666667 0.654052734375 0.7493333333333333 0.670166015625 0.7496666666666667 0.673095703125 0.7476666666666667
1 0.670166015625 0.788 0.673095703125 0.7893333333333333 0.67626953125 0.7876666666666666 0.677001953125 0.783 0.67138671875 0.7726666666666666 0.669921875 0.7713333333333333 0.665283203125 0.772 0.6630859375 0.7753333333333333 0.66455078125 0.7796666666666666 0.66845703125 0.7856666666666666 0.670166015625 0.788
1 0.642578125 0.9336666666666666 0.64453125 0.9313333333333333 0.647216796875 0.912 0.646484375 0.9083333333333333 0.64306640625 0.902 0.638427734375 0.9013333333333333 0.635986328125 0.9043333333333333 0.63037109375 0.931 0.630615234375 0.936 0.634033203125 0.9376666666666666 0.642578125 0.9336666666666666
1 0.598876953125 0.904 0.608154296875 0.905 0.614990234375 0.903 0.6201171875 0.8993333333333333 0.622314453125 0.8926666666666667 0.626953125 0.893 0.6279296875 0.892 0.6279296875 0.8876666666666667 0.625732421875 0.8863333333333333 0.62548828125 0.8836666666666667 0.626708984375 0.8806666666666667 0.624755859375 0.877 0.62451171875 0.873 0.62109375 0.869 0.614990234375 0.8653333333333333 0.6064453125 0.863 0.597900390625 0.8666666666666667 0.590087890625 0.872 0.58935546875 0.873 0.591552734375 0.8886666666666667 0.594482421875 0.897 0.598876953125 0.904
1 0.6591796875 0.8693333333333333 0.662353515625 0.868 0.663330078125 0.8646666666666667 0.662109375 0.8613333333333333 0.653564453125 0.8476666666666667 0.649658203125 0.845 0.646240234375 0.8463333333333334 0.644775390625 0.8496666666666667 0.6435546875 0.857 0.6484375 0.8596666666666667 0.654052734375 0.869 0.6591796875 0.8693333333333333
1 0.77587890625 0.9213333333333333 0.779052734375 0.9276666666666666 0.78466796875 0.9283333333333333 0.792724609375 0.9243333333333333 0.790771484375 0.9183333333333333 0.785888671875 0.9126666666666666 0.786376953125 0.9076666666666666 0.7841796875 0.9036666666666666 0.779296875 0.9023333333333333 0.766845703125 0.9036666666666666 0.766357421875 0.9086666666666666 0.767333984375 0.9116666666666666 0.771240234375 0.9186666666666666 0.77587890625 0.9213333333333333
1 0.888671875 0.7566666666666667 0.892578125 0.7593333333333333 0.900146484375 0.7593333333333333 0.908447265625 0.7483333333333333 0.908447265625 0.7433333333333333 0.906982421875 0.7366666666666667 0.908935546875 0.7316666666666667 0.90576171875 0.7283333333333334 0.904052734375 0.7246666666666667 0.89697265625 0.719 0.8955078125 0.7193333333333334 0.89208984375 0.7236666666666667 0.89361572265625 0.7295833333333334 0.88330078125 0.7436666666666667 0.88330078125 0.748 0.888671875 0.7566666666666667
1 0.818603515625 0.355 0.8212890625 0.35333333333333333 0.827880859375 0.3436666666666667 0.831787109375 0.3403333333333333 0.833984375 0.333 0.839111328125 0.32566666666666666 0.83984375 0.314 0.837890625 0.31033333333333335 0.833740234375 0.30666666666666664 0.83056640625 0.30566666666666664 0.8232421875 0.30633333333333335 0.812744140625 0.31466666666666665 0.80712890625 0.326 0.802978515625 0.33 0.8017578125 0.343 0.803955078125 0.349 0.810546875 0.35433333333333333 0.818603515625 0.355
1 0.895263671875 0.3456666666666667 0.90234375 0.3496666666666667 0.927490234375 0.3496666666666667 0.93359375 0.3453333333333333 0.9365234375 0.341 0.93798828125 0.3363333333333333 0.940673828125 0.334 0.940673828125 0.32966666666666666 0.935302734375 0.32366666666666666 0.927734375 0.31866666666666665 0.91943359375 0.317 0.912353515625 0.31166666666666665 0.903076171875 0.311 0.89306640625 0.31233333333333335 0.88671875 0.31433333333333335 0.8818359375 0.318 0.878173828125 0.322 0.880859375 0.323 0.891845703125 0.342 0.895263671875 0.3456666666666667
1 0.983154296875 0.5643333333333334 0.990234375 0.556 0.99462890625 0.5526666666666666 0.997314453125 0.5453333333333333 0.996826171875 0.5416666666666666 0.995361328125 0.5386666666666666 0.991943359375 0.536 0.986083984375 0.536 0.978515625 0.5456666666666666 0.9736328125 0.555 0.97314453125 0.5573333333333333 0.974609375 0.5633333333333334 0.97802734375 0.565 0.983154296875 0.5643333333333334
1 0.911865234375 0.5416666666666666 0.914794921875 0.538 0.921142578125 0.535 0.922119140625 0.5326666666666666 0.921630859375 0.529 0.919677734375 0.5253333333333333 0.914794921875 0.523 0.908935546875 0.5243333333333333 0.89990234375 0.529 0.893798828125 0.533 0.891845703125 0.5356666666666666 0.89111328125 0.537 0.89208984375 0.5386666666666666 0.904052734375 0.5433333333333333 0.911865234375 0.5416666666666666
1 0.94287109375 0.49433333333333335 0.947509765625 0.48633333333333334 0.954833984375 0.48133333333333334 0.95703125 0.4776666666666667 0.95947265625 0.4666666666666667 0.954833984375 0.4613333333333333 0.950927734375 0.459 0.943603515625 0.45566666666666666 0.939208984375 0.4563333333333333 0.93115234375 0.4633333333333333 0.9296875 0.4666666666666667 0.928466796875 0.4746666666666667 0.926025390625 0.48 0.923095703125 0.482 0.915283203125 0.48033333333333333 0.912353515625 0.4806666666666667 0.91064453125 0.48233333333333334 0.9111328125 0.48833333333333334 0.919921875 0.49566666666666664 0.935546875 0.499 0.94287109375 0.49433333333333335
1 0.345947265625 0.5323333333333333 0.35009765625 0.5333333333333333 0.358642578125 0.5313333333333333 0.364501953125 0.5253333333333333 0.36962890625 0.5173333333333333 0.369140625 0.511 0.364990234375 0.505 0.357421875 0.497 0.34375 0.486 0.338623046875 0.4846666666666667 0.33349609375 0.4856666666666667 0.330078125 0.4876666666666667 0.328369140625 0.49033333333333334 0.328125 0.49433333333333335 0.3310546875 0.5006666666666667 0.3330078125 0.513 0.345947265625 0.5323333333333333
1 0.3798828125 0.646 0.384521484375 0.6453333333333333 0.408203125 0.6376666666666667 0.413330078125 0.6346666666666667 0.412109375 0.6236666666666667 0.404296875 0.607 0.39599609375 0.6013333333333334 0.39111328125 0.594 0.385498046875 0.5916666666666667 0.376953125 0.591 0.365234375 0.5963333333333334 0.36083984375 0.5993333333333334 0.359619140625 0.602 0.361328125 0.611 0.370849609375 0.6383333333333333 0.37548828125 0.6446666666666667 0.3798828125 0.646
1 0.423095703125 0.6403333333333333 0.427734375 0.6403333333333333 0.442626953125 0.6333333333333333 0.446533203125 0.6306666666666667 0.448486328125 0.627 0.443115234375 0.6193333333333333 0.435546875 0.6143333333333333 0.431640625 0.614 0.424560546875 0.6176666666666667 0.42041015625 0.6173333333333333 0.415771484375 0.6146666666666667 0.41357421875 0.6193333333333333 0.412353515625 0.6253333333333333 0.413818359375 0.634 0.415283203125 0.637 0.416748046875 0.6386666666666667 0.423095703125 0.6403333333333333
1 0.37939453125 0.5533333333333333 0.383056640625 0.5676666666666667 0.391357421875 0.5873333333333334 0.392578125 0.5886666666666667 0.396240234375 0.588 0.405517578125 0.5813333333333334 0.406982421875 0.5796666666666667 0.407470703125 0.5766666666666667 0.400634765625 0.5513333333333333 0.403076171875 0.5486666666666666 0.4091796875 0.5463333333333333 0.41357421875 0.5423333333333333 0.42333984375 0.5366666666666666 0.426025390625 0.533 0.425537109375 0.5293333333333333 0.419921875 0.5176666666666667 0.416259765625 0.5126666666666667 0.41015625 0.5093333333333333 0.39990234375 0.511 0.39599609375 0.5136666666666667 0.392578125 0.5103333333333333 0.388671875 0.5093333333333333 0.3876953125 0.5183333333333333 0.378662109375 0.5263333333333333 0.378173828125 0.529 0.38134765625 0.5366666666666666 0.38134765625 0.5453333333333333 0.37939453125 0.5533333333333333
1 0.4072265625 0.2866666666666667 0.427978515625 0.2836666666666667 0.43017578125 0.2803333333333333 0.432861328125 0.2713333333333333 0.431640625 0.267 0.427490234375 0.26033333333333336 0.421142578125 0.25966666666666666 0.416015625 0.25466666666666665 0.4130859375 0.254 0.403564453125 0.25566666666666665 0.396728515625 0.26266666666666666 0.39453125 0.2673333333333333 0.394287109375 0.2713333333333333 0.39599609375 0.27466666666666667 0.403564453125 0.285 0.4072265625 0.2866666666666667
1 0.39892578125 0.24033333333333334 0.40478515625 0.24366666666666667 0.408935546875 0.244 0.41357421875 0.24 0.416015625 0.23433333333333334 0.419189453125 0.22066666666666668 0.419677734375 0.20766666666666667 0.418701171875 0.20466666666666666 0.413818359375 0.201 0.39404296875 0.193 0.388916015625 0.19366666666666665 0.384033203125 0.197 0.37841796875 0.204 0.378662109375 0.22466666666666665 0.38134765625 0.22833333333333333 0.386962890625 0.23 0.39892578125 0.24033333333333334
1 0.3564453125 0.23233333333333334 0.367431640625 0.23233333333333334 0.3720703125 0.226 0.37646484375 0.22266666666666668 0.378173828125 0.21866666666666668 0.378662109375 0.205 0.376953125 0.201 0.354736328125 0.19533333333333333 0.3486328125 0.19566666666666666 0.344482421875 0.19833333333333333 0.341552734375 0.19766666666666666 0.335693359375 0.20233333333333334 0.335693359375 0.208 0.339111328125 0.22433333333333333 0.345458984375 0.22966666666666666 0.3564453125 0.23233333333333334
1 0.29150390625 0.185 0.31201171875 0.189 0.322021484375 0.19933333333333333 0.336669921875 0.202 0.342041015625 0.2 0.345458984375 0.202 0.35009765625 0.19866666666666666 0.353759765625 0.20133333333333334 0.357666015625 0.19666666666666666 0.357666015625 0.189 0.352294921875 0.18166666666666667 0.338134765625 0.175 0.333984375 0.176 0.32763671875 0.175 0.324951171875 0.16966666666666666 0.318115234375 0.161 0.282958984375 0.154 0.279052734375 0.15666666666666668 0.27587890625 0.16333333333333333 0.2763671875 0.17 0.281005859375 0.17333333333333334 0.2880859375 0.18333333333333332 0.29150390625 0.185
1 0.333740234375 0 0.33349609375 0.0023333333333333335 0.33056640625 0.007666666666666666 0.327392578125 0.011333333333333334 0.322265625 0.013 0.321044921875 0.01633333333333333 0.316650390625 0.021333333333333333 0.314208984375 0.027333333333333334 0.314453125 0.03333333333333333 0.318359375 0.04 0.325439453125 0.043 0.337646484375 0.059 0.34130859375 0.060333333333333336 0.349609375 0.062 0.360595703125 0.06166666666666667 0.366943359375 0.051666666666666666 0.36865234375 0.04566666666666667 0.369140625 0.035666666666666666 0.367431640625 0.025333333333333333 0.361083984375 0.015666666666666666 0.357421875 0.013 0.35009765625 0.004 0.348388671875 0 0.333740234375 0
1 0.46728515625 0.205 0.474609375 0.19766666666666666 0.47998046875 0.19 0.4814453125 0.18533333333333332 0.479736328125 0.18133333333333335 0.47509765625 0.176 0.470703125 0.173 0.46630859375 0.173 0.460693359375 0.17766666666666667 0.4541015625 0.18966666666666668 0.453857421875 0.19333333333333333 0.4560546875 0.19866666666666666 0.462890625 0.204 0.46728515625 0.205
1 0.470703125 0.38333333333333336 0.474365234375 0.38466666666666666 0.488037109375 0.38466666666666666 0.489990234375 0.38333333333333336 0.491455078125 0.37766666666666665 0.49072265625 0.37333333333333335 0.485107421875 0.36633333333333334 0.482177734375 0.3606666666666667 0.475830078125 0.35333333333333333 0.47119140625 0.3516666666666667 0.4677734375 0.35333333333333333 0.464599609375 0.3576666666666667 0.463623046875 0.3626666666666667 0.463134765625 0.36933333333333335 0.464111328125 0.37233333333333335 0.466796875 0.37933333333333336 0.470703125 0.38333333333333336
1 0.50634765625 0.3873333333333333 0.51171875 0.38166666666666665 0.515380859375 0.37266666666666665 0.513671875 0.37033333333333335 0.510986328125 0.36966666666666664 0.499267578125 0.37066666666666664 0.49560546875 0.37266666666666665 0.491455078125 0.378 0.49169921875 0.38466666666666666 0.497802734375 0.38866666666666666 0.5029296875 0.38866666666666666 0.50634765625 0.3873333333333333
1 0.290771484375 0.519 0.29443359375 0.5203333333333333 0.302734375 0.52 0.306884765625 0.518 0.310546875 0.5133333333333333 0.311279296875 0.49933333333333335 0.315185546875 0.492 0.316162109375 0.488 0.31591796875 0.4796666666666667 0.31396484375 0.476 0.307373046875 0.4713333333333333 0.298583984375 0.4706666666666667 0.29052734375 0.47333333333333333 0.285400390625 0.478 0.283203125 0.482 0.283203125 0.49466666666666664 0.28515625 0.5003333333333333 0.286865234375 0.512 0.290771484375 0.519
1 0.24267578125 0.647 0.247802734375 0.6533333333333333 0.251708984375 0.655 0.263916015625 0.6556666666666666 0.267333984375 0.6543333333333333 0.27880859375 0.6423333333333333 0.279052734375 0.6376666666666667 0.27587890625 0.6263333333333333 0.267578125 0.6133333333333333 0.263916015625 0.6113333333333333 0.2509765625 0.6093333333333333 0.243896484375 0.6136666666666667 0.236328125 0.6233333333333333 0.232177734375 0.6253333333333333 0.228515625 0.623 0.225830078125 0.623 0.22314453125 0.6253333333333333 0.222900390625 0.631 0.224609375 0.636 0.22802734375 0.639 0.24267578125 0.647
1 0.212890625 0.5786666666666667 0.223876953125 0.576 0.224609375 0.5716666666666667 0.228271484375 0.5636666666666666 0.228759765625 0.557 0.227294921875 0.5526666666666666 0.22265625 0.5473333333333333 0.220458984375 0.5363333333333333 0.21630859375 0.5346666666666666 0.204833984375 0.537 0.20361328125 0.539 0.203125 0.5413333333333333 0.204833984375 0.5553333333333333 0.208740234375 0.577 0.212890625 0.5786666666666667
1 0.236083984375 0.6093333333333333 0.244140625 0.6116666666666667 0.24755859375 0.6093333333333333 0.255615234375 0.6076666666666667 0.255859375 0.592 0.2529296875 0.5876666666666667 0.248046875 0.5836666666666667 0.239990234375 0.5806666666666667 0.236083984375 0.581 0.23486328125 0.5833333333333334 0.236572265625 0.5873333333333334 0.236572265625 0.5913333333333334 0.23388671875 0.6033333333333334 0.236083984375 0.6093333333333333
1 0.329345703125 0.8343333333333334 0.345458984375 0.8333333333333334 0.345458984375 0.8263333333333334 0.348388671875 0.818 0.346923828125 0.8083333333333333 0.341552734375 0.8033333333333333 0.337646484375 0.804 0.330078125 0.808 0.32861328125 0.81 0.326416015625 0.8166666666666667 0.318115234375 0.8296666666666667 0.318359375 0.8306666666666667 0.329345703125 0.8343333333333334
1 0.568115234375 0.3293333333333333 0.56982421875 0.327 0.572998046875 0.327 0.58056640625 0.3303333333333333 0.583740234375 0.3293333333333333 0.5859375 0.326 0.585693359375 0.322 0.583740234375 0.319 0.569091796875 0.30566666666666664 0.563720703125 0.30666666666666664 0.56201171875 0.311 0.561767578125 0.31433333333333335 0.565185546875 0.318 0.567626953125 0.32377766666666663 0.568115234375 0.3293333333333333
1 0.723388671875 0.15066666666666667 0.72119140625 0.14533333333333334 0.717041015625 0.14366666666666666 0.7109375 0.14466666666666667 0.708740234375 0.14766666666666667 0.708740234375 0.152 0.71142578125 0.15433333333333332 0.720458984375 0.15433333333333332 0.723388671875 0.15066666666666667
1 0.572021484375 0.06 0.572021484375 0.061 0.575439453125 0.068 0.576171875 0.072 0.583984375 0.07333333333333333 0.585205078125 0.072 0.5849609375 0.068 0.5859375 0.06433333333333334 0.585205078125 0.061 0.589111328125 0.05366666666666667 0.58984375 0.048666666666666664 0.587890625 0.043 0.579833984375 0.033666666666666664 0.57666015625 0.035 0.5751953125 0.03933333333333333 0.574951171875 0.04533333333333334 0.5771484375 0.05466666666666667 0.574951171875 0.06 0.572021484375 0.06
1 0.03125 0.464 0.0400390625 0.4633333333333333 0.045166015625 0.46 0.049072265625 0.44633333333333336 0.056396484375 0.443 0.057373046875 0.43933333333333335 0.061279296875 0.435 0.06201171875 0.431 0.056640625 0.423 0.048583984375 0.4266666666666667 0.037109375 0.41833333333333333 0.033935546875 0.419 0.032470703125 0.42 0.031005859375 0.42633333333333334 0.03076171875 0.43766666666666665 0.028564453125 0.443 0.0244140625 0.448 0.024169921875 0.45266666666666666 0.025390625 0.45866666666666667 0.0283203125 0.463 0.03125 0.464
1 0.089111328125 0.5136666666666667 0.093505859375 0.5176666666666667 0.095703125 0.5216666666666666 0.098388671875 0.5223333333333333 0.10009765625 0.528 0.099853515625 0.541 0.10498046875 0.5466666666666666 0.107421875 0.5516666666666666 0.111572265625 0.5526666666666666 0.11474609375 0.5513333333333333 0.123046875 0.5456666666666666 0.130126953125 0.5366666666666666 0.13134765625 0.5326666666666666 0.12841796875 0.526 0.115234375 0.5146666666666667 0.11181640625 0.5096666666666667 0.10888671875 0.5016666666666667 0.100830078125 0.495 0.095947265625 0.4886666666666667 0.087158203125 0.489 0.08349609375 0.49266666666666664 0.08251953125 0.49566666666666664 0.083740234375 0.5023333333333333 0.0849609375 0.5056666666666667 0.087646484375 0.5086666666666667 0.089111328125 0.5136666666666667
1 0.073486328125 0.5573333333333333 0.095458984375 0.584 0.1005859375 0.5783333333333334 0.106201171875 0.5783333333333334 0.10986328125 0.576 0.109619140625 0.572 0.10546875 0.5663333333333334 0.103759765625 0.5596666666666666 0.10009765625 0.5556666666666666 0.09765625 0.5486666666666666 0.090576171875 0.5413333333333333 0.072021484375 0.5346666666666666 0.0673828125 0.5363333333333333 0.0615234375 0.5446666666666666 0.061279296875 0.5486666666666666 0.06298828125 0.5523333333333333 0.0673828125 0.5553333333333333 0.073486328125 0.5573333333333333
1 0.166015625 0.6023333333333334 0.171630859375 0.5956666666666667 0.17041015625 0.5916666666666667 0.162109375 0.5846666666666667 0.157958984375 0.5836666666666667 0.154052734375 0.5873333333333334 0.154296875 0.5916666666666667 0.156005859375 0.5953333333333334 0.161865234375 0.6013333333333334 0.166015625 0.6023333333333334
1 0.267578125 0.7543333333333333 0.26806640625 0.747 0.265869140625 0.7363333333333333 0.263671875 0.7326666666666667 0.2568359375 0.7323333333333333 0.2529296875 0.7353333333333333 0.253173828125 0.7436666666666667 0.2587890625 0.7556666666666667 0.2646484375 0.7556666666666667 0.267578125 0.7543333333333333
1 0.232421875 0.799 0.234130859375 0.7946666666666666 0.233154296875 0.7906666666666666 0.226318359375 0.7753333333333333 0.22314453125 0.7743333333333333 0.2197265625 0.7763333333333333 0.217529296875 0.787 0.218017578125 0.7883333333333333 0.2255859375 0.7983333333333333 0.232421875 0.799
1 0.255859375 0.7953333333333333 0.2548828125 0.785 0.251953125 0.779 0.248046875 0.7776666666666666 0.24609375 0.7796666666666666 0.246337890625 0.795 0.247802734375 0.8006666666666666 0.251953125 0.805 0.255859375 0.7953333333333333
1 0.276611328125 0.8103333333333333 0.277587890625 0.8063333333333333 0.271484375 0.802 0.26708984375 0.8016666666666666 0.255126953125 0.816 0.254150390625 0.818 0.255126953125 0.8226666666666667 0.263427734375 0.8266666666666667 0.276611328125 0.8103333333333333
1 0.1083984375 0.9106666666666666 0.1123046875 0.9046666666666666 0.111328125 0.9016666666666666 0.103515625 0.8903333333333333 0.09912109375 0.89 0.096435546875 0.892 0.095458984375 0.8943333333333333 0.09521484375 0.8966666666666666 0.0966796875 0.9 0.103515625 0.911 0.1083984375 0.9106666666666666
1 0.03564453125 0.631 0.035888671875 0.6263333333333333 0.032958984375 0.6073333333333333 0.028564453125 0.608 0.0263671875 0.612 0.026611328125 0.6226666666666667 0.029052734375 0.6333333333333333 0.03466796875 0.6326666666666667 0.03564453125 0.631
1 0 0.5153333333333333 0.00634765625 0.5156666666666667 0.009521484375 0.5143333333333333 0.009765625 0.505 0.006591796875 0.494 0.001953125 0.49133333333333334 0 0.49133333333333334 0 0.5153333333333333
1 0.17041015625 0.2703333333333333 0.173095703125 0.26766666666666666 0.174560546875 0.264 0.176025390625 0.255 0.1787109375 0.24766666666666667 0.17822265625 0.244 0.1748046875 0.23933333333333334 0.166748046875 0.23633333333333334 0.16015625 0.23966666666666667 0.14990234375 0.239 0.1474609375 0.24333333333333335 0.145751953125 0.25466666666666665 0.1455078125 0.2613333333333333 0.146484375 0.265 0.16552734375 0.2703333333333333 0.17041015625 0.2703333333333333
1 0.080810546875 0.049 0.08642578125 0.05266666666666667 0.123046875 0.06 0.127197265625 0.058 0.136474609375 0.04466666666666667 0.13671875 0.04 0.13330078125 0.027333333333333334 0.1259765625 0.013333333333333334 0.091064453125 0.010666666666666666 0.08447265625 0.013666666666666667 0.079345703125 0.022 0.07763671875 0.025 0.079833984375 0.033 0.078857421875 0.045 0.080810546875 0.049
1 0.10498046875 0.11066666666666666 0.1181640625 0.11133333333333334 0.126708984375 0.11 0.138427734375 0.10366666666666667 0.140869140625 0.09966666666666667 0.1455078125 0.079 0.14794921875 0.076 0.146484375 0.07066666666666667 0.14013671875 0.06433333333333334 0.128173828125 0.06366666666666666 0.1123046875 0.06933333333333333 0.0986328125 0.07133333333333333 0.092529296875 0.07466666666666667 0.091064453125 0.07766666666666666 0.09130859375 0.091 0.0927734375 0.096 0.096923828125 0.10333333333333333 0.10498046875 0.11066666666666666
1 0.208740234375 0.13633333333333333 0.232177734375 0.138 0.240966796875 0.13433333333333333 0.243896484375 0.13133333333333333 0.25048828125 0.11433333333333333 0.251953125 0.107 0.249267578125 0.10233333333333333 0.23974609375 0.097 0.228271484375 0.097 0.22509765625 0.099 0.216552734375 0.11066666666666666 0.200927734375 0.115 0.197265625 0.11966666666666667 0.193115234375 0.12833333333333333 0.192626953125 0.13066666666666665 0.19384765625 0.132 0.203369140625 0.13333333333333333 0.208740234375 0.13633333333333333
1 0.197021484375 0.16566666666666666 0.203857421875 0.16733333333333333 0.210205078125 0.17233333333333334 0.220703125 0.172 0.227294921875 0.16966666666666666 0.232177734375 0.16233333333333333 0.22705078125 0.15566666666666668 0.22265625 0.153 0.2109375 0.15 0.202880859375 0.14966666666666667 0.199462890625 0.15 0.1923828125 0.15366666666666667 0.181396484375 0.15366666666666667 0.17529296875 0.158 0.17333984375 0.16166666666666665 0.17333984375 0.16666666666666666 0.177734375 0.17233333333333334 0.18115234375 0.17366666666666666 0.197021484375 0.16566666666666666
1 0.45458984375 0.8223333333333334 0.46240234375 0.8256666666666667 0.466552734375 0.8246666666666667 0.474365234375 0.8176666666666667 0.477783203125 0.8106666666666666 0.478271484375 0.8 0.477783203125 0.7983333333333333 0.4755859375 0.797 0.467041015625 0.797 0.46337890625 0.795 0.45849609375 0.7963333333333333 0.455078125 0.7946666666666666 0.447265625 0.7936666666666666 0.439453125 0.787 0.43408203125 0.791 0.4326171875 0.7946666666666666 0.4375 0.8006666666666666 0.44873046875 0.8186666666666667 0.45458984375 0.8223333333333334
1 0.548828125 0.8603333333333333 0.555419921875 0.8533333333333334 0.552734375 0.8493333333333334 0.54541015625 0.8456666666666667 0.53515625 0.8443333333333334 0.529541015625 0.8473333333333334 0.528076171875 0.8493333333333334 0.529296875 0.854 0.544677734375 0.8603333333333333 0.548828125 0.8603333333333333
1 0.572265625 0.9863333333333333 0.586181640625 0.9716666666666667 0.58837890625 0.966 0.585693359375 0.96 0.580810546875 0.9566666666666667 0.5751953125 0.9553333333333334 0.5693359375 0.9583333333333334 0.565185546875 0.97 0.564697265625 0.9786666666666667 0.567138671875 0.986 0.5693359375 0.987 0.572265625 0.9863333333333333
1 0.544921875 0.9886666666666667 0.548095703125 0.987 0.556884765625 0.988 0.561767578125 0.9743333333333334 0.559814453125 0.9656666666666667 0.556396484375 0.962 0.552001953125 0.9606666666666667 0.54150390625 0.966 0.5400390625 0.9726666666666667 0.53564453125 0.9773333333333334 0.5341796875 0.9836666666666667 0.53076171875 0.9876666666666667 0.53076171875 0.9913333333333333 0.536376953125 0.996 0.540771484375 0.9956666666666667 0.544921875 0.9886666666666667
1 0.767333984375 0.7073333333333334 0.77197265625 0.706 0.7763671875 0.6936666666666667 0.77392578125 0.6863333333333334 0.773681640625 0.6816666666666666 0.771484375 0.6803333333333333 0.764404296875 0.681 0.760498046875 0.6853333333333333 0.7587890625 0.6893333333333334 0.764404296875 0.7 0.76611328125 0.7056666666666667 0.767333984375 0.7073333333333334
1 0.53125 0.5916666666666667 0.534423828125 0.5916666666666667 0.53955078125 0.5886666666666667 0.547607421875 0.588 0.551025390625 0.5836666666666667 0.548583984375 0.578 0.54443359375 0.5766666666666667 0.536865234375 0.568 0.52880859375 0.5683333333333334 0.525634765625 0.57 0.5234375 0.5736666666666667 0.523193359375 0.576 0.528564453125 0.5843333333333334 0.52880859375 0.5896666666666667 0.53125 0.5916666666666667
1 0.46875 0.5603333333333333 0.46923828125 0.5563333333333333 0.46630859375 0.5526666666666666 0.458984375 0.5483333333333333 0.454833984375 0.5476666666666666 0.452880859375 0.55 0.45263671875 0.553 0.454833984375 0.5613333333333334 0.466796875 0.5623333333333334 0.46875 0.5603333333333333
1 0.477294921875 0.5686666666666667 0.484619140625 0.5643333333333334 0.486328125 0.5603333333333333 0.478759765625 0.557 0.4765625 0.5573333333333333 0.4697265625 0.5626666666666666 0.46826171875 0.5663333333333334 0.468017578125 0.568 0.4697265625 0.5723333333333334 0.474365234375 0.5723333333333334 0.477294921875 0.5686666666666667
1 0.50244140625 0.49933333333333335 0.50244140625 0.49033333333333334 0.497802734375 0.49 0.494384765625 0.49266666666666664 0.489990234375 0.5066666666666667 0.490234375 0.514 0.4951171875 0.514 0.49755859375 0.5123333333333333 0.50244140625 0.49933333333333335
1 0.57177734375 0.13766666666666666 0.576904296875 0.138 0.580810546875 0.13666666666666666 0.58447265625 0.133 0.5859375 0.129 0.585205078125 0.123 0.580078125 0.11433333333333333 0.57470703125 0.10833333333333334 0.572265625 0.099 0.563720703125 0.09933333333333333 0.5595703125 0.10166666666666667 0.557861328125 0.10433333333333333 0.557373046875 0.11533333333333333 0.55859375 0.12266666666666666 0.5673828125 0.13533333333333333 0.57177734375 0.13766666666666666
1 0.623779296875 0.138 0.625244140625 0.13433333333333333 0.624267578125 0.13066666666666665 0.622314453125 0.13 0.611328125 0.133 0.60986328125 0.136 0.6103515625 0.14233333333333334 0.61279296875 0.14333333333333334 0.616943359375 0.14233333333333334 0.623779296875 0.138
1 0.587158203125 0.20133333333333334 0.586669921875 0.19633333333333333 0.590576171875 0.19266666666666668 0.59130859375 0.189 0.587890625 0.186 0.576904296875 0.187 0.567626953125 0.19633333333333333 0.566162109375 0.19933333333333333 0.567138671875 0.205 0.571044921875 0.20766666666666667 0.583740234375 0.20566666666666666 0.587158203125 0.20133333333333334
1 0.560791015625 0.337 0.564453125 0.3333333333333333 0.5654296875 0.33 0.5625 0.3273333333333333 0.556884765625 0.326 0.5478515625 0.326 0.545166015625 0.32666666666666666 0.543212890625 0.329 0.543701171875 0.33366666666666667 0.545166015625 0.335 0.55712890625 0.3373333333333333 0.560791015625 0.337
1 0.57177734375 0.35333333333333333 0.572265625 0.3496666666666667 0.568115234375 0.3443333333333333 0.562744140625 0.34933333333333333 0.556640625 0.351 0.5556640625 0.3526666666666667 0.55810546875 0.364 0.560791015625 0.368 0.568359375 0.361 0.57177734375 0.35333333333333333
1 0.501953125 0.3586666666666667 0.505615234375 0.35433333333333333 0.509521484375 0.35733333333333334 0.513427734375 0.358 0.51513671875 0.357 0.515869140625 0.35433333333333333 0.513671875 0.348 0.505859375 0.343 0.502685546875 0.343 0.499755859375 0.3413333333333333 0.497802734375 0.338 0.492919921875 0.34 0.49169921875 0.342 0.49169921875 0.3443333333333333 0.48779296875 0.351 0.48779296875 0.35433333333333333 0.489501953125 0.35733333333333334 0.49755859375 0.35933333333333334 0.501953125 0.3586666666666667
1 0.388427734375 0.3506666666666667 0.38916015625 0.3373333333333333 0.39404296875 0.326 0.392578125 0.3243333333333333 0.388427734375 0.324 0.37646484375 0.32966666666666666 0.37646484375 0.335 0.380615234375 0.35 0.3837890625 0.3516666666666667 0.388427734375 0.3506666666666667
1 0.423583984375 0.31466666666666665 0.423095703125 0.31066666666666665 0.420166015625 0.309 0.41064453125 0.31133333333333335 0.408203125 0.31333333333333335 0.407958984375 0.31833333333333336 0.411865234375 0.31966666666666665 0.4208984375 0.318 0.423583984375 0.31466666666666665
1 0.37939453125 0.28633333333333333 0.38037109375 0.291 0.390625 0.279 0.38818359375 0.276 0.38232421875 0.275 0.375244140625 0.2753333333333333 0.371826171875 0.2776666666666667 0.37109375 0.279 0.372802734375 0.2823333333333333 0.377685546875 0.284 0.37939453125 0.28633333333333333
1 0.395263671875 0.24 0.392333984375 0.236 0.388427734375 0.23566666666666666 0.380615234375 0.24666666666666667 0.380615234375 0.25333333333333335 0.385009765625 0.25566666666666665 0.392578125 0.247 0.395263671875 0.24
1 0.244140625 0.5143333333333333 0.24560546875 0.505 0.24267578125 0.49766666666666665 0.240966796875 0.49666666666666665 0.23681640625 0.49766666666666665 0.234619140625 0.5023333333333333 0.233642578125 0.5103333333333333 0.23486328125 0.5146666666666667 0.240234375 0.518 0.244140625 0.5143333333333333
1 0.372802734375 0.41933333333333334 0.375 0.412 0.375 0.408 0.374267578125 0.404 0.37255859375 0.40166666666666667 0.369140625 0.399 0.364990234375 0.3993333333333333 0.360595703125 0.406 0.360107421875 0.408 0.362060546875 0.41633333333333333 0.368408203125 0.42 0.372802734375 0.41933333333333334
1 0.400146484375 0.4816666666666667 0.409423828125 0.4666666666666667 0.409423828125 0.46266666666666667 0.408447265625 0.46066666666666667 0.400146484375 0.4533333333333333 0.390869140625 0.45466666666666666 0.38671875 0.46266666666666667 0.38525390625 0.4666666666666667 0.385986328125 0.4706666666666667 0.396240234375 0.483 0.400146484375 0.4816666666666667
1 0.37744140625 0.5086666666666667 0.38232421875 0.509 0.385986328125 0.508 0.3916015625 0.5036666666666667 0.391357421875 0.498 0.388671875 0.49266666666666664 0.380859375 0.4886666666666667 0.376708984375 0.49 0.37548828125 0.49466666666666664 0.37158203125 0.5016666666666667 0.373779296875 0.5063333333333333 0.37744140625 0.5086666666666667
1 0.08203125 0.859 0.091552734375 0.8663333333333333 0.105224609375 0.865 0.110595703125 0.8573333333333333 0.11328125 0.85 0.111083984375 0.8453333333333334 0.10400390625 0.8416666666666667 0.08642578125 0.8383333333333334 0.080322265625 0.8356666666666667 0.076171875 0.8366666666666667 0.07080078125 0.8483333333333334 0.07080078125 0.8523333333333334 0.07177734375 0.8543333333333333 0.07568359375 0.857 0.08203125 0.859
1 0.092041015625 0.47633333333333333 0.09716796875 0.4723333333333333 0.11376953125 0.45066666666666666 0.111328125 0.44766666666666666 0.10986328125 0.44333333333333336 0.100830078125 0.438 0.096435546875 0.43666666666666665 0.087890625 0.43666666666666665 0.080078125 0.446 0.076171875 0.45266666666666666 0.075927734375 0.4603333333333333 0.07763671875 0.465 0.087158203125 0.4746666666666667 0.092041015625 0.47633333333333333
1 0.09228515625 0.302 0.094482421875 0.29933333333333334 0.10107421875 0.283 0.099609375 0.2783333333333333 0.094482421875 0.278 0.0908203125 0.2753333333333333 0.08056640625 0.2856666666666667 0.079833984375 0.2866666666666667 0.080078125 0.292 0.088134765625 0.30033333333333334 0.09228515625 0.302
1 0 0.11566666666666667 0.005859375 0.113 0.01123046875 0.10766666666666666 0.013916015625 0.10733333333333334 0.017822265625 0.11 0.02587890625 0.10733333333333334 0.02978515625 0.10333333333333333 0.029052734375 0.09766666666666667 0.026611328125 0.09266666666666666 0.027587890625 0.083 0.025390625 0.061 0.030029296875 0.05266666666666667 0.02880859375 0.050666666666666665 0.025146484375 0.05 0.022705078125 0.05266666666666667 0.0185546875 0.05433333333333333 0 0.05566666666666667 0 0.11566666666666667
1 0.045166015625 0.13633333333333333 0.047607421875 0.13433333333333333 0.049072265625 0.13066666666666665 0.048583984375 0.126 0.036865234375 0.119 0.0322265625 0.11866666666666667 0.029296875 0.12366666666666666 0.029052734375 0.12733333333333333 0.031494140625 0.13033333333333333 0.04150390625 0.13533333333333333 0.045166015625 0.13633333333333333
1 0 0.15 0.001708984375 0.15 0.005859375 0.14266666666666666 0.009033203125 0.141 0.012451171875 0.14233333333333334 0.01220703125 0.146 0.00927734375 0.15 0.01123046875 0.15366666666666667 0.008056640625 0.162 0.009521484375 0.16366666666666665 0.013671875 0.164 0.02197265625 0.174 0.022705078125 0.177 0.017578125 0.18933333333333333 0.01806640625 0.193 0.021484375 0.19633333333333333 0.0283203125 0.201 0.033203125 0.20166666666666666 0.041015625 0.194 0.04443359375 0.19566666666666666 0.05078125 0.19633333333333333 0.06103515625 0.195 0.0693359375 0.18933333333333333 0.07159423828125 0.18325 0.07666015625 0.177 0.07763671875 0.17366666666666666 0.076171875 0.16766666666666666 0.072021484375 0.16066666666666668 0.066162109375 0.15566666666666668 0.050048828125 0.151 0.044677734375 0.147 0.039794921875 0.147 0.0224609375 0.13666666666666666 0.013671875 0.12666666666666668 0.004150390625 0.126 0 0.126 0 0.15
1 0.276428955078125 0.09621266666666665 0.260847412109375 0.083914 0.259386474609375 0.08358133333333333 0.252082763671875 0.10385766666666665 0.275942138671875 0.123469 0.28202880859375 0.10219566666666666 0.276428955078125 0.09621266666666665
1 0.284706787109375 0.08059000000000001 0.28300244140625 0.07926033333333334 0.276916015625 0.084911 0.2864111328125 0.10784633333333334 0.293715087890625 0.10186333333333332 0.284706787109375 0.08059000000000001
1 0.20850244140625 0.41651699999999997 0.20850244140625 0.43712566666666663 0.219215087890625 0.437458 0.217754150390625 0.41452266666666665 0.20850244140625 0.41651699999999997
1 0.289576171875 0.5732833333333333 0.295419189453125 0.5712889999999999 0.299071044921875 0.570624 0.29712353515625 0.5779366666666667 0.302236083984375 0.588241 0.306375 0.5865790000000001 0.310757568359375 0.5786016666666667 0.31854833984375 0.5776043333333334 0.323904541015625 0.572286 0.3222001953125 0.5583253333333333 0.3166005859375 0.547024 0.2681513671875 0.5437 0.26790771484375 0.5437 0.262064697265625 0.553672 0.266933837890625 0.5653056666666666 0.28373291015625 0.5659706666666667 0.289576171875 0.5732833333333333
1 0.388876708984375 0.8264696666666667 0.391433837890625 0.8257213333333334 0.39262109375 0.8254720000000001 0.39198193359375 0.8192376666666668 0.38741552734375 0.812006 0.3867763671875 0.8116316666666666 0.386319580078125 0.8122553333333333 0.379287353515625 0.8122553333333333 0.380931396484375 0.8177413333333334 0.3848583984375 0.8232276666666667 0.388876708984375 0.8264696666666667
1 0.411800048828125 0.8406840000000001 0.41380908203125 0.8383146666666667 0.416457763671875 0.8267190000000001 0.407507568359375 0.8223550000000001 0.407233642578125 0.823103 0.4034892578125 0.8325793333333332 0.4068681640625 0.8339506666666666 0.405955078125 0.8411826666666666 0.411800048828125 0.8406840000000001
1 0.414174560546875 0.7987890000000001 0.415818359375 0.7929286666666667 0.414083251953125 0.7898116666666667 0.40832958984375 0.7869436666666667 0.400110107421875 0.7853226666666666 0.3971875 0.7893126666666667 0.39956201171875 0.7964200000000001 0.41079541015625 0.8010333333333333 0.414174560546875 0.7987890000000001
1 0.46038623046875 0.7338933333333333 0.457098388671875 0.7529703333333334 0.464404541015625 0.7529703333333334 0.466961669921875 0.7333943333333334 0.46038623046875 0.7338933333333333
1 0.431561767578125 0.9763326666666667 0.43613671875 0.9741323333333333 0.440555419921875 0.969306 0.443466796875 0.9669636666666667 0.44357080078125 0.9641246666666666 0.442322998046875 0.9613566666666667 0.44034765625 0.9611436666666667 0.44030078125 0.9608693333333334 0.429014404296875 0.9710803333333333 0.427974609375 0.9725 0.428910400390625 0.975126 0.431561767578125 0.9763326666666667
1 0.135617431640625 0.180116 0.12906982421875 0.17487566666666665 0.120218994140625 0.196392 0.119451416015625 0.20224899999999998 0.12757958984375 0.201324 0.135617431640625 0.180116
1 0.373046875 0.10966666666666666 0.379150390625 0.115 0.385009765625 0.11533333333333333 0.38818359375 0.11333333333333333 0.388671875 0.10966666666666666 0.387451171875 0.09966666666666667 0.384765625 0.09166666666666666 0.380859375 0.08766666666666667 0.369140625 0.08666666666666667 0.365234375 0.088 0.3623046875 0.09166666666666666 0.361083984375 0.096 0.364013671875 0.09966666666666667 0.3662109375 0.10766666666666666 0.373046875 0.10966666666666666
1 0.353271484375 0.12033333333333333 0.361328125 0.11766666666666667 0.364013671875 0.115 0.362060546875 0.1 0.358642578125 0.08733333333333333 0.353759765625 0.08566666666666667 0.350341796875 0.086 0.345947265625 0.088 0.343994140625 0.09066666666666667 0.3447265625 0.112 0.3466796875 0.12 0.348388671875 0.121 0.353271484375 0.12033333333333333
1 0.10302734375 0.25766666666666665 0.104248046875 0.25566666666666665 0.103515625 0.25233333333333335 0.101318359375 0.25133333333333335 0.091064453125 0.25133333333333335 0.087890625 0.253 0.087646484375 0.25566666666666665 0.09130859375 0.25833333333333336 0.099853515625 0.25866666666666666 0.10302734375 0.25766666666666665
1 0.123046875 0.27466666666666667 0.124267578125 0.27166666666666667 0.123046875 0.2683333333333333 0.11865234375 0.2663333333333333 0.114990234375 0.2623333333333333 0.111328125 0.2623333333333333 0.110595703125 0.26766666666666666 0.115234375 0.274 0.1181640625 0.27566666666666667 0.123046875 0.27466666666666667
1 0.169189453125 0.31333333333333335 0.18408203125 0.31133333333333335 0.195068359375 0.30233333333333334 0.19580078125 0.2763333333333333 0.193359375 0.27266666666666667 0.18701171875 0.2703333333333333 0.17578125 0.27266666666666667 0.171630859375 0.275 0.168212890625 0.2803333333333333 0.16162109375 0.291 0.161865234375 0.307 0.163330078125 0.31066666666666665 0.169189453125 0.31333333333333335
1 0.23974609375 0.354 0.244384765625 0.3476666666666667 0.244873046875 0.344 0.243408203125 0.3416666666666667 0.23681640625 0.3423333333333333 0.229736328125 0.349 0.2255859375 0.35633333333333334 0.2255859375 0.358 0.2275390625 0.36 0.232421875 0.36033333333333334 0.23974609375 0.354
1 0.18505859375 0.24533333333333332 0.185791015625 0.244 0.185791015625 0.22866666666666666 0.181640625 0.22733333333333333 0.177734375 0.22833333333333333 0.177490234375 0.23633333333333334 0.178955078125 0.24466666666666667 0.181396484375 0.24633333333333332 0.18505859375 0.24533333333333332
1 0.257080078125 0.19533333333333333 0.259521484375 0.19 0.2587890625 0.18533333333333332 0.255859375 0.18333333333333332 0.248779296875 0.18433333333333332 0.24658203125 0.189 0.246826171875 0.19433333333333333 0.248046875 0.19633333333333333 0.25146484375 0.198 0.257080078125 0.19533333333333333
1 0.27587890625 0.18166666666666667 0.275390625 0.176 0.269287109375 0.17266666666666666 0.26708984375 0.17233333333333334 0.265625 0.17366666666666666 0.264404296875 0.17733333333333334 0.263916015625 0.18133333333333335 0.267578125 0.18366666666666667 0.273681640625 0.18433333333333332 0.27587890625 0.18166666666666667
1 0.290283203125 0.23766666666666666 0.293212890625 0.23633333333333334 0.293701171875 0.23233333333333334 0.291015625 0.22166666666666668 0.287353515625 0.219 0.283203125 0.22 0.282958984375 0.22533333333333333 0.28466796875 0.23233333333333334 0.28662109375 0.236 0.290283203125 0.23766666666666666
1 0.2626953125 0.17366666666666666 0.26025390625 0.17033333333333334 0.257568359375 0.171 0.255615234375 0.17466666666666666 0.255859375 0.18233333333333332 0.260009765625 0.18233333333333332 0.262451171875 0.18033333333333335 0.2626953125 0.17366666666666666
1 0.017578125 0.4043333333333333 0.019287109375 0.396 0.017333984375 0.394 0.013427734375 0.393 0.006103515625 0.4 0.006103515625 0.4116666666666667 0.01025390625 0.41433333333333333 0.013671875 0.4126666666666667 0.017578125 0.4043333333333333
1 0.013427734375 0.385 0.01220703125 0.37266666666666665 0.009521484375 0.37033333333333335 0.0068359375 0.372 0.005615234375 0.37533333333333335 0.005859375 0.38666666666666666 0.00830078125 0.38866666666666666 0.0107421875 0.3883333333333333 0.013427734375 0.385
1 0.13330078125 0.47833333333333333 0.13232421875 0.465 0.131103515625 0.46166666666666667 0.1298828125 0.4613333333333333 0.126953125 0.4623333333333333 0.125732421875 0.466 0.125 0.4716666666666667 0.126708984375 0.48133333333333334 0.130859375 0.4836666666666667 0.13330078125 0.47833333333333333
1 0.061279296875 0.6073333333333333 0.064697265625 0.6036666666666667 0.0654296875 0.5996666666666667 0.064697265625 0.596 0.0615234375 0.5923333333333334 0.056396484375 0.5913333333333334 0.05126953125 0.5956666666666667 0.05029296875 0.5996666666666667 0.05078125 0.604 0.052490234375 0.6073333333333333 0.061279296875 0.6073333333333333
1 0.173095703125 0.6516666666666666 0.181640625 0.647 0.185546875 0.6413333333333333 0.18798828125 0.627 0.1806640625 0.626 0.16162109375 0.6383333333333333 0.153076171875 0.6463333333333333 0.1513671875 0.6556666666666666 0.15380859375 0.66 0.158203125 0.6636666666666666 0.173095703125 0.6516666666666666
1 0.2080078125 0.6513333333333333 0.208740234375 0.6463333333333333 0.202392578125 0.6456666666666667 0.193359375 0.65 0.19384765625 0.653 0.1953125 0.6546666666666666 0.200927734375 0.6546666666666666 0.2080078125 0.6513333333333333
1 0.220458984375 0.6543333333333333 0.216552734375 0.6533333333333333 0.212646484375 0.6556666666666666 0.210693359375 0.6583333333333333 0.20849609375 0.6646666666666666 0.208984375 0.6676666666666666 0.21533203125 0.6656666666666666 0.2197265625 0.6583333333333333 0.220458984375 0.6543333333333333
1 0.215087890625 0.6036666666666667 0.212646484375 0.6003333333333334 0.205078125 0.5963333333333334 0.201171875 0.597 0.2001953125 0.5986666666666667 0.200927734375 0.6043333333333333 0.204833984375 0.6073333333333333 0.212890625 0.6083333333333333 0.215087890625 0.6036666666666667
1 0.189697265625 0.5303333333333333 0.19091796875 0.529 0.1904296875 0.5253333333333333 0.185302734375 0.5193333333333333 0.181396484375 0.5183333333333333 0.1796875 0.52 0.1796875 0.5236666666666666 0.1826171875 0.529 0.18505859375 0.5303333333333333 0.189697265625 0.5303333333333333
1 0.09912109375 0.783 0.103515625 0.782 0.1201171875 0.771 0.1259765625 0.7516666666666667 0.126220703125 0.7463333333333333 0.12451171875 0.742 0.1142578125 0.7343333333333333 0.107666015625 0.7313333333333333 0.099609375 0.7313333333333333 0.0927734375 0.7343333333333333 0.083740234375 0.736 0.076904296875 0.744 0.07177734375 0.7673333333333333 0.071533203125 0.7713333333333333 0.075439453125 0.776 0.080078125 0.779 0.09912109375 0.783
1 0.103271484375 0.8063333333333333 0.107666015625 0.8026666666666666 0.109130859375 0.799 0.10400390625 0.7936666666666666 0.099609375 0.792 0.091552734375 0.7916666666666666 0.08642578125 0.7943333333333333 0.089111328125 0.8026666666666666 0.09228515625 0.8053333333333333 0.098876953125 0.8073333333333333 0.103271484375 0.8063333333333333
1 0.122802734375 0.838 0.1259765625 0.834 0.122314453125 0.829 0.112060546875 0.8266666666666667 0.1083984375 0.8283333333333334 0.107177734375 0.8303333333333334 0.1083984375 0.8336666666666667 0.109619140625 0.8343333333333334 0.122802734375 0.838
1 0.201171875 0.8993333333333333 0.2041015625 0.898 0.20751953125 0.8923333333333333 0.205078125 0.887 0.196533203125 0.8783333333333333 0.19384765625 0.8773333333333333 0.18994140625 0.878 0.185302734375 0.8823333333333333 0.184814453125 0.885 0.187255859375 0.89 0.197265625 0.8986666666666666 0.201171875 0.8993333333333333
1 0.056640625 0.9753333333333334 0.063232421875 0.974 0.065185546875 0.9706666666666667 0.065673828125 0.9666666666666667 0.062744140625 0.9623333333333334 0.061279296875 0.9573333333333334 0.056640625 0.9536666666666667 0.05224609375 0.9543333333333334 0.048583984375 0.9613333333333334 0.048095703125 0.9673333333333334 0.04931640625 0.9703333333333334 0.054931640625 0.973 0.056640625 0.9753333333333334
1 0.15185546875 0.9903333333333333 0.150146484375 0.9876666666666667 0.14697265625 0.9856666666666667 0.14453125 0.9856666666666667 0.138671875 0.9886666666666667 0.138427734375 0.995 0.1396484375 0.9996666666666667 0.15380859375 0.9996666666666667 0.15185546875 0.9903333333333333
1 0.26708984375 0.961 0.267822265625 0.9583333333333334 0.263671875 0.945 0.2607421875 0.9416666666666667 0.255859375 0.9423333333333334 0.255615234375 0.9486666666666667 0.259521484375 0.9563333333333334 0.263427734375 0.9623333333333334 0.26708984375 0.961
1 0.264404296875 0.9266666666666666 0.264892578125 0.9306666666666666 0.2666015625 0.933 0.267578125 0.9333333333333333 0.271728515625 0.9296666666666666 0.276123046875 0.9233333333333333 0.2763671875 0.9196666666666666 0.271240234375 0.911 0.263427734375 0.911 0.259765625 0.9073333333333333 0.255615234375 0.9073333333333333 0.255126953125 0.9093333333333333 0.256591796875 0.9196666666666666 0.26220703125 0.9236666666666666 0.264404296875 0.9266666666666666
1 0.28076171875 0.9676666666666667 0.298095703125 0.982 0.302734375 0.9796666666666667 0.315185546875 0.9673333333333334 0.319580078125 0.9586666666666667 0.320556640625 0.9433333333333334 0.31982421875 0.9393333333333334 0.318115234375 0.9353333333333333 0.314453125 0.9336666666666666 0.310546875 0.9336666666666666 0.302978515625 0.938 0.298583984375 0.938 0.28662109375 0.9273333333333333 0.283203125 0.925 0.27880859375 0.9243333333333333 0.27490234375 0.9263333333333333 0.266845703125 0.9343333333333333 0.263671875 0.94 0.262939453125 0.943 0.263427734375 0.947 0.269775390625 0.9563333333333334 0.28076171875 0.9676666666666667
1 0.34814453125 0.8963333333333333 0.3505859375 0.9003333333333333 0.357177734375 0.907 0.361328125 0.9093333333333333 0.368896484375 0.9106666666666666 0.376953125 0.9093333333333333 0.38037109375 0.9076666666666666 0.3828125 0.9046666666666666 0.392333984375 0.883 0.39453125 0.873 0.392333984375 0.8656666666666667 0.384521484375 0.8576666666666667 0.37353515625 0.854 0.364990234375 0.856 0.357666015625 0.8653333333333333 0.354736328125 0.867 0.349365234375 0.867 0.34765625 0.869 0.34814453125 0.873 0.3505859375 0.8776666666666667 0.347412109375 0.892 0.34814453125 0.8963333333333333
1 0.472900390625 0.886 0.479248046875 0.8866666666666667 0.495361328125 0.8806666666666667 0.500244140625 0.8773333333333333 0.505126953125 0.8706666666666667 0.506591796875 0.8536666666666667 0.505859375 0.8456666666666667 0.504638671875 0.8416666666666667 0.496826171875 0.833 0.494140625 0.831 0.48974609375 0.8316666666666667 0.478515625 0.8383333333333334 0.470703125 0.8506666666666667 0.466064453125 0.861 0.466552734375 0.8646666666666667 0.4638671875 0.8726666666666667 0.4658203125 0.8803333333333333 0.472900390625 0.886
1 0.305908203125 0.826 0.3046875 0.8223333333333334 0.302978515625 0.8213333333333334 0.29443359375 0.8206666666666667 0.28955078125 0.822 0.28857421875 0.824 0.288330078125 0.826 0.290771484375 0.8283333333333334 0.302734375 0.8286666666666667 0.305908203125 0.826
1 0.3388671875 0.6886666666666666 0.337890625 0.6863333333333334 0.326171875 0.6856666666666666 0.32421875 0.6873333333333334 0.32373046875 0.693 0.3291015625 0.699 0.338134765625 0.6963333333333334 0.3388671875 0.6886666666666666
1 0.46630859375 0.6936666666666667 0.47021484375 0.693 0.473876953125 0.6893333333333334 0.473876953125 0.6853333333333333 0.470947265625 0.6813333333333333 0.458984375 0.671 0.455322265625 0.6716666666666666 0.452392578125 0.675 0.451416015625 0.6776666666666666 0.453369140625 0.682 0.458984375 0.6883333333333334 0.46630859375 0.6936666666666667
1 0.4794921875 0.6306666666666667 0.482177734375 0.627 0.481201171875 0.622 0.470947265625 0.6156666666666667 0.46630859375 0.619 0.466064453125 0.624 0.467529296875 0.631 0.475341796875 0.6323333333333333 0.4794921875 0.6306666666666667
1 0.45361328125 0.568 0.453857421875 0.5643333333333334 0.452392578125 0.5603333333333333 0.44384765625 0.5543333333333333 0.439697265625 0.5566666666666666 0.439453125 0.5603333333333333 0.443359375 0.5646666666666667 0.450927734375 0.5696666666666667 0.45361328125 0.568
1 0.3583984375 0.546 0.36328125 0.541 0.36328125 0.5366666666666666 0.361083984375 0.531 0.35693359375 0.531 0.347900390625 0.533 0.341552734375 0.537 0.33984375 0.5396666666666666 0.33935546875 0.5443333333333333 0.341796875 0.5473333333333333 0.355224609375 0.547 0.3583984375 0.546
1 0.337890625 0.463 0.33984375 0.4603333333333333 0.339599609375 0.45666666666666667 0.33740234375 0.45366666666666666 0.330078125 0.4513333333333333 0.326171875 0.452 0.325927734375 0.458 0.326904296875 0.45966666666666667 0.3359375 0.463 0.337890625 0.463
1 0.361328125 0.455 0.361572265625 0.451 0.357666015625 0.448 0.3525390625 0.44633333333333336 0.349365234375 0.4493333333333333 0.34912109375 0.4513333333333333 0.35107421875 0.454 0.3564453125 0.4563333333333333 0.361328125 0.455
1 0.282958984375 0.382 0.286865234375 0.381 0.284912109375 0.37 0.282958984375 0.367 0.276448486328125 0.369 0.270751953125 0.36766666666666664 0.267578125 0.36933333333333335 0.267333984375 0.373 0.270263671875 0.37566666666666665 0.2783203125 0.37866666666666665 0.282958984375 0.382
1 0.31396484375 0.38766666666666666 0.31787109375 0.387 0.318603515625 0.38066666666666665 0.31787109375 0.36866666666666664 0.31640625 0.362 0.314208984375 0.35933333333333334 0.31103515625 0.36 0.3095703125 0.36133333333333334 0.308837890625 0.36466666666666664 0.30908203125 0.36933333333333335 0.30810546875 0.373 0.310302734375 0.38466666666666666 0.31396484375 0.38766666666666666
1 0.44091796875 0.03966666666666667 0.441650390625 0.029333333333333333 0.439697265625 0.027333333333333334 0.435546875 0.027333333333333334 0.43408203125 0.03266666666666666 0.433837890625 0.04133333333333333 0.435546875 0.043333333333333335 0.439208984375 0.043666666666666666 0.44091796875 0.03966666666666667
1 0.404052734375 0 0.404052734375 0.0016666666666666668 0.4052734375 0.009666666666666667 0.408203125 0.011333333333333334 0.412109375 0.017333333333333333 0.431640625 0.018666666666666668 0.432861328125 0.017333333333333333 0.431396484375 0.009 0.431396484375 0 0.404052734375 0
1 0.462890625 0 0.462890625 0.0023333333333333335 0.465576171875 0.011333333333333334 0.470458984375 0.015333333333333332 0.475341796875 0.023 0.483154296875 0.026 0.498046875 0.025333333333333333 0.496337890625 0.015 0.492919921875 0.008 0.490966796875 0 0.462890625 0
1 0.581787109375 0.088 0.580078125 0.08333333333333333 0.576171875 0.08333333333333333 0.5712890625 0.08666666666666667 0.570556640625 0.08833333333333333 0.572265625 0.092 0.576171875 0.092 0.581787109375 0.088
1 0.555908203125 0.24 0.554931640625 0.237 0.554931640625 0.23133333333333334 0.552978515625 0.22833333333333333 0.544189453125 0.22733333333333333 0.540771484375 0.228 0.5400390625 0.22933333333333333 0.53955078125 0.23266666666666666 0.54248046875 0.23666666666666666 0.552001953125 0.24166666666666667 0.555908203125 0.24
1 0.511474609375 0.3303333333333333 0.50927734375 0.328 0.500732421875 0.3283333333333333 0.499267578125 0.3303333333333333 0.501708984375 0.33366666666666667 0.509765625 0.3333333333333333 0.511474609375 0.3303333333333333
1 0.680908203125 0.4043333333333333 0.681640625 0.38766666666666666 0.6787109375 0.384 0.6748046875 0.38266666666666665 0.669677734375 0.38366666666666666 0.665771484375 0.39466666666666667 0.666015625 0.404 0.669677734375 0.4073333333333333 0.677490234375 0.4083333333333333 0.680908203125 0.4043333333333333
1 0.532958984375 0.5293333333333333 0.536865234375 0.529 0.53857421875 0.5186666666666667 0.5380859375 0.516 0.5341796875 0.5136666666666667 0.531494140625 0.514 0.530029296875 0.5156666666666667 0.529541015625 0.518 0.530517578125 0.524 0.5322265625 0.5283333333333333 0.532958984375 0.5293333333333333
1 0.56005859375 0.6306666666666667 0.56103515625 0.6226666666666667 0.55859375 0.6186666666666667 0.552490234375 0.6146666666666667 0.548583984375 0.6136666666666667 0.544921875 0.616 0.539306640625 0.6236666666666667 0.5390625 0.6273333333333333 0.540771484375 0.6346666666666667 0.545166015625 0.635 0.56005859375 0.6306666666666667
1 0.505615234375 0.762 0.510498046875 0.759 0.511962890625 0.756 0.512451171875 0.752 0.51025390625 0.7463333333333333 0.502197265625 0.7396666666666667 0.499755859375 0.7426666666666667 0.49462890625 0.7456666666666667 0.4873046875 0.7473333333333333 0.4873046875 0.7553333333333333 0.48974609375 0.7596666666666667 0.50146484375 0.7623333333333333 0.505615234375 0.762
1 0.51806640625 0.744 0.5166015625 0.7473333333333333 0.516845703125 0.7496666666666667 0.521240234375 0.7596666666666667 0.526611328125 0.7596666666666667 0.529296875 0.7556666666666667 0.5302734375 0.751 0.524169921875 0.729 0.524658203125 0.7203333333333334 0.520751953125 0.718 0.51318359375 0.7186666666666667 0.507080078125 0.724 0.50537109375 0.727 0.505615234375 0.7366666666666667 0.509765625 0.735 0.513916015625 0.7373333333333333 0.51806640625 0.744
1 0.564697265625 0.7496666666666667 0.570068359375 0.7463333333333333 0.573486328125 0.7406666666666667 0.573974609375 0.736 0.572265625 0.7343333333333333 0.565673828125 0.7346666666666667 0.55810546875 0.7426666666666667 0.55712890625 0.744 0.557861328125 0.748 0.560546875 0.75 0.564697265625 0.7496666666666667
1 0.61279296875 0.7283333333333334 0.613037109375 0.724 0.611328125 0.719 0.607177734375 0.7183333333333334 0.599365234375 0.7243333333333334 0.595947265625 0.7293333333333333 0.59130859375 0.7283333333333334 0.58984375 0.7316666666666667 0.5908203125 0.7366666666666667 0.599609375 0.7436666666666667 0.611328125 0.7313333333333333 0.61279296875 0.7283333333333334
1 0.56640625 0.79 0.57177734375 0.8026666666666666 0.575439453125 0.8066666666666666 0.580810546875 0.8103333333333333 0.592041015625 0.813 0.59765625 0.8163333333333334 0.606689453125 0.826 0.614501953125 0.8293333333333334 0.619140625 0.8293333333333334 0.63037109375 0.823 0.635009765625 0.8186666666666667 0.637451171875 0.8146666666666667 0.637451171875 0.8056666666666666 0.630859375 0.797 0.626953125 0.7893333333333333 0.62255859375 0.7833333333333333 0.615966796875 0.7796666666666666 0.609619140625 0.7686666666666667 0.607666015625 0.7633333333333333 0.60107421875 0.759 0.59423828125 0.7513333333333333 0.582275390625 0.7476666666666667 0.572021484375 0.7476666666666667 0.567138671875 0.749 0.55615234375 0.7596666666666667 0.551513671875 0.7663333333333333 0.552490234375 0.7743333333333333 0.5556640625 0.7816666666666666 0.55908203125 0.7856666666666666 0.56640625 0.79
1 0.59228515625 0.904 0.59228515625 0.8993333333333333 0.59130859375 0.8966666666666666 0.58740234375 0.8956666666666667 0.576416015625 0.9006666666666666 0.57568359375 0.9026666666666666 0.575439453125 0.908 0.576171875 0.9093333333333333 0.586181640625 0.9083333333333333 0.59228515625 0.904
1 0.616943359375 0.951 0.61572265625 0.939 0.614501953125 0.9363333333333334 0.6103515625 0.9353333333333333 0.60693359375 0.9383333333333334 0.607421875 0.9476666666666667 0.609375 0.952 0.611572265625 0.9533333333333334 0.616943359375 0.951
1 0.737548828125 0.9996666666666667 0.73779296875 0.9936666666666667 0.716552734375 0.9743333333333334 0.71337890625 0.9733333333333334 0.704345703125 0.9743333333333334 0.701171875 0.9756666666666667 0.69921875 0.9783333333333334 0.698974609375 0.987 0.696533203125 0.9936666666666667 0.696533203125 0.9996666666666667 0.737548828125 0.9996666666666667
1 0.72802734375 0.609 0.73681640625 0.6076666666666667 0.750244140625 0.5956666666666667 0.749267578125 0.5916666666666667 0.74609375 0.5886666666666667 0.740966796875 0.5856666666666667 0.736328125 0.5846666666666667 0.720458984375 0.591 0.71826171875 0.5936666666666667 0.7177734375 0.5963333333333334 0.72265625 0.602 0.724609375 0.606 0.72802734375 0.609
1 0.69384765625 0.5773333333333334 0.699462890625 0.5733333333333334 0.705322265625 0.5646666666666667 0.706787109375 0.5603333333333333 0.70361328125 0.5566666666666666 0.69287109375 0.5553333333333333 0.689697265625 0.5576666666666666 0.680419921875 0.5606666666666666 0.6796875 0.5643333333333334 0.682373046875 0.573 0.68603515625 0.5766666666666667 0.69384765625 0.5773333333333334
1 0.639892578125 0.5486666666666666 0.6416015625 0.5446666666666666 0.639404296875 0.5346666666666666 0.634765625 0.5303333333333333 0.63134765625 0.5326666666666666 0.6298828125 0.5406666666666666 0.63037109375 0.5456666666666666 0.637451171875 0.549 0.639892578125 0.5486666666666666
1 0.62353515625 0.5666666666666667 0.6259765625 0.5643333333333334 0.62548828125 0.5606666666666666 0.620849609375 0.5573333333333333 0.6162109375 0.5553333333333333 0.612060546875 0.556 0.611328125 0.557 0.612548828125 0.56 0.61767578125 0.5646666666666667 0.62353515625 0.5666666666666667
1 0.802001953125 0.5253333333333333 0.8017578125 0.5213333333333333 0.79248046875 0.5156666666666667 0.787109375 0.5106666666666667 0.783935546875 0.5116666666666667 0.7822265625 0.514 0.781982421875 0.5213333333333333 0.794677734375 0.53 0.799560546875 0.5293333333333333 0.802001953125 0.5253333333333333
1 0.763916015625 0.15966666666666668 0.767578125 0.16066666666666668 0.770751953125 0.158 0.76953125 0.15333333333333332 0.77001953125 0.14966666666666667 0.768798828125 0.14633333333333334 0.76123046875 0.14633333333333334 0.75634765625 0.14966666666666667 0.75732421875 0.155 0.755859375 0.15833333333333333 0.758056640625 0.161 0.763916015625 0.15966666666666668
1 0.59130859375 0.15466666666666667 0.590576171875 0.153 0.583984375 0.151 0.577392578125 0.15366666666666667 0.581787109375 0.15833333333333333 0.5859375 0.16 0.5908203125 0.158 0.59130859375 0.15466666666666667
1 0.295166015625 0.037 0.29150390625 0.033666666666666664 0.28271484375 0.03233333333333333 0.280517578125 0.035 0.278076171875 0.043 0.279296875 0.05466666666666667 0.284423828125 0.05533333333333333 0.294677734375 0.047 0.295166015625 0.037
1 0.052734375 0.349 0.065185546875 0.3393333333333333 0.068603515625 0.33 0.06884765625 0.3253333333333333 0.06640625 0.31733333333333336 0.06396484375 0.31566666666666665 0.0595703125 0.31533333333333335 0.056640625 0.31633333333333336 0.0498046875 0.3283333333333333 0.045654296875 0.33766666666666667 0.0478515625 0.341 0.048828125 0.3476666666666667 0.052734375 0.349
1 0.095947265625 0.38566666666666666 0.1103515625 0.38033333333333336 0.13134765625 0.38066666666666665 0.134765625 0.37933333333333336 0.137939453125 0.366 0.142822265625 0.366 0.1484375 0.3636666666666667 0.14892578125 0.357 0.146484375 0.3536666666666667 0.138427734375 0.34933333333333333 0.133544921875 0.34933333333333333 0.123291015625 0.353 0.114990234375 0.353 0.109130859375 0.35133333333333333 0.09423828125 0.356 0.08837890625 0.362 0.083740234375 0.36466666666666664 0.081787109375 0.369 0.0810546875 0.373 0.0830078125 0.38033333333333336 0.087890625 0.38533333333333336 0.095947265625 0.38566666666666666
1 0.200927734375 0.43666666666666665 0.202880859375 0.42766666666666664 0.20068359375 0.42533333333333334 0.197021484375 0.42533333333333334 0.194091796875 0.42866666666666664 0.188720703125 0.43133333333333335 0.18408203125 0.43533333333333335 0.185302734375 0.43966666666666665 0.19677734375 0.43933333333333335 0.200927734375 0.43666666666666665
1 0.15185546875 0.5683333333333334 0.153564453125 0.5646666666666667 0.152099609375 0.5603333333333333 0.149658203125 0.5586666666666666 0.147705078125 0.561 0.146484375 0.5643333333333334 0.147216796875 0.5673333333333334 0.1494140625 0.569 0.15185546875 0.5683333333333334
1 0.146240234375 0.5476666666666666 0.151611328125 0.5336666666666666 0.15576171875 0.5306666666666666 0.159423828125 0.53 0.160400390625 0.5253333333333333 0.150146484375 0.5136666666666667 0.146728515625 0.5123333333333333 0.142578125 0.5136666666666667 0.138427734375 0.5256666666666666 0.136474609375 0.5366666666666666 0.13623046875 0.5406666666666666 0.138671875 0.5446666666666666 0.14208984375 0.5473333333333333 0.146240234375 0.5476666666666666
1 0.14892578125 0.42733333333333334 0.150634765625 0.42233333333333334 0.14990234375 0.4116666666666667 0.14697265625 0.4086666666666667 0.142578125 0.4093333333333333 0.140380859375 0.4116666666666667 0.140869140625 0.422 0.14404296875 0.428 0.146728515625 0.42966666666666664 0.14892578125 0.42733333333333334
1 0.17724609375 0.42233333333333334 0.18505859375 0.416 0.1845703125 0.4083333333333333 0.177978515625 0.4 0.17041015625 0.4033333333333333 0.165771484375 0.4036666666666667 0.16162109375 0.4063333333333333 0.158447265625 0.41133333333333333 0.158203125 0.416 0.1591796875 0.4196666666666667 0.16845703125 0.4236666666666667 0.17724609375 0.42233333333333334
1 0.111083984375 0.45166666666666666 0.11181640625 0.4523333333333333 0.114990234375 0.45266666666666666 0.119384765625 0.451 0.123779296875 0.44533333333333336 0.1337890625 0.43933333333333335 0.13525390625 0.436 0.134521484375 0.428 0.130859375 0.42633333333333334 0.111572265625 0.4266666666666667 0.107177734375 0.4236666666666667 0.104736328125 0.43166666666666664 0.105224609375 0.43933333333333335 0.108154296875 0.44466666666666665 0.111572265625 0.447 0.111083984375 0.45166666666666666
1 0 0.8076666666666666 0.005615234375 0.8063333333333333 0.013427734375 0.801 0.014892578125 0.7976666666666666 0.015869140625 0.7906666666666666 0.018798828125 0.787 0.021728515625 0.7796666666666666 0.021484375 0.775 0.017333984375 0.77 0.010009765625 0.7653333333333333 0.005615234375 0.766 0 0.768 0 0.8076666666666666
1 0.170166015625 0.8376666666666667 0.17431640625 0.8356666666666667 0.177490234375 0.83 0.174560546875 0.83 0.17236328125 0.826 0.169677734375 0.824 0.165771484375 0.8243333333333334 0.158447265625 0.8323333333333334 0.154052734375 0.8353333333333334 0.154052734375 0.8396666666666667 0.158447265625 0.842 0.165283203125 0.838 0.170166015625 0.8376666666666667
1 0.3564453125 0.799 0.363525390625 0.7973333333333333 0.37548828125 0.787 0.373779296875 0.7713333333333333 0.370361328125 0.7673333333333333 0.363525390625 0.764 0.361083984375 0.7613333333333333 0.35693359375 0.761 0.354248046875 0.7623333333333333 0.343994140625 0.7716666666666666 0.3427734375 0.775 0.343994140625 0.7793333333333333 0.352783203125 0.795 0.3564453125 0.799
1 0.415283203125 0.9646666666666667 0.424072265625 0.965 0.428466796875 0.9626666666666667 0.432373046875 0.953 0.437744140625 0.9353333333333333 0.43896484375 0.9273333333333333 0.43505859375 0.923 0.431640625 0.9213333333333333 0.427490234375 0.9216666666666666 0.417724609375 0.9176666666666666 0.412353515625 0.9173333333333333 0.408447265625 0.9196666666666666 0.406005859375 0.923 0.404541015625 0.9276666666666666 0.398193359375 0.9356666666666666 0.39697265625 0.9406666666666667 0.3984375 0.947 0.409423828125 0.9623333333333334 0.415283203125 0.9646666666666667
1 0.736328125 0.808 0.739990234375 0.812 0.751953125 0.8043333333333333 0.754150390625 0.798 0.760498046875 0.787 0.7607421875 0.779 0.756103515625 0.7723333333333333 0.75537109375 0.7673333333333333 0.752197265625 0.7646666666666667 0.741943359375 0.7633333333333333 0.736328125 0.767 0.738525390625 0.7756666666666666 0.7353515625 0.7986666666666666 0.735595703125 0.8056666666666666 0.736328125 0.808
1 0.864990234375 0.6333333333333333 0.86669921875 0.6306666666666667 0.8720703125 0.6266666666666667 0.87353515625 0.6233333333333333 0.873046875 0.6213333333333333 0.871337890625 0.62 0.861328125 0.617 0.857177734375 0.6183333333333333 0.853515625 0.6223333333333333 0.85107421875 0.622 0.85009765625 0.619 0.848388671875 0.619 0.84814453125 0.6273333333333333 0.853515625 0.6306666666666667 0.86083984375 0.633 0.864990234375 0.6333333333333333
1 0.6748046875 0.6113333333333333 0.677734375 0.61 0.685302734375 0.6023333333333334 0.687255859375 0.5996666666666667 0.687255859375 0.5956666666666667 0.676513671875 0.5903333333333334 0.670654296875 0.593 0.665771484375 0.599 0.66552734375 0.6033333333333334 0.666748046875 0.6073333333333333 0.669677734375 0.6106666666666667 0.6748046875 0.6113333333333333
1 0.541015625 0.564 0.54248046875 0.5653333333333334 0.545166015625 0.5653333333333334 0.54833984375 0.5633333333333334 0.5537109375 0.563 0.560791015625 0.5643333333333334 0.5634765625 0.5606666666666666 0.5615234375 0.556 0.55029296875 0.549 0.548828125 0.5446666666666666 0.529052734375 0.5436666666666666 0.525390625 0.5446666666666666 0.52392578125 0.547 0.523681640625 0.5523333333333333 0.525146484375 0.556 0.536865234375 0.5646666666666667 0.541015625 0.564
1 0.33447265625 0.9906666666666667 0.337890625 0.9893333333333333 0.34423828125 0.9783333333333334 0.345703125 0.964 0.344970703125 0.9623333333333334 0.336181640625 0.9586666666666667 0.325927734375 0.957 0.322021484375 0.9583333333333334 0.318359375 0.963 0.3173828125 0.9673333333333334 0.317138671875 0.9723333333333334 0.31884765625 0.986 0.328857421875 0.9906666666666667 0.33447265625 0.9906666666666667
1 0.200439453125 0.7 0.203857421875 0.697 0.205322265625 0.6893333333333334 0.208740234375 0.6813333333333333 0.208984375 0.6693333333333333 0.206787109375 0.6656666666666666 0.204345703125 0.664 0.193115234375 0.6653333333333333 0.186767578125 0.6723333333333333 0.18017578125 0.677 0.177490234375 0.6813333333333333 0.17822265625 0.694 0.17626953125 0.701 0.17626953125 0.705 0.200439453125 0.7
1 0.291015625 0.8026666666666666 0.2880859375 0.797 0.28271484375 0.7963333333333333 0.280029296875 0.7986666666666666 0.280029296875 0.8026666666666666 0.284912109375 0.804 0.291015625 0.8026666666666666
1 0.27978515625 0.8573333333333333 0.283935546875 0.8556666666666667 0.28564453125 0.8533333333333334 0.286865234375 0.8473333333333334 0.290771484375 0.8443333333333334 0.2919921875 0.8416666666666667 0.2890625 0.8373333333333334 0.27978515625 0.8316666666666667 0.275146484375 0.8316666666666667 0.268310546875 0.8386666666666667 0.267822265625 0.8496666666666667 0.269775390625 0.8553333333333333 0.273681640625 0.8576666666666667 0.27978515625 0.8573333333333333
1 0.255859375 0.5726666666666667 0.25830078125 0.5706666666666667 0.26318359375 0.5606666666666666 0.2626953125 0.5566666666666666 0.25830078125 0.5523333333333333 0.255859375 0.5473333333333333 0.248046875 0.5483333333333333 0.2470703125 0.555 0.246826171875 0.5606666666666666 0.24951171875 0.569 0.251953125 0.572 0.255859375 0.5726666666666667
1 0.236083984375 0.5326666666666666 0.238525390625 0.5293333333333333 0.2373046875 0.5216666666666666 0.235107421875 0.5176666666666667 0.23486328125 0.5136666666666667 0.232421875 0.5123333333333333 0.23046875 0.5136666666666667 0.2275390625 0.5173333333333333 0.226806640625 0.52 0.226806640625 0.5253333333333333 0.228271484375 0.5296666666666666 0.232177734375 0.5323333333333333 0.236083984375 0.5326666666666666
1 0.402099609375 0.405 0.40869140625 0.4043333333333333 0.4111328125 0.39966666666666667 0.41748046875 0.396 0.419677734375 0.3923333333333333 0.41650390625 0.38466666666666666 0.410400390625 0.383 0.400146484375 0.37633333333333335 0.39599609375 0.377 0.389892578125 0.3883333333333333 0.3896484375 0.39266666666666666 0.39111328125 0.396 0.396240234375 0.4023333333333333 0.402099609375 0.405
1 0.666015625 0.326 0.6708984375 0.326 0.67431640625 0.322 0.674560546875 0.31366666666666665 0.673828125 0.311 0.665771484375 0.303 0.661865234375 0.304 0.6568603515625 0.30833333333333335 0.650390625 0.309 0.6494140625 0.31033333333333335 0.650390625 0.313 0.66455078125 0.323 0.666015625 0.326
1 0.857177734375 0.39566666666666667 0.864013671875 0.3883333333333333 0.865234375 0.385 0.864990234375 0.381 0.861572265625 0.379 0.857177734375 0.38 0.849365234375 0.3893333333333333 0.848876953125 0.39266666666666666 0.85009765625 0.39466666666666667 0.8525390625 0.3963333333333333 0.857177734375 0.39566666666666667
1 0.974609375 0.22133333333333333 0.976806640625 0.217 0.974853515625 0.21266666666666667 0.969482421875 0.20933333333333334 0.9658203125 0.20966666666666667 0.96240234375 0.21366666666666667 0.962646484375 0.21833333333333332 0.964111328125 0.22033333333333333 0.9677734375 0.222 0.974609375 0.22133333333333333