1 0.24462890625 0.12566666666666668 0.246826171875 0.129 0.247314453125 0.131 0.245361328125 0.13333333333333333 0.23583984375 0.13833333333333334 0.236083984375 0.14366666666666666 0.240234375 0.152 0.24462890625 0.15366666666666667 0.25341796875 0.15166666666666667 0.256591796875 0.15366666666666667 0.266357421875 0.166 0.27099609375 0.16966666666666666 0.280029296875 0.16966666666666666 0.287109375 0.16666666666666666 0.349609375 0.15466666666666667 0.36083984375 0.147 0.362548828125 0.14266666666666666 0.361083984375 0.137 0.35693359375 0.13133333333333333 0.350830078125 0.126 0.349365234375 0.121 0.354248046875 0.115 0.355712890625 0.09466666666666666 0.353759765625 0.091 0.35009765625 0.08766666666666667 0.334228515625 0.07566666666666666 0.32958984375 0.076 0.317138671875 0.083 0.255615234375 0.093 0.233154296875 0.087 0.22802734375 0.08733333333333333 0.219482421875 0.09333333333333334 0.2138671875 0.09966666666666667 0.213623046875 0.10333333333333333 0.220458984375 0.11533333333333333 0.232666015625 0.12366666666666666 0.24462890625 0.12566666666666668
1 0.855224609375 0.9496666666666667 0.88037109375 0.945 0.883544921875 0.941 0.885009765625 0.9353333333333333 0.8837890625 0.9316666666666666 0.881591796875 0.9293333333333333 0.872802734375 0.928 0.851318359375 0.9313333333333333 0.843505859375 0.9383333333333334 0.8447265625 0.9413333333333334 0.850830078125 0.9476666666666667 0.853271484375 0.9496666666666667 0.855224609375 0.9496666666666667
1 0.1083984375 0.35233333333333333 0.119873046875 0.3526666666666667 0.124267578125 0.351 0.138916015625 0.33766666666666667 0.138916015625 0.32566666666666666 0.134765625 0.31633333333333336 0.130615234375 0.31366666666666665 0.107421875 0.3243333333333333 0.096923828125 0.3263333333333333 0.091552734375 0.334 0.091064453125 0.339 0.092529296875 0.3423333333333333 0.10546875 0.3486666666666667 0.1083984375 0.35233333333333333
1 0.20068359375 0.23033333333333333 0.202880859375 0.228 0.204833984375 0.21666666666666667 0.200927734375 0.208 0.189453125 0.20533333333333334 0.18359375 0.208 0.1796875 0.21566666666666667 0.181396484375 0.225 0.18359375 0.22833333333333333 0.19580078125 0.23133333333333334 0.20068359375 0.23033333333333333
1 0.201904296875 0.283 0.205078125 0.2836666666666667 0.208740234375 0.282 0.212158203125 0.279 0.212646484375 0.272 0.2158203125 0.2703333333333333 0.220458984375 0.27066666666666667 0.22119140625 0.2683333333333333 0.221435546875 0.26166666666666666 0.219482421875 0.256 0.216796875 0.252 0.212646484375 0.25266666666666665 0.20556640625 0.25766666666666665 0.2001953125 0.25733333333333336 0.197021484375 0.259 0.197021484375 0.2643333333333333 0.19873046875 0.272 0.197265625 0.2793333333333333 0.201904296875 0.283
1 0.711669921875 0.6306666666666667 0.735107421875 0.5913333333333334 0.736083984375 0.5886666666666667 0.736083984375 0.5833333333333334 0.733642578125 0.5793333333333334 0.7314453125 0.578 0.724365234375 0.5776666666666667 0.713623046875 0.58 0.70263671875 0.5956666666666667 0.701171875 0.606 0.6953125 0.6186666666666667 0.695556640625 0.6263333333333333 0.69873046875 0.634 0.704345703125 0.6343333333333333 0.711669921875 0.6306666666666667
1 0.420654296875 0.529 0.441162109375 0.5353333333333333 0.443359375 0.5346666666666666 0.4462890625 0.5256666666666666 0.4462890625 0.5213333333333333 0.44384765625 0.519 0.437255859375 0.5173333333333333 0.4306640625 0.5123333333333333 0.419921875 0.5083333333333333 0.416259765625 0.51 0.414306640625 0.5146666666666667 0.412841796875 0.5213333333333333 0.4130859375 0.5253333333333333 0.415771484375 0.5286666666666666 0.420654296875 0.529
1 0.611083984375 0.5756666666666667 0.616943359375 0.5753333333333334 0.62109375 0.5766666666666667 0.63623046875 0.577 0.638671875 0.5766666666666667 0.639892578125 0.5746666666666667 0.638916015625 0.5606666666666666 0.63671875 0.5583333333333333 0.611328125 0.5536666666666666 0.607177734375 0.556 0.605712890625 0.5673333333333334 0.605712890625 0.572 0.60693359375 0.5733333333333334 0.611083984375 0.5756666666666667
1 0.398681640625 0.42766666666666664 0.401611328125 0.4236666666666667 0.40087890625 0.4196666666666667 0.38916015625 0.41233333333333333 0.3818359375 0.4053333333333333 0.369140625 0.4053333333333333 0.366455078125 0.4086666666666667 0.3662109375 0.412 0.3681640625 0.416 0.392333984375 0.42966666666666664 0.398681640625 0.42766666666666664
1 0.564208984375 0.5456666666666666 0.569091796875 0.5463333333333333 0.5712890625 0.5453333333333333 0.5732421875 0.541 0.57373046875 0.537 0.572265625 0.5313333333333333 0.568115234375 0.528 0.560546875 0.5256666666666666 0.549560546875 0.526 0.544677734375 0.5293333333333333 0.54443359375 0.5336666666666666 0.547119140625 0.537 0.554443359375 0.539 0.564208984375 0.5456666666666666
1 0.57958984375 0.5216666666666666 0.584228515625 0.5176666666666667 0.587646484375 0.5133333333333333 0.589111328125 0.5053333333333333 0.587890625 0.5016666666666667 0.580322265625 0.5026666666666667 0.570068359375 0.5056666666666667 0.56884765625 0.5096666666666667 0.5693359375 0.521 0.57080078125 0.5236666666666666 0.57275390625 0.5243333333333333 0.57958984375 0.5216666666666666
1 0.5986328125 0.6446666666666667 0.610595703125 0.6493333333333333 0.615478515625 0.649 0.621826171875 0.6386666666666667 0.6220703125 0.6346666666666667 0.614990234375 0.6226666666666667 0.61083984375 0.6226666666666667 0.607666015625 0.625 0.603515625 0.622 0.599609375 0.6223333333333333 0.595947265625 0.6246666666666667 0.591064453125 0.6243333333333333 0.5869140625 0.626 0.584228515625 0.63 0.5849609375 0.6343333333333333 0.58740234375 0.637 0.593017578125 0.6393333333333333 0.5986328125 0.6446666666666667
1 0.6181640625 0.7493333333333333 0.624267578125 0.748 0.62548828125 0.7443333333333333 0.62451171875 0.7316666666666667 0.626708984375 0.7166666666666667 0.62255859375 0.7126666666666667 0.619384765625 0.7156666666666667 0.6181640625 0.7186666666666667 0.61083984375 0.7223333333333334 0.6103515625 0.725 0.611572265625 0.734 0.614990234375 0.7473333333333333 0.6181640625 0.7493333333333333
1 0.783447265625 0.6993333333333334 0.7996826171875 0.6966666666666667 0.80322265625 0.697 0.81005859375 0.7003333333333334 0.81494140625 0.7006666666666667 0.818115234375 0.699 0.81884765625 0.697 0.818115234375 0.6933333333333334 0.8115234375 0.6816666666666666 0.802734375 0.6723333333333333 0.7978515625 0.6716666666666666 0.79052734375 0.673 0.784912109375 0.676 0.779052734375 0.6763333333333333 0.77392578125 0.6813333333333333 0.773681640625 0.6856666666666666 0.775146484375 0.6923333333333334 0.779296875 0.6983333333333334 0.783447265625 0.6993333333333334
1 0.18408203125 0.8963333333333333 0.18896484375 0.8883333333333333 0.189697265625 0.8853333333333333 0.189697265625 0.8803333333333333 0.183349609375 0.8746666666666667 0.18115234375 0.87 0.177734375 0.8683333333333333 0.16162109375 0.8756666666666667 0.158203125 0.8826666666666667 0.158203125 0.8883333333333333 0.1591796875 0.8893333333333333 0.17919921875 0.8973333333333333 0.18408203125 0.8963333333333333
1 0.229248046875 0.8913333333333333 0.231689453125 0.8853333333333333 0.2314453125 0.8806666666666667 0.228271484375 0.8753333333333333 0.224365234375 0.8746666666666667 0.222412109375 0.873 0.220458984375 0.8646666666666667 0.216552734375 0.864 0.21484375 0.865 0.21435546875 0.8723333333333333 0.212158203125 0.875 0.21044921875 0.8796666666666667 0.2109375 0.885 0.212890625 0.8876666666666667 0.222412109375 0.8913333333333333 0.229248046875 0.8913333333333333
1 0.243896484375 0.977 0.248291015625 0.9746666666666667 0.255859375 0.9766666666666667 0.2578125 0.9743333333333334 0.2587890625 0.9706666666666667 0.25634765625 0.9673333333333334 0.24853515625 0.962 0.244140625 0.9616666666666667 0.234619140625 0.966 0.234130859375 0.9676666666666667 0.235107421875 0.9703333333333334 0.240234375 0.9766666666666667 0.243896484375 0.977
1 0.07080078125 0.10966666666666666 0.072998046875 0.11866666666666667 0.076171875 0.121 0.0791015625 0.12066666666666667 0.082275390625 0.11833333333333333 0.08544921875 0.097 0.084228515625 0.09433333333333334 0.08056640625 0.09266666666666666 0.075927734375 0.094 0.072265625 0.10433333333333333 0.068115234375 0.104 0.068603515625 0.10733333333333334 0.07080078125 0.10966666666666666
1 0.31298828125 0.06466666666666666 0.317626953125 0.06433333333333334 0.32470703125 0.059 0.325439453125 0.04566666666666667 0.321533203125 0.04133333333333333 0.320556640625 0.037333333333333336 0.316650390625 0.032 0.314208984375 0.030333333333333334 0.310546875 0.03133333333333333 0.303955078125 0.037 0.30419921875 0.048666666666666664 0.30810546875 0.05366666666666667 0.310791015625 0.06133333333333333 0.31298828125 0.06466666666666666
1 0.198974609375 0.327 0.20068359375 0.32566666666666666 0.201416015625 0.32266666666666666 0.1982421875 0.31866666666666665 0.187255859375 0.31366666666666665 0.181884765625 0.31333333333333335 0.178466796875 0.31633333333333336 0.177978515625 0.31833333333333336 0.1796875 0.322 0.193115234375 0.32766666666666666 0.198974609375 0.327
1 0.184814453125 0.394 0.1904296875 0.381 0.189697265625 0.37566666666666665 0.18115234375 0.375 0.177734375 0.376 0.17431640625 0.39066666666666666 0.16943359375 0.396 0.167236328125 0.4033333333333333 0.167236328125 0.408 0.169677734375 0.41333333333333333 0.17333984375 0.41133333333333333 0.184814453125 0.394
1 0.283203125 0.3313333333333333 0.284423828125 0.321 0.282958984375 0.311 0.281982421875 0.30833333333333335 0.279541015625 0.30633333333333335 0.277587890625 0.31033333333333335 0.2763671875 0.317 0.2763671875 0.326 0.279296875 0.33166666666666667 0.283203125 0.3313333333333333
1 0.193359375 0.5733333333333334 0.19580078125 0.5716666666666667 0.196533203125 0.569 0.196044921875 0.5656666666666667 0.192626953125 0.5603333333333333 0.181640625 0.5556666666666666 0.177978515625 0.5576666666666666 0.178466796875 0.5636666666666666 0.181396484375 0.568 0.190185546875 0.5726666666666667 0.193359375 0.5733333333333334
1 0.029296875 0.65 0.033203125 0.646 0.037109375 0.6383333333333333 0.0380859375 0.6306666666666667 0.037109375 0.6296666666666667 0.033203125 0.6306666666666667 0.029052734375 0.623 0.025146484375 0.624 0.023193359375 0.6266666666666667 0.02001953125 0.64 0.015625 0.6423333333333333 0.013916015625 0.6453333333333333 0.0146484375 0.6503333333333333 0.021484375 0.6556666666666666 0.025390625 0.6563333333333333 0.029296875 0.65
1 0.119140625 0.537 0.119140625 0.533 0.115966796875 0.5316666666666666 0.107421875 0.5336666666666666 0.103271484375 0.5333333333333333 0.10205078125 0.5346666666666666 0.101318359375 0.537 0.1064453125 0.5416666666666666 0.11474609375 0.5406666666666666 0.119140625 0.537
1 0.243408203125 0.4236666666666667 0.244384765625 0.4196666666666667 0.239501953125 0.4186666666666667 0.233642578125 0.42133333333333334 0.22802734375 0.4186666666666667 0.225830078125 0.4216666666666667 0.220947265625 0.42433333333333334 0.219970703125 0.4266666666666667 0.219970703125 0.43066666666666664 0.221435546875 0.433 0.232666015625 0.43433333333333335 0.243408203125 0.4236666666666667
1 0.4345703125 0.6863333333333334 0.43701171875 0.6816666666666666 0.43603515625 0.6766666666666666 0.423828125 0.669 0.41943359375 0.6696666666666666 0.416748046875 0.674 0.416015625 0.6776666666666666 0.418701171875 0.6816666666666666 0.431396484375 0.6883333333333334 0.4345703125 0.6863333333333334
1 0.31396484375 0.7526666666666667 0.316162109375 0.7443333333333333 0.316162109375 0.7396666666666667 0.313720703125 0.7383333333333333 0.303466796875 0.7416666666666667 0.3017578125 0.7433333333333333 0.300048828125 0.7496666666666667 0.2998046875 0.752 0.30224609375 0.7593333333333333 0.307373046875 0.7596666666666667 0.31396484375 0.7526666666666667
1 0.328125 0.7086666666666667 0.334228515625 0.705 0.33056640625 0.7016666666666667 0.329833984375 0.6986666666666667 0.333251953125 0.6856666666666666 0.33251953125 0.6813333333333333 0.330322265625 0.68 0.326416015625 0.6806666666666666 0.3203125 0.685 0.318359375 0.6893333333333334 0.318115234375 0.694 0.315673828125 0.701 0.318359375 0.7063333333333334 0.328125 0.7086666666666667
1 0.275390625 0.919 0.278076171875 0.9156666666666666 0.27880859375 0.913 0.278076171875 0.9076666666666666 0.28200830078125 0.8987136666666667 0.277302734375 0.8971363333333333 0.27334033203125 0.9025446666666667 0.270751953125 0.8956666666666667 0.26708984375 0.894 0.260986328125 0.896 0.25830078125 0.8996666666666666 0.258056640625 0.9043333333333333 0.26123046875 0.9093333333333333 0.270263671875 0.9183333333333333 0.275390625 0.919
1 0.06494140625 0.963 0.066162109375 0.9676666666666667 0.068115234375 0.9706666666666667 0.079833984375 0.973 0.09033203125 0.9726666666666667 0.0947265625 0.9706666666666667 0.095947265625 0.9686666666666667 0.09716796875 0.963 0.0966796875 0.9596666666666667 0.09423828125 0.955 0.093505859375 0.951 0.092041015625 0.9496666666666667 0.0895224609375 0.9489286666666666 0.084817138671875 0.9538863333333334 0.07780029296875 0.9518583333333333 0.080078125 0.9423333333333334 0.0703125 0.9423333333333334 0.06298828125 0.9356666666666666 0.060546875 0.935 0.05810546875 0.9376666666666666 0.05712890625 0.9393333333333334 0.0576171875 0.9513333333333334 0.05859375 0.955 0.06494140625 0.963
1 0.011962890625 0.767 0.017333984375 0.7716666666666666 0.021484375 0.7703333333333333 0.0234375 0.767 0.02273876953125 0.7616636666666666 0.026123046875 0.754 0.025146484375 0.748 0.0201796875 0.7485933333333334 0.019436767578125 0.7436356666666667 0.0185546875 0.734 0.017333984375 0.7323333333333333 0.01220703125 0.7333333333333333 0.011677001953125 0.7474666666666667 0.004638671875 0.748 0.00537109375 0.752 0.010603759765625 0.7598606666666666 0.011962890625 0.767
1 0.11767578125 0.9103333333333333 0.119384765625 0.908 0.1201171875 0.904 0.118408203125 0.9016666666666666 0.114501953125 0.901 0.109619140625 0.904 0.10791015625 0.9066666666666666 0.108154296875 0.91 0.10986328125 0.9123333333333333 0.1123046875 0.913 0.11767578125 0.9103333333333333
1 0.261846923828125 0.9964653333333334 0.2629453125 0.9934163333333332 0.262939453125 0.9883333333333333 0.258056640625 0.9866666666666667 0.250732421875 0.9886666666666667 0.243896484375 0.9943333333333333 0.243408203125 0.9996666666666667 0.260758056640625 0.998516 0.2615419921875 0.9974726666666667 0.261846923828125 0.9964653333333334
1 0.375732421875 0.8183333333333334 0.376220703125 0.8136666666666666 0.37255859375 0.803 0.36865234375 0.8 0.364990234375 0.8033333333333333 0.36474609375 0.811 0.366455078125 0.8156666666666667 0.36962890625 0.8183333333333334 0.375732421875 0.8183333333333334
1 0.3759765625 0.6893333333333334 0.37646484375 0.685 0.37353515625 0.681 0.368408203125 0.68 0.365478515625 0.6823333333333333 0.36572265625 0.6886666666666666 0.367919921875 0.691 0.373291015625 0.6913333333333334 0.3759765625 0.6893333333333334
1 0.408935546875 0.6456666666666667 0.40966796875 0.6426666666666667 0.4091796875 0.639 0.408203125 0.6376666666666667 0.404052734375 0.6383333333333333 0.40087890625 0.6436666666666667 0.4013671875 0.649 0.404052734375 0.6503333333333333 0.406494140625 0.6493333333333333 0.408935546875 0.6456666666666667
1 0.564453125 0.7526666666666667 0.56982421875 0.7436666666666667 0.570556640625 0.74 0.56787109375 0.7363333333333333 0.56396484375 0.7356666666666667 0.559814453125 0.7376666666666667 0.557861328125 0.7403333333333333 0.5576171875 0.745 0.558837890625 0.7493333333333333 0.560546875 0.752 0.564453125 0.7526666666666667
1 0.623046875 0.9756666666666667 0.62489697265625 0.9753386666666667 0.62968505859375 0.9791696666666667 0.6315009765625 0.9768033333333332 0.628033935546875 0.9668880000000001 0.630615234375 0.954 0.62744140625 0.951 0.622802734375 0.9503333333333334 0.62060546875 0.9563333333333334 0.615234375 0.9613333333333334 0.615234375 0.9633333333333334 0.61767578125 0.9633333333333334 0.62242041015625 0.9630573333333333 0.623046875 0.9756666666666667
1 0.63427734375 0.8726666666666667 0.634521484375 0.8686666666666667 0.63232421875 0.8653333333333333 0.626953125 0.8653333333333333 0.626708984375 0.87 0.627685546875 0.8726666666666667 0.63037109375 0.8743333333333333 0.63427734375 0.8726666666666667
1 0.62646484375 0.811 0.627685546875 0.8063333333333333 0.626708984375 0.8 0.623046875 0.7953333333333333 0.620849609375 0.7973333333333333 0.6201171875 0.8 0.6201171875 0.806 0.62158203125 0.8103333333333333 0.623046875 0.8116666666666666 0.62646484375 0.811
1 0.70059375 0.7381726666666667 0.67314794921875 0.7482623333333333 0.675376953125 0.755586 0.70402197265625 0.7457833333333334 0.70059375 0.7381726666666667
1 0.8222158203125 0.4997396666666667 0.82848974609375 0.5010916666666667 0.8287373046875 0.5059366666666667 0.83360791015625 0.5071763333333333 0.835919189453125 0.501317 0.840376953125 0.5022186666666667 0.841119873046875 0.4966976666666667 0.838230712890625 0.49174 0.839138671875 0.4846413333333333 0.833801513671875 0.48324666666666666 0.832039306640625 0.4876836666666666 0.831048828125 0.4936553333333333 0.82444482421875 0.49489466666666665 0.8222158203125 0.4997396666666667
1 0.71728515625 0.36233333333333334 0.720947265625 0.3606666666666667 0.723876953125 0.35733333333333334 0.723388671875 0.35333333333333333 0.71875 0.3486666666666667 0.704345703125 0.3446666666666667 0.697021484375 0.3433333333333333 0.691650390625 0.3473333333333333 0.68994140625 0.3506666666666667 0.689697265625 0.35733333333333334 0.690673828125 0.361 0.693115234375 0.3636666666666667 0.71728515625 0.36233333333333334
1 0.689208984375 0.2703333333333333 0.695068359375 0.2673333333333333 0.69873046875 0.256 0.689453125 0.246 0.682373046875 0.24766666666666667 0.67919921875 0.25166666666666665 0.677001953125 0.25566666666666665 0.677001953125 0.25966666666666666 0.685546875 0.269 0.689208984375 0.2703333333333333
1 0.77197265625 0.22733333333333333 0.779052734375 0.226 0.786376953125 0.22066666666666668 0.787109375 0.21633333333333332 0.782958984375 0.215 0.779541015625 0.21833333333333332 0.767578125 0.21833333333333332 0.765380859375 0.22166666666666668 0.759765625 0.22566666666666665 0.759033203125 0.229 0.760498046875 0.23166666666666666 0.766357421875 0.23233333333333334 0.77197265625 0.22733333333333333
1 0.552978515625 0.032 0.55908203125 0.029 0.559326171875 0.025 0.55517578125 0.013333333333333334 0.5537109375 0.005666666666666667 0.54833984375 0.004333333333333333 0.546142578125 0.005666666666666667 0.54443359375 0.009666666666666667 0.543701171875 0.013666666666666667 0.544677734375 0.019 0.549560546875 0.03 0.552978515625 0.032
1 0.58349609375 0.05533333333333333 0.585693359375 0.05466666666666667 0.587890625 0.052 0.58935546875 0.045 0.583740234375 0.036 0.58154296875 0.035666666666666666 0.575927734375 0.03133333333333333 0.572021484375 0.031 0.567626953125 0.037333333333333336 0.5673828125 0.04133333333333333 0.568359375 0.044 0.574462890625 0.051666666666666666 0.58349609375 0.05533333333333333
1 0.4716796875 0.321 0.474365234375 0.3243333333333333 0.478515625 0.326 0.48291015625 0.323 0.48486328125 0.314 0.492431640625 0.306 0.49365234375 0.30133333333333334 0.493408203125 0.298 0.491943359375 0.29533333333333334 0.482421875 0.292 0.478271484375 0.294 0.47314453125 0.29933333333333334 0.470703125 0.2996666666666667 0.467529296875 0.303 0.463623046875 0.31033333333333335 0.463623046875 0.31433333333333335 0.4658203125 0.318 0.4716796875 0.321
1 0.505615234375 0.252 0.509765625 0.25566666666666665 0.513671875 0.256 0.514892578125 0.25433333333333336 0.5166015625 0.24033333333333334 0.512939453125 0.23233333333333334 0.509033203125 0.231 0.502197265625 0.23166666666666666 0.496826171875 0.23433333333333334 0.49560546875 0.23666666666666666 0.4951171875 0.244 0.49853515625 0.25033333333333335 0.501220703125 0.252 0.505615234375 0.252
1 0.495849609375 0.19033333333333333 0.500732421875 0.181 0.502197265625 0.17 0.498046875 0.167 0.492919921875 0.169 0.48779296875 0.18166666666666667 0.487060546875 0.186 0.488525390625 0.18933333333333333 0.493408203125 0.19133333333333333 0.495849609375 0.19033333333333333
1 0.50537109375 0.16433333333333333 0.506591796875 0.154 0.5029296875 0.15033333333333335 0.493896484375 0.147 0.48974609375 0.147 0.487548828125 0.15 0.4873046875 0.15466666666666667 0.490478515625 0.16733333333333333 0.501953125 0.16833333333333333 0.50537109375 0.16433333333333333
1 0.47509765625 0.47433333333333333 0.478271484375 0.4706666666666667 0.4775390625 0.4666666666666667 0.47607421875 0.465 0.4697265625 0.462 0.454345703125 0.46 0.449951171875 0.463 0.44873046875 0.4666666666666667 0.454345703125 0.471 0.462646484375 0.4736666666666667 0.47509765625 0.47433333333333333
1 0.487060546875 0.43533333333333335 0.481689453125 0.434 0.4775390625 0.43533333333333335 0.473876953125 0.43833333333333335 0.47509765625 0.44266666666666665 0.48046875 0.44366666666666665 0.484375 0.44133333333333336 0.487060546875 0.43533333333333335
1 0.434814453125 0.4236666666666667 0.440185546875 0.4196666666666667 0.440673828125 0.4156666666666667 0.439208984375 0.4126666666666667 0.435302734375 0.4103333333333333 0.423095703125 0.41 0.419921875 0.41133333333333333 0.419189453125 0.4166666666666667 0.421142578125 0.422 0.423095703125 0.4236666666666667 0.434814453125 0.4236666666666667
1 0.458740234375 0.6716666666666666 0.466796875 0.672 0.46826171875 0.6683333333333333 0.465576171875 0.654 0.46240234375 0.6526666666666666 0.458740234375 0.6566666666666666 0.4580078125 0.662 0.45458984375 0.666 0.455810546875 0.6693333333333333 0.458740234375 0.6716666666666666
1 0.470458984375 0.7973333333333333 0.4736328125 0.7953333333333333 0.476318359375 0.791 0.47265625 0.788 0.470703125 0.782 0.466552734375 0.776 0.459228515625 0.7783333333333333 0.4580078125 0.7803333333333333 0.458251953125 0.7916666666666666 0.46044921875 0.7953333333333333 0.46630859375 0.798 0.470458984375 0.7973333333333333
1 0.137451171875 0.3933333333333333 0.136962890625 0.3883333333333333 0.130859375 0.377 0.127685546875 0.37533333333333335 0.122802734375 0.377 0.122802734375 0.385 0.130859375 0.39566666666666667 0.135986328125 0.396 0.137451171875 0.3933333333333333
1 0.466796875 0.191 0.470458984375 0.17766666666666667 0.46728515625 0.172 0.45556640625 0.16966666666666666 0.450927734375 0.17 0.447021484375 0.176 0.447021484375 0.18 0.451171875 0.19 0.462646484375 0.19366666666666665 0.466796875 0.191
1 0.437744140625 0.24733333333333332 0.437255859375 0.24233333333333335 0.4345703125 0.23933333333333334 0.427490234375 0.239 0.4248046875 0.24266666666666667 0.425048828125 0.246 0.42724609375 0.24833333333333332 0.43603515625 0.24866666666666667 0.437744140625 0.24733333333333332
1 0.525146484375 0.22 0.525390625 0.21666666666666667 0.521240234375 0.21633333333333332 0.5185546875 0.212 0.513916015625 0.20866666666666667 0.510009765625 0.209 0.5078125 0.213 0.507568359375 0.21733333333333332 0.510009765625 0.22033333333333333 0.517822265625 0.223 0.525146484375 0.22
1 0.5458984375 0.16033333333333333 0.55078125 0.15433333333333332 0.544921875 0.143 0.531982421875 0.15 0.5302734375 0.152 0.529541015625 0.154 0.532470703125 0.159 0.540283203125 0.16133333333333333 0.5458984375 0.16033333333333333
1 0.517578125 0.10966666666666666 0.5185546875 0.10833333333333334 0.517822265625 0.10166666666666667 0.513671875 0.09666666666666666 0.5068359375 0.09466666666666666 0.50341796875 0.09633333333333334 0.50146484375 0.09966666666666667 0.508056640625 0.10766666666666666 0.513427734375 0.11066666666666666 0.517578125 0.10966666666666666
1 0.78369140625 0.818 0.784423828125 0.8103333333333333 0.7783203125 0.8106666666666666 0.775146484375 0.8093333333333333 0.771728515625 0.8056666666666666 0.767333984375 0.8063333333333333 0.7685546875 0.815 0.7744140625 0.8223333333333334 0.779296875 0.8226666666666667 0.78369140625 0.818
1 0.799072265625 0.8256666666666667 0.805419921875 0.8223333333333334 0.806640625 0.817 0.806396484375 0.8103333333333333 0.802734375 0.809 0.798828125 0.8093333333333333 0.794189453125 0.8136666666666666 0.79248046875 0.8186666666666667 0.79296875 0.8223333333333334 0.794921875 0.8246666666666667 0.799072265625 0.8256666666666667
1 0.974609375 0.515 0.97607421875 0.5136666666666667 0.98388671875 0.496 0.9853515625 0.49033333333333334 0.9853515625 0.482 0.981689453125 0.4786666666666667 0.97802734375 0.4776666666666667 0.968994140625 0.48233333333333334 0.967529296875 0.4856666666666667 0.965576171875 0.497 0.96533203125 0.508 0.966064453125 0.511 0.97021484375 0.514 0.974609375 0.515
1 0.999755859375 0.4653333333333333 0.999755859375 0.455 0.98974609375 0.4553333333333333 0.9853515625 0.458 0.9853515625 0.462 0.987060546875 0.4646666666666667 0.989990234375 0.4656666666666667 0.999755859375 0.4653333333333333
1 0.73828125 0.9663333333333334 0.738037109375 0.9626666666666667 0.732421875 0.9556666666666667 0.728271484375 0.9556666666666667 0.7265625 0.9573333333333334 0.724609375 0.9646666666666667 0.728759765625 0.9703333333333334 0.732666015625 0.9716666666666667 0.73828125 0.9663333333333334
1 0.711181640625 0.41633333333333333 0.712890625 0.4126666666666667 0.71240234375 0.41133333333333333 0.704833984375 0.4086666666666667 0.700927734375 0.4086666666666667 0.697021484375 0.4106666666666667 0.697021484375 0.41833333333333333 0.700927734375 0.4226666666666667 0.70458984375 0.4216666666666667 0.711181640625 0.41633333333333333
1 0.872821533203125 0.29306266666666664 0.869386474609375 0.30152833333333334 0.885989990234375 0.31546433333333335 0.89009326171875 0.307259 0.872821533203125 0.29306266666666664
1 0.756023681640625 0.40478933333333333 0.77262744140625 0.407785 0.772054931640625 0.401924 0.760794921875 0.3990586666666666 0.766043212890625 0.39645400000000003 0.77329541015625 0.39502133333333334 0.773486083984375 0.3913743333333333 0.770337158203125 0.38785800000000004 0.756578369140625 0.38589799999999996 0.757073486328125 0.39085333333333333 0.756787109375 0.39306766666666665 0.75335205078125 0.39671433333333334 0.756023681640625 0.40478933333333333
1 0.67639697265625 0.4629433333333333 0.681454345703125 0.45825466666666664 0.678305419921875 0.4496586666666667 0.682504150390625 0.44418833333333335 0.679164306640625 0.4400206666666666 0.674965576171875 0.44301633333333335 0.67172119140625 0.4384576666666667 0.669335693359375 0.44171366666666667 0.6729619140625 0.44952833333333336 0.66971728515625 0.4534356666666667 0.67639697265625 0.4629433333333333
1 0.68641650390625 0.422047 0.681931640625 0.422047 0.6762060546875 0.4259543333333334 0.67744677734375 0.43064300000000005 0.688324951171875 0.42491233333333334 0.68641650390625 0.422047
1 0.67410693359375 0.4978053333333333 0.67506103515625 0.5057503333333333 0.6868935546875 0.5060106666666666 0.683649169921875 0.4978053333333333 0.67410693359375 0.4978053333333333
1 0.685101806640625 0.6584613333333333 0.6834794921875 0.6486933333333333 0.679853515625 0.6424416666666667 0.6754013671875 0.641871 0.675177734375 0.6467396666666667 0.679281005859375 0.657159 0.68300244140625 0.6611966666666667 0.685101806640625 0.6584613333333333
1 0.309447265625 0.989986 0.3110693359375 0.982041 0.3097333984375 0.9789153333333334 0.30495068359375 0.9805296666666666 0.300000244140625 0.9869903333333333 0.3004775390625 0.9936326666666667 0.305343994140625 0.9945443333333333 0.309447265625 0.989986
1 0.266125244140625 0.952758 0.26765185546875 0.9491113333333333 0.265006591796875 0.946224 0.2578232421875 0.951195 0.258395751953125 0.954972 0.261926513671875 0.9558840000000001 0.266125244140625 0.952758
1 0.289408447265625 0.9137283333333334 0.2888359375 0.9109929999999999 0.285193359375 0.9110386666666667 0.28263330078125 0.922715 0.285400634765625 0.92532 0.28816796875 0.9211520000000001 0.289408447265625 0.9137283333333334
1 0.22041748046875 0.9191983333333332 0.22576123046875 0.918417 0.229864501953125 0.9159423333333334 0.231009521484375 0.910342 0.227955810546875 0.908258 0.2272880859375 0.9007040000000001 0.2232802734375 0.9016156666666667 0.223375732421875 0.9077369999999999 0.2202265625 0.9059136666666666 0.21812744140625 0.9095603333333333 0.209825439453125 0.9085186666666667 0.2085849609375 0.9158120000000001 0.22041748046875 0.9191983333333332
1 0.353628173828125 0.4244233333333333 0.354009765625 0.41960433333333336 0.350956298828125 0.416739 0.34489501953125 0.413753 0.34189111328125 0.4154366666666666 0.343322265625 0.421949 0.35114697265625 0.4254653333333333 0.353628173828125 0.4244233333333333
1 0.3922744140625 0.36103833333333335 0.39141552734375 0.354526 0.38807568359375 0.35335399999999995 0.375384521484375 0.35439600000000004 0.37388671875 0.35481766666666664 0.374716552734375 0.36338266666666663 0.37881982421875 0.36364300000000005 0.3855947265625 0.36377333333333334 0.3922744140625 0.36103833333333335
1 0.17515576171875 0.45694100000000004 0.17248388671875 0.454727 0.168796630859375 0.455389 0.16628125 0.4723096666666667 0.171338623046875 0.47595666666666664 0.173247314453125 0.471398 0.17515576171875 0.45694100000000004
1 0.082881591796875 0.36626966666666666 0.08326318359375 0.369265 0.0881298828125 0.370307 0.092233154296875 0.367051 0.09461865234375 0.363795 0.09824462890625 0.3630133333333333 0.09757666015625 0.35858533333333337 0.090992431640625 0.35988766666666666 0.08698486328125 0.3565013333333333 0.085076416015625 0.3565013333333333 0.082881591796875 0.350901 0.079828125 0.3511613333333333 0.078682861328125 0.355329 0.079541748046875 0.3607993333333333 0.07916015625 0.36431600000000003 0.082881591796875 0.36626966666666666
1 0.050151611328125 0.339179 0.0528232421875 0.3458213333333333 0.06131591796875 0.34204433333333334 0.058930419921875 0.3372253333333333 0.050151611328125 0.339179
1 0.096336181640625 0.396291 0.095763671875 0.3964213333333333 0.08727099609375 0.4060593333333334 0.093759765625 0.40944566666666665 0.100153076171875 0.40306366666666665 0.096336181640625 0.396291
1 0.1114130859375 0.40970599999999996 0.106164794921875 0.41074799999999995 0.10788232421875 0.41569733333333336 0.113321533203125 0.4158273333333333 0.114657470703125 0.41348300000000004 0.1114130859375 0.40970599999999996
1 0.86468310546875 0.061725333333333327 0.858885498046875 0.06601533333333333 0.833977294921875 0.07070866666666667 0.839094970703125 0.08867499999999999 0.8692158203125 0.078494 0.86468310546875 0.061725333333333327
1 0.866583984375 0.12400933333333335 0.873017578125 0.11961733333333333 0.87696533203125 0.10065266666666668 0.87239599609375 0.095991 0.8654140625 0.09985433333333332 0.863220947265625 0.110235 0.862635986328125 0.12121433333333333 0.866583984375 0.12400933333333335
1 0.671917724609375 0.054197999999999996 0.6657490234375 0.060473000000000006 0.66877294921875 0.06691333333333334 0.67494140625 0.05948233333333333 0.671917724609375 0.054197999999999996
1 0.639139404296875 0.194335 0.634543212890625 0.19053666666666666 0.626439453125 0.186904 0.622447998046875 0.19053666666666666 0.62498779296875 0.19499533333333333 0.635752685546875 0.199289 0.639139404296875 0.194335
1 0.773276123046875 0.21439366666666668 0.77436474609375 0.20696266666666668 0.770615234375 0.20399 0.769151611328125 0.20283900000000002 0.762390380859375 0.20597166666666666 0.762511474609375 0.211256 0.765293212890625 0.21587966666666666 0.773276123046875 0.21439366666666668
1 0.50888037109375 0.5929363333333333 0.509513671875 0.588036 0.50443603515625 0.5829916666666667 0.5000126953125 0.5851536666666667 0.501385009765625 0.5919276666666666 0.5062412109375 0.5952423333333333 0.50888037109375 0.5929363333333333
1 0.41330615234375 0.563967 0.40880908203125 0.5634903333333333 0.4075 0.56757 0.410878173828125 0.5703086666666667 0.41309521484375 0.568723 0.41330615234375 0.563967
1 0.472000732421875 0.5270256666666666 0.473162109375 0.5172249999999999 0.472000732421875 0.5144866666666666 0.4692509765625 0.5147376666666666 0.46725048828125 0.5209723333333333 0.46630029296875 0.5278903333333334 0.469256103515625 0.5304846666666666 0.472000732421875 0.5270256666666666
1 0.436319580078125 0.49370966666666666 0.439275390625 0.4889536666666667 0.439064208984375 0.48549466666666663 0.436852783203125 0.4823943333333333 0.433047119140625 0.48621533333333333 0.43114697265625 0.491548 0.432519287109375 0.49471866666666664 0.436319580078125 0.49370966666666666
1 0.58353125 0.2945133333333333 0.585959228515625 0.29206333333333334 0.586487060546875 0.2893246666666667 0.585642578125 0.28601 0.581419921875 0.2858656666666667 0.576986083984375 0.2870186666666667 0.572716064453125 0.289999 0.574241455078125 0.29552233333333333 0.575824951171875 0.2984046666666667 0.579625244140625 0.2982606666666667 0.58353125 0.2945133333333333
1 0.251769287109375 0.689105 0.25050244140625 0.6863666666666667 0.248734375 0.6859673333333334 0.245857666015625 0.689105 0.247018798828125 0.6963113333333334 0.25155810546875 0.695014 0.251769287109375 0.689105
1 0.352056884765625 0.9755429999999999 0.35332373046875 0.9729486666666667 0.353112548828125 0.9699220000000001 0.348362060546875 0.9683366666666667 0.34470947265625 0.9692093333333334 0.34382275390625 0.9729486666666667 0.34540625 0.9748223333333333 0.34910107421875 0.975399 0.352056884765625 0.9755429999999999