1 0.8876953125 0.15433333333333332 0.89599609375 0.15766666666666668 0.913330078125 0.15733333333333333 0.9248046875 0.15533333333333332 0.92822265625 0.15333333333333332 0.93017578125 0.15 0.93017578125 0.142 0.923828125 0.119 0.91845703125 0.106 0.912109375 0.1 0.904541015625 0.09633333333333334 0.884521484375 0.1 0.875 0.105 0.871826171875 0.10933333333333334 0.868896484375 0.115 0.868896484375 0.119 0.87890625 0.14433333333333334 0.8876953125 0.15433333333333332
1 0.958740234375 0.07033333333333333 0.97021484375 0.07433333333333333 0.98681640625 0.07633333333333334 0.999755859375 0.06566666666666666 0.999755859375 0.02666666666666667 0.958740234375 0.018666666666666668 0.954833984375 0.02 0.946044921875 0.029333333333333333 0.94482421875 0.03266666666666666 0.9443359375 0.04033333333333333 0.944091796875 0.05266666666666667 0.946533203125 0.059666666666666666 0.950439453125 0.065 0.958740234375 0.07033333333333333
1 0.909423828125 0.6563333333333333 0.91943359375 0.658 0.935546875 0.6553333333333333 0.94384765625 0.6443333333333333 0.948974609375 0.6326666666666667 0.94775390625 0.6263333333333333 0.939697265625 0.619 0.93408203125 0.6153333333333333 0.92578125 0.6143333333333333 0.919921875 0.6113333333333333 0.90087890625 0.6166666666666667 0.898193359375 0.619 0.89111328125 0.63 0.890869140625 0.6343333333333333 0.892578125 0.638 0.904052734375 0.6523333333333333 0.909423828125 0.6563333333333333
1 0.83447265625 0.7 0.841552734375 0.7126666666666667 0.845458984375 0.7166666666666667 0.8740234375 0.7173333333333334 0.881103515625 0.715 0.892333984375 0.7016666666666667 0.896728515625 0.693 0.896240234375 0.6813333333333333 0.892578125 0.673 0.888671875 0.6713333333333333 0.880615234375 0.6616666666666666 0.8642578125 0.6506666666666666 0.859130859375 0.6496666666666666 0.84130859375 0.6503333333333333 0.83203125 0.6526666666666666 0.822509765625 0.657 0.8173828125 0.6576666666666666 0.817626953125 0.6653333333333333 0.820556640625 0.6736666666666666 0.82958984375 0.6876666666666666 0.83447265625 0.7
1 0.910400390625 0.7556666666666667 0.917236328125 0.7576666666666667 0.928466796875 0.7573333333333333 0.934814453125 0.7556666666666667 0.9501953125 0.748 0.955078125 0.74 0.95556640625 0.7356666666666667 0.95849609375 0.7323333333333333 0.9599609375 0.7243333333333334 0.95947265625 0.7186666666666667 0.953125 0.709 0.947021484375 0.7053333333333334 0.943115234375 0.6973333333333334 0.93896484375 0.6953333333333334 0.937744140625 0.693 0.931640625 0.6906666666666667 0.920166015625 0.6936666666666667 0.90673828125 0.7 0.903076171875 0.705 0.89990234375 0.718 0.899658203125 0.7406666666666667 0.900390625 0.7443333333333333 0.903076171875 0.7486666666666667 0.910400390625 0.7556666666666667
1 0.94677734375 0.9136666666666666 0.958984375 0.9116666666666666 0.967529296875 0.908 0.97705078125 0.901 0.986328125 0.8996666666666666 0.999755859375 0.8936666666666667 0.999755859375 0.8263333333333334 0.994140625 0.8276666666666667 0.97509765625 0.8376666666666667 0.965576171875 0.851 0.94775390625 0.861 0.938720703125 0.8746666666666667 0.9375 0.8786666666666667 0.93701171875 0.889 0.9384765625 0.904 0.943603515625 0.912 0.94677734375 0.9136666666666666
1 0.927978515625 0.989 0.930419921875 0.987 0.935791015625 0.9786666666666667 0.938232421875 0.9583333333333334 0.93701171875 0.951 0.931396484375 0.9396666666666667 0.928466796875 0.936 0.904052734375 0.924 0.900146484375 0.9253333333333333 0.8984375 0.928 0.895263671875 0.9396666666666667 0.890869140625 0.963 0.89111328125 0.9706666666666667 0.892822265625 0.975 0.91943359375 0.9873333333333333 0.927978515625 0.989
1 0.828369140625 0.9393333333333334 0.841796875 0.953 0.848388671875 0.956 0.857177734375 0.9563333333333334 0.865478515625 0.9526666666666667 0.87890625 0.9403333333333334 0.884765625 0.932 0.885986328125 0.928 0.884521484375 0.9196666666666666 0.8701171875 0.9043333333333333 0.864990234375 0.9006666666666666 0.849609375 0.895 0.840576171875 0.896 0.830078125 0.9033333333333333 0.826416015625 0.9043333333333333 0.814697265625 0.9193333333333333 0.81494140625 0.923 0.817626953125 0.9273333333333333 0.82568359375 0.9346666666666666 0.828369140625 0.9393333333333334
1 0.8271484375 0.8576666666666667 0.8291015625 0.8613333333333333 0.832275390625 0.873 0.833984375 0.8753333333333333 0.8369140625 0.8766666666666667 0.8427734375 0.8766666666666667 0.8447265625 0.873 0.84375 0.8613333333333333 0.842041015625 0.8546666666666667 0.8427734375 0.849 0.84619140625 0.8466666666666667 0.852294921875 0.8453333333333334 0.861328125 0.847 0.868896484375 0.8416666666666667 0.87158203125 0.8376666666666667 0.8740234375 0.8233333333333334 0.8740234375 0.818 0.86572265625 0.7963333333333333 0.86083984375 0.789 0.857421875 0.7873333333333333 0.845458984375 0.7963333333333333 0.837646484375 0.7966666666666666 0.82958984375 0.8006666666666666 0.8251953125 0.805 0.82177734375 0.8143333333333334 0.820068359375 0.8256666666666667 0.823486328125 0.8416666666666667 0.828125 0.852 0.8271484375 0.8576666666666667
1 0.79931640625 0.9706666666666667 0.800537109375 0.9743333333333334 0.806884765625 0.98 0.818115234375 0.9823333333333333 0.825927734375 0.982 0.839111328125 0.9743333333333334 0.8447265625 0.9666666666666667 0.843505859375 0.9613333333333334 0.838134765625 0.951 0.829833984375 0.9413333333333334 0.819580078125 0.9353333333333333 0.814453125 0.9296666666666666 0.803955078125 0.9313333333333333 0.80078125 0.9356666666666666 0.792724609375 0.9426666666666667 0.792236328125 0.9476666666666667 0.793212890625 0.9523333333333334 0.7998046875 0.9666666666666667 0.79931640625 0.9706666666666667
1 0.7470703125 0.9826666666666667 0.767333984375 0.9873333333333333 0.779541015625 0.988 0.785888671875 0.9833333333333333 0.791015625 0.9746666666666667 0.790771484375 0.9663333333333334 0.787109375 0.955 0.784423828125 0.951 0.779296875 0.9486666666666667 0.755615234375 0.944 0.744140625 0.9433333333333334 0.73974609375 0.947 0.735595703125 0.954 0.7353515625 0.959 0.737548828125 0.9666666666666667 0.742431640625 0.9783333333333334 0.7470703125 0.9826666666666667
1 0.722412109375 0.7956666666666666 0.732177734375 0.7996666666666666 0.737548828125 0.8003333333333333 0.752197265625 0.7986666666666666 0.760009765625 0.796 0.775146484375 0.7876666666666666 0.77783203125 0.781 0.783447265625 0.7783333333333333 0.784912109375 0.773 0.784912109375 0.766 0.783203125 0.7586666666666667 0.775146484375 0.7466666666666667 0.7734375 0.7456666666666667 0.77197265625 0.742 0.772216796875 0.7376666666666667 0.775146484375 0.735 0.777587890625 0.7286666666666667 0.7783203125 0.7206666666666667 0.77490234375 0.719 0.771240234375 0.7223333333333334 0.763916015625 0.7363333333333333 0.75927734375 0.7356666666666667 0.743408203125 0.7393333333333333 0.732177734375 0.7376666666666667 0.7255859375 0.7463333333333333 0.719482421875 0.7493333333333333 0.716796875 0.752 0.711181640625 0.768 0.710693359375 0.7753333333333333 0.712646484375 0.7816666666666666 0.717041015625 0.7903333333333333 0.722412109375 0.7956666666666666
1 0.87744140625 0.7633333333333333 0.87841796875 0.76 0.8779296875 0.756 0.87548828125 0.7543333333333333 0.861083984375 0.7536666666666667 0.858154296875 0.7563333333333333 0.857421875 0.7596666666666667 0.86083984375 0.7636666666666667 0.87548828125 0.764 0.87744140625 0.7633333333333333
1 0.81103515625 0.7896666666666666 0.832275390625 0.7796666666666666 0.838134765625 0.771 0.8427734375 0.7666666666666667 0.845458984375 0.7556666666666667 0.841064453125 0.7513333333333333 0.83837890625 0.7393333333333333 0.83447265625 0.738 0.826171875 0.738 0.8046875 0.7476666666666667 0.7998046875 0.7546666666666667 0.794677734375 0.7673333333333333 0.79443359375 0.779 0.795654296875 0.7866666666666666 0.802001953125 0.7893333333333333 0.81103515625 0.7896666666666666
1 0.8466796875 0.7833333333333333 0.851318359375 0.7793333333333333 0.850830078125 0.775 0.846435546875 0.772 0.841796875 0.773 0.83935546875 0.776 0.838134765625 0.7796666666666666 0.83935546875 0.783 0.84130859375 0.784 0.8466796875 0.7833333333333333
1 0.963134765625 0.93 0.978271484375 0.941 0.982421875 0.9396666666666667 0.986328125 0.9323333333333333 0.986328125 0.9273333333333333 0.966796875 0.9136666666666666 0.95849609375 0.914 0.955078125 0.9173333333333333 0.951171875 0.9236666666666666 0.951416015625 0.9276666666666666 0.954345703125 0.93 0.963134765625 0.93
1 0.798828125 0.8603333333333333 0.80322265625 0.8496666666666667 0.81103515625 0.8373333333333334 0.812255859375 0.833 0.810302734375 0.829 0.802734375 0.8266666666666667 0.798583984375 0.827 0.792724609375 0.832 0.7894287109375 0.8368333333333333 0.778564453125 0.8436666666666667 0.774658203125 0.843 0.767822265625 0.8453333333333334 0.762451171875 0.8493333333333334 0.7607421875 0.8523333333333334 0.760986328125 0.857 0.763427734375 0.861 0.783203125 0.8733333333333333 0.798828125 0.8603333333333333
1 0.607177734375 0.8916666666666667 0.611328125 0.8973333333333333 0.623046875 0.909 0.630859375 0.9096666666666666 0.638671875 0.907 0.64990234375 0.9163333333333333 0.662353515625 0.9233333333333333 0.666259765625 0.9243333333333333 0.676513671875 0.9246666666666666 0.68505859375 0.9233333333333333 0.701171875 0.909 0.714192626953125 0.8936666666666667 0.716796875 0.8936666666666667 0.728515625 0.9023333333333333 0.732421875 0.9023333333333333 0.744384765625 0.8973333333333333 0.752197265625 0.89 0.753662109375 0.8833333333333333 0.754638671875 0.862 0.75244140625 0.854 0.73583984375 0.84 0.732177734375 0.838 0.72412109375 0.8386666666666667 0.72119140625 0.8366666666666667 0.71728515625 0.8303333333333334 0.720947265625 0.8183333333333334 0.719970703125 0.8143333333333334 0.7138671875 0.8056666666666666 0.71484375 0.8023333333333333 0.713134765625 0.7983333333333333 0.70703125 0.7916666666666666 0.706298828125 0.787 0.701904296875 0.7856666666666666 0.69873046875 0.787 0.6982421875 0.791 0.696044921875 0.794 0.689697265625 0.7986666666666666 0.676513671875 0.7956666666666666 0.673583984375 0.791 0.668212890625 0.789 0.66650390625 0.7866666666666666 0.66357421875 0.787 0.665283203125 0.7903333333333333 0.665283203125 0.795 0.670654296875 0.804 0.671630859375 0.8106666666666666 0.6748046875 0.8176666666666667 0.684326171875 0.826 0.68408203125 0.8306666666666667 0.666015625 0.8426666666666667 0.66259765625 0.8433333333333334 0.654296875 0.839 0.646728515625 0.8373333333333334 0.62841796875 0.8376666666666667 0.618408203125 0.8466666666666667 0.611328125 0.8493333333333334 0.607666015625 0.8543333333333333 0.608642578125 0.8663333333333333 0.604248046875 0.8806666666666667 0.6044921875 0.8846666666666667 0.607177734375 0.8916666666666667
1 0.72119140625 0.9806666666666667 0.718994140625 0.9743333333333334 0.7142333984375 0.9726666666666667 0.70458984375 0.966 0.7021484375 0.9693333333333334 0.694091796875 0.972 0.69189453125 0.9796666666666667 0.6884765625 0.982 0.677978515625 0.9786666666666667 0.6708984375 0.9786666666666667 0.6650390625 0.9813333333333333 0.65478515625 0.9783333333333334 0.62353515625 0.9776666666666667 0.6162109375 0.982 0.6103515625 0.9943333333333333 0.60986328125 0.9996666666666667 0.724609375 0.9996666666666667 0.725341796875 0.986 0.72119140625 0.9806666666666667
1 0.958740234375 0.5243333333333333 0.96435546875 0.539 0.970458984375 0.55 0.984130859375 0.5643333333333334 0.990234375 0.567 0.999755859375 0.5646666666666667 0.999755859375 0.5126666666666667 0.99658203125 0.511 0.984130859375 0.49766666666666665 0.97509765625 0.49133333333333334 0.9677734375 0.491 0.958251953125 0.49266666666666664 0.955078125 0.49466666666666664 0.95068359375 0.5013333333333333 0.947998046875 0.5056666666666667 0.94970703125 0.5066666666666667 0.95166015625 0.5133333333333333 0.958740234375 0.5243333333333333
1 0.89306640625 0.5253333333333333 0.89794921875 0.5176666666666667 0.89794921875 0.5133333333333333 0.896240234375 0.5096666666666667 0.884521484375 0.5016666666666667 0.879150390625 0.5016666666666667 0.873046875 0.5093333333333333 0.872802734375 0.5136666666666667 0.875244140625 0.5173333333333333 0.887939453125 0.526 0.89306640625 0.5253333333333333
1 0.90380859375 0.4003333333333333 0.9013671875 0.4036666666666667 0.89306640625 0.408 0.894287109375 0.413 0.891357421875 0.41733333333333333 0.88916015625 0.4236666666666667 0.888916015625 0.43166666666666664 0.891845703125 0.43533333333333335 0.904052734375 0.435 0.907958984375 0.43266666666666664 0.920166015625 0.4196666666666667 0.922119140625 0.4116666666666667 0.921630859375 0.39966666666666667 0.928466796875 0.39366666666666666 0.931884765625 0.388 0.939453125 0.3486666666666667 0.937255859375 0.346 0.931396484375 0.345 0.924560546875 0.341 0.91162109375 0.3413333333333333 0.896240234375 0.336 0.89306640625 0.3403333333333333 0.889892578125 0.353 0.889892578125 0.362 0.890869140625 0.36633333333333334 0.901611328125 0.38066666666666665 0.90380859375 0.4003333333333333
1 0.78125 0.43133333333333335 0.7900390625 0.43666666666666665 0.79638671875 0.436 0.814697265625 0.42933333333333334 0.8291015625 0.4196666666666667 0.83056640625 0.41633333333333333 0.83056640625 0.4116666666666667 0.828857421875 0.4043333333333333 0.82470703125 0.39266666666666666 0.822265625 0.3883333333333333 0.81689453125 0.38466666666666666 0.794921875 0.38433333333333336 0.778076171875 0.3913333333333333 0.77001953125 0.398 0.769287109375 0.40066666666666667 0.770263671875 0.4053333333333333 0.775634765625 0.42033333333333334 0.78125 0.43133333333333335
1 0.8076171875 0.317 0.80078125 0.32166666666666666 0.802490234375 0.32366666666666666 0.806640625 0.32233333333333336 0.8076171875 0.32066666666666666 0.814208984375 0.319 0.828857421875 0.31166666666666665 0.83349609375 0.30766666666666664 0.83837890625 0.298 0.8408203125 0.29033333333333333 0.845703125 0.283 0.845703125 0.274 0.8486328125 0.264 0.8486328125 0.25966666666666666 0.84228515625 0.258 0.829833984375 0.25866666666666666 0.81982421875 0.26866666666666666 0.817626953125 0.26866666666666666 0.8056640625 0.26266666666666666 0.796630859375 0.26366666666666666 0.791015625 0.267 0.786865234375 0.272 0.780029296875 0.287 0.77978515625 0.291 0.794921875 0.306 0.8076171875 0.31166666666666665 0.8076171875 0.317
1 0.854248046875 0.18233333333333332 0.859130859375 0.181 0.8662109375 0.17566666666666667 0.87255859375 0.168 0.873046875 0.16033333333333333 0.871337890625 0.15466666666666667 0.861328125 0.14133333333333334 0.854736328125 0.136 0.849853515625 0.13433333333333333 0.84130859375 0.13533333333333333 0.837890625 0.139 0.83447265625 0.14866666666666667 0.835205078125 0.162 0.83642578125 0.166 0.849609375 0.18133333333333335 0.854248046875 0.18233333333333332
1 0.809814453125 0.06466666666666666 0.8125 0.076 0.814453125 0.08 0.818603515625 0.081 0.824951171875 0.07566666666666666 0.833740234375 0.07333333333333333 0.843505859375 0.06433333333333334 0.8447265625 0.058666666666666666 0.84521484375 0.047 0.8427734375 0.024333333333333332 0.84130859375 0.019 0.837890625 0.01633333333333333 0.827880859375 0.013666666666666667 0.818359375 0.017666666666666667 0.80810546875 0.028 0.80712890625 0.029333333333333333 0.80712890625 0.04466666666666667 0.80859375 0.04833333333333333 0.809814453125 0.06466666666666666
1 0.79443359375 0.14733333333333334 0.80908203125 0.14933333333333335 0.814208984375 0.14833333333333334 0.819091796875 0.14533333333333334 0.82177734375 0.14133333333333334 0.82373046875 0.13533333333333333 0.822021484375 0.13066666666666665 0.818359375 0.12833333333333333 0.794677734375 0.122 0.791015625 0.122 0.785888671875 0.127 0.78466796875 0.13033333333333333 0.78515625 0.13833333333333334 0.790283203125 0.14566666666666667 0.79443359375 0.14733333333333334
1 0.8271484375 0.13333333333333333 0.833740234375 0.134 0.841552734375 0.13933333333333334 0.847900390625 0.13733333333333334 0.853515625 0.13933333333333334 0.865966796875 0.132 0.867431640625 0.13066666666666665 0.867919921875 0.12733333333333333 0.864990234375 0.122 0.85400390625 0.124 0.8505859375 0.12333333333333334 0.849609375 0.11833333333333333 0.845458984375 0.113 0.843017578125 0.11366666666666667 0.8427734375 0.12266666666666666 0.8408203125 0.12366666666666666 0.837158203125 0.12233333333333334 0.83349609375 0.124 0.826171875 0.12166666666666667 0.81884765625 0.126 0.818359375 0.12666666666666668 0.822265625 0.13 0.825927734375 0.13033333333333333 0.8271484375 0.13333333333333333
1 0.788818359375 0.12266666666666666 0.79052734375 0.12433333333333334 0.80322265625 0.119 0.807861328125 0.11533333333333333 0.806640625 0.107 0.802490234375 0.10666666666666667 0.79150390625 0.11033333333333334 0.782958984375 0.10666666666666667 0.781982421875 0.109 0.78173828125 0.11133333333333334 0.78271484375 0.11266666666666666 0.787841796875 0.11533333333333333 0.788818359375 0.12266666666666666
1 0.759521484375 0.221 0.7724609375 0.21433333333333332 0.7763671875 0.209 0.776611328125 0.20466666666666666 0.775390625 0.19966666666666666 0.771240234375 0.196 0.766357421875 0.195 0.756591796875 0.19566666666666666 0.74951171875 0.2 0.744873046875 0.20966666666666667 0.7451171875 0.21566666666666667 0.747802734375 0.21866666666666668 0.75537109375 0.22133333333333333 0.759521484375 0.221
1 0.70703125 0.257 0.709228515625 0.26066666666666666 0.716552734375 0.262 0.732177734375 0.2613333333333333 0.73486328125 0.25766666666666665 0.733642578125 0.23233333333333334 0.73193359375 0.22833333333333333 0.728759765625 0.22566666666666665 0.7158203125 0.225 0.705078125 0.22733333333333333 0.701416015625 0.23066666666666666 0.697998046875 0.23666666666666666 0.697265625 0.24033333333333334 0.699462890625 0.244 0.705078125 0.24766666666666667 0.70703125 0.257
1 0.67138671875 0.201 0.677490234375 0.20733333333333334 0.68310546875 0.208 0.693603515625 0.206 0.7158203125 0.195 0.71923828125 0.19 0.71923828125 0.18533333333333332 0.71533203125 0.17366666666666666 0.7060546875 0.16 0.699951171875 0.15633333333333332 0.6962890625 0.15533333333333332 0.68603515625 0.15733333333333333 0.66943359375 0.16933333333333334 0.669677734375 0.17666666666666667 0.672607421875 0.19033333333333333 0.671142578125 0.197 0.67138671875 0.201
1 0.671142578125 0.08 0.684814453125 0.08533333333333333 0.689697265625 0.085 0.695068359375 0.08066666666666666 0.70068359375 0.079 0.70361328125 0.07033333333333333 0.703369140625 0.06433333333333334 0.70068359375 0.05533333333333333 0.696533203125 0.054 0.688720703125 0.057666666666666665 0.681640625 0.054 0.673828125 0.04633333333333333 0.6591796875 0.042 0.657470703125 0.042 0.65478515625 0.04466666666666667 0.65087890625 0.059666666666666666 0.650146484375 0.06833333333333333 0.653564453125 0.07166666666666667 0.666259765625 0.076 0.671142578125 0.08
1 0.736083984375 0.406 0.74462890625 0.406 0.75634765625 0.399 0.760009765625 0.39866666666666667 0.763671875 0.4003333333333333 0.768310546875 0.3883333333333333 0.7685546875 0.37466666666666665 0.766357421875 0.36866666666666664 0.763671875 0.36666666666666664 0.760986328125 0.369 0.758544921875 0.369 0.755126953125 0.367 0.745361328125 0.35733333333333334 0.740234375 0.3576666666666667 0.722900390625 0.36966666666666664 0.72216796875 0.373 0.725341796875 0.38466666666666666 0.724853515625 0.3963333333333333 0.736083984375 0.406
1 0.76318359375 0.43433333333333335 0.771484375 0.433 0.77490234375 0.43133333333333335 0.77685546875 0.428 0.77685546875 0.4236666666666667 0.7724609375 0.409 0.767333984375 0.39966666666666667 0.763427734375 0.39966666666666667 0.760009765625 0.40166666666666667 0.75537109375 0.4 0.743408203125 0.4073333333333333 0.744140625 0.412 0.749755859375 0.4246666666666667 0.759765625 0.433 0.76318359375 0.43433333333333335
1 0.701416015625 0.39166666666666666 0.71630859375 0.4003333333333333 0.720703125 0.401 0.724853515625 0.3963333333333333 0.725830078125 0.385 0.72119140625 0.372 0.712158203125 0.36233333333333334 0.709716796875 0.358 0.7041015625 0.353 0.701416015625 0.34833333333333333 0.69873046875 0.348 0.693603515625 0.344 0.689453125 0.3466666666666667 0.684814453125 0.3536666666666667 0.682861328125 0.365 0.68310546875 0.373 0.68505859375 0.37866666666666665 0.693359375 0.389 0.701416015625 0.39166666666666666
1 0.7236328125 0.528 0.727783203125 0.5283333333333333 0.730712890625 0.5311666666666667 0.730712890625 0.533 0.732177734375 0.5346666666666666 0.756103515625 0.5306666666666666 0.758056640625 0.529 0.757568359375 0.5253333333333333 0.754150390625 0.52 0.75341796875 0.5163333333333333 0.75341796875 0.513 0.755859375 0.505 0.756103515625 0.49766666666666665 0.751953125 0.49066666666666664 0.741943359375 0.482 0.731689453125 0.48033333333333333 0.713134765625 0.48533333333333334 0.709228515625 0.48933333333333334 0.704345703125 0.49866666666666665 0.703369140625 0.5056666666666667 0.705810546875 0.5103333333333333 0.72021484375 0.526 0.7236328125 0.528
1 0.598876953125 0.658 0.622802734375 0.6566666666666666 0.626708984375 0.654 0.632080078125 0.6463333333333333 0.632568359375 0.642 0.630615234375 0.6316666666666667 0.626953125 0.6236666666666667 0.619873046875 0.615 0.615234375 0.6116666666666667 0.603271484375 0.61 0.587890625 0.615 0.577880859375 0.6293333333333333 0.57763671875 0.6346666666666667 0.589599609375 0.6486666666666666 0.5927734375 0.654 0.598876953125 0.658
1 0.610595703125 0.7403333333333333 0.617919921875 0.7413333333333333 0.62646484375 0.747 0.63134765625 0.7473333333333333 0.653564453125 0.737 0.668212890625 0.727 0.673583984375 0.7193333333333334 0.675537109375 0.713 0.675048828125 0.7006666666666667 0.666748046875 0.6926666666666667 0.658447265625 0.6876666666666666 0.646728515625 0.693 0.62939453125 0.7053333333333334 0.625 0.707 0.619384765625 0.7056666666666667 0.615234375 0.6996666666666667 0.603271484375 0.6936666666666667 0.598876953125 0.6966666666666667 0.594970703125 0.7096666666666667 0.594482421875 0.7153333333333334 0.594482421875 0.7246666666666667 0.595458984375 0.7283333333333334 0.603759765625 0.736 0.610595703125 0.7403333333333333
1 0.669921875 0.7603333333333333 0.6728515625 0.756 0.669921875 0.7513333333333333 0.657470703125 0.7423333333333333 0.654052734375 0.741 0.650146484375 0.7423333333333333 0.649658203125 0.747 0.650390625 0.7486666666666667 0.665771484375 0.76 0.669921875 0.7603333333333333
1 0.708984375 0.7243333333333334 0.70556640625 0.7166666666666667 0.70556640625 0.7123333333333334 0.700439453125 0.7076666666666667 0.697021484375 0.707 0.695556640625 0.708 0.688720703125 0.7166666666666667 0.689697265625 0.7283333333333334 0.692626953125 0.732 0.704833984375 0.7303333333333333 0.708984375 0.7243333333333334
1 0.673828125 0.687 0.677734375 0.6903333333333334 0.685302734375 0.6933333333333334 0.689453125 0.6913333333333334 0.69091796875 0.6893333333333334 0.68896484375 0.6836666666666666 0.674072265625 0.6706666666666666 0.669677734375 0.6703333333333333 0.66455078125 0.6726666666666666 0.663330078125 0.6736666666666666 0.663330078125 0.6776666666666666 0.668212890625 0.6856666666666666 0.673828125 0.687
1 0.633544921875 0.7756666666666666 0.63232421875 0.769 0.630615234375 0.7663333333333333 0.627197265625 0.765 0.618896484375 0.7646666666666667 0.61083984375 0.7666666666666667 0.608642578125 0.769 0.6083984375 0.7716666666666666 0.611328125 0.7783333333333333 0.631103515625 0.779 0.633544921875 0.7756666666666666
1 0.591796875 0.7753333333333333 0.5927734375 0.7706666666666667 0.5947265625 0.768 0.600830078125 0.7633333333333333 0.595458984375 0.755 0.591796875 0.7526666666666667 0.5869140625 0.753 0.584228515625 0.757 0.583251953125 0.768 0.5859375 0.775 0.587646484375 0.776 0.591796875 0.7753333333333333
1 0.533203125 0.7586666666666667 0.533935546875 0.768 0.535888671875 0.7713333333333333 0.54833984375 0.778 0.55224609375 0.777 0.558349609375 0.7713333333333333 0.56787109375 0.761 0.57177734375 0.7543333333333333 0.57177734375 0.7393333333333333 0.570556640625 0.7323333333333333 0.56787109375 0.7286666666666667 0.54443359375 0.7133333333333334 0.537109375 0.7133333333333334 0.52880859375 0.7193333333333334 0.522216796875 0.7266666666666667 0.510986328125 0.7356666666666667 0.515625 0.7436666666666667 0.521240234375 0.7463333333333333 0.530029296875 0.757 0.533203125 0.7586666666666667
1 0.482666015625 0.786 0.48974609375 0.7916666666666666 0.5029296875 0.7973333333333333 0.513427734375 0.8003333333333333 0.517822265625 0.8003333333333333 0.52880859375 0.7913333333333333 0.532958984375 0.7836666666666666 0.534912109375 0.77 0.533935546875 0.7633333333333333 0.531494140625 0.7563333333333333 0.52490234375 0.7496666666666667 0.517578125 0.745 0.511474609375 0.7383333333333333 0.501953125 0.7323333333333333 0.493896484375 0.7313333333333333 0.48583984375 0.7253333333333334 0.4794921875 0.7243333333333334 0.467041015625 0.7336666666666667 0.465087890625 0.737 0.463623046875 0.7433333333333333 0.462158203125 0.7646666666666667 0.46435546875 0.7713333333333333 0.47021484375 0.7786666666666666 0.482666015625 0.786
1 0.478271484375 0.72 0.486328125 0.725 0.49658203125 0.7276666666666667 0.501953125 0.7306666666666667 0.509765625 0.7266666666666667 0.513671875 0.7206666666666667 0.51171875 0.7106666666666667 0.51220703125 0.6986666666666667 0.515380859375 0.691 0.51953125 0.6853333333333333 0.520263671875 0.68 0.51708984375 0.6726666666666666 0.507568359375 0.6646666666666666 0.504150390625 0.664 0.494140625 0.6653333333333333 0.486083984375 0.6576666666666666 0.48095703125 0.657 0.476318359375 0.658 0.474365234375 0.6596666666666666 0.4697265625 0.6696666666666666 0.46923828125 0.6746666666666666 0.4658203125 0.6783333333333333 0.463134765625 0.6856666666666666 0.462890625 0.6933333333333334 0.46484375 0.7003333333333334 0.474853515625 0.7163333333333334 0.478271484375 0.72
1 0.52099609375 0.5796666666666667 0.529052734375 0.5853333333333334 0.546142578125 0.5913333333333334 0.55712890625 0.5906666666666667 0.566162109375 0.5836666666666667 0.570068359375 0.5773333333333334 0.569580078125 0.56 0.568603515625 0.5566666666666666 0.560791015625 0.5396666666666666 0.552978515625 0.535 0.53759765625 0.53 0.524658203125 0.5293333333333333 0.51220703125 0.54 0.509765625 0.546 0.508544921875 0.5566666666666666 0.512939453125 0.567 0.514404296875 0.573 0.52099609375 0.5796666666666667
1 0.51318359375 0.615 0.51611328125 0.6136666666666667 0.518798828125 0.6073333333333333 0.520751953125 0.5996666666666667 0.52099609375 0.5916666666666667 0.516845703125 0.587 0.501708984375 0.5846666666666667 0.49755859375 0.5866666666666667 0.490234375 0.5966666666666667 0.4892578125 0.6 0.493408203125 0.6116666666666667 0.50341796875 0.615 0.51318359375 0.615
1 0.536865234375 0.6496666666666666 0.53857421875 0.6383333333333333 0.533447265625 0.632 0.524169921875 0.6293333333333333 0.522216796875 0.6306666666666667 0.520263671875 0.6356666666666667 0.52001953125 0.6386666666666667 0.521484375 0.6416666666666667 0.53125 0.6476666666666666 0.536865234375 0.6496666666666666
1 0.448974609375 0.67 0.450927734375 0.6746666666666666 0.458251953125 0.6783333333333333 0.463134765625 0.679 0.46630859375 0.678 0.470703125 0.674 0.4755859375 0.6606666666666666 0.4775390625 0.658 0.472900390625 0.6536666666666666 0.4697265625 0.6523333333333333 0.462890625 0.6453333333333333 0.45556640625 0.6516666666666666 0.45068359375 0.6506666666666666 0.44775390625 0.658 0.44775390625 0.662 0.44970703125 0.6663333333333333 0.448974609375 0.67
1 0.43310546875 0.7206666666666667 0.4365234375 0.7196666666666667 0.4453125 0.7136666666666667 0.44775390625 0.7106666666666667 0.4482421875 0.708 0.447509765625 0.705 0.443115234375 0.7026666666666667 0.439453125 0.6963333333333334 0.4375 0.6963333333333334 0.430908203125 0.699 0.426513671875 0.709 0.42578125 0.713 0.42724609375 0.7183333333333334 0.429931640625 0.7203333333333334 0.43310546875 0.7206666666666667
1 0.451171875 0.7356666666666667 0.4560546875 0.734 0.458984375 0.729 0.456787109375 0.72 0.45751953125 0.7133333333333334 0.455078125 0.7076666666666667 0.445068359375 0.7083333333333334 0.436279296875 0.7193333333333334 0.435791015625 0.7206666666666667 0.437744140625 0.726 0.445556640625 0.73 0.451171875 0.7356666666666667
1 0.413818359375 0.8926666666666667 0.427978515625 0.899 0.445068359375 0.901 0.45458984375 0.8986666666666666 0.45703125 0.896 0.460693359375 0.8886666666666667 0.46142578125 0.8846666666666667 0.4697265625 0.873 0.473388671875 0.865 0.473388671875 0.8533333333333334 0.478515625 0.8493333333333334 0.481201171875 0.8453333333333334 0.47998046875 0.842 0.48046875 0.8376666666666667 0.477783203125 0.8336666666666667 0.46630859375 0.8316666666666667 0.46240234375 0.833 0.4599609375 0.8363333333333334 0.45458984375 0.8366666666666667 0.430908203125 0.8333333333333334 0.419921875 0.8266666666666667 0.411865234375 0.8236666666666667 0.407958984375 0.825 0.4033203125 0.83 0.396484375 0.8446666666666667 0.39404296875 0.8546666666666667 0.395263671875 0.8656666666666667 0.400146484375 0.8793333333333333 0.403564453125 0.8813333333333333 0.413818359375 0.8926666666666667
1 0.478271484375 0.9273333333333333 0.484130859375 0.9253333333333333 0.488525390625 0.9216666666666666 0.491455078125 0.9173333333333333 0.49169921875 0.904 0.48974609375 0.896 0.48681640625 0.892 0.4814453125 0.8916666666666667 0.47509765625 0.8936666666666667 0.47119140625 0.9 0.4697265625 0.9093333333333333 0.473876953125 0.9193333333333333 0.477294921875 0.9236666666666666 0.478271484375 0.9273333333333333
1 0.513671875 0.9453333333333334 0.515625 0.943 0.5166015625 0.9396666666666667 0.51611328125 0.9353333333333333 0.509765625 0.928 0.5107421875 0.9203333333333333 0.508056640625 0.9163333333333333 0.506591796875 0.9113333333333333 0.50244140625 0.9116666666666666 0.494140625 0.917 0.4921875 0.9196666666666666 0.491943359375 0.9226666666666666 0.49169921875 0.9313333333333333 0.5 0.9393333333333334 0.50927734375 0.9453333333333334 0.513671875 0.9453333333333334
1 0.400390625 0.9743333333333334 0.40283203125 0.9773333333333334 0.40380859375 0.982 0.40771484375 0.9886666666666667 0.412841796875 0.994 0.419921875 0.9973333333333333 0.421875 0.9996666666666667 0.43701171875 0.9996666666666667 0.43798828125 0.997 0.447021484375 0.99 0.4521484375 0.983 0.451171875 0.9663333333333334 0.4482421875 0.9583333333333334 0.449951171875 0.951 0.449951171875 0.939 0.447265625 0.936 0.439453125 0.9363333333333334 0.435546875 0.9336666666666666 0.431396484375 0.935 0.409423828125 0.9516666666666667 0.400390625 0.9516666666666667 0.395751953125 0.9556666666666667 0.39501953125 0.959 0.39599609375 0.9626666666666667 0.398193359375 0.966 0.400390625 0.9743333333333334
1 0.3798828125 0.9276666666666666 0.385009765625 0.9356666666666666 0.398681640625 0.9476666666666667 0.40283203125 0.9493333333333334 0.41259765625 0.9486666666666667 0.419921875 0.944 0.430419921875 0.9336666666666666 0.435546875 0.927 0.436767578125 0.9236666666666666 0.436767578125 0.92 0.43408203125 0.916 0.40625 0.888 0.4033203125 0.8863333333333333 0.395263671875 0.8863333333333333 0.38818359375 0.888 0.380126953125 0.897 0.3759765625 0.9 0.374755859375 0.9066666666666666 0.372802734375 0.9083333333333333 0.37158203125 0.912 0.372802734375 0.9196666666666666 0.376953125 0.9176666666666666 0.3798828125 0.9276666666666666
1 0.294677734375 0.9466666666666667 0.30419921875 0.9476666666666667 0.31298828125 0.9433333333333334 0.32666015625 0.9433333333333334 0.330078125 0.9463333333333334 0.339599609375 0.947 0.343994140625 0.9493333333333334 0.345458984375 0.9553333333333334 0.349609375 0.9563333333333334 0.357177734375 0.9626666666666667 0.36083984375 0.9643333333333334 0.364990234375 0.963 0.373291015625 0.9566666666666667 0.38623046875 0.9393333333333334 0.379638671875 0.93 0.37841796875 0.9236666666666666 0.376708984375 0.9213333333333333 0.371826171875 0.919 0.37158203125 0.9096666666666666 0.376708984375 0.8963333333333333 0.373291015625 0.8866666666666667 0.369140625 0.8836666666666667 0.35400390625 0.8786666666666667 0.349853515625 0.8793333333333333 0.345703125 0.8833333333333333 0.34375 0.887 0.340494873046875 0.8878889999999999 0.337646484375 0.8836666666666667 0.33349609375 0.8806666666666667 0.32861328125 0.8806666666666667 0.322021484375 0.884 0.291015625 0.91 0.285400390625 0.9193333333333333 0.28515625 0.9283333333333333 0.286376953125 0.9353333333333333 0.290283203125 0.943 0.294677734375 0.9466666666666667
1 0.38916015625 0.575 0.411865234375 0.588 0.415771484375 0.5873333333333334 0.419677734375 0.5843333333333334 0.431884765625 0.571 0.4345703125 0.5693333333333334 0.439453125 0.569 0.441650390625 0.5566666666666666 0.438232421875 0.537 0.435791015625 0.532 0.423583984375 0.5243333333333333 0.413818359375 0.5213333333333333 0.41162109375 0.5213333333333333 0.40478515625 0.5253333333333333 0.38037109375 0.5493333333333333 0.379150390625 0.5546666666666666 0.380615234375 0.5626666666666666 0.386962890625 0.5703333333333334 0.38916015625 0.575
1 0.35400390625 0.6186666666666667 0.361328125 0.616 0.375244140625 0.6033333333333334 0.388671875 0.588 0.389892578125 0.58 0.385498046875 0.5693333333333334 0.37890625 0.5623333333333334 0.372802734375 0.5596666666666666 0.362060546875 0.552 0.35595703125 0.5513333333333333 0.345458984375 0.5536666666666666 0.341552734375 0.556 0.33099365234375 0.5700833333333334 0.32763671875 0.572 0.325439453125 0.577 0.321533203125 0.581 0.320556640625 0.584 0.320068359375 0.588 0.324951171875 0.5996666666666667 0.330322265625 0.6043333333333333 0.35400390625 0.6186666666666667
1 0.306640625 0.438 0.309326171875 0.44333333333333336 0.31103515625 0.4553333333333333 0.31396484375 0.4573333333333333 0.3212890625 0.457 0.325927734375 0.454 0.32861328125 0.4503333333333333 0.333251953125 0.44733333333333336 0.341064453125 0.43933333333333335 0.345458984375 0.427 0.34521484375 0.414 0.34619140625 0.4043333333333333 0.337646484375 0.38866666666666666 0.336181640625 0.38766666666666666 0.333740234375 0.38666666666666666 0.330322265625 0.3883333333333333 0.32275390625 0.39566666666666667 0.31396484375 0.389 0.305908203125 0.3913333333333333 0.302490234375 0.39366666666666666 0.294677734375 0.41733333333333333 0.294921875 0.43133333333333335 0.2978515625 0.43933333333333335 0.302734375 0.44 0.306640625 0.438
1 0.357421875 0.273 0.37255859375 0.2753333333333333 0.388671875 0.27566666666666667 0.39990234375 0.2673333333333333 0.406982421875 0.26033333333333336 0.416015625 0.25833333333333336 0.41748046875 0.256 0.416748046875 0.25233333333333335 0.413330078125 0.247 0.412109375 0.229 0.4111328125 0.22733333333333333 0.405029296875 0.22266666666666668 0.396240234375 0.21266666666666667 0.38818359375 0.20833333333333334 0.380859375 0.20666666666666667 0.368896484375 0.20733333333333334 0.36083984375 0.21266666666666667 0.34228515625 0.22933333333333333 0.340087890625 0.23233333333333334 0.338134765625 0.23966666666666667 0.337890625 0.24833333333333332 0.34033203125 0.25666666666666665 0.353271484375 0.2703333333333333 0.357421875 0.273
1 0.509521484375 0.3486666666666667 0.507568359375 0.35 0.51123046875 0.35433333333333333 0.52099609375 0.35933333333333334 0.527099609375 0.37366666666666665 0.53759765625 0.3883333333333333 0.544677734375 0.39166666666666666 0.5537109375 0.39166666666666666 0.564208984375 0.38566666666666666 0.568115234375 0.38166666666666665 0.57080078125 0.37666666666666665 0.572509765625 0.3576666666666667 0.572021484375 0.34933333333333333 0.568359375 0.3426666666666667 0.56103515625 0.3353333333333333 0.556396484375 0.33366666666666667 0.54150390625 0.33266666666666667 0.53271484375 0.3333333333333333 0.51953125 0.3373333333333333 0.518798828125 0.3393333333333333 0.515625 0.3416666666666667 0.513427734375 0.351 0.509521484375 0.3486666666666667
1 0.579833984375 0.37333333333333335 0.58349609375 0.37066666666666664 0.591552734375 0.373 0.5966796875 0.373 0.603271484375 0.365 0.607421875 0.3516666666666667 0.610595703125 0.33366666666666667 0.607421875 0.328 0.592041015625 0.3323333333333333 0.57666015625 0.3416666666666667 0.57373046875 0.35233333333333333 0.573486328125 0.365 0.574462890625 0.37266666666666665 0.57568359375 0.37433333333333335 0.579833984375 0.37333333333333335
1 0.5830078125 0.33666666666666667 0.59423828125 0.33166666666666667 0.607421875 0.32866666666666666 0.618408203125 0.31433333333333335 0.618896484375 0.31066666666666665 0.61767578125 0.30233333333333334 0.615234375 0.2976666666666667 0.588623046875 0.282 0.583984375 0.2823333333333333 0.579833984375 0.285 0.5615234375 0.30733333333333335 0.560546875 0.31533333333333335 0.5625 0.326 0.576416015625 0.3343333333333333 0.5830078125 0.33666666666666667
1 0.559326171875 0.22033333333333333 0.56396484375 0.22233333333333333 0.580078125 0.22166666666666668 0.583251953125 0.22366666666666668 0.588134765625 0.218 0.605224609375 0.20766666666666667 0.6123046875 0.19433333333333333 0.61572265625 0.18233333333333332 0.615234375 0.17766666666666667 0.610595703125 0.17133333333333334 0.5830078125 0.16033333333333333 0.572509765625 0.15333333333333332 0.556396484375 0.159 0.55078125 0.16666666666666666 0.5478515625 0.174 0.546630859375 0.18033333333333335 0.546142578125 0.19066666666666668 0.546875 0.197 0.5556640625 0.21666666666666667 0.559326171875 0.22033333333333333
1 0.565673828125 0.08766666666666667 0.567626953125 0.09 0.576416015625 0.088 0.580078125 0.091 0.583740234375 0.09166666666666666 0.591796875 0.08 0.591552734375 0.076 0.579833984375 0.06233333333333333 0.57470703125 0.06 0.5654296875 0.052 0.564208984375 0.051666666666666666 0.557373046875 0.06266666666666666 0.556640625 0.06466666666666666 0.5576171875 0.06766666666666667 0.56298828125 0.07433333333333333 0.565673828125 0.08766666666666667
1 0.552734375 0 0.531005859375 0.02 0.5283203125 0.025333333333333333 0.52734375 0.030333333333333334 0.527099609375 0.033 0.534423828125 0.041 0.540283203125 0.050333333333333334 0.548828125 0.05266666666666667 0.552490234375 0.051666666666666666 0.559814453125 0.043 0.580322265625 0.024 0.5830078125 0.021 0.583740234375 0.017333333333333333 0.580322265625 0.013 0.56689453125 0.002 0.566650390625 0 0.552734375 0
1 0.4580078125 0.088 0.460693359375 0.08966666666666667 0.464111328125 0.09633333333333334 0.462158203125 0.10166666666666667 0.45751953125 0.107 0.458740234375 0.11066666666666666 0.4609375 0.11166666666666666 0.462646484375 0.115 0.468017578125 0.11633333333333333 0.473388671875 0.11966666666666667 0.484130859375 0.11933333333333333 0.506103515625 0.124 0.51416015625 0.11966666666666667 0.521240234375 0.11166666666666666 0.522216796875 0.108 0.521728515625 0.09033333333333333 0.51953125 0.078 0.517822265625 0.07533333333333334 0.510986328125 0.07133333333333333 0.498779296875 0.067 0.497802734375 0.06333333333333334 0.4990234375 0.056 0.497802734375 0.052 0.490234375 0.04666666666666667 0.482177734375 0.043666666666666666 0.4765625 0.043666666666666666 0.470458984375 0.04533333333333334 0.46435546875 0.05266666666666667 0.465087890625 0.05566666666666667 0.463134765625 0.060333333333333336 0.45751953125 0.08366666666666667 0.4580078125 0.088
1 0.51318359375 0.042333333333333334 0.514404296875 0.041 0.516357421875 0.034 0.51611328125 0.029333333333333333 0.513671875 0.027666666666666666 0.50439453125 0.028 0.486572265625 0.022 0.468994140625 0.021 0.466552734375 0.023333333333333334 0.46533203125 0.029 0.46533203125 0.03666666666666667 0.467041015625 0.03866666666666667 0.49462890625 0.043333333333333335 0.51318359375 0.042333333333333334
1 0.358642578125 0 0.357177734375 0.008 0.357421875 0.013333333333333334 0.376708984375 0.048666666666666664 0.396240234375 0.048666666666666664 0.404541015625 0.047 0.4150390625 0.037 0.426025390625 0.033 0.427001953125 0.031 0.426513671875 0.025333333333333333 0.421630859375 0.011 0.420166015625 0 0.358642578125 0
1 0.42236328125 0.068 0.4228515625 0.06466666666666666 0.422119140625 0.05266666666666667 0.420166015625 0.048666666666666664 0.41552734375 0.04533333333333334 0.41162109375 0.045 0.4091796875 0.046 0.4072265625 0.048666666666666664 0.40673828125 0.051666666666666666 0.406494140625 0.06433333333333334 0.41552734375 0.074 0.419677734375 0.07366666666666667 0.42236328125 0.068
1 0.431396484375 0.20233333333333334 0.43896484375 0.20633333333333334 0.4501953125 0.20466666666666666 0.453125 0.206 0.455078125 0.20933333333333334 0.463623046875 0.20933333333333334 0.4765625 0.20533333333333334 0.48046875 0.201 0.476318359375 0.18633333333333332 0.47900390625 0.17433333333333334 0.478515625 0.16533333333333333 0.474853515625 0.15666666666666668 0.470947265625 0.15366666666666667 0.45458984375 0.14833333333333334 0.447021484375 0.14766666666666667 0.44287109375 0.14866666666666667 0.436279296875 0.15566666666666668 0.4326171875 0.16566666666666666 0.423583984375 0.172 0.42236328125 0.17466666666666666 0.422119140625 0.181 0.42333984375 0.18833333333333332 0.427001953125 0.19666666666666666 0.431396484375 0.20233333333333334
1 0.5712890625 0.465 0.5693359375 0.4706666666666667 0.5693359375 0.4746666666666667 0.570556640625 0.47733333333333333 0.57568359375 0.48033333333333333 0.578857421875 0.484 0.5849609375 0.4856666666666667 0.592041015625 0.49 0.59716796875 0.4796666666666667 0.600830078125 0.4666666666666667 0.60107421875 0.46266666666666667 0.59765625 0.4553333333333333 0.597900390625 0.451 0.59521484375 0.44566666666666666 0.588134765625 0.438 0.579345703125 0.44133333333333336 0.576416015625 0.44666666666666666 0.57568359375 0.45166666666666666 0.576904296875 0.45666666666666667 0.576171875 0.45966666666666667 0.5712890625 0.465
1 0.650634765625 0.38266666666666665 0.6533203125 0.38066666666666665 0.654052734375 0.375 0.652587890625 0.35333333333333333 0.6513671875 0.35033333333333333 0.649658203125 0.3496666666666667 0.646240234375 0.351 0.64453125 0.355 0.644287109375 0.372 0.64501953125 0.37733333333333335 0.646484375 0.38166666666666665 0.650634765625 0.38266666666666665
1 0.630615234375 0.566 0.634521484375 0.5653333333333334 0.636962890625 0.5623333333333334 0.63720703125 0.56 0.63525390625 0.5553333333333333 0.626708984375 0.5486666666666666 0.62060546875 0.5463333333333333 0.618408203125 0.5463333333333333 0.614990234375 0.5486666666666666 0.6142578125 0.5553333333333333 0.615966796875 0.558 0.625244140625 0.562 0.630615234375 0.566
1 0.35888671875 0.39366666666666666 0.3740234375 0.394 0.388427734375 0.392 0.392333984375 0.3893333333333333 0.3935546875 0.38466666666666666 0.39306640625 0.37266666666666665 0.390380859375 0.36533333333333334 0.381591796875 0.36033333333333334 0.372314453125 0.36 0.365478515625 0.366 0.361328125 0.36533333333333334 0.353759765625 0.367 0.349853515625 0.37033333333333335 0.34912109375 0.37233333333333335 0.349853515625 0.38066666666666665 0.354248046875 0.3893333333333333 0.35888671875 0.39366666666666666
1 0.2802734375 0.31533333333333335 0.291015625 0.31533333333333335 0.300537109375 0.305 0.3046875 0.295 0.302001953125 0.287 0.302490234375 0.2743333333333333 0.298828125 0.2743333333333333 0.29150390625 0.2793333333333333 0.287353515625 0.2783333333333333 0.283447265625 0.2753333333333333 0.278564453125 0.2753333333333333 0.27294921875 0.278 0.269775390625 0.2823333333333333 0.278564453125 0.3006666666666667 0.277587890625 0.311 0.27880859375 0.31433333333333335 0.2802734375 0.31533333333333335
1 0.314208984375 0.341 0.318115234375 0.3426666666666667 0.322509765625 0.342 0.329833984375 0.33466666666666667 0.33447265625 0.3263333333333333 0.33544921875 0.322 0.334716796875 0.31433333333333335 0.329345703125 0.30566666666666664 0.325927734375 0.2956666666666667 0.322509765625 0.2916666666666667 0.31494140625 0.288 0.3095703125 0.291 0.305908203125 0.304 0.294189453125 0.31233333333333335 0.292236328125 0.31566666666666665 0.291259765625 0.31833333333333336 0.2919921875 0.32233333333333336 0.2939453125 0.3253333333333333 0.314208984375 0.341
1 0.259521484375 0.225 0.26318359375 0.22666666666666666 0.27880859375 0.22566666666666665 0.287109375 0.22033333333333333 0.29296875 0.21266666666666667 0.294189453125 0.20466666666666666 0.29248046875 0.197 0.285400390625 0.18166666666666667 0.280517578125 0.17633333333333334 0.26025390625 0.17133333333333334 0.254638671875 0.17133333333333334 0.24755859375 0.17533333333333334 0.242919921875 0.181 0.24267578125 0.19033333333333333 0.244384765625 0.199 0.250244140625 0.213 0.259521484375 0.225
1 0.318115234375 0.116 0.324462890625 0.095 0.322998046875 0.091 0.311767578125 0.08433333333333333 0.310302734375 0.08233333333333333 0.306396484375 0.081 0.294921875 0.10266666666666667 0.294677734375 0.10766666666666666 0.29541015625 0.10833333333333334 0.311279296875 0.11566666666666667 0.318115234375 0.116
1 0.19482421875 0.082 0.200927734375 0.08533333333333333 0.208984375 0.08566666666666667 0.228515625 0.076 0.2294921875 0.07166666666666667 0.228271484375 0.051666666666666666 0.22705078125 0.043 0.224609375 0.039 0.208740234375 0.039 0.201171875 0.03266666666666666 0.197509765625 0.032 0.185546875 0.03333333333333333 0.182861328125 0.034666666666666665 0.181396484375 0.037 0.18115234375 0.06133333333333333 0.183349609375 0.07533333333333334 0.18505859375 0.08 0.19482421875 0.082
1 0.321044921875 0 0.313720703125 0.012 0.314208984375 0.018666666666666668 0.32177734375 0.027333333333333334 0.326416015625 0.028333333333333332 0.33203125 0.025333333333333333 0.333251953125 0.01633333333333333 0.331787109375 0.007333333333333333 0.330810546875 0.004333333333333333 0.32763671875 0.0016666666666666668 0.32763671875 0 0.321044921875 0
1 0.188232421875 0.7823333333333333 0.18896484375 0.795 0.197265625 0.8133333333333334 0.205078125 0.822 0.2177734375 0.8233333333333334 0.224365234375 0.8256666666666667 0.228515625 0.8253333333333334 0.232666015625 0.823 0.2353515625 0.8193333333333334 0.2412109375 0.8066666666666666 0.248779296875 0.798 0.252685546875 0.7886666666666666 0.253662109375 0.7713333333333333 0.253173828125 0.761 0.255615234375 0.7513333333333333 0.253662109375 0.7493333333333333 0.251953125 0.744 0.248291015625 0.7413333333333333 0.234375 0.7476666666666667 0.213134765625 0.7513333333333333 0.204833984375 0.7496666666666667 0.189453125 0.7536666666666667 0.188720703125 0.7556666666666667 0.190673828125 0.7583333333333333 0.19091796875 0.769 0.18896484375 0.775 0.188232421875 0.7823333333333333
1 0.228271484375 0.8726666666666667 0.25146484375 0.874 0.263671875 0.8733333333333333 0.26708984375 0.8766666666666667 0.271240234375 0.876 0.275146484375 0.8723333333333333 0.278564453125 0.8623333333333333 0.276123046875 0.8526666666666667 0.275146484375 0.843 0.269287109375 0.833 0.269287109375 0.83 0.271240234375 0.8256666666666667 0.274658203125 0.8106666666666666 0.26318359375 0.805 0.255859375 0.8043333333333333 0.250244140625 0.806 0.2490234375 0.8076666666666666 0.248046875 0.813 0.24365234375 0.8103333333333333 0.234130859375 0.8266666666666667 0.232177734375 0.8276666666666667 0.2265625 0.836 0.22021484375 0.839 0.212158203125 0.8473333333333334 0.2109375 0.8493333333333334 0.2119140625 0.8533333333333334 0.218505859375 0.8646666666666667 0.228271484375 0.8726666666666667
1 0.114013671875 0.844 0.117919921875 0.845 0.12158203125 0.856 0.126953125 0.8636666666666667 0.142578125 0.8736666666666667 0.150634765625 0.8723333333333333 0.15478515625 0.8703333333333333 0.158203125 0.8673333333333333 0.160400390625 0.861 0.162109375 0.838 0.162109375 0.8223333333333334 0.158203125 0.8123333333333334 0.151123046875 0.8026666666666666 0.132568359375 0.7946666666666666 0.122802734375 0.7856666666666666 0.11474609375 0.785 0.107421875 0.7866666666666666 0.10205078125 0.7966666666666666 0.09228515625 0.803 0.08544921875 0.812 0.0830078125 0.8163333333333334 0.08056640625 0.825 0.080810546875 0.8336666666666667 0.08447265625 0.8416666666666667 0.095703125 0.8473333333333334 0.114013671875 0.844
1 0.142822265625 0.9703333333333334 0.162109375 0.9753333333333334 0.170166015625 0.9706666666666667 0.178955078125 0.9613333333333334 0.189453125 0.9453333333333334 0.190673828125 0.938 0.1884765625 0.9196666666666666 0.18359375 0.908 0.18115234375 0.905 0.177490234375 0.903 0.165771484375 0.899 0.162353515625 0.9006666666666666 0.142333984375 0.9233333333333333 0.139404296875 0.9283333333333333 0.12939453125 0.936 0.1279296875 0.9393333333333334 0.12890625 0.9516666666666667 0.131591796875 0.9586666666666667 0.135498046875 0.9643333333333334 0.142822265625 0.9703333333333334
1 0.368896484375 0.7253333333333334 0.3720703125 0.729 0.37548828125 0.7306666666666667 0.380126953125 0.737 0.384521484375 0.739 0.385986328125 0.7353333333333333 0.404052734375 0.7283333333333334 0.404052734375 0.7236666666666667 0.399658203125 0.705 0.399658203125 0.7003333333333334 0.40283203125 0.6933333333333334 0.396728515625 0.6856666666666666 0.386962890625 0.6776666666666666 0.380126953125 0.6753333333333333 0.3740234375 0.6766666666666666 0.371337890625 0.682 0.36083984375 0.686 0.358154296875 0.689 0.358642578125 0.6976666666666667 0.357666015625 0.7053333333333334 0.362060546875 0.7113333333333334 0.368896484375 0.7253333333333334
1 0.306884765625 0.7166666666666667 0.3251953125 0.728 0.329345703125 0.73 0.333740234375 0.729 0.34716796875 0.7203333333333334 0.351318359375 0.7146666666666667 0.351806640625 0.705 0.35009765625 0.7003333333333334 0.335693359375 0.686 0.3359375 0.6813333333333333 0.339111328125 0.6776666666666666 0.340087890625 0.6743333333333333 0.340087890625 0.666 0.337646484375 0.6613333333333333 0.33203125 0.6596666666666666 0.314208984375 0.659 0.310546875 0.6623333333333333 0.305419921875 0.658 0.3056640625 0.6536666666666666 0.29833984375 0.6496666666666666 0.295166015625 0.6503333333333333 0.286376953125 0.6556666666666666 0.28076171875 0.6626666666666666 0.275634765625 0.6666666666666666 0.2734375 0.672 0.27392578125 0.6853333333333333 0.275390625 0.6893333333333334 0.282470703125 0.699 0.306884765625 0.7166666666666667
1 0.365234375 0.7673333333333333 0.3701171875 0.7673333333333333 0.3759765625 0.7626666666666667 0.3837890625 0.759 0.38671875 0.7546666666666667 0.38720703125 0.7516666666666667 0.3857421875 0.7356666666666667 0.384765625 0.7323333333333333 0.380859375 0.73 0.376708984375 0.73 0.372314453125 0.7346666666666667 0.362548828125 0.7303333333333333 0.357177734375 0.7296666666666667 0.3515625 0.7336666666666667 0.349365234375 0.7386666666666667 0.349365234375 0.751 0.350341796875 0.7556666666666667 0.353759765625 0.7596666666666667 0.365234375 0.7673333333333333
1 0.44384765625 0.8186666666666667 0.451171875 0.8223333333333334 0.462646484375 0.8216666666666667 0.466552734375 0.8146666666666667 0.46435546875 0.81 0.4599609375 0.8066666666666666 0.45751953125 0.8023333333333333 0.45703125 0.7986666666666666 0.455078125 0.7963333333333333 0.44677734375 0.7963333333333333 0.435791015625 0.799 0.430419921875 0.8066666666666666 0.42919921875 0.8103333333333333 0.427978515625 0.8143333333333334 0.429931640625 0.8183333333333334 0.435302734375 0.8196666666666667 0.44384765625 0.8186666666666667
1 0.470458984375 0.9536666666666667 0.478271484375 0.9353333333333333 0.47705078125 0.928 0.470947265625 0.9286666666666666 0.46875 0.9353333333333333 0.4599609375 0.95 0.458984375 0.9553333333333334 0.46240234375 0.9583333333333334 0.466552734375 0.9583333333333334 0.470458984375 0.9536666666666667
1 0.574951171875 0.9853333333333333 0.576171875 0.9873333333333333 0.577392578125 0.976 0.572509765625 0.9673333333333334 0.568359375 0.9626666666666667 0.564208984375 0.9633333333333334 0.562255859375 0.9663333333333334 0.56201171875 0.9706666666666667 0.563720703125 0.974 0.571533203125 0.9836666666666667 0.574951171875 0.9853333333333333
1 0.35498046875 0.9883333333333333 0.361328125 0.9803333333333333 0.36572265625 0.9723333333333334 0.367431640625 0.9666666666666667 0.3671875 0.9636666666666667 0.36474609375 0.963 0.358154296875 0.965 0.34912109375 0.9786666666666667 0.34814453125 0.982 0.348876953125 0.986 0.353271484375 0.9893333333333333 0.35498046875 0.9883333333333333
1 0.153564453125 0.5686666666666667 0.162353515625 0.569 0.166748046875 0.5673333333333334 0.171142578125 0.5613333333333334 0.181396484375 0.541 0.1806640625 0.537 0.169921875 0.5216666666666666 0.162109375 0.518 0.145751953125 0.5196666666666667 0.138427734375 0.522 0.132080078125 0.5283333333333333 0.128662109375 0.5346666666666666 0.12890625 0.5403333333333333 0.13720703125 0.5603333333333333 0.146240234375 0.567 0.153564453125 0.5686666666666667
1 0.1884765625 0.699 0.191162109375 0.7046666666666667 0.198486328125 0.7126666666666667 0.203125 0.714 0.208740234375 0.7113333333333334 0.21337890625 0.705 0.218994140625 0.69 0.218505859375 0.6813333333333333 0.221923828125 0.662 0.220458984375 0.655 0.208984375 0.641 0.201171875 0.635 0.194580078125 0.632 0.1884765625 0.6343333333333333 0.177490234375 0.6273333333333333 0.17333984375 0.628 0.168212890625 0.6346666666666667 0.165771484375 0.6386666666666667 0.164794921875 0.645 0.165283203125 0.665 0.169677734375 0.6793333333333333 0.17724609375 0.689 0.1884765625 0.699
1 0.212646484375 0.645 0.224609375 0.6396666666666667 0.2275390625 0.6363333333333333 0.253662109375 0.6186666666666667 0.25634765625 0.615 0.254638671875 0.6083333333333333 0.249267578125 0.6003333333333334 0.242431640625 0.597 0.2376708984375 0.5963333333333334 0.23486328125 0.5946666666666667 0.234130859375 0.592 0.23291015625 0.5913333333333334 0.22802734375 0.5913333333333334 0.218505859375 0.5973333333333334 0.212646484375 0.5986666666666667 0.19921875 0.6113333333333333 0.19580078125 0.6213333333333333 0.192138671875 0.6263333333333333 0.193115234375 0.6306666666666667 0.212646484375 0.645
1 0.074951171875 0.7833333333333333 0.080322265625 0.7833333333333333 0.084228515625 0.7803333333333333 0.087890625 0.7703333333333333 0.08837890625 0.7663333333333333 0.0869140625 0.7633333333333333 0.07421875 0.76 0.068359375 0.7563333333333333 0.056396484375 0.757 0.052978515625 0.7593333333333333 0.048095703125 0.7736666666666666 0.04833984375 0.7763333333333333 0.052734375 0.781 0.064208984375 0.7806666666666666 0.074951171875 0.7833333333333333
1 0.238037109375 0.523 0.2431640625 0.5253333333333333 0.251953125 0.5233333333333333 0.264892578125 0.5093333333333333 0.268798828125 0.49766666666666665 0.27099609375 0.48233333333333334 0.2666015625 0.4796666666666667 0.24951171875 0.478 0.228271484375 0.48133333333333334 0.222412109375 0.4856666666666667 0.216796875 0.493 0.2138671875 0.505 0.213623046875 0.514 0.215087890625 0.5173333333333333 0.22021484375 0.5196666666666667 0.238037109375 0.523
1 0.200927734375 0.5463333333333333 0.208740234375 0.538 0.211669921875 0.533 0.211669921875 0.5286666666666666 0.20947265625 0.524 0.207763671875 0.5236666666666666 0.196044921875 0.5373333333333333 0.1953125 0.5416666666666666 0.196533203125 0.5456666666666666 0.197265625 0.5466666666666666 0.200927734375 0.5463333333333333
1 0.09716796875 0.6663333333333333 0.103271484375 0.672 0.1240234375 0.6706666666666666 0.12744140625 0.669 0.129150390625 0.658 0.12841796875 0.6553333333333333 0.124267578125 0.653 0.122802734375 0.6506666666666666 0.12109375 0.6513333333333333 0.11474609375 0.648 0.1083984375 0.6383333333333333 0.100830078125 0.6386666666666667 0.09521484375 0.637 0.087890625 0.639 0.083740234375 0.6416666666666667 0.083740234375 0.6466666666666666 0.085693359375 0.651 0.09326171875 0.6593333333333333 0.09716796875 0.6663333333333333
1 0.069580078125 0.296 0.07275390625 0.299 0.076171875 0.2996666666666667 0.083251953125 0.304 0.09033203125 0.30366666666666664 0.10205078125 0.2976666666666667 0.11083984375 0.296 0.123046875 0.283 0.121337890625 0.2806666666666667 0.121826171875 0.275 0.12060546875 0.27066666666666667 0.114501953125 0.261 0.1103515625 0.25766666666666665 0.111328125 0.24066666666666667 0.114013671875 0.23633333333333334 0.113037109375 0.23166666666666666 0.114990234375 0.231 0.115478515625 0.22866666666666666 0.111083984375 0.21966666666666668 0.105712890625 0.21866666666666668 0.093505859375 0.22 0.088623046875 0.22433333333333333 0.0908203125 0.22866666666666666 0.0869140625 0.23066666666666666 0.08251953125 0.23833333333333334 0.074462890625 0.24866666666666667 0.056640625 0.25466666666666665 0.05322265625 0.25933333333333336 0.052978515625 0.264 0.053955078125 0.268 0.0595703125 0.2796666666666667 0.069580078125 0.296
1 0 0.13033333333333333 0.001708984375 0.13033333333333333 0.00537109375 0.137 0.00634765625 0.14033333333333334 0.005615234375 0.15266666666666667 0.013671875 0.176 0.017333984375 0.18266666666666667 0.025390625 0.19333333333333333 0.029296875 0.19566666666666666 0.0384521484375 0.19166666666666668 0.041015625 0.192 0.04833984375 0.18733333333333332 0.05712890625 0.17433333333333334 0.064208984375 0.15466666666666667 0.065185546875 0.14666666666666667 0.064453125 0.13 0.058349609375 0.119 0.057373046875 0.11533333333333333 0.056884765625 0.10233333333333333 0.0576171875 0.09133333333333334 0.052490234375 0.07933333333333334 0.044677734375 0.07166666666666667 0.036865234375 0.072 0.032470703125 0.07566666666666666 0.029296875 0.07433333333333333 0.025390625 0.07666666666666666 0.022705078125 0.07966666666666666 0.022705078125 0.082 0.020263671875 0.08833333333333333 0.008544921875 0.1 0.0068359375 0.103 0.00634765625 0.10733333333333334 0.0029296875 0.111 0.002685546875 0.116 0 0.12133333333333333 0 0.13033333333333333
1 0.158447265625 0.32366666666666666 0.16064453125 0.31433333333333335 0.154296875 0.30666666666666664 0.15185546875 0.30966666666666665 0.144775390625 0.31 0.142578125 0.312 0.1416015625 0.31533333333333335 0.141357421875 0.32066666666666666 0.142578125 0.325 0.154296875 0.3273333333333333 0.158447265625 0.32366666666666666
1 0 0.4156666666666667 0.013427734375 0.42633333333333334 0.02880859375 0.42766666666666664 0.035400390625 0.42633333333333334 0.040283203125 0.427 0.043212890625 0.429 0.048583984375 0.43633333333333335 0.05712890625 0.443 0.06005859375 0.444 0.065673828125 0.44366666666666665 0.07568359375 0.44 0.078857421875 0.437 0.095703125 0.427 0.099365234375 0.423 0.1025390625 0.3993333333333333 0.099853515625 0.3923333333333333 0.09521484375 0.38666666666666666 0.092041015625 0.38433333333333336 0.087890625 0.38466666666666666 0.083984375 0.38666666666666666 0.08056640625 0.38566666666666666 0.072998046875 0.376 0.069091796875 0.37466666666666665 0.059326171875 0.37833333333333335 0.052001953125 0.37933333333333336 0.049560546875 0.37766666666666665 0.048095703125 0.37233333333333335 0.040283203125 0.361 0.036376953125 0.3526666666666667 0.029296875 0.347 0.022216796875 0.3446666666666667 0.01806640625 0.3446666666666667 0.007568359375 0.34833333333333333 0 0.3486666666666667 0 0.4156666666666667
1 0.048583984375 0.9023333333333333 0.051513671875 0.882 0.05322265625 0.8773333333333333 0.052734375 0.875 0.047607421875 0.8693333333333333 0.0439453125 0.8683333333333333 0.037353515625 0.8713333333333333 0.03564453125 0.8786666666666667 0.034912109375 0.8966666666666666 0.035888671875 0.8996666666666666 0.040771484375 0.9026666666666666 0.048583984375 0.9023333333333333
1 0.228515625 0.961 0.23095703125 0.9556666666666667 0.232421875 0.948 0.232177734375 0.942 0.228515625 0.9386666666666666 0.224609375 0.9393333333333334 0.221923828125 0.9513333333333334 0.2216796875 0.955 0.223388671875 0.9586666666666667 0.224609375 0.9603333333333334 0.228515625 0.961
1 0.3994140625 0.31433333333333335 0.400390625 0.31533333333333335 0.404541015625 0.31533333333333335 0.406005859375 0.314 0.40673828125 0.30966666666666665 0.4091796875 0.306 0.41650390625 0.3016666666666667 0.418212890625 0.29833333333333334 0.418212890625 0.29433333333333334 0.416259765625 0.2906666666666667 0.41259765625 0.29033333333333333 0.40234375 0.29233333333333333 0.392578125 0.2966666666666667 0.39208984375 0.301 0.393798828125 0.306 0.39892578125 0.30966666666666665 0.3994140625 0.31433333333333335
1 0.474365234375 0.42033333333333334 0.476318359375 0.41633333333333333 0.476318359375 0.412 0.474853515625 0.4106666666666667 0.455078125 0.4003333333333333 0.450927734375 0.4003333333333333 0.447998046875 0.4043333333333333 0.447998046875 0.412 0.44921875 0.4156666666666667 0.451171875 0.4176666666666667 0.474365234375 0.42033333333333334
1 0.26611328125 0.994 0.25439453125 0.9866666666666667 0.25146484375 0.9823333333333333 0.247802734375 0.9803333333333333 0.2412109375 0.9793333333333333 0.236083984375 0.9763333333333334 0.23193359375 0.9763333333333334 0.2265625 0.9786666666666667 0.22265625 0.9896666666666667 0.219970703125 0.9943333333333333 0.219482421875 0.9996666666666667 0.26806640625 0.9996666666666667 0.26806640625 0.9976666666666667 0.26611328125 0.994
1 0.4560546875 0.561 0.4560546875 0.556 0.454345703125 0.5453333333333333 0.451416015625 0.5426666666666666 0.447265625 0.5436666666666666 0.44482421875 0.5486666666666666 0.444580078125 0.5526666666666666 0.44287109375 0.5563333333333333 0.4423828125 0.5606666666666666 0.443115234375 0.5646666666666667 0.455078125 0.563 0.4560546875 0.561
1 0.759521484375 0.5863333333333334 0.76123046875 0.586 0.762939453125 0.5843333333333334 0.762939453125 0.5796666666666667 0.76123046875 0.5756666666666667 0.76416015625 0.5723333333333334 0.76416015625 0.5693333333333334 0.763671875 0.568 0.75146484375 0.568 0.746826171875 0.571 0.740234375 0.5796666666666667 0.739990234375 0.5836666666666667 0.741943359375 0.5853333333333334 0.75457763671875 0.583 0.759521484375 0.5863333333333334
1 0.78759765625 0.556 0.788818359375 0.5353333333333333 0.787353515625 0.5323333333333333 0.78271484375 0.531 0.780029296875 0.5333333333333333 0.779052734375 0.5366666666666666 0.779052734375 0.5566666666666666 0.781982421875 0.5586666666666666 0.785888671875 0.558 0.78759765625 0.556
1 0.70654296875 0.5633333333333334 0.71337890625 0.5626666666666666 0.7177734375 0.5576666666666666 0.721923828125 0.5566666666666666 0.722900390625 0.552 0.721435546875 0.5496666666666666 0.716552734375 0.5496666666666666 0.712646484375 0.5466666666666666 0.70263671875 0.5486666666666666 0.69775390625 0.556 0.693115234375 0.5566666666666666 0.69140625 0.56 0.691650390625 0.5643333333333334 0.701171875 0.5676666666666667 0.70654296875 0.5633333333333334
1 0.455810546875 0.36133333333333334 0.4599609375 0.36333333333333334 0.462890625 0.3606666666666667 0.46435546875 0.3453333333333333 0.462646484375 0.3416666666666667 0.458740234375 0.3406666666666667 0.45751953125 0.342 0.45654296875 0.349 0.454833984375 0.353 0.455078125 0.358 0.455810546875 0.36133333333333334
1 0.116455078125 0.74 0.117431640625 0.736 0.11328125 0.7316666666666667 0.106201171875 0.7303333333333333 0.09130859375 0.7333333333333333 0.088134765625 0.7353333333333333 0.087158203125 0.738 0.087158203125 0.744 0.08837890625 0.745 0.107666015625 0.7433333333333333 0.116455078125 0.74
1 0.228515625 0.5603333333333333 0.23046875 0.557 0.22900390625 0.553 0.22705078125 0.5523333333333333 0.21240234375 0.5523333333333333 0.209716796875 0.555 0.209228515625 0.5576666666666666 0.210693359375 0.561 0.224365234375 0.563 0.228515625 0.5603333333333333
1 0.146484375 0.7 0.149658203125 0.6973333333333334 0.1513671875 0.6936666666666667 0.151123046875 0.6773333333333333 0.150146484375 0.6756666666666666 0.146240234375 0.6753333333333333 0.142333984375 0.6783333333333333 0.141357421875 0.6816666666666666 0.1416015625 0.6973333333333334 0.142578125 0.6996666666666667 0.146484375 0.7
1 0.16943359375 0.744 0.169677734375 0.7423333333333333 0.169189453125 0.7363333333333333 0.166259765625 0.7333333333333333 0.15869140625 0.7346666666666667 0.153564453125 0.7373333333333333 0.151123046875 0.74 0.151123046875 0.747 0.154296875 0.7503333333333333 0.1650390625 0.749 0.16943359375 0.744
1 0.1708984375 0.7793333333333333 0.170166015625 0.7753333333333333 0.166259765625 0.7756666666666666 0.1630859375 0.7836666666666666 0.163330078125 0.791 0.166015625 0.7923333333333333 0.170166015625 0.7913333333333333 0.1708984375 0.7793333333333333
1 0.2890625 0.7243333333333334 0.290771484375 0.7206666666666667 0.28955078125 0.7166666666666667 0.286865234375 0.7136666666666667 0.282958984375 0.7136666666666667 0.28125 0.716 0.280029296875 0.7206666666666667 0.282958984375 0.7246666666666667 0.287353515625 0.7253333333333334 0.2890625 0.7243333333333334
1 0.345703125 0.6283333333333333 0.3466796875 0.627 0.345947265625 0.623 0.34228515625 0.617 0.338134765625 0.614 0.333984375 0.6143333333333333 0.333251953125 0.6156666666666667 0.333251953125 0.62 0.339599609375 0.627 0.341552734375 0.6283333333333333 0.345703125 0.6283333333333333
1 0.2783203125 0.721 0.282958984375 0.709 0.28369140625 0.705 0.282958984375 0.7033333333333334 0.27978515625 0.7013333333333334 0.275390625 0.7033333333333334 0.26708984375 0.7193333333333334 0.267333984375 0.7223333333333334 0.270263671875 0.7243333333333334 0.275146484375 0.724 0.2783203125 0.721
1 0.073486328125 0.6793333333333333 0.07470703125 0.683 0.0712890625 0.693 0.075927734375 0.7003333333333334 0.079833984375 0.6993333333333334 0.08642578125 0.6936666666666667 0.092041015625 0.6906666666666667 0.0966796875 0.6853333333333333 0.095458984375 0.6833333333333333 0.090576171875 0.6823333333333333 0.085205078125 0.6783333333333333 0.08544921875 0.673 0.08154296875 0.6686666666666666 0.072021484375 0.664 0.06494140625 0.6623333333333333 0.063232421875 0.663 0.0615234375 0.6653333333333333 0.0625 0.6736666666666666 0.064453125 0.676 0.073486328125 0.6793333333333333
1 0.039794921875 0.5856666666666667 0.0419921875 0.5856666666666667 0.04736328125 0.582 0.052490234375 0.5813333333333334 0.056396484375 0.5763333333333334 0.056884765625 0.5683333333333334 0.055908203125 0.5663333333333334 0.05322265625 0.5653333333333334 0.04443359375 0.567 0.040283203125 0.5663333333333334 0.039306640625 0.568 0.04052734375 0.5726666666666667 0.038330078125 0.58 0.038330078125 0.584 0.039794921875 0.5856666666666667
1 0.041259765625 0.5183333333333333 0.04052734375 0.5133333333333333 0.037353515625 0.5103333333333333 0.020751953125 0.5116666666666667 0.015625 0.5133333333333333 0.016357421875 0.5213333333333333 0.021240234375 0.5243333333333333 0.0390625 0.5213333333333333 0.041259765625 0.5183333333333333
1 0.026123046875 0.5466666666666666 0.022705078125 0.54 0.017578125 0.5356666666666666 0.0146484375 0.537 0.013671875 0.539 0.013916015625 0.5456666666666666 0.025146484375 0.5533333333333333 0.0263671875 0.5523333333333333 0.026123046875 0.5466666666666666
1 0.216796875 0.4713333333333333 0.21630859375 0.4543333333333333 0.213134765625 0.45166666666666666 0.208984375 0.45266666666666666 0.20703125 0.455 0.205810546875 0.4593333333333333 0.20556640625 0.46266666666666667 0.209716796875 0.473 0.213134765625 0.47433333333333333 0.216796875 0.4713333333333333
1 0.173828125 0.3416666666666667 0.172119140625 0.33366666666666667 0.169677734375 0.33066666666666666 0.166015625 0.3303333333333333 0.16259765625 0.332 0.161865234375 0.338 0.166015625 0.3446666666666667 0.170166015625 0.3456666666666667 0.173828125 0.3416666666666667
1 0.101806640625 0.092 0.101318359375 0.08733333333333333 0.09912109375 0.085 0.092041015625 0.08233333333333333 0.0830078125 0.08333333333333333 0.083740234375 0.091 0.0849609375 0.09233333333333334 0.099853515625 0.09466666666666666 0.101806640625 0.092
1 0.043212890625 0.201 0.038330078125 0.19466666666666665 0.033203125 0.19466666666666665 0.0244140625 0.206 0.024169921875 0.215 0.029296875 0.22 0.0341796875 0.21633333333333332 0.043212890625 0.201
1 0.197509765625 0.152 0.199951171875 0.15 0.199462890625 0.143 0.19677734375 0.138 0.193115234375 0.13533333333333333 0.190673828125 0.13866666666666666 0.18994140625 0.14633333333333334 0.192138671875 0.14833333333333334 0.193115234375 0.15133333333333332 0.197509765625 0.152
1 0.283203125 0.07466666666666667 0.286865234375 0.07466666666666667 0.293701171875 0.068 0.29541015625 0.06433333333333334 0.29541015625 0.06133333333333333 0.293701171875 0.059666666666666666 0.275390625 0.06066666666666667 0.2734375 0.06533333333333333 0.273193359375 0.068 0.27490234375 0.07033333333333333 0.280029296875 0.072 0.283203125 0.07466666666666667
1 0.544921875 0.08733333333333333 0.54443359375 0.08166666666666667 0.541015625 0.07933333333333334 0.52880859375 0.081 0.525390625 0.082 0.523681640625 0.084 0.5234375 0.08833333333333333 0.525146484375 0.092 0.533203125 0.09133333333333334 0.544921875 0.08733333333333333
1 0.763671875 0.09966666666666667 0.76904296875 0.088 0.770263671875 0.08 0.767822265625 0.07766666666666666 0.763671875 0.07833333333333334 0.7587890625 0.084 0.75732421875 0.08833333333333333 0.7568359375 0.09166666666666666 0.7578125 0.09533333333333334 0.759765625 0.098 0.763671875 0.09966666666666667
1 0.74853515625 0.04066666666666666 0.749267578125 0.03266666666666666 0.748291015625 0.029666666666666668 0.743896484375 0.028 0.739990234375 0.030666666666666665 0.73828125 0.03266666666666666 0.73583984375 0.04033333333333333 0.736328125 0.04766666666666667 0.73974609375 0.049666666666666665 0.741943359375 0.049 0.74853515625 0.04066666666666666
1 0.1943359375 0.9786666666666667 0.19677734375 0.9746666666666667 0.196533203125 0.9703333333333334 0.19287109375 0.9586666666666667 0.191650390625 0.9553333333333334 0.189453125 0.9533333333333334 0.186767578125 0.9553333333333334 0.181640625 0.966 0.175537109375 0.9703333333333334 0.17529296875 0.9746666666666667 0.177490234375 0.9816666666666667 0.18115234375 0.9833333333333333 0.1943359375 0.9786666666666667
1 0.091796875 0.986 0.09619140625 0.9823333333333333 0.09716796875 0.9746666666666667 0.098876953125 0.9706666666666667 0.0986328125 0.9666666666666667 0.097900390625 0.9626666666666667 0.095458984375 0.96 0.091796875 0.9596666666666667 0.089599609375 0.9633333333333334 0.088623046875 0.97 0.08447265625 0.9783333333333334 0.08447265625 0.9823333333333333 0.091796875 0.986
1 0.088134765625 0.9016666666666666 0.08984375 0.9 0.095458984375 0.8806666666666667 0.092041015625 0.8773333333333333 0.087890625 0.8763333333333333 0.08447265625 0.8823333333333333 0.080078125 0.8843333333333333 0.082275390625 0.8916666666666667 0.08154296875 0.897 0.08251953125 0.8996666666666666 0.088134765625 0.9016666666666666
1 0.470947265625 0.6136666666666667 0.472412109375 0.6116666666666667 0.47314453125 0.6073333333333333 0.471923828125 0.6053333333333333 0.46630859375 0.6026666666666667 0.4609375 0.6026666666666667 0.45947265625 0.6033333333333334 0.4609375 0.6113333333333333 0.468994140625 0.6136666666666667 0.470947265625 0.6136666666666667
1 0.633544921875 0.447 0.633056640625 0.44366666666666665 0.6298828125 0.44066666666666665 0.626708984375 0.44 0.62255859375 0.44366666666666665 0.622802734375 0.448 0.626953125 0.451 0.630615234375 0.45066666666666666 0.633544921875 0.447
1 0.123046875 0.079 0.136474609375 0.076 0.14208984375 0.07233333333333333 0.1416015625 0.059666666666666666 0.14013671875 0.052333333333333336 0.13818359375 0.048666666666666664 0.135009765625 0.04733333333333333 0.126220703125 0.04833333333333333 0.1142578125 0.051666666666666666 0.111572265625 0.055 0.11328125 0.072 0.11474609375 0.076 0.117919921875 0.07866666666666666 0.123046875 0.079
1 0.084716796875 0.03866666666666667 0.086669921875 0.04133333333333333 0.08740234375 0.04533333333333334 0.090087890625 0.048666666666666664 0.091552734375 0.049666666666666665 0.09326171875 0.049 0.09716796875 0.042666666666666665 0.1025390625 0.04033333333333333 0.10546875 0.025333333333333333 0.09912109375 0.017666666666666667 0.09521484375 0.017 0.0908203125 0.019333333333333334 0.083251953125 0.016 0.079833984375 0.017 0.077880859375 0.020666666666666667 0.078125 0.025666666666666667 0.074951171875 0.033 0.07568359375 0.037 0.084716796875 0.03866666666666667
1 0.141845703125 0 0.1416015625 0.009666666666666667 0.1435546875 0.013666666666666667 0.147705078125 0.017333333333333333 0.152587890625 0.017333333333333333 0.157958984375 0.01 0.154541015625 0.005333333333333333 0.1494140625 0.0026666666666666666 0.148681640625 0 0.141845703125 0
1 0.139892578125 0.371 0.146728515625 0.36966666666666664 0.147705078125 0.36866666666666664 0.148681640625 0.35633333333333334 0.148193359375 0.34933333333333333 0.142822265625 0.341 0.1376953125 0.3403333333333333 0.1337890625 0.3413333333333333 0.13037109375 0.352 0.119140625 0.364 0.118896484375 0.36533333333333334 0.12255859375 0.369 0.131591796875 0.368 0.139892578125 0.371
1 0.244140625 0.5953333333333334 0.2470703125 0.597 0.25146484375 0.6023333333333334 0.253662109375 0.603 0.256103515625 0.603 0.264892578125 0.5976666666666667 0.26953125 0.593 0.272705078125 0.5863333333333334 0.2744140625 0.5773333333333334 0.274169921875 0.572 0.27197265625 0.569 0.267333984375 0.567 0.26123046875 0.5663333333333334 0.260498046875 0.5633333333333334 0.260986328125 0.5563333333333333 0.259765625 0.554 0.2578125 0.5533333333333333 0.251708984375 0.553 0.24755859375 0.555 0.239990234375 0.5646666666666667 0.238037109375 0.5716666666666667 0.236572265625 0.584 0.237060546875 0.5876666666666667 0.242431640625 0.5903333333333334 0.244140625 0.5953333333333334
1 0.2705078125 0.978 0.275146484375 0.9843333333333333 0.279296875 0.9853333333333333 0.283203125 0.9826666666666667 0.28515625 0.9746666666666667 0.284423828125 0.9616666666666667 0.2822265625 0.9493333333333334 0.279541015625 0.944 0.268310546875 0.9403333333333334 0.26416015625 0.9406666666666667 0.255126953125 0.9456666666666667 0.25390625 0.9486666666666667 0.253662109375 0.951 0.255126953125 0.9553333333333334 0.263671875 0.958 0.2705078125 0.978
1 0.20947265625 0.8713333333333333 0.21240234375 0.869 0.2099609375 0.8653333333333333 0.205078125 0.862 0.200927734375 0.8616666666666667 0.197265625 0.8636666666666667 0.1953125 0.865 0.1953125 0.8686666666666667 0.19970703125 0.8706666666666667 0.20947265625 0.8713333333333333
1 0.095947265625 0.9316666666666666 0.098876953125 0.9283333333333333 0.09912109375 0.9243333333333333 0.092529296875 0.9203333333333333 0.091552734375 0.9183333333333333 0.087646484375 0.9193333333333333 0.072021484375 0.928 0.069091796875 0.931 0.0703125 0.9393333333333334 0.076416015625 0.9396666666666667 0.08837890625 0.9356666666666666 0.095947265625 0.9316666666666666
1 0.021240234375 0.715 0.024169921875 0.7093333333333334 0.031005859375 0.707 0.03515625 0.701 0.038818359375 0.693 0.0390625 0.689 0.03662109375 0.686 0.033203125 0.6856666666666666 0.029541015625 0.688 0.022216796875 0.6813333333333333 0.013671875 0.6773333333333333 0.00830078125 0.6776666666666666 0.009033203125 0.693 0.0146484375 0.701 0.0166015625 0.7093333333333334 0.021240234375 0.715
1 0.94793701171875 0.70525 0.953125 0.7163333333333334 0.9541015625 0.721 0.952880859375 0.7403333333333333 0.951416015625 0.744 0.95361328125 0.7523333333333333 0.967529296875 0.764 0.977783203125 0.768 0.986328125 0.7663333333333333 0.999755859375 0.7546666666666667 0.999755859375 0.656 0.993896484375 0.6553333333333333 0.989501953125 0.657 0.983154296875 0.663 0.976318359375 0.6673333333333333 0.970458984375 0.6766666666666666 0.96875 0.6833333333333333 0.967041015625 0.6843333333333333 0.955078125 0.6773333333333333 0.943359375 0.673 0.93896484375 0.6776666666666666 0.93701171875 0.684 0.93603515625 0.6893333333333334 0.938232421875 0.694 0.941162109375 0.6986666666666667 0.94793701171875 0.70525
1 0.646240234375 0.25566666666666665 0.653564453125 0.25066666666666665 0.657470703125 0.24466666666666667 0.657958984375 0.24 0.64599609375 0.23166666666666666 0.63818359375 0.22933333333333333 0.634521484375 0.23166666666666666 0.630126953125 0.24533333333333332 0.6298828125 0.25166666666666665 0.631103515625 0.254 0.6416015625 0.256 0.646240234375 0.25566666666666665
1 0.685302734375 0.23766666666666666 0.689453125 0.23633333333333334 0.6904296875 0.233 0.68994140625 0.22866666666666666 0.685546875 0.222 0.682861328125 0.219 0.677734375 0.21633333333333332 0.673583984375 0.21833333333333332 0.673583984375 0.22433333333333333 0.6748046875 0.22533333333333333 0.6787109375 0.235 0.685302734375 0.23766666666666666
1 0.306640625 0.5796666666666667 0.314208984375 0.5853333333333334 0.321533203125 0.5856666666666667 0.328857421875 0.576 0.32763671875 0.572 0.3173828125 0.565 0.314208984375 0.5583333333333333 0.310546875 0.558 0.302490234375 0.5543333333333333 0.294921875 0.5566666666666666 0.294189453125 0.56 0.294189453125 0.568 0.29541015625 0.572 0.30224609375 0.5793333333333334 0.306640625 0.5796666666666667
1 0.38623046875 0.613 0.384765625 0.6096666666666667 0.381103515625 0.6083333333333333 0.376953125 0.6096666666666667 0.376220703125 0.615 0.37451171875 0.619 0.374267578125 0.6266666666666667 0.384521484375 0.6326666666666667 0.387939453125 0.6306666666666667 0.38623046875 0.613
1 0.3115234375 0.6573333333333333 0.314208984375 0.661 0.322265625 0.6593333333333333 0.3251953125 0.6536666666666666 0.326904296875 0.6463333333333333 0.32275390625 0.642 0.302978515625 0.6356666666666667 0.298583984375 0.6356666666666667 0.294677734375 0.6436666666666667 0.29443359375 0.6493333333333333 0.295166015625 0.651 0.306884765625 0.6546666666666666 0.3115234375 0.6573333333333333
1 0.193115234375 0.31566666666666665 0.201904296875 0.316 0.204833984375 0.31733333333333336 0.213623046875 0.31666666666666665 0.22021484375 0.31833333333333336 0.232421875 0.315 0.2392578125 0.31033333333333335 0.2421875 0.30266666666666664 0.24560546875 0.287 0.244140625 0.278 0.240478515625 0.2683333333333333 0.23583984375 0.26 0.231201171875 0.25933333333333336 0.220703125 0.263 0.214111328125 0.263 0.201171875 0.253 0.193603515625 0.25533333333333336 0.189453125 0.26 0.1884765625 0.2633333333333333 0.188720703125 0.26766666666666666 0.184326171875 0.286 0.18408203125 0.2916666666666667 0.187255859375 0.3005 0.187744140625 0.30633333333333335 0.193115234375 0.31566666666666665
1 0.229248046875 0.13833333333333334 0.23095703125 0.141 0.232177734375 0.14633333333333334 0.23583984375 0.14933333333333335 0.241455078125 0.14633333333333334 0.243896484375 0.14233333333333334 0.248046875 0.12833333333333333 0.24658203125 0.12166666666666667 0.240234375 0.115 0.23876953125 0.11533333333333333 0.23291015625 0.12033333333333333 0.22607421875 0.12266666666666666 0.2294921875 0.132 0.229248046875 0.13833333333333334
1 0.392578125 0.35 0.39453125 0.346 0.39404296875 0.3416666666666667 0.388671875 0.33766666666666667 0.380859375 0.3343333333333333 0.37646484375 0.3373333333333333 0.376220703125 0.3416666666666667 0.377197265625 0.343 0.388427734375 0.35 0.392578125 0.35
1 0.50537109375 0.364 0.508544921875 0.357 0.505615234375 0.3476666666666667 0.501953125 0.3473333333333333 0.497314453125 0.353 0.495849609375 0.365 0.501953125 0.37466666666666665 0.5048828125 0.36933333333333335 0.50537109375 0.364
1 0.525390625 0.283 0.526123046875 0.28 0.525390625 0.27566666666666667 0.524169921875 0.275 0.51513671875 0.27466666666666667 0.51318359375 0.2763333333333333 0.513427734375 0.281 0.517333984375 0.286 0.52392578125 0.2843333333333333 0.525390625 0.283
1 0.544921875 0.995 0.548828125 0.9966666666666667 0.556640625 0.99 0.557373046875 0.9863333333333333 0.55712890625 0.9746666666666667 0.55419921875 0.961 0.549072265625 0.9573333333333334 0.545166015625 0.9586666666666667 0.5458984375 0.967 0.541748046875 0.9783333333333334 0.54541015625 0.9856666666666667 0.544921875 0.995
1 0.586181640625 0.9323333333333333 0.5859375 0.9276666666666666 0.583984375 0.925 0.57568359375 0.923 0.575927734375 0.928 0.5810546875 0.933 0.583984375 0.9343333333333333 0.586181640625 0.9323333333333333
1 0.075927734375 0.33066666666666666 0.0830078125 0.32266666666666666 0.087646484375 0.32166666666666666 0.093994140625 0.31766666666666665 0.093994140625 0.31433333333333335 0.091552734375 0.30866666666666664 0.07470703125 0.303 0.071044921875 0.2956666666666667 0.062255859375 0.29 0.05712890625 0.29133333333333333 0.046630859375 0.291 0.045166015625 0.294 0.044677734375 0.303 0.041748046875 0.31033333333333335 0.04150390625 0.31433333333333335 0.04443359375 0.31833333333333336 0.064208984375 0.32766666666666666 0.075927734375 0.33066666666666666
1 0.443359375 0.44966666666666666 0.446044921875 0.4503333333333333 0.451171875 0.448 0.451904296875 0.441 0.453369140625 0.437 0.45654296875 0.43533333333333335 0.45703125 0.43133333333333335 0.454833984375 0.42866666666666664 0.447998046875 0.42866666666666664 0.446044921875 0.423 0.443603515625 0.4206666666666667 0.44140625 0.422 0.439208984375 0.426 0.439697265625 0.43633333333333335 0.43896484375 0.44333333333333336 0.440673828125 0.447 0.443359375 0.44966666666666666
1 0.394775390625 0.4746666666666667 0.39453125 0.4706666666666667 0.392333984375 0.4686666666666667 0.387939453125 0.4683333333333333 0.379638671875 0.4703333333333333 0.3798828125 0.47333333333333333 0.384033203125 0.47833333333333333 0.392578125 0.47833333333333333 0.394775390625 0.4746666666666667
1 0.673095703125 0.43933333333333335 0.673095703125 0.44333333333333336 0.675537109375 0.4483333333333333 0.685302734375 0.459 0.695068359375 0.461 0.700927734375 0.4656666666666667 0.705322265625 0.4653333333333333 0.706787109375 0.464 0.707763671875 0.46266666666666667 0.706787109375 0.45966666666666667 0.70947265625 0.441 0.709228515625 0.43533333333333335 0.707763671875 0.43233333333333335 0.695068359375 0.4156666666666667 0.689208984375 0.41133333333333333 0.68310546875 0.408 0.674072265625 0.4053333333333333 0.669921875 0.4063333333333333 0.667724609375 0.409 0.665771484375 0.412 0.666015625 0.42766666666666664 0.671875 0.436 0.673095703125 0.43933333333333335
1 0.914306640625 0.22266666666666668 0.915771484375 0.225 0.9150390625 0.23233333333333334 0.91943359375 0.23733333333333334 0.923583984375 0.23733333333333334 0.9267578125 0.234 0.9326171875 0.231 0.93603515625 0.22433333333333333 0.9404296875 0.22133333333333333 0.940673828125 0.22 0.938720703125 0.216 0.941162109375 0.21266666666666667 0.942138671875 0.208 0.945556640625 0.20033333333333334 0.9462890625 0.19333333333333333 0.94287109375 0.18766666666666668 0.935791015625 0.18266666666666667 0.926513671875 0.181 0.9111328125 0.18933333333333333 0.904296875 0.197 0.89990234375 0.20533333333333334 0.8994140625 0.213 0.900390625 0.21666666666666667 0.908203125 0.22133333333333333 0.914306640625 0.22266666666666668