1 0.638671875 0.7303333333333333 0.642822265625 0.74 0.658203125 0.7473333333333333 0.662841796875 0.7466666666666667 0.666748046875 0.7413333333333333 0.672119140625 0.7286666666666667 0.672119140625 0.7196666666666667 0.669677734375 0.7126666666666667 0.666259765625 0.7073333333333334 0.65771484375 0.7023333333333334 0.65087890625 0.7006666666666667 0.650390625 0.7006666666666667 0.64599609375 0.7046666666666667 0.639404296875 0.72 0.638427734375 0.7236666666666667 0.638671875 0.7303333333333333
1 0.683837890625 0.33366666666666667 0.68408203125 0.33766666666666667 0.685791015625 0.3416666666666667 0.6884765625 0.345 0.692626953125 0.3473333333333333 0.6982421875 0.3473333333333333 0.702880859375 0.3453333333333333 0.705078125 0.3423333333333333 0.707763671875 0.3343333333333333 0.70751953125 0.3273333333333333 0.705078125 0.324 0.701171875 0.323 0.699951171875 0.323 0.68994140625 0.324 0.6865234375 0.326 0.685546875 0.32766666666666666 0.683837890625 0.33366666666666667
1 0.607421875 0.358 0.608642578125 0.3606666666666667 0.612548828125 0.365 0.619140625 0.37 0.62353515625 0.37 0.630615234375 0.367 0.63525390625 0.36333333333333334 0.636474609375 0.36033333333333334 0.63671875 0.357 0.63525390625 0.35333333333333333 0.631591796875 0.349 0.62744140625 0.3463333333333333 0.625732421875 0.3463333333333333 0.618896484375 0.3473333333333333 0.6123046875 0.35033333333333333 0.6083984375 0.35333333333333333 0.607421875 0.358
1 0.761474609375 0.5796666666666667 0.7666015625 0.5816666666666667 0.775390625 0.5826666666666667 0.779052734375 0.581 0.78271484375 0.576 0.783447265625 0.5716666666666667 0.782958984375 0.568 0.781982421875 0.5666666666666667 0.779052734375 0.5646666666666667 0.76806640625 0.562 0.766357421875 0.562 0.76318359375 0.563 0.760009765625 0.5686666666666667 0.759521484375 0.5763333333333334 0.761474609375 0.5796666666666667
1 0.88427734375 0.6936666666666667 0.886962890625 0.6973333333333334 0.890380859375 0.6986666666666667 0.89697265625 0.698 0.901611328125 0.6956666666666667 0.9033203125 0.693 0.900146484375 0.6833333333333333 0.897705078125 0.681 0.892822265625 0.68 0.892333984375 0.68 0.887451171875 0.6823333333333333 0.884765625 0.6853333333333333 0.883544921875 0.6893333333333334 0.88427734375 0.6936666666666667
1 0.140625 0.252 0.142822265625 0.257 0.145751953125 0.26033333333333336 0.15478515625 0.266 0.158203125 0.2673333333333333 0.162109375 0.2673333333333333 0.16748046875 0.26033333333333336 0.17138671875 0.25166666666666665 0.172119140625 0.248 0.171630859375 0.241 0.16845703125 0.23233333333333334 0.158203125 0.225 0.155029296875 0.22466666666666665 0.154296875 0.22466666666666665 0.150146484375 0.22766666666666666 0.141845703125 0.239 0.14013671875 0.24366666666666667 0.140625 0.252
1 0.05126953125 0.20433333333333334 0.048828125 0.21766666666666667 0.049560546875 0.221 0.05224609375 0.22366666666666668 0.0615234375 0.22 0.068603515625 0.21566666666666667 0.0703125 0.21433333333333332 0.072265625 0.21066666666666667 0.0751953125 0.194 0.0751953125 0.18533333333333332 0.072265625 0.17833333333333334 0.068359375 0.17466666666666666 0.067626953125 0.17466666666666666 0.06494140625 0.17566666666666667 0.063232421875 0.17766666666666667 0.058349609375 0.19333333333333333 0.05126953125 0.20433333333333334
1 0.13232421875 0.15366666666666667 0.132568359375 0.158 0.13427734375 0.16166666666666665 0.137451171875 0.16533333333333333 0.14208984375 0.16533333333333333 0.147216796875 0.162 0.153564453125 0.15366666666666667 0.1552734375 0.145 0.155029296875 0.13933333333333334 0.154052734375 0.137 0.150390625 0.135 0.149658203125 0.135 0.142578125 0.13666666666666666 0.138427734375 0.139 0.133056640625 0.15 0.13232421875 0.15366666666666667
1 0.013671875 0.16266666666666665 0.017578125 0.166 0.020751953125 0.16533333333333333 0.023681640625 0.161 0.02734375 0.158 0.029296875 0.15433333333333332 0.02978515625 0.14933333333333335 0.02880859375 0.146 0.026611328125 0.14566666666666667 0.02490234375 0.14566666666666667 0.01708984375 0.148 0.013671875 0.15133333333333332 0.010986328125 0.158 0.013671875 0.16266666666666665
1 0.300048828125 0.025 0.30224609375 0.026 0.310546875 0.025333333333333333 0.318603515625 0.021666666666666667 0.320556640625 0.017333333333333333 0.31982421875 0.013666666666666667 0.314208984375 0.006333333333333333 0.310791015625 0.0033333333333333335 0.308837890625 0.0033333333333333335 0.305908203125 0.005 0.29931640625 0.017 0.298828125 0.022 0.300048828125 0.025
1 0.30908203125 0.131 0.311767578125 0.13533333333333333 0.317138671875 0.14033333333333334 0.322265625 0.14133333333333334 0.326171875 0.139 0.32763671875 0.134 0.32470703125 0.127 0.32177734375 0.123 0.318603515625 0.121 0.3173828125 0.121 0.314697265625 0.122 0.310791015625 0.12533333333333332 0.3095703125 0.12733333333333333 0.30908203125 0.131
1 0.16259765625 0 0.16259765625 0.002 0.166748046875 0.013666666666666667 0.169677734375 0.019333333333333334 0.177490234375 0.02 0.1796875 0.017333333333333333 0.179931640625 0.013 0.177734375 0 0.176472900390625 0 0.16259765625 0
1 0.142822265625 0.378 0.142822265625 0.3893333333333333 0.143798828125 0.393 0.14990234375 0.39566666666666667 0.15380859375 0.395 0.1572265625 0.3903333333333333 0.161865234375 0.388 0.16357421875 0.38466666666666666 0.164306640625 0.381 0.16357421875 0.365 0.161865234375 0.3606666666666667 0.158935546875 0.36 0.15771484375 0.36 0.14794921875 0.365 0.144775390625 0.36966666666666664 0.1435546875 0.37266666666666665 0.142822265625 0.378
1 0.376953125 0.288 0.3779296875 0.29 0.3798828125 0.291 0.384765625 0.29 0.3935546875 0.2856666666666667 0.39501953125 0.2833333333333333 0.394775390625 0.279 0.392822265625 0.2763333333333333 0.388916015625 0.275 0.38818359375 0.275 0.380859375 0.277 0.377685546875 0.2793333333333333 0.37646484375 0.2836666666666667 0.376953125 0.288
1 0.216796875 0.5563333333333333 0.216796875 0.5653333333333334 0.220947265625 0.5693333333333334 0.224609375 0.57 0.247802734375 0.5643333333333334 0.25 0.558 0.2490234375 0.5526666666666666 0.2421875 0.543 0.239990234375 0.541 0.236328125 0.5406666666666666 0.236083984375 0.5406666666666666 0.224853515625 0.543 0.221923828125 0.5446666666666666 0.220458984375 0.5466666666666666 0.216796875 0.5563333333333333
1 0.265380859375 0.5346666666666666 0.271240234375 0.5406666666666666 0.275146484375 0.5406666666666666 0.2890625 0.533 0.291015625 0.5296666666666666 0.290771484375 0.5243333333333333 0.286865234375 0.5176666666666667 0.283447265625 0.5163333333333333 0.282958984375 0.5163333333333333 0.27294921875 0.5226666666666666 0.267333984375 0.5246666666666666 0.26513671875 0.5293333333333333 0.265380859375 0.5346666666666666
1 0.35205078125 0.5523333333333333 0.3544921875 0.5566666666666666 0.359375 0.56 0.36767578125 0.5606666666666666 0.37255859375 0.559 0.38330078125 0.55 0.384521484375 0.5486666666666666 0.384765625 0.5466666666666666 0.384521484375 0.5436666666666666 0.3818359375 0.5413333333333333 0.374267578125 0.54 0.3729248046875 0.54 0.36083984375 0.541 0.353759765625 0.5466666666666666 0.3525390625 0.5486666666666666 0.35205078125 0.5523333333333333
1 0.419677734375 0.47833333333333333 0.424072265625 0.478 0.43017578125 0.4736666666666667 0.4384765625 0.4583333333333333 0.439697265625 0.45066666666666666 0.43798828125 0.443 0.435546875 0.43633333333333335 0.4326171875 0.435 0.43115234375 0.435 0.427001953125 0.43866666666666665 0.413330078125 0.4663333333333333 0.413818359375 0.4716666666666667 0.419677734375 0.47833333333333333
1 0.478271484375 0.33 0.482421875 0.3436666666666667 0.484619140625 0.3456666666666667 0.490966796875 0.3463333333333333 0.502197265625 0.343 0.50634765625 0.338 0.50537109375 0.32966666666666666 0.501953125 0.31866666666666665 0.498291015625 0.31066666666666665 0.49560546875 0.30966666666666665 0.4940185546875 0.30966666666666665 0.478759765625 0.31333333333333335 0.474853515625 0.31866666666666665 0.474609375 0.32266666666666666 0.478271484375 0.33
1 0.474365234375 0.28633333333333333 0.4814453125 0.28633333333333333 0.4853515625 0.283 0.48583984375 0.278 0.482177734375 0.2723333333333333 0.4794921875 0.271 0.4775390625 0.271 0.473876953125 0.274 0.471923828125 0.279 0.471923828125 0.2833333333333333 0.474365234375 0.28633333333333333
1 0.43603515625 0.22266666666666668 0.439453125 0.22366666666666668 0.445556640625 0.22066666666666668 0.446533203125 0.21733333333333332 0.446533203125 0.213 0.445068359375 0.20933333333333334 0.442626953125 0.20766666666666667 0.44140625 0.20766666666666667 0.437744140625 0.20833333333333334 0.435302734375 0.212 0.43505859375 0.22033333333333333 0.43603515625 0.22266666666666668
1 0.4501953125 0.162 0.45458984375 0.164 0.458984375 0.16266666666666665 0.461669921875 0.16066666666666668 0.463623046875 0.158 0.46435546875 0.15466666666666667 0.4638671875 0.15133333333333332 0.462646484375 0.14933333333333335 0.455810546875 0.147 0.45458984375 0.147 0.449462890625 0.14933333333333335 0.447998046875 0.15333333333333332 0.448486328125 0.158 0.4501953125 0.162
1 0.65576171875 0.221 0.658203125 0.22733333333333333 0.66357421875 0.22833333333333333 0.66943359375 0.227 0.67431640625 0.223 0.67578125 0.21766666666666667 0.675537109375 0.212 0.673828125 0.206 0.670166015625 0.204 0.668701171875 0.204 0.660888671875 0.206 0.65673828125 0.20966666666666667 0.65576171875 0.214 0.65576171875 0.221
1 0.549560546875 0.6026666666666667 0.552734375 0.6076666666666667 0.558837890625 0.6123333333333333 0.5625 0.6136666666666667 0.56787109375 0.613 0.569580078125 0.611 0.570068359375 0.608 0.568359375 0.596 0.564453125 0.589 0.560791015625 0.5873333333333334 0.5595703125 0.5873333333333334 0.556396484375 0.5883333333333334 0.549560546875 0.595 0.548828125 0.5986666666666667 0.549560546875 0.6026666666666667
1 0.624267578125 0.13466666666666666 0.629150390625 0.145 0.633056640625 0.146 0.637939453125 0.14533333333333334 0.64404296875 0.142 0.6474609375 0.13866666666666666 0.6484375 0.135 0.6474609375 0.13133333333333333 0.646484375 0.129 0.642578125 0.12466666666666666 0.64111328125 0.12466666666666666 0.630615234375 0.12566666666666668 0.626953125 0.127 0.623779296875 0.13033333333333333 0.624267578125 0.13466666666666666
1 0.66943359375 0.16733333333333333 0.674072265625 0.16733333333333333 0.68115234375 0.16066666666666668 0.6826171875 0.158 0.681884765625 0.15433333333333332 0.677734375 0.151 0.67431640625 0.14966666666666667 0.67333984375 0.14966666666666667 0.669677734375 0.15133333333333332 0.66357421875 0.15766666666666668 0.662841796875 0.162 0.66943359375 0.16733333333333333
1 0.76025390625 0.034333333333333334 0.760009765625 0.037 0.761474609375 0.04066666666666666 0.763427734375 0.042666666666666665 0.767822265625 0.042333333333333334 0.789306640625 0.033 0.791015625 0.030333333333333334 0.79052734375 0.026333333333333334 0.78662109375 0.022 0.783203125 0.02033333333333333 0.781982421875 0.02033333333333333 0.775634765625 0.021333333333333333 0.763427734375 0.027333333333333334 0.761962890625 0.029 0.76025390625 0.034333333333333334
1 0.88671875 0.18133333333333335 0.886962890625 0.18566666666666667 0.88818359375 0.19 0.889892578125 0.19133333333333333 0.89697265625 0.19166666666666668 0.89990234375 0.18933333333333333 0.902099609375 0.18366666666666667 0.902587890625 0.177 0.900390625 0.174 0.896484375 0.172 0.89501953125 0.172 0.89208984375 0.172 0.889892578125 0.17333333333333334 0.8876953125 0.17733333333333334 0.88671875 0.18133333333333335
1 0.603271484375 0.6453333333333333 0.606689453125 0.6456666666666667 0.613525390625 0.645 0.6162109375 0.6433333333333333 0.61767578125 0.639 0.6171875 0.6346666666666667 0.61474609375 0.632 0.608642578125 0.6303333333333333 0.607421875 0.6303333333333333 0.60302734375 0.631 0.6005859375 0.634 0.600830078125 0.6426666666666667 0.603271484375 0.6453333333333333
1 0.761962890625 0.959 0.763671875 0.9663333333333334 0.77001953125 0.969 0.775146484375 0.9676666666666667 0.777099609375 0.9626666666666667 0.775146484375 0.951 0.771728515625 0.9466666666666667 0.7705078125 0.9466666666666667 0.7646484375 0.9476666666666667 0.76220703125 0.9503333333333334 0.76171875 0.9526666666666667 0.761962890625 0.959
1 0.798583984375 0.822 0.8037109375 0.8226666666666667 0.806640625 0.821 0.80712890625 0.8176666666666667 0.806396484375 0.8153333333333334 0.802490234375 0.8113333333333334 0.80224609375 0.8113333333333334 0.798828125 0.812 0.797119140625 0.8143333333333334 0.796630859375 0.8186666666666667 0.798583984375 0.822
1 0.763671875 0.817 0.767333984375 0.8166666666666667 0.7685546875 0.8146666666666667 0.769287109375 0.806 0.767578125 0.8026666666666666 0.76708984375 0.8026666666666666 0.763671875 0.8043333333333333 0.762939453125 0.8063333333333333 0.762939453125 0.815 0.763671875 0.817
1 0.900390625 0.8843333333333333 0.904541015625 0.889 0.908203125 0.8893333333333333 0.912109375 0.888 0.91552734375 0.8846666666666667 0.916015625 0.8816666666666667 0.91552734375 0.88 0.912109375 0.878 0.9107666015625 0.878 0.904052734375 0.878 0.90087890625 0.879 0.89990234375 0.8803333333333333 0.900390625 0.8843333333333333
1 0.731201171875 0.24666666666666667 0.73291015625 0.247 0.736572265625 0.24533333333333332 0.740234375 0.24 0.740234375 0.236 0.736572265625 0.233 0.73583984375 0.233 0.732421875 0.23466666666666666 0.729248046875 0.24 0.729248046875 0.24433333333333335 0.731201171875 0.24666666666666667
1 0.55126953125 0.7693333333333333 0.556640625 0.7706666666666667 0.559326171875 0.7676666666666667 0.560791015625 0.763 0.558837890625 0.759 0.552734375 0.7533333333333333 0.552490234375 0.753 0.548583984375 0.7553333333333333 0.546875 0.7596666666666667 0.54638671875 0.7636666666666667 0.55126953125 0.7693333333333333
1 0.291259765625 0.6533333333333333 0.294921875 0.657 0.298095703125 0.6586666666666666 0.3017578125 0.6586666666666666 0.30322265625 0.6576666666666666 0.30712890625 0.651 0.307373046875 0.6463333333333333 0.304443359375 0.643 0.29931640625 0.6406666666666667 0.297607421875 0.6406666666666667 0.294677734375 0.6416666666666667 0.291259765625 0.6463333333333333 0.29052734375 0.6506666666666666 0.291259765625 0.6533333333333333
1 0 0.19 0.001953125 0.19 0.017333984375 0.17833333333333334 0.02099609375 0.174 0.0224609375 0.17 0.018310546875 0.16433333333333333 0.013671875 0.16133333333333333 0.01220703125 0.15933333333333333 0.006103515625 0.15566666666666668 0.002197265625 0.155 0 0.155 0 0.19
1 0.572021484375 0.852 0.57373046875 0.8496666666666667 0.573486328125 0.8456666666666667 0.572021484375 0.8443333333333334 0.57080078125 0.8443333333333334 0.564697265625 0.8453333333333334 0.56494140625 0.8496666666666667 0.56787109375 0.8523333333333334 0.572021484375 0.852
1 0.79723876953125 0.45241233333333336 0.7980087890625 0.44847033333333336 0.792948974609375 0.43913633333333335 0.7890078125 0.45017833333333335 0.790451904296875 0.4545803333333333 0.792617919921875 0.45464600000000005 0.79723876953125 0.45241233333333336
1 0.6318359375 0.09933333333333333 0.63525390625 0.10366666666666667 0.63818359375 0.10566666666666667 0.6416015625 0.10533333333333333 0.64501953125 0.10333333333333333 0.647216796875 0.09933333333333333 0.647216796875 0.09566666666666666 0.645751953125 0.09033333333333333 0.644775390625 0.08766666666666667 0.642578125 0.086 0.64111328125 0.086 0.634765625 0.08833333333333333 0.6318359375 0.092 0.630615234375 0.095 0.6318359375 0.09933333333333333
1 0.626708984375 0.04533333333333334 0.630859375 0.045 0.633056640625 0.04133333333333333 0.6328125 0.033 0.630859375 0.031 0.6292724609375 0.031 0.62646484375 0.03133333333333333 0.624267578125 0.034 0.6240234375 0.04133333333333333 0.626708984375 0.04533333333333334
1 0.525634765625 0.693 0.527587890625 0.6896666666666667 0.52734375 0.6853333333333333 0.525146484375 0.681 0.521728515625 0.6803333333333333 0.521240234375 0.6803333333333333 0.51806640625 0.6816666666666666 0.5185546875 0.69 0.521484375 0.6933333333333334 0.525634765625 0.693
1 0.505615234375 0.5936666666666667 0.507080078125 0.591 0.507568359375 0.5876666666666667 0.505615234375 0.586 0.5029296875 0.5856666666666667 0.501708984375 0.5856666666666667 0.498779296875 0.588 0.498046875 0.5916666666666667 0.501708984375 0.5943333333333334 0.505615234375 0.5936666666666667
1 0.561279296875 0.9136666666666666 0.563720703125 0.9156666666666666 0.567626953125 0.914 0.5693359375 0.908 0.568603515625 0.8973333333333333 0.568115234375 0.8963333333333333 0.565673828125 0.896 0.564208984375 0.896 0.561767578125 0.9 0.56201171875 0.9043333333333333 0.56103515625 0.908 0.561279296875 0.9136666666666666
1 0.420654296875 0.8673333333333333 0.42333984375 0.865 0.423583984375 0.8593333333333333 0.4228515625 0.8576666666666667 0.42138671875 0.857 0.419189453125 0.857 0.415771484375 0.8613333333333333 0.416015625 0.8663333333333333 0.418212890625 0.8673333333333333 0.420654296875 0.8673333333333333
1 0.236083984375 0.6006666666666667 0.239990234375 0.599 0.24169921875 0.5963333333333334 0.241943359375 0.5953333333333334 0.240234375 0.5916666666666667 0.23876953125 0.5916666666666667 0.236328125 0.592 0.23388671875 0.5953333333333334 0.234619140625 0.5993333333333334 0.236083984375 0.6006666666666667
1 0.596435546875 0.5576666666666666 0.599365234375 0.5563333333333333 0.60107421875 0.5526666666666666 0.599609375 0.5483333333333333 0.598388671875 0.5483333333333333 0.595458984375 0.5486666666666666 0.5927734375 0.5516666666666666 0.593505859375 0.5566666666666666 0.596435546875 0.5576666666666666
1 0.332763671875 0.979 0.333740234375 0.9816666666666667 0.337646484375 0.9836666666666667 0.343994140625 0.9836666666666667 0.350341796875 0.9813333333333333 0.360107421875 0.975 0.360595703125 0.9703333333333334 0.359375 0.9663333333333334 0.357421875 0.9643333333333334 0.353515625 0.9626666666666667 0.351969482421875 0.9626666666666667 0.345458984375 0.9636666666666667 0.335205078125 0.9696666666666667 0.332763671875 0.976 0.332763671875 0.979
1 0.185302734375 0.6943333333333334 0.18994140625 0.6926666666666667 0.191650390625 0.6903333333333334 0.194091796875 0.6823333333333333 0.194091796875 0.6773333333333333 0.193359375 0.6753333333333333 0.189697265625 0.6736666666666666 0.18896484375 0.6736666666666666 0.184814453125 0.676 0.181640625 0.685 0.18212890625 0.691 0.185302734375 0.6943333333333334
1 0.87109375 0.123 0.872802734375 0.124 0.874755859375 0.12333333333333334 0.8798828125 0.11866666666666667 0.88330078125 0.111 0.883544921875 0.108 0.881103515625 0.103 0.87890625 0.103 0.876953125 0.10333333333333333 0.869384765625 0.115 0.868896484375 0.119 0.87109375 0.123
1 0.888427734375 0.6036666666666667 0.892578125 0.607 0.901611328125 0.6076666666666667 0.923828125 0.5993333333333334 0.92529296875 0.5943333333333334 0.923583984375 0.584 0.920166015625 0.5813333333333334 0.916015625 0.58 0.914306640625 0.58 0.908203125 0.581 0.892333984375 0.5876666666666667 0.888671875 0.5926666666666667 0.888427734375 0.6036666666666667
1 0.73583984375 0.7523333333333333 0.738525390625 0.753 0.743408203125 0.7516666666666667 0.740966796875 0.7446666666666667 0.739501953125 0.743 0.737060546875 0.7423333333333333 0.7353515625 0.7423333333333333 0.732177734375 0.7436666666666667 0.73193359375 0.748 0.733642578125 0.7503333333333333 0.73583984375 0.7523333333333333
1 0.535888671875 0.5823333333333334 0.537841796875 0.58 0.536865234375 0.576 0.534423828125 0.5756666666666667 0.532958984375 0.5756666666666667 0.5302734375 0.5796666666666667 0.53076171875 0.5816666666666667 0.532470703125 0.5833333333333334 0.535888671875 0.5823333333333334
1 0.536865234375 0.619 0.536865234375 0.6136666666666667 0.5341796875 0.612 0.532958984375 0.612 0.531005859375 0.6146666666666667 0.53125 0.619 0.53271484375 0.6203333333333333 0.536865234375 0.619
1 0.423583984375 0.7876666666666666 0.426513671875 0.7833333333333333 0.42626953125 0.7793333333333333 0.424072265625 0.7766666666666666 0.42041015625 0.7746666666666666 0.4189453125 0.7746666666666666 0.4169921875 0.7756666666666666 0.416015625 0.7796666666666666 0.41943359375 0.786 0.423583984375 0.7876666666666666
1 0.212646484375 0.14966666666666667 0.217041015625 0.14966666666666667 0.21826171875 0.14466666666666667 0.218017578125 0.14233333333333334 0.216552734375 0.14066666666666666 0.215576171875 0.14066666666666666 0.212890625 0.141 0.211181640625 0.14366666666666666 0.210693359375 0.14666666666666667 0.212646484375 0.14966666666666667
1 0.017578125 0.132 0.02001953125 0.13066666666666665 0.021484375 0.127 0.021240234375 0.123 0.019938232421875 0.123 0.0146484375 0.12433333333333334 0.013427734375 0.12666666666666668 0.013671875 0.131 0.017578125 0.132
1 0.713623046875 0.7166666666666667 0.7138671875 0.7206666666666667 0.716796875 0.7296666666666667 0.72412109375 0.7343333333333333 0.728515625 0.734 0.73583984375 0.731 0.73876953125 0.7246666666666667 0.73828125 0.7166666666666667 0.736328125 0.7113333333333334 0.732666015625 0.7083333333333334 0.729248046875 0.7076666666666667 0.727783203125 0.7076666666666667 0.72412109375 0.708 0.718505859375 0.7106666666666667 0.71630859375 0.7123333333333334 0.713623046875 0.7166666666666667