1 0.6459007548828125 0.7091310753333334 0.645361380859375 0.7091310753333334 0.64050701171875 0.7135493373333334 0.6332254584960938 0.7304860086666666 0.6321467099609375 0.7345360826666667 0.6324163969726563 0.7418998526666666 0.6370010786132813 0.7525773193333333 0.6539913701171876 0.7606774666666667 0.6591154262695312 0.75994109 0.6634304208984375 0.7540500733333333 0.6693635380859375 0.74005891 0.6693635380859375 0.7301178199999999 0.6666666665039063 0.7223858613333334 0.6628910463867187 0.7164948453333333 0.6534519956054687 0.710972018 0.6459007548828125 0.7091310753333334
1 0.7057713051757812 0.293078056 0.701456310546875 0.29197349066666667 0.700107875 0.29197349066666667 0.689050701171875 0.293078056 0.6852750810546875 0.29528718733333337 0.68419633203125 0.2971281293333333 0.6823085219726562 0.30375552266666667 0.6825782094726562 0.3081737846666667 0.68446601953125 0.31259204733333334 0.687432578125 0.316273932 0.692017259765625 0.31885125200000003 0.6982200649414062 0.31885125200000003 0.7033441206054688 0.3166421206666667 0.7057713051757812 0.313328424 0.7087378642578125 0.3044919 0.7084681767578125 0.29675994133333333 0.7057713051757812 0.293078056
1 0.6245954692382812 0.32069219466666665 0.6200107875976563 0.317746686 0.6181229775390625 0.317746686 0.6105717368164062 0.31885125200000003 0.60329018359375 0.3221649486666667 0.5989751889648437 0.3254786453333333 0.5978964399414063 0.330633284 0.5992448759765625 0.3335787926666666 0.6035598706054688 0.33836524333333334 0.610841423828125 0.34388807066666666 0.61569579296875 0.34388807066666666 0.623516720703125 0.340574374 0.6286407768554687 0.33652430066666666 0.6299892124023437 0.33321060399999997 0.6302588999023437 0.32952871866666666 0.6286407768554687 0.3254786453333333 0.6245954692382812 0.32069219466666665
1 0.773462783203125 0.5559646540000001 0.7699568500976562 0.5570692193333333 0.7664509169921875 0.5633284239999999 0.7659115424804688 0.57179676 0.7680690400390625 0.5754786453333334 0.7737324702148437 0.577687776 0.7834412080078125 0.578792342 0.787486515625 0.5769513993333333 0.7915318232421875 0.5714285713333334 0.792340884765625 0.5666421206666666 0.7918015102539062 0.5625920473333333 0.79072276171875 0.5611192933333333 0.787486515625 0.558910162 0.7753505932617187 0.5559646540000001 0.773462783203125 0.5559646540000001
1 0.9072276157226562 0.6888807066666667 0.9042610571289063 0.6921944033333333 0.9029126215820312 0.6966126659999999 0.9037216826171875 0.7013991166666667 0.9066882416992188 0.70544919 0.9104638618164063 0.706921944 0.9177454155273438 0.7061855673333333 0.9228694711914063 0.7036082473333333 0.9247572817382812 0.7006627393333333 0.9212513486328126 0.6899852726666666 0.9185544770507813 0.6874079526666667 0.9131607333984375 0.6863033873333334 0.912621359375 0.6863033873333334 0.9072276157226562 0.6888807066666667
1 0.11299892138671876 0.19182621533333336 0.101672060546875 0.18372606800000002 0.09816612744140625 0.1833578793333333 0.09735706591796875 0.1833578793333333 0.09277238427734374 0.186671576 0.0836030205078125 0.19918998533333335 0.08171521044921876 0.20434462466666667 0.08225458447265625 0.21354933733333334 0.08468176904296874 0.21907216466666668 0.08791801513671875 0.22275405 0.09789643994140625 0.22901325466666667 0.101672060546875 0.2304860086666667 0.10598705517578125 0.2304860086666667 0.11192017236328125 0.22275405 0.1162351669921875 0.21318114866666668 0.117044228515625 0.20913107533333333 0.1165048544921875 0.20139911666666668 0.11299892138671876 0.19182621533333336
1 0 0.17506729 0.00269687158203125 0.17341678933333332 0.004584681640625 0.17194403533333333 0.00674217919921875 0.167893962 0.0099784248046875 0.149484536 0.0099784248046875 0.13991163466666665 0.00674217919921875 0.132179676 0.0024271845703125 0.12812960266666665 0.001618123046875 0.12812960266666665 0 0.12873209266666666 0 0.17506729
1 0.0930420712890625 0.08431516933333333 0.092233009765625 0.08431516933333333 0.08441208203125 0.086156112 0.079827400390625 0.08873343133333333 0.07389428271484375 0.10088365266666667 0.07308522119140624 0.10493372599999999 0.073354908203125 0.10972017666666667 0.07524271826171874 0.11377025066666666 0.0787486513671875 0.117820324 0.08387270751953126 0.117820324 0.08953613818359375 0.11413843866666668 0.09654800439453125 0.10493372599999999 0.098435814453125 0.09536082466666666 0.09816612744140625 0.08910162 0.09708737841796874 0.08652430066666666 0.0930420712890625 0.08431516933333333
1 0.2745415317382813 0.06995581733333332 0.270226537109375 0.07363770266666667 0.2688781015625 0.07584683333333334 0.26833872705078127 0.07989690733333334 0.27130528564453127 0.084683358 0.2772384033203125 0.09020618533333334 0.282901833984375 0.09131075133333333 0.28721682861328124 0.08873343133333333 0.28883495166015627 0.083210604 0.28559870556640626 0.07547864533333333 0.28236245947265626 0.07106038266666667 0.2788565263671875 0.068851252 0.2775080908203125 0.068851252 0.2745415317382813 0.06995581733333332
1 0.10571736767578126 0.3335787926666666 0.1024811220703125 0.3328424153333333 0.10113268603515625 0.3328424153333333 0.09034519970703125 0.33836524333333334 0.0868392666015625 0.343519882 0.08549083056640625 0.34683357866666664 0.08468176904296874 0.35272459466666667 0.08468176904296874 0.36524300466666665 0.085760517578125 0.369293078 0.09250269677734375 0.37223858600000004 0.09681769140625 0.3715022093333334 0.1005933115234375 0.36634756999999996 0.10571736767578126 0.3637702506666667 0.10760517822265625 0.3600883653333334 0.1084142392578125 0.35603829133333337 0.10760517822265625 0.33836524333333334 0.10571736767578126 0.3335787926666666
1 0.3476267529296875 0.241163476 0.34412081982421877 0.24374079533333334 0.34277238427734374 0.24852724599999998 0.34331175830078126 0.2533136966666667 0.3443905068359375 0.255522828 0.34654800439453126 0.25662739333333334 0.35194174755859375 0.255522828 0.3616504853515625 0.2507363773333333 0.3632686083984375 0.24815905733333332 0.36299892138671874 0.24337260666666669 0.360841423828125 0.24042709866666667 0.35652642919921873 0.23895434466666665 0.35571736767578127 0.23895434466666665 0.3476267529296875 0.241163476
1 0.18770226513671875 0.5324005893333333 0.17529665576171874 0.5349779086666666 0.17206041015625 0.5368188513333334 0.170442287109375 0.539027982 0.1663969794921875 0.5497054493333333 0.1663969794921875 0.5596465393333334 0.1709816611328125 0.5640648013333334 0.17502696875 0.564801178 0.2006472490234375 0.5585419733333333 0.20307443359375 0.551546392 0.20199568505859375 0.5456553753333333 0.1944444443359375 0.5349779086666666 0.192017259765625 0.5327687773333334 0.18797195263671876 0.5324005893333333 0.18770226513671875 0.5324005893333333
1 0.22222222216796875 0.5147275406666667 0.21979503759765626 0.51988218 0.22006472509765626 0.525773196 0.226537216796875 0.5324005893333333 0.23085221142578125 0.5324005893333333 0.2462243798828125 0.5239322533333333 0.248381876953125 0.520250368 0.24811218994140624 0.514359352 0.2437971953125 0.5069955820000001 0.2400215751953125 0.5055228279999999 0.23948220068359374 0.5055228279999999 0.22842502685546875 0.5125184093333334 0.22222222216796875 0.5147275406666667
1 0.34034519970703125 0.531664212 0.3388619204101562 0.531664212 0.32551240576171875 0.5327687773333334 0.31769147802734377 0.539027982 0.3163430419921875 0.5412371133333334 0.31580366796875 0.5452871873333334 0.3185005395507812 0.550073638 0.3238942827148438 0.5537555226666667 0.3330636459960937 0.5544919 0.3384573896484375 0.5526509573333334 0.3503236245117187 0.5427098673333334 0.351672060546875 0.5412371133333334 0.35194174755859375 0.539027982 0.351672060546875 0.5357142859999999 0.34870550146484375 0.533136966 0.34034519970703125 0.531664212
1 0.3834951455078125 0.4502945506666667 0.38403452001953126 0.4561855673333334 0.39050701171875 0.46354933733333337 0.395361380859375 0.46318114866666665 0.40210356005859377 0.458394698 0.4112729233398438 0.44145802666666667 0.412621359375 0.4329896906666667 0.41073354931640627 0.42452135466666663 0.40803667724609377 0.41715758466666664 0.404800431640625 0.41568483066666667 0.40318230859375 0.41568483066666667 0.398597626953125 0.41973490399999996 0.3834951455078125 0.4502945506666667
1 0.4726267529296875 0.27724595 0.45577130517578124 0.2812960233333333 0.451456310546875 0.28718704 0.45118662353515626 0.291605302 0.4552319311523437 0.2997054493333333 0.45981661279296876 0.314801178 0.46224379736328125 0.31701030933333335 0.4692556635742188 0.317746686 0.48166127294921873 0.3140648013333333 0.48624595458984377 0.30854197333333333 0.4851672060546875 0.29933726066666666 0.4813915859375 0.28718704 0.4773462783203125 0.2783505153333333 0.4743797197265625 0.27724595 0.4726267529296875 0.27724595
1 0.4509169365234375 0.251472754 0.4587378642578125 0.251472754 0.46305285888671877 0.24779086866666666 0.4635922329101563 0.24226804133333332 0.45954692578125 0.23600883666666667 0.45658036669921875 0.23453608266666667 0.45442286962890627 0.23453608266666667 0.45037756201171875 0.23784977933333334 0.44822006494140626 0.24337260666666669 0.44822006494140626 0.24815905733333332 0.4509169365234375 0.251472754
1 0.40749730322265626 0.17857142866666667 0.4085760517578125 0.181148748 0.412351671875 0.182253314 0.41909385107421876 0.17893961733333333 0.420172599609375 0.175257732 0.420172599609375 0.17047128133333334 0.41855447705078125 0.16642120733333332 0.41585760498046875 0.16458026533333334 0.4145091694335937 0.16458026533333334 0.41046386181640626 0.165316642 0.407766990234375 0.169366716 0.40749730322265626 0.17857142866666667
1 0.423408845703125 0.10014727533333333 0.42179072265625 0.10456553733333333 0.42233009716796877 0.10972017666666667 0.4242179072265625 0.11413843866666668 0.4290722763671875 0.11634757 0.43392664501953127 0.11487481599999999 0.4368932041015625 0.11266568466666667 0.439050701171875 0.10972017666666667 0.4398597626953125 0.10603829133333333 0.43932038818359376 0.10235640666666666 0.43797195263671873 0.10014727533333333 0.4304207119140625 0.09756995599999999 0.4290722763671875 0.09756995599999999 0.423408845703125 0.10014727533333333
1 0.6569579287109375 0.16273932266666666 0.6523732470703125 0.16678939599999998 0.6512944985351562 0.17157584666666667 0.6512944985351562 0.17930780533333332 0.6539913701171876 0.18630338733333335 0.6599244877929688 0.18740795266666666 0.6663969794921875 0.1859351986666667 0.67179072265625 0.18151693666666666 0.673408845703125 0.17562592066666666 0.6731391586914063 0.169366716 0.6712513486328126 0.16273932266666666 0.667206041015625 0.16053019133333332 0.66558791796875 0.16053019133333332 0.6569579287109375 0.16273932266666666
1 0.5450377563476563 0.5839469806666667 0.5415318232421875 0.5850515466666667 0.5339805825195313 0.5924153166666667 0.5331715209960938 0.59646539 0.5339805825195313 0.6008836526666667 0.537486515625 0.6064064800000001 0.5442286948242188 0.6115611193333333 0.548274001953125 0.6130338733333333 0.5542071196289062 0.6122974959999999 0.5560949296875 0.6100883653333333 0.5566343041992188 0.6067746686666667 0.554746494140625 0.5935198819999999 0.5504314995117188 0.5857879233333333 0.5463861918945313 0.5839469806666667 0.5450377563476563 0.5839469806666667
1 0.6351132685546875 0.07290132533333334 0.623516720703125 0.07400589133333334 0.6194714130859375 0.07547864533333333 0.6159654799804688 0.07916053 0.6165048544921875 0.08394698066666667 0.62189859765625 0.09536082466666666 0.6262135922851563 0.09646539 0.6316073354492188 0.09572901333333333 0.6383495146484375 0.092047128 0.642125134765625 0.08836524333333333 0.6432038833007813 0.08431516933333333 0.642125134765625 0.080265096 0.6410463862304687 0.077687776 0.6367313916015624 0.07290132533333334 0.6351132685546875 0.07290132533333334
1 0.6591154262695312 0.11413843866666668 0.6663969794921875 0.12002945533333334 0.6715210356445313 0.12002945533333334 0.6793419633789063 0.11266568466666667 0.6809600864257812 0.10972017666666667 0.6801510249023438 0.10567010333333333 0.6755663432617187 0.101988218 0.67179072265625 0.10051546400000001 0.6707119741210937 0.10051546400000001 0.6666666665039063 0.10235640666666666 0.6599244877929688 0.10935198800000001 0.6591154262695312 0.11413843866666668
1 0.91558791796875 0.125184094 0.912351671875 0.125184094 0.9099244877929688 0.12665684800000002 0.9074973032226562 0.13107511066666666 0.9064185546875 0.13549337266666667 0.9066882416992188 0.14027982333333333 0.9080366772460937 0.145066274 0.9099244877929688 0.146539028 0.9177454155273438 0.14690721666666667 0.9209816611328125 0.14432989666666665 0.923408845703125 0.138070692 0.9239482202148438 0.130706922 0.9215210356445313 0.12739322533333333 0.917206041015625 0.125184094 0.91558791796875 0.125184094
1 0.5903451997070313 0.6354933726666666 0.59061488671875 0.645066274 0.5933117583007812 0.648011782 0.5970873784179688 0.6483799706666667 0.604638619140625 0.6476435933333333 0.6076051782226563 0.6458026506666666 0.60922330078125 0.6410162 0.6086839267578125 0.6362297493333333 0.6059870551757812 0.6332842413333334 0.5992448759765625 0.6314432986666667 0.5978964399414063 0.6314432986666667 0.5930420712890625 0.632179676 0.5903451997070313 0.6354933726666666
1 0.7847536860351563 1 0.7853290185546875 0.998527246 0.7831715209960938 0.9856406480000001 0.7793959008789062 0.9808541973333335 0.77804746484375 0.9808541973333335 0.7715749731445313 0.9819587626666666 0.7688781015625 0.9849042706666667 0.7683387270507812 0.9874815906666666 0.7686084140625 0.9944771720000001 0.7698955576171875 1 0.7847536860351563 1
1 0.8090614887695312 0.843151694 0.8147249189453125 0.8438880706666667 0.8179611650390625 0.842047128 0.8185005395507813 0.8383652433333333 0.8176914780273438 0.8357879233333333 0.8133764833984375 0.8313696613333333 0.8131067958984375 0.8313696613333333 0.80933117578125 0.832106038 0.8074433657226563 0.834683358 0.8069039912109375 0.8394698086666668 0.8090614887695312 0.843151694
1 0.7745415317382812 0.8372606773333333 0.7758899677734375 0.8350515466666667 0.776699029296875 0.8254786453333333 0.77481121875 0.82179676 0.7742718447265625 0.82179676 0.770496224609375 0.8236377026666667 0.7696871630859375 0.8258468333333333 0.7696871630859375 0.8354197346666666 0.770496224609375 0.837628866 0.7745415317382812 0.8372606773333333
1 0.92206041015625 0.9061119293333333 0.9209816611328125 0.9075846833333333 0.9215210356445313 0.9120029453333334 0.9261057172851562 0.9171575846666666 0.9301510249023438 0.9175257733333333 0.93446601953125 0.9160530193333334 0.9382416396484375 0.912371134 0.9387810141601562 0.9090574373333333 0.9382416396484375 0.9072164946666667 0.93446601953125 0.905007364 0.932982740234375 0.905007364 0.9255663432617187 0.905007364 0.92206041015625 0.9061119293333333
1 0.7346278315429687 0.20765832133333334 0.7365156420898438 0.20802650933333333 0.74056094921875 0.20618556733333332 0.7446062568359375 0.20029455066666665 0.7446062568359375 0.19587628866666668 0.74056094921875 0.192562592 0.7397518876953125 0.192562592 0.735976267578125 0.19440353466666666 0.7324703344726563 0.20029455066666665 0.7324703344726563 0.20508100133333335 0.7346278315429687 0.20765832133333334
1 0.535868392578125 0.7849779086666667 0.5418015102539062 0.7864506626666666 0.5447680688476563 0.783136966 0.5463861918945313 0.7779823266666667 0.5442286948242188 0.7735640646666667 0.537486515625 0.7673048600000001 0.5372168286132812 0.7669366713333334 0.532901833984375 0.7695139913333334 0.5310140239257812 0.774300442 0.5304746494140625 0.7787187040000001 0.535868392578125 0.7849779086666667
1 0.2524271845703125 0.6439617086666667 0.24865156396484375 0.6491163473333333 0.2478425029296875 0.653902798 0.24865156396484375 0.656848306 0.25269687158203125 0.66089838 0.2562028046875 0.6627393226666667 0.2602481123046875 0.6627393226666667 0.2618662353515625 0.6616347566666667 0.2661812299804687 0.6542709866666666 0.2664509169921875 0.6491163473333333 0.2632146708984375 0.6454344626666667 0.2575512407226562 0.6428571426666666 0.2556634306640625 0.6428571426666666 0.2524271845703125 0.6439617086666667
1 0.5604099243164062 0.869293078 0.5587918012695312 0.867820324 0.5574433657226563 0.867820324 0.5507011865234375 0.8689248893333333 0.5509708740234375 0.87371134 0.5542071196289062 0.8766568479999999 0.5587918012695312 0.87628866 0.5606796118164062 0.87371134 0.5604099243164062 0.869293078
1 0.8000784790039063 0.437312592 0.8024711435546875 0.4373851253333333 0.8075755122070313 0.434917894 0.8084261059570312 0.43056369666666666 0.8028368393554688 0.420253682 0.798483279296875 0.4324502946666666 0.8000784790039063 0.437312592
1 0.6351132685546875 0.030191458 0.62810140234375 0.03276877733333333 0.62486515625 0.03681885133333333 0.623516720703125 0.040132548 0.62486515625 0.04491899866666666 0.6286407768554687 0.04970544933333333 0.6318770224609375 0.05191458 0.6356526430664062 0.051546391999999996 0.6394282631835938 0.04933726066666667 0.6418554477539062 0.04491899866666666 0.6418554477539062 0.04086892466666667 0.6402373247070312 0.03497790866666666 0.639158576171875 0.03203240066666666 0.6367313916015624 0.030191458 0.6351132685546875 0.030191458
1 0.5097087377929688 0.6969808540000001 0.50943905078125 0.6921944033333333 0.5070118662109375 0.6874079526666667 0.50323624609375 0.6866715760000001 0.5026968715820312 0.6866715760000001 0.4991909384765625 0.68814433 0.49973031298828124 0.6973490426666668 0.50296655859375 0.701030928 0.5075512407226562 0.7006627393333333 0.5097087377929688 0.6969808540000001
1 0.4870550161132812 0.5879970546666666 0.487594390625 0.5843151693333334 0.48543689306640625 0.5824742266666666 0.48247033447265625 0.5821060379999999 0.4811218984375 0.5821060379999999 0.47788565283203127 0.584683358 0.47707659130859376 0.5887334313333333 0.4811218984375 0.5916789393333334 0.48543689306640625 0.5909425626666667 0.4870550161132812 0.5879970546666666
1 0.5466558793945312 0.93814433 0.54692556640625 0.9444035346666666 0.5496224379882813 0.9466126659999999 0.5539374326171875 0.9447717233333333 0.5558252426757813 0.93814433 0.5550161811523437 0.9263622973333333 0.5544768071289062 0.925257732 0.5517799350585938 0.9248895433333334 0.5501618125 0.9248895433333334 0.5474649404296875 0.9293078053333333 0.5477346279296875 0.934094256 0.5466558793945312 0.93814433
1 0.3945523193359375 0.890648012 0.39482200634765624 0.8843888073333332 0.3940129448242187 0.8825478646666667 0.39239482177734375 0.8818114873333334 0.3899676376953125 0.8818114873333334 0.38619201708984374 0.8865979380000001 0.38646170458984375 0.892120766 0.388888888671875 0.8932253313333334 0.3915857607421875 0.8932253313333334 0.3945523193359375 0.890648012
1 0.192017259765625 0.5968335786666666 0.1939050703125 0.5938880706666666 0.19417475732421874 0.5927835053333333 0.192286947265625 0.5887334313333333 0.19066882421875 0.5887334313333333 0.18797195263671876 0.58910162 0.1852750810546875 0.5927835053333333 0.186084142578125 0.5972017673333333 0.18770226513671875 0.5986745213333333 0.192017259765625 0.5968335786666666
1 0.5908845737304688 0.5456553753333333 0.5892664506835937 0.5408689246666667 0.5879180151367187 0.5408689246666667 0.5846817690429688 0.5412371133333334 0.5817152104492187 0.54455081 0.5825242719726562 0.550073638 0.585760517578125 0.5511782033333333 0.588996763671875 0.5497054493333333 0.5908845737304688 0.5456553753333333
1 0.12810140234375 0.698453608 0.13160733544921874 0.7021354933333334 0.1367313916015625 0.7002945506666667 0.13861920166015626 0.6977172313333334 0.1413160732421875 0.6888807066666667 0.1413160732421875 0.6833578793333333 0.14050701171875 0.681148748 0.13646170458984375 0.6793078053333333 0.13565264306640626 0.6793078053333333 0.1310679609375 0.6818851253333333 0.12756202783203124 0.6918262153333333 0.12810140234375 0.698453608
1 0.8867313916015624 0.06664212066666667 0.889158576171875 0.07106038266666667 0.8910463862304687 0.07216494866666666 0.8932038833007813 0.07142857133333334 0.8988673139648438 0.06627393200000001 0.9026429340820312 0.05780559666666667 0.9029126215820312 0.054491899999999996 0.9002157495117188 0.048969072 0.8977885654296875 0.048969072 0.8956310678710937 0.04933726066666667 0.8872707661132813 0.06222385866666666 0.8867313916015624 0.06664212066666667
1 0.912621359375 0.5843151693333334 0.9085760517578125 0.5898379973333333 0.9083063647460937 0.601988218 0.9128910463867187 0.6056701033333333 0.9228694711914063 0.6064064800000001 0.9474110034179688 0.5972017673333333 0.9490291259765625 0.5916789393333334 0.9471413159179688 0.580265096 0.9433656958007812 0.5773195873333333 0.9387810141601562 0.5758468333333333 0.9368932041015625 0.5758468333333333 0.9301510249023438 0.5769513993333333 0.912621359375 0.5843151693333334
1 0.7397518876953125 0.7662002946666666 0.7427184467773438 0.7669366713333334 0.7481121899414063 0.7654639173333333 0.745415318359375 0.7577319586666668 0.7437971953125 0.7558910160000001 0.7411003237304687 0.7551546393333333 0.739212513671875 0.7551546393333333 0.7357065805664063 0.7566273933333334 0.7354368930664062 0.761413844 0.737324703125 0.7639911633333333 0.7397518876953125 0.7662002946666666
1 0.5199568500976562 0.5714285713333334 0.517259978515625 0.5710603826666666 0.51564185546875 0.5710603826666666 0.512675296875 0.5754786453333334 0.5132146708984375 0.577687776 0.5151024809570313 0.5795287186666667 0.5188781015625 0.5784241533333333 0.5210355986328125 0.5758468333333333 0.5199568500976562 0.5714285713333334
1 0.51564185546875 0.6111929306666667 0.5134843579101562 0.6141384386666667 0.5137540454101562 0.6189248893333333 0.5153721684570313 0.6203976433333334 0.5199568500976562 0.6189248893333333 0.5199568500976562 0.6130338733333333 0.5169902915039063 0.6111929306666667 0.51564185546875 0.6111929306666667
1 0.39805825244140625 0.800441826 0.3977885654296875 0.796023564 0.395361380859375 0.793078056 0.3913160732421875 0.7908689246666666 0.3896979501953125 0.7908689246666666 0.387540453125 0.7919734906666666 0.38646170458984375 0.7963917526666667 0.39023732470703126 0.8033873340000001 0.39482200634765624 0.8052282766666667 0.39805825244140625 0.800441826
1 0.16666666650390624 0.10051546400000001 0.1680151025390625 0.094992636 0.16774541552734376 0.09241531666666666 0.16612729248046876 0.090574374 0.16504854345703124 0.090574374 0.16208198486328124 0.09094256266666667 0.1601941748046875 0.09388807066666667 0.15965480029296875 0.09720176733333333 0.1618122978515625 0.10051546400000001 0.16666666650390624 0.10051546400000001
1 0.7324703344726563 0.716863034 0.7308522114257813 0.716863034 0.7268069038085937 0.7172312226666666 0.7206040991210938 0.7201767306666668 0.7181769145507813 0.7220176733333333 0.7152103559570312 0.7268041239999999 0.71548004296875 0.7312223860000001 0.7187162890625 0.741163476 0.7268069038085937 0.7463181146666668 0.7316612729492188 0.7459499266666667 0.7397518876953125 0.7426362300000001 0.7429881337890625 0.7356406480000001 0.7424487592773438 0.7268041239999999 0.7402912622070312 0.7209131073333332 0.7362459545898438 0.7175994106666667 0.7324703344726563 0.716863034