1 0.30615234375 0.43033333333333335 0.321533203125 0.43866666666666665 0.338623046875 0.43933333333333335 0.345947265625 0.43733333333333335 0.35009765625 0.43433333333333335 0.3544921875 0.429 0.362060546875 0.4186666666666667 0.36474609375 0.41233333333333333 0.364013671875 0.4076666666666667 0.361572265625 0.403 0.343505859375 0.375 0.338623046875 0.371 0.334716796875 0.36966666666666664 0.32568359375 0.36966666666666664 0.317626953125 0.37266666666666665 0.29638671875 0.4013333333333333 0.294921875 0.404 0.294921875 0.41233333333333333 0.2978515625 0.4206666666666667 0.30615234375 0.43033333333333335
1 0.392333984375 0.47333333333333333 0.409423828125 0.484 0.421875 0.4826666666666667 0.430419921875 0.4786666666666667 0.44775390625 0.463 0.453125 0.45566666666666666 0.454833984375 0.4513333333333333 0.453857421875 0.44366666666666665 0.450927734375 0.438 0.4345703125 0.42033333333333334 0.427490234375 0.4166666666666667 0.412109375 0.41633333333333333 0.407958984375 0.41733333333333333 0.40185546875 0.4236666666666667 0.39697265625 0.432 0.390869140625 0.43666666666666665 0.38916015625 0.441 0.38916015625 0.4513333333333333 0.3876953125 0.46366666666666667 0.389404296875 0.4703333333333333 0.392333984375 0.47333333333333333
1 0.39892578125 0.42533333333333334 0.40478515625 0.41833333333333333 0.4111328125 0.4136666666666667 0.419677734375 0.41233333333333333 0.423828125 0.4086666666666667 0.427001953125 0.4003333333333333 0.428955078125 0.38466666666666666 0.428466796875 0.381 0.42333984375 0.36833333333333335 0.419921875 0.3636666666666667 0.41552734375 0.363 0.406494140625 0.36466666666666664 0.403076171875 0.36433333333333334 0.400390625 0.36233333333333334 0.399658203125 0.36933333333333335 0.392578125 0.38066666666666665 0.39111328125 0.39866666666666667 0.390869140625 0.41633333333333333 0.39501953125 0.4246666666666667 0.396484375 0.426 0.39892578125 0.42533333333333334
1 0.849365234375 0.06333333333333334 0.85498046875 0.06333333333333334 0.865234375 0.05533333333333333 0.869873046875 0.041666666666666664 0.876220703125 0.029333333333333333 0.876220703125 0.025333333333333333 0.87451171875 0.021333333333333333 0.8671875 0.015666666666666666 0.857177734375 0.010333333333333333 0.847900390625 0.009666666666666667 0.841796875 0.014333333333333333 0.833740234375 0.042 0.833740234375 0.049 0.836669921875 0.056666666666666664 0.841552734375 0.060333333333333336 0.849365234375 0.06333333333333334
1 0.978515625 0.078 0.990234375 0.07866666666666666 0.99560546875 0.07233333333333333 0.999755859375 0.071 0.999755859375 0.02 0.97509765625 0.01 0.970458984375 0.011 0.966552734375 0.014333333333333333 0.962646484375 0.02266666666666667 0.95849609375 0.03333333333333333 0.955322265625 0.04833333333333333 0.955322265625 0.05366666666666667 0.958251953125 0.061 0.960693359375 0.06433333333333334 0.978515625 0.078
1 0.887451171875 0 0.886962890625 0.0023333333333333335 0.882568359375 0.004666666666666667 0.87890625 0.014 0.8779296875 0.021333333333333333 0.880126953125 0.025666666666666667 0.89453125 0.033 0.900634765625 0.03833333333333333 0.908447265625 0.04 0.913330078125 0.037 0.919921875 0.029 0.91796875 0.025 0.908935546875 0.015333333333333332 0.89208984375 0 0.887451171875 0
1 0.855712890625 0 0.85595703125 0.006333333333333333 0.857177734375 0.009666666666666667 0.869140625 0.015333333333333332 0.87353515625 0.018666666666666668 0.875732421875 0.014333333333333333 0.874267578125 0 0.855712890625 0
1 0.829345703125 0.13466666666666666 0.825927734375 0.14266666666666666 0.822998046875 0.15366666666666667 0.82080078125 0.16933333333333334 0.8212890625 0.175 0.825927734375 0.17966666666666667 0.84765625 0.181 0.857666015625 0.18066666666666667 0.865234375 0.17533333333333334 0.869873046875 0.164 0.874267578125 0.13866666666666666 0.873291015625 0.12833333333333333 0.86572265625 0.11466666666666667 0.859130859375 0.10666666666666667 0.85205078125 0.10566666666666667 0.83349609375 0.10966666666666666 0.822265625 0.115 0.822509765625 0.119 0.82568359375 0.12733333333333333 0.828857421875 0.131 0.829345703125 0.13466666666666666
1 0.92138671875 0.18333333333333332 0.9228515625 0.18666666666666668 0.92626953125 0.19 0.939697265625 0.19333333333333333 0.943359375 0.19166666666666668 0.954833984375 0.176 0.95751953125 0.17633333333333334 0.959228515625 0.17833333333333334 0.958984375 0.18533333333333332 0.9609375 0.18933333333333333 0.965087890625 0.18933333333333333 0.970947265625 0.18566666666666667 0.982666015625 0.17566666666666667 0.984619140625 0.166 0.98876953125 0.16166666666666665 0.989990234375 0.158 0.984375 0.14166666666666666 0.982177734375 0.13833333333333334 0.97802734375 0.13833333333333334 0.963134765625 0.14466666666666667 0.956787109375 0.13866666666666666 0.95361328125 0.13833333333333334 0.943115234375 0.142 0.927734375 0.15266666666666667 0.921142578125 0.154 0.91357421875 0.16266666666666665 0.913330078125 0.166 0.919677734375 0.17233333333333334 0.921875 0.179 0.92138671875 0.18333333333333332
1 0.973876953125 0.24566666666666667 0.982421875 0.24566666666666667 0.98828125 0.23966666666666667 0.994384765625 0.229 0.996337890625 0.22466666666666665 0.99609375 0.22033333333333333 0.993408203125 0.21333333333333335 0.989990234375 0.21 0.986572265625 0.20866666666666667 0.978515625 0.21 0.973388671875 0.21266666666666667 0.967203857421875 0.219111 0.96142578125 0.23333333333333334 0.9609375 0.236 0.962646484375 0.23966666666666667 0.967041015625 0.244 0.973876953125 0.24566666666666667
1 0.94775390625 0.30233333333333334 0.951904296875 0.3 0.954833984375 0.2956666666666667 0.966796875 0.2673333333333333 0.968017578125 0.25966666666666666 0.967529296875 0.25566666666666665 0.963623046875 0.24766666666666667 0.950927734375 0.231 0.946533203125 0.22933333333333333 0.941650390625 0.23333333333333334 0.940185546875 0.237 0.93408203125 0.24433333333333335 0.92724609375 0.256 0.923828125 0.2653333333333333 0.923583984375 0.2673333333333333 0.935302734375 0.29133333333333333 0.94189453125 0.29933333333333334 0.94775390625 0.30233333333333334
1 0.891845703125 0.4073333333333333 0.896484375 0.407 0.903076171875 0.4033333333333333 0.908203125 0.4023333333333333 0.916259765625 0.3963333333333333 0.918701171875 0.3923333333333333 0.91650390625 0.38033333333333336 0.913818359375 0.37266666666666665 0.907958984375 0.367 0.90087890625 0.365 0.896240234375 0.366 0.891845703125 0.36866666666666664 0.883544921875 0.37633333333333335 0.880615234375 0.38066666666666665 0.877197265625 0.391 0.87744140625 0.3963333333333333 0.8798828125 0.40166666666666667 0.883544921875 0.4043333333333333 0.891845703125 0.4073333333333333
1 0.896728515625 0.5433333333333333 0.905517578125 0.549 0.916015625 0.551 0.921142578125 0.549 0.92919921875 0.5403333333333333 0.93701171875 0.536 0.93994140625 0.5326666666666666 0.95166015625 0.5063333333333333 0.95263671875 0.5 0.951171875 0.49666666666666665 0.937255859375 0.48966666666666664 0.926025390625 0.4886666666666667 0.899658203125 0.48333333333333334 0.894775390625 0.488 0.8828125 0.5106666666666667 0.880615234375 0.5173333333333333 0.880859375 0.5213333333333333 0.8896484375 0.531 0.896728515625 0.5433333333333333
1 0.93603515625 0.658 0.943115234375 0.665 0.950439453125 0.6683333333333333 0.966796875 0.672 0.970703125 0.6696666666666666 0.97412109375 0.661 0.980224609375 0.654 0.98681640625 0.643 0.98583984375 0.626 0.9873046875 0.6193333333333333 0.99169921875 0.6156666666666667 0.999755859375 0.6136666666666667 0.999755859375 0.5833333333333334 0.997802734375 0.5833333333333334 0.992919921875 0.5786666666666667 0.9833984375 0.5743333333333334 0.969482421875 0.576 0.962646484375 0.581 0.959228515625 0.5853333333333334 0.955322265625 0.5873333333333334 0.950439453125 0.5873333333333334 0.939697265625 0.582 0.927001953125 0.5796666666666667 0.92236328125 0.5826666666666667 0.918701171875 0.5876666666666667 0.91552734375 0.5923333333333334 0.91259765625 0.6003333333333334 0.911865234375 0.6123333333333333 0.916015625 0.6296666666666667 0.920654296875 0.639 0.93603515625 0.658
1 0.955078125 0.732 0.97021484375 0.724 0.984375 0.713 0.990234375 0.7053333333333334 0.995361328125 0.693 0.9931640625 0.689 0.978271484375 0.6826666666666666 0.976806640625 0.6806666666666666 0.974853515625 0.6736666666666666 0.97021484375 0.671 0.962646484375 0.677 0.960205078125 0.6816666666666666 0.9560546875 0.686 0.935546875 0.6983333333333334 0.93310546875 0.701 0.9296875 0.708 0.929931640625 0.7103333333333334 0.938232421875 0.7286666666666667 0.947509765625 0.732 0.955078125 0.732
1 0.8564453125 0.7146666666666667 0.869384765625 0.7196666666666667 0.875 0.7076666666666667 0.87890625 0.693 0.88037109375 0.6813333333333333 0.872802734375 0.6756666666666666 0.869140625 0.675 0.86669921875 0.676 0.85888671875 0.681 0.85693359375 0.6853333333333333 0.857421875 0.6893333333333334 0.8564453125 0.692 0.84765625 0.6983333333333334 0.8466796875 0.7003333333333334 0.846923828125 0.7053333333333334 0.849609375 0.71 0.8564453125 0.7146666666666667
1 0.84521484375 0.9996666666666667 0.876708984375 0.9996666666666667 0.880615234375 0.997 0.892822265625 0.9956666666666667 0.900390625 0.99 0.902587890625 0.986 0.90185546875 0.9816666666666667 0.90576171875 0.9653333333333334 0.903564453125 0.9596666666666667 0.896728515625 0.953 0.892333984375 0.939 0.889892578125 0.9353333333333333 0.886474609375 0.9333333333333333 0.88232421875 0.933 0.868896484375 0.9356666666666666 0.857421875 0.94 0.855712890625 0.9433333333333334 0.854248046875 0.951 0.847412109375 0.959 0.846435546875 0.9696666666666667 0.851318359375 0.9843333333333333 0.84912109375 0.9903333333333333 0.845947265625 0.994 0.84521484375 0.9996666666666667
1 0.8017578125 0.9803333333333333 0.806396484375 0.9833333333333333 0.81005859375 0.984 0.813232421875 0.981 0.814453125 0.9723333333333334 0.81884765625 0.9626666666666667 0.81787109375 0.9586666666666667 0.818603515625 0.9546666666666667 0.8095703125 0.9533333333333334 0.802734375 0.9476666666666667 0.798095703125 0.9456666666666667 0.794677734375 0.9453333333333334 0.793212890625 0.947 0.791259765625 0.9583333333333334 0.791015625 0.963 0.793701171875 0.966 0.794189453125 0.9706666666666667 0.8017578125 0.9803333333333333
1 0.767578125 0.7113333333333334 0.78125 0.7216666666666667 0.787841796875 0.7236666666666667 0.794677734375 0.7233333333333334 0.799072265625 0.721 0.80517578125 0.7126666666666667 0.8056640625 0.708 0.803466796875 0.693 0.79833984375 0.6786666666666666 0.794921875 0.676 0.775146484375 0.6783333333333333 0.767578125 0.6836666666666666 0.759765625 0.694 0.75830078125 0.697 0.75830078125 0.701 0.759521484375 0.703 0.767578125 0.7113333333333334
1 0.713134765625 0.77 0.71728515625 0.771 0.744140625 0.7696666666666667 0.747314453125 0.767 0.74755859375 0.7633333333333333 0.751708984375 0.7563333333333333 0.7529296875 0.744 0.751953125 0.7243333333333334 0.750244140625 0.719 0.748291015625 0.7163333333333334 0.74072265625 0.7123333333333334 0.734619140625 0.7123333333333334 0.716064453125 0.716 0.708740234375 0.7226666666666667 0.70654296875 0.7313333333333333 0.705078125 0.7466666666666667 0.705810546875 0.7593333333333333 0.7080078125 0.7653333333333333 0.713134765625 0.77
1 0.7880859375 0.6556666666666666 0.795166015625 0.656 0.798828125 0.6523333333333333 0.799072265625 0.649 0.798095703125 0.646 0.79248046875 0.6413333333333333 0.786865234375 0.6386666666666667 0.77392578125 0.6356666666666667 0.771484375 0.637 0.7705078125 0.641 0.770263671875 0.6463333333333333 0.771240234375 0.6476666666666666 0.775634765625 0.6483333333333333 0.7880859375 0.6556666666666666
1 0.841064453125 0.5726666666666667 0.845458984375 0.5733333333333334 0.861083984375 0.568 0.864013671875 0.5643333333333334 0.864990234375 0.5603333333333333 0.862548828125 0.551 0.8642578125 0.5463333333333333 0.868408203125 0.5446666666666666 0.869873046875 0.533 0.863037109375 0.529 0.851806640625 0.5256666666666666 0.849365234375 0.5256666666666666 0.8447265625 0.5286666666666666 0.837158203125 0.5296666666666666 0.830078125 0.5263333333333333 0.825927734375 0.526 0.823486328125 0.53 0.822265625 0.536 0.822265625 0.5516666666666666 0.82421875 0.5576666666666666 0.830078125 0.5656666666666667 0.841064453125 0.5726666666666667
1 0.7578125 0.544 0.76123046875 0.5446666666666666 0.76806640625 0.5413333333333333 0.775634765625 0.5313333333333333 0.777099609375 0.5213333333333333 0.7763671875 0.5023333333333333 0.774658203125 0.48966666666666664 0.771240234375 0.48133333333333334 0.767578125 0.48 0.764404296875 0.4826666666666667 0.759521484375 0.48933333333333334 0.754150390625 0.49433333333333335 0.7470703125 0.508 0.74755859375 0.5173333333333333 0.752197265625 0.525 0.75537109375 0.54 0.7578125 0.544
1 0.794677734375 0.37533333333333335 0.795166015625 0.37333333333333335 0.798583984375 0.36966666666666664 0.809814453125 0.365 0.81689453125 0.35733333333333334 0.814453125 0.3526666666666667 0.810384033203125 0.3487776666666667 0.80712890625 0.3416666666666667 0.798583984375 0.3413333333333333 0.794677734375 0.337 0.788330078125 0.338 0.784912109375 0.343 0.775146484375 0.349 0.77099609375 0.356 0.77099609375 0.3616666666666667 0.77783203125 0.36966666666666664 0.79296875 0.37533333333333335 0.794677734375 0.37533333333333335
1 0.8466796875 0.34933333333333333 0.849365234375 0.3463333333333333 0.853515625 0.331 0.8564453125 0.31033333333333335 0.856201171875 0.30533333333333335 0.853271484375 0.302 0.829833984375 0.295 0.8251953125 0.29433333333333334 0.8203125 0.2956666666666667 0.818115234375 0.29733333333333334 0.815185546875 0.30266666666666664 0.810302734375 0.32966666666666666 0.81005859375 0.33866666666666667 0.81201171875 0.3416666666666667 0.83740234375 0.3486666666666667 0.8466796875 0.34933333333333333
1 0.75439453125 0.258 0.7646484375 0.26466666666666666 0.774658203125 0.274 0.777587890625 0.2753333333333333 0.786376953125 0.27466666666666667 0.795166015625 0.271 0.796142578125 0.267 0.7919921875 0.25533333333333336 0.781005859375 0.23466666666666666 0.781005859375 0.22066666666666668 0.783203125 0.21666666666666667 0.7802734375 0.21266666666666667 0.771484375 0.20766666666666667 0.760009765625 0.204 0.732177734375 0.21 0.73046875 0.21233333333333335 0.73095703125 0.21633333333333332 0.743408203125 0.24 0.75439453125 0.258
1 0.754150390625 0.274 0.759521484375 0.2853333333333333 0.763427734375 0.2906666666666667 0.767578125 0.2926666666666667 0.771484375 0.2926666666666667 0.778564453125 0.287 0.77978515625 0.279 0.779296875 0.2753333333333333 0.775146484375 0.275 0.762939453125 0.26766666666666666 0.7607421875 0.26466666666666666 0.76123046875 0.2633333333333333 0.75732421875 0.262 0.755859375 0.25933333333333336 0.747314453125 0.2633333333333333 0.747802734375 0.2673333333333333 0.749267578125 0.26866666666666666 0.749755859375 0.2713333333333333 0.754150390625 0.274
1 0.705078125 0.354 0.708740234375 0.362 0.709716796875 0.362 0.712646484375 0.36133333333333334 0.714111328125 0.35733333333333334 0.719482421875 0.35333333333333333 0.739990234375 0.3516666666666667 0.747802734375 0.349 0.75244140625 0.3456666666666667 0.7666015625 0.326 0.770751953125 0.31 0.767822265625 0.30466666666666664 0.759765625 0.3006666666666667 0.747802734375 0.29733333333333334 0.733154296875 0.296 0.727783203125 0.2906666666666667 0.724609375 0.2916666666666667 0.7216796875 0.2956666666666667 0.71630859375 0.29833333333333334 0.70556640625 0.31433333333333335 0.702880859375 0.322 0.704833984375 0.33666666666666667 0.702880859375 0.346 0.705078125 0.354
1 0.689208984375 0.324 0.701171875 0.3233333333333333 0.70263671875 0.322 0.70458984375 0.31466666666666665 0.70361328125 0.31033333333333335 0.701416015625 0.30733333333333335 0.69775390625 0.30566666666666664 0.6875 0.30533333333333335 0.68017578125 0.31066666666666665 0.6796875 0.31466666666666665 0.681640625 0.31866666666666665 0.684326171875 0.32233333333333336 0.689208984375 0.324
1 0.799072265625 0.19933333333333333 0.802978515625 0.19666666666666666 0.808837890625 0.18933333333333333 0.813232421875 0.17766666666666667 0.811767578125 0.17 0.804443359375 0.15533333333333332 0.79931640625 0.14933333333333335 0.79345703125 0.14533333333333334 0.790771484375 0.14466666666666667 0.784912109375 0.14633333333333334 0.779296875 0.15333333333333332 0.774658203125 0.16266666666666665 0.774658203125 0.182 0.78125 0.19 0.794189453125 0.19833333333333333 0.799072265625 0.19933333333333333
1 0.778564453125 0.09766666666666667 0.7802734375 0.09633333333333334 0.783203125 0.088 0.792724609375 0.072 0.790771484375 0.06866666666666667 0.77197265625 0.051333333333333335 0.767578125 0.04933333333333333 0.763671875 0.051 0.75341796875 0.06366666666666666 0.751953125 0.067 0.752197265625 0.072 0.766845703125 0.08933333333333333 0.774658203125 0.096 0.778564453125 0.09766666666666667
1 0.700927734375 0.11133333333333334 0.704833984375 0.10666666666666667 0.720458984375 0.084 0.724609375 0.076 0.722412109375 0.07233333333333333 0.712646484375 0.063 0.6904296875 0.044333333333333336 0.68603515625 0.042 0.681884765625 0.043666666666666666 0.6787109375 0.05 0.67236328125 0.057666666666666665 0.668701171875 0.06433333333333334 0.6796875 0.09533333333333334 0.69677734375 0.11166666666666666 0.700927734375 0.11133333333333334
1 0.60498046875 0.114 0.608642578125 0.12133333333333333 0.61279296875 0.13566666666666666 0.615234375 0.138 0.62158203125 0.13433333333333333 0.624267578125 0.13033333333333333 0.6640625 0.11433333333333333 0.67529296875 0.10033333333333333 0.678955078125 0.09066666666666667 0.672119140625 0.07066666666666667 0.654296875 0.060333333333333336 0.636474609375 0.059666666666666666 0.627685546875 0.06333333333333334 0.612548828125 0.084 0.5908203125 0.099 0.592041015625 0.10333333333333333 0.595458984375 0.10466666666666667 0.60205078125 0.11 0.60498046875 0.114
1 0.659423828125 0.059666666666666666 0.665771484375 0.065 0.668212890625 0.06433333333333334 0.666015625 0.06 0.6728515625 0.05533333333333333 0.677978515625 0.05 0.682373046875 0.041666666666666664 0.680908203125 0.037 0.677001953125 0.030333333333333334 0.668701171875 0.021666666666666667 0.662109375 0.018666666666666668 0.653564453125 0.018 0.63818359375 0.02033333333333333 0.63671875 0.022333333333333334 0.63525390625 0.03266666666666666 0.6357421875 0.04466666666666667 0.637939453125 0.04933333333333333 0.64501953125 0.05566666666666667 0.659423828125 0.059666666666666666
1 0.547607421875 0.052 0.556396484375 0.057666666666666665 0.560302734375 0.06 0.564697265625 0.06066666666666667 0.576904296875 0.052333333333333336 0.585693359375 0.03866666666666667 0.602294921875 0.021333333333333333 0.6005859375 0.017666666666666667 0.595947265625 0.012666666666666666 0.58642578125 0.007333333333333333 0.581787109375 0.003 0.578125 0.002 0.572265625 0.005 0.560791015625 0.005 0.55078125 0.009333333333333334 0.5390625 0.016666666666666666 0.53466796875 0.021 0.533203125 0.024 0.533935546875 0.03266666666666666 0.535400390625 0.037 0.541748046875 0.04633333333333333 0.547607421875 0.052
1 0.61474609375 0 0.61474609375 0.002 0.616455078125 0.003 0.616943359375 0.009666666666666667 0.62109375 0.013333333333333334 0.635009765625 0.019333333333333334 0.641357421875 0.02033333333333333 0.652099609375 0.017333333333333333 0.651123046875 0.015666666666666666 0.651123046875 0.011666666666666667 0.6533203125 0 0.61474609375 0
1 0.689208984375 0 0.689208984375 0.0016666666666666668 0.720458984375 0.030666666666666665 0.724609375 0.03233333333333333 0.728515625 0.027666666666666666 0.732421875 0.02033333333333333 0.73681640625 0.018 0.73876953125 0.025666666666666667 0.74072265625 0.029333333333333333 0.7431640625 0.030666666666666665 0.74755859375 0.029333333333333333 0.752685546875 0.024 0.76171875 0.017333333333333333 0.77734375 0.002 0.777587890625 0 0.689208984375 0
1 0.548095703125 0.153 0.55078125 0.16166666666666665 0.552490234375 0.16366666666666665 0.559326171875 0.16966666666666666 0.57177734375 0.17666666666666667 0.585791015625 0.17466666666666666 0.603515625 0.17633333333333334 0.614990234375 0.16833333333333333 0.61572265625 0.16566666666666666 0.614013671875 0.16233333333333333 0.6142578125 0.15033333333333335 0.61328125 0.14333333333333334 0.611246826171875 0.13988899999999999 0.609375 0.13266666666666665 0.609619140625 0.13 0.60400390625 0.115 0.60107421875 0.11033333333333334 0.585205078125 0.09933333333333333 0.576171875 0.09766666666666667 0.56640625 0.09933333333333333 0.55517578125 0.10733333333333334 0.553955078125 0.11 0.551025390625 0.119 0.55078125 0.123 0.546875 0.127 0.548095703125 0.153
1 0.617431640625 0.205 0.623046875 0.20266666666666666 0.639404296875 0.18933333333333333 0.646240234375 0.181 0.652099609375 0.16233333333333333 0.652099609375 0.15433333333333332 0.648193359375 0.14933333333333335 0.642822265625 0.14666666666666667 0.634521484375 0.147 0.627197265625 0.152 0.622802734375 0.15066666666666667 0.61865234375 0.15266666666666667 0.615234375 0.15766666666666668 0.616943359375 0.16433333333333333 0.614501953125 0.16966666666666666 0.611572265625 0.174 0.602783203125 0.17866666666666667 0.60009765625 0.18133333333333335 0.599365234375 0.18933333333333333 0.60107421875 0.19333333333333333 0.611083984375 0.204 0.617431640625 0.205
1 0.726806640625 0.15766666666666668 0.72998046875 0.15966666666666668 0.734130859375 0.165 0.739990234375 0.16533333333333333 0.740966796875 0.15933333333333333 0.739501953125 0.15333333333333332 0.746826171875 0.138 0.744140625 0.13566666666666666 0.735107421875 0.133 0.732177734375 0.13033333333333333 0.728271484375 0.13033333333333333 0.721923828125 0.13466666666666666 0.7197265625 0.142 0.712890625 0.15033333333333335 0.71337890625 0.154 0.726806640625 0.15766666666666668
1 0.683349609375 0.12466666666666666 0.69189453125 0.12933333333333333 0.69384765625 0.129 0.6953125 0.12666666666666668 0.6962890625 0.12266666666666666 0.6953125 0.115 0.68896484375 0.11366666666666667 0.681396484375 0.108 0.676025390625 0.108 0.6728515625 0.11166666666666666 0.66943359375 0.11933333333333333 0.670654296875 0.12233333333333334 0.673583984375 0.125 0.683349609375 0.12466666666666666
1 0.638427734375 0.35333333333333333 0.64208984375 0.3546666666666667 0.657958984375 0.35333333333333333 0.66259765625 0.348 0.673583984375 0.339 0.677978515625 0.33066666666666666 0.677978515625 0.32133333333333336 0.676513671875 0.31433333333333335 0.66943359375 0.30266666666666664 0.662353515625 0.299 0.6572265625 0.2986666666666667 0.649658203125 0.302 0.6376953125 0.31366666666666665 0.63427734375 0.31833333333333336 0.633544921875 0.32133333333333336 0.632080078125 0.341 0.6328125 0.3453333333333333 0.634521484375 0.349 0.638427734375 0.35333333333333333
1 0.640869140625 0.38866666666666666 0.64599609375 0.39 0.657958984375 0.397 0.673583984375 0.4023333333333333 0.679931640625 0.40166666666666667 0.684326171875 0.3993333333333333 0.6865234375 0.39166666666666666 0.688720703125 0.3883333333333333 0.690185546875 0.373 0.6884765625 0.369 0.66796875 0.3576666666666667 0.6552734375 0.3526666666666667 0.645751953125 0.35233333333333333 0.643798828125 0.3536666666666667 0.64013671875 0.37566666666666665 0.63818359375 0.38 0.638671875 0.38466666666666666 0.640869140625 0.38866666666666666
1 0.685302734375 0.45266666666666666 0.689697265625 0.4533333333333333 0.708984375 0.451 0.717529296875 0.44733333333333336 0.719482421875 0.44333333333333336 0.7197265625 0.434 0.71630859375 0.4033333333333333 0.714111328125 0.3913333333333333 0.71240234375 0.3883333333333333 0.691650390625 0.3883333333333333 0.6865234375 0.3903333333333333 0.681396484375 0.4 0.67333984375 0.404 0.673095703125 0.4103333333333333 0.66796875 0.4206666666666667 0.66796875 0.42433333333333334 0.678955078125 0.43466666666666665 0.681396484375 0.44433333333333336 0.685302734375 0.45266666666666666
1 0.638671875 0.4786666666666667 0.642333984375 0.482 0.64599609375 0.4836666666666667 0.652913330078125 0.4836666666666667 0.658935546875 0.489 0.6787109375 0.48633333333333334 0.68505859375 0.48233333333333334 0.68603515625 0.47633333333333333 0.685791015625 0.469 0.682861328125 0.4513333333333333 0.68115234375 0.4483333333333333 0.678466796875 0.438 0.6748046875 0.43533333333333335 0.6689453125 0.42766666666666664 0.6630859375 0.4236666666666667 0.655029296875 0.422 0.645751953125 0.416 0.645263671875 0.4186666666666667 0.64208984375 0.42033333333333334 0.635986328125 0.42033333333333334 0.630859375 0.422 0.62939453125 0.4266666666666667 0.625244140625 0.43133333333333335 0.622314453125 0.44133333333333336 0.62646484375 0.455 0.634521484375 0.472 0.638671875 0.4786666666666667
1 0.622314453125 0.5326666666666666 0.630859375 0.5346666666666666 0.634765625 0.5383333333333333 0.638671875 0.5383333333333333 0.641845703125 0.536 0.64892578125 0.5366666666666666 0.6513671875 0.5356666666666666 0.657958984375 0.5256666666666666 0.663818359375 0.5133333333333333 0.6611328125 0.49366666666666664 0.6591796875 0.49 0.654296875 0.48533333333333334 0.642333984375 0.48433333333333334 0.634521484375 0.48966666666666664 0.627197265625 0.49166666666666664 0.623046875 0.49466666666666664 0.620361328125 0.49833333333333335 0.618408203125 0.5016666666666667 0.617431640625 0.5066666666666667 0.61669921875 0.5193333333333333 0.617431640625 0.525 0.618896484375 0.5283333333333333 0.622314453125 0.5326666666666666
1 0.573486328125 0.486 0.581787109375 0.48 0.5888671875 0.4703333333333333 0.591064453125 0.4646666666666667 0.595458984375 0.462 0.59814453125 0.45866666666666667 0.599853515625 0.455 0.59912109375 0.45066666666666666 0.59765625 0.44733333333333336 0.593994140625 0.445 0.587890625 0.44333333333333336 0.575927734375 0.44433333333333336 0.560546875 0.45366666666666666 0.551513671875 0.46166666666666667 0.544677734375 0.4713333333333333 0.54248046875 0.47733333333333333 0.544677734375 0.48233333333333334 0.548583984375 0.48433333333333334 0.567626953125 0.488 0.573486328125 0.486
1 0.619140625 0.43433333333333335 0.62353515625 0.43266666666666664 0.62939453125 0.426 0.64013671875 0.41833333333333333 0.642822265625 0.41433333333333333 0.642333984375 0.404 0.634765625 0.37733333333333335 0.63427734375 0.37266666666666665 0.620849609375 0.35933333333333334 0.614990234375 0.35933333333333334 0.610595703125 0.36566666666666664 0.609130859375 0.38066666666666665 0.610595703125 0.38866666666666666 0.612548828125 0.39266666666666666 0.61279296875 0.397 0.610107421875 0.4053333333333333 0.604736328125 0.41233333333333333 0.60205078125 0.4196666666666667 0.6015625 0.42433333333333334 0.60302734375 0.42833333333333334 0.611083984375 0.43233333333333335 0.619140625 0.43433333333333335
1 0.55517578125 0.3893333333333333 0.560302734375 0.393 0.565673828125 0.3943333333333333 0.568603515625 0.39766666666666667 0.591552734375 0.40166666666666667 0.59521484375 0.39966666666666667 0.599365234375 0.3923333333333333 0.5966796875 0.366 0.59521484375 0.363 0.592529296875 0.361 0.57958984375 0.36 0.57568359375 0.3616666666666667 0.5673828125 0.36 0.56494140625 0.35933333333333334 0.559814453125 0.3536666666666667 0.5556640625 0.35333333333333333 0.540771484375 0.3616666666666667 0.538330078125 0.365 0.538818359375 0.36866666666666664 0.543701171875 0.37833333333333335 0.55517578125 0.3893333333333333
1 0.55615234375 0.317 0.56494140625 0.31766666666666665 0.577392578125 0.315 0.580078125 0.31233333333333335 0.582275390625 0.30533333333333335 0.589599609375 0.29933333333333334 0.593505859375 0.29133333333333333 0.59326171875 0.287 0.586181640625 0.2713333333333333 0.588134765625 0.2633333333333333 0.585205078125 0.25966666666666666 0.578125 0.25566666666666665 0.567626953125 0.25466666666666665 0.55712890625 0.26166666666666666 0.544921875 0.2623333333333333 0.534912109375 0.2673333333333333 0.53076171875 0.271 0.53125 0.2753333333333333 0.538818359375 0.2986666666666667 0.549072265625 0.31366666666666665 0.55615234375 0.317
1 0.552734375 0.6256666666666667 0.56591796875 0.6203333333333333 0.569580078125 0.6156666666666667 0.578125 0.5956666666666667 0.580322265625 0.5756666666666667 0.583740234375 0.5656666666666667 0.58447265625 0.5603333333333333 0.5810546875 0.5586666666666666 0.574951171875 0.5603333333333333 0.5712890625 0.5643333333333334 0.568115234375 0.5733333333333334 0.5615234375 0.577 0.555908203125 0.576 0.548583984375 0.5716666666666667 0.544921875 0.5723333333333334 0.538330078125 0.5816666666666667 0.529052734375 0.5863333333333334 0.515869140625 0.614 0.51611328125 0.6186666666666667 0.520751953125 0.6246666666666667 0.532958984375 0.629 0.552734375 0.6256666666666667
1 0.593017578125 0.756 0.600341796875 0.758 0.607177734375 0.7556666666666667 0.61962890625 0.743 0.625732421875 0.7323333333333333 0.625732421875 0.728 0.623779296875 0.7243333333333334 0.622314453125 0.7236666666666667 0.611083984375 0.7236666666666667 0.6015625 0.726 0.59228515625 0.7323333333333333 0.583740234375 0.744 0.583740234375 0.748 0.586669921875 0.7516666666666667 0.593017578125 0.756
1 0.619140625 0.6953333333333334 0.626220703125 0.6896666666666667 0.627685546875 0.685 0.627197265625 0.6813333333333333 0.62548828125 0.679 0.622802734375 0.677 0.619384765625 0.677 0.611328125 0.6816666666666666 0.60888671875 0.6873333333333334 0.6083984375 0.6893333333333334 0.609375 0.6926666666666667 0.615234375 0.6966666666666667 0.619140625 0.6953333333333334
1 0.662353515625 0.9803333333333333 0.6640625 0.9743333333333334 0.66259765625 0.9586666666666667 0.65869140625 0.9546666666666667 0.650634765625 0.9503333333333334 0.642333984375 0.9543333333333334 0.630859375 0.9566666666666667 0.628173828125 0.96 0.623046875 0.9626666666666667 0.621337890625 0.9653333333333334 0.618896484375 0.9716666666666667 0.617431640625 0.982 0.6171875 0.9876666666666667 0.618896484375 0.9996666666666667 0.6533203125 0.9996666666666667 0.662353515625 0.9803333333333333
1 0.513671875 0.794 0.51611328125 0.7986666666666666 0.5244140625 0.803 0.533203125 0.8023333333333333 0.5341796875 0.8006666666666666 0.536865234375 0.7996666666666666 0.539306640625 0.794 0.544677734375 0.7906666666666666 0.552734375 0.783 0.5576171875 0.7673333333333333 0.556640625 0.764 0.552734375 0.759 0.544677734375 0.7526666666666667 0.53759765625 0.7496666666666667 0.5283203125 0.7486666666666667 0.517578125 0.753 0.505615234375 0.7676666666666667 0.5029296875 0.7753333333333333 0.502197265625 0.783 0.50341796875 0.7853333333333333 0.510009765625 0.792 0.513671875 0.794
1 0.504150390625 0.8266666666666667 0.509765625 0.816 0.51416015625 0.804 0.517333984375 0.8026666666666666 0.513916015625 0.8 0.5126953125 0.7946666666666666 0.50439453125 0.7876666666666666 0.501708984375 0.7816666666666666 0.486328125 0.7706666666666667 0.483642578125 0.77 0.479248046875 0.7713333333333333 0.475830078125 0.7753333333333333 0.465087890625 0.7976666666666666 0.466796875 0.8033333333333333 0.478271484375 0.813 0.50146484375 0.829 0.504150390625 0.8266666666666667
1 0.549686279296875 0.8062526666666666 0.54734228515625 0.8060336666666668 0.549930419921875 0.8275859999999999 0.553348388671875 0.8292526666666666 0.570194091796875 0.8275859999999999 0.572658447265625 0.8136493333333333 0.580692138671875 0.8219193333333332 0.584354248046875 0.8199193333333332 0.587528076171875 0.8152526666666666 0.588504638671875 0.8105859999999999 0.576091064453125 0.7943173333333334 0.580692138671875 0.7915859999999999 0.580692138671875 0.7875859999999999 0.576541748046875 0.7835859999999999 0.568485107421875 0.7829193333333333 0.564578857421875 0.7809193333333333 0.561405029296875 0.7769193333333333 0.557498779296875 0.7769193333333333 0.555301513671875 0.7792526666666666 0.551883544921875 0.7875859999999999 0.551883544921875 0.7922526666666666 0.55707177734375 0.7963086666666667 0.5630791015625 0.8021666666666667 0.549686279296875 0.8062526666666666
1 0.540771484375 0.9073333333333333 0.545166015625 0.904 0.544189453125 0.8996666666666666 0.5419921875 0.8966666666666666 0.53369140625 0.8923333333333333 0.530517578125 0.8883333333333333 0.529296875 0.8836666666666667 0.53076171875 0.873 0.529052734375 0.8686666666666667 0.52490234375 0.8683333333333333 0.521484375 0.8723333333333333 0.517333984375 0.888 0.51708984375 0.893 0.5185546875 0.9023333333333333 0.521728515625 0.9083333333333333 0.540771484375 0.9073333333333333
1 0.412109375 0.9666666666666667 0.408203125 0.9743333333333334 0.40771484375 0.9843333333333333 0.40869140625 0.9863333333333333 0.41650390625 0.993 0.419677734375 0.9943333333333333 0.423583984375 0.9926666666666667 0.426025390625 0.993 0.437744140625 0.9996666666666667 0.482177734375 0.9996666666666667 0.48193359375 0.9976666666666667 0.474853515625 0.992 0.4716796875 0.986 0.4716796875 0.955 0.468994140625 0.95 0.463134765625 0.9446666666666667 0.4619140625 0.9386666666666666 0.46337890625 0.935 0.46630859375 0.933 0.47900390625 0.9326666666666666 0.482421875 0.9313333333333333 0.489501953125 0.924 0.493896484375 0.917 0.49951171875 0.912 0.499755859375 0.908 0.498046875 0.9036666666666666 0.49072265625 0.902 0.4853515625 0.902 0.478759765625 0.906 0.4716796875 0.904 0.47021484375 0.904 0.466796875 0.9073333333333333 0.458984375 0.9056666666666666 0.45751953125 0.9046666666666666 0.457275390625 0.903 0.4599609375 0.8963333333333333 0.4599609375 0.8916666666666667 0.45556640625 0.8856666666666667 0.44921875 0.8806666666666667 0.443603515625 0.8783333333333333 0.423583984375 0.88 0.42236328125 0.8806666666666667 0.421875 0.885 0.41845703125 0.8886666666666667 0.41845703125 0.8963333333333333 0.424072265625 0.9056666666666666 0.42626953125 0.9163333333333333 0.425048828125 0.9196666666666666 0.42041015625 0.9253333333333333 0.412109375 0.9323333333333333 0.4052734375 0.948 0.4052734375 0.955 0.409912109375 0.9586666666666667 0.411865234375 0.9626666666666667 0.412109375 0.9666666666666667
1 0.36962890625 0.929 0.37109375 0.935 0.373779296875 0.9393333333333334 0.38037109375 0.945 0.384765625 0.947 0.39599609375 0.948 0.402587890625 0.945 0.404052734375 0.9393333333333334 0.40380859375 0.9336666666666666 0.405517578125 0.9293333333333333 0.408203125 0.9276666666666666 0.406982421875 0.9233333333333333 0.408203125 0.9223333333333333 0.408935546875 0.919 0.40673828125 0.912 0.4013671875 0.9046666666666666 0.396484375 0.9016666666666666 0.389892578125 0.9 0.369140625 0.8966666666666666 0.36083984375 0.8973333333333333 0.357421875 0.899 0.356689453125 0.9006666666666666 0.35595703125 0.9053333333333333 0.357177734375 0.9123333333333333 0.36328125 0.916 0.36962890625 0.929
1 0.319091796875 0.9333333333333333 0.321044921875 0.939 0.321533203125 0.944 0.320556640625 0.9466666666666667 0.31982421875 0.9576666666666667 0.312255859375 0.9743333333333334 0.311767578125 0.9823333333333333 0.317138671875 0.9933333333333333 0.32177734375 0.9973333333333333 0.322265625 0.9996666666666667 0.3359375 0.9996666666666667 0.338623046875 0.9943333333333333 0.345703125 0.9876666666666667 0.34912109375 0.9823333333333333 0.35546875 0.963 0.35595703125 0.9586666666666667 0.353515625 0.954 0.345703125 0.947 0.342529296875 0.931 0.340087890625 0.925 0.339599609375 0.9213333333333333 0.340576171875 0.916 0.33837890625 0.9113333333333333 0.33203125 0.9046666666666666 0.32861328125 0.904 0.316650390625 0.912 0.312744140625 0.919 0.31494140625 0.9233333333333333 0.314697265625 0.9273333333333333 0.316650390625 0.9286666666666666 0.319091796875 0.9333333333333333
1 0.29638671875 0.8866666666666667 0.302490234375 0.885 0.320068359375 0.8726666666666667 0.330810546875 0.861 0.332275390625 0.8543333333333333 0.327880859375 0.826 0.326171875 0.822 0.3232421875 0.8213333333333334 0.29345703125 0.8416666666666667 0.287353515625 0.8466666666666667 0.285400390625 0.8506666666666667 0.28662109375 0.8693333333333333 0.288818359375 0.8793333333333333 0.292236328125 0.8846666666666667 0.29638671875 0.8866666666666667
1 0.357421875 0.743 0.369140625 0.749 0.378662109375 0.75 0.38427734375 0.7523333333333333 0.395751953125 0.7503333333333333 0.400146484375 0.7483333333333333 0.40478515625 0.744 0.413330078125 0.7346666666666667 0.42138671875 0.7236666666666667 0.42236328125 0.72 0.425537109375 0.7173333333333334 0.427734375 0.7133333333333334 0.4287109375 0.7043333333333334 0.427001953125 0.701 0.424072265625 0.6996666666666667 0.400634765625 0.692 0.3955078125 0.6916666666666667 0.38037109375 0.6966666666666667 0.36572265625 0.7043333333333334 0.36083984375 0.709 0.350830078125 0.7243333333333334 0.3486328125 0.7283333333333334 0.350830078125 0.7326666666666667 0.35107421875 0.7356666666666667 0.357421875 0.743
1 0.4326171875 0.6786666666666666 0.443115234375 0.688 0.448486328125 0.6896666666666667 0.47119140625 0.686 0.482421875 0.6826666666666666 0.489013671875 0.678 0.4921875 0.6736666666666666 0.492431640625 0.6676666666666666 0.48828125 0.6593333333333333 0.4912109375 0.6503333333333333 0.490234375 0.6486666666666666 0.482421875 0.6446666666666667 0.476806640625 0.645 0.466064453125 0.6416666666666667 0.456298828125 0.6353333333333333 0.450927734375 0.6346666666666667 0.44189453125 0.6626666666666666 0.43310546875 0.6696666666666666 0.4306640625 0.6736666666666666 0.4326171875 0.6786666666666666
1 0.4560546875 0.74 0.45654296875 0.7476666666666667 0.458984375 0.7523333333333333 0.463623046875 0.753 0.468505859375 0.7516666666666667 0.482421875 0.743 0.487060546875 0.7363333333333333 0.486572265625 0.7313333333333333 0.483154296875 0.729 0.4736328125 0.7303333333333333 0.466552734375 0.7253333333333334 0.46533203125 0.727 0.465087890625 0.7293333333333333 0.466552734375 0.733 0.464599609375 0.7366666666666667 0.4560546875 0.74
1 0.497802734375 0.7276666666666667 0.501953125 0.7296666666666667 0.506103515625 0.7483333333333333 0.508544921875 0.7516666666666667 0.51416015625 0.7516666666666667 0.519775390625 0.7486666666666667 0.528564453125 0.7323333333333333 0.528564453125 0.7243333333333334 0.522216796875 0.72 0.51953125 0.7093333333333334 0.521484375 0.697 0.517578125 0.6963333333333334 0.513671875 0.6983333333333334 0.504150390625 0.6996666666666667 0.490234375 0.704 0.4853515625 0.7186666666666667 0.48583984375 0.7223333333333334 0.48974609375 0.729 0.494384765625 0.7293333333333333 0.497802734375 0.7276666666666667
1 0.455078125 0.30833333333333335 0.458740234375 0.31166666666666665 0.462890625 0.31233333333333335 0.470703125 0.30966666666666665 0.483642578125 0.30133333333333334 0.4873046875 0.295 0.486328125 0.28633333333333333 0.482421875 0.2763333333333333 0.476806640625 0.2673333333333333 0.470458984375 0.26166666666666666 0.458740234375 0.261 0.43994140625 0.2723333333333333 0.438232421875 0.276 0.442626953125 0.289 0.44677734375 0.297 0.455078125 0.30833333333333335
1 0.42236328125 0.158 0.423583984375 0.163 0.42578125 0.15633333333333332 0.45263671875 0.16366666666666665 0.456787109375 0.16333333333333333 0.466552734375 0.15866666666666668 0.482421875 0.148 0.48828125 0.13866666666666666 0.488037109375 0.13466666666666666 0.478515625 0.10933333333333334 0.474609375 0.10466666666666667 0.463134765625 0.10166666666666667 0.45556640625 0.103 0.431640625 0.11133333333333334 0.419189453125 0.12 0.416015625 0.126 0.415283203125 0.12966666666666668 0.41455078125 0.14633333333333334 0.419921875 0.15 0.4228515625 0.155 0.42236328125 0.158
1 0.458251953125 0.16566666666666666 0.460205078125 0.17033333333333334 0.466064453125 0.175 0.478271484375 0.18133333333333335 0.482421875 0.181 0.49560546875 0.172 0.5048828125 0.16233333333333333 0.513427734375 0.15066666666666667 0.494873046875 0.13866666666666666 0.4873046875 0.13866666666666666 0.48583984375 0.144 0.4833984375 0.14666666666666667 0.478271484375 0.14866666666666667 0.458251953125 0.16566666666666666
1 0.45751953125 0.194 0.463134765625 0.19733333333333333 0.466552734375 0.19666666666666666 0.472412109375 0.18533333333333332 0.466796875 0.17933333333333334 0.454345703125 0.17966666666666667 0.44580078125 0.18133333333333335 0.4423828125 0.18366666666666667 0.439453125 0.18833333333333332 0.43896484375 0.18933333333333333 0.43994140625 0.19066666666666668 0.443359375 0.193 0.45751953125 0.194
1 0.400146484375 0.252 0.403564453125 0.25466666666666665 0.408935546875 0.255 0.41552734375 0.26 0.41748046875 0.25866666666666666 0.420166015625 0.25133333333333335 0.427734375 0.24933333333333332 0.451171875 0.23233333333333334 0.450927734375 0.22833333333333333 0.44775390625 0.22666666666666666 0.445556640625 0.22333333333333333 0.431396484375 0.21666666666666667 0.423828125 0.21166666666666667 0.4140625 0.21166666666666667 0.40869140625 0.204 0.40234375 0.2 0.398681640625 0.20066666666666666 0.395263671875 0.208 0.386962890625 0.21666666666666667 0.386474609375 0.221 0.390869140625 0.231 0.396728515625 0.23566666666666666 0.400146484375 0.252
1 0.501708984375 0.25066666666666665 0.505126953125 0.24866666666666667 0.50634765625 0.244 0.506103515625 0.24 0.50341796875 0.236 0.499267578125 0.23366666666666666 0.495361328125 0.229 0.490234375 0.22666666666666666 0.485107421875 0.22533333333333333 0.48193359375 0.228 0.481689453125 0.23233333333333334 0.484130859375 0.24 0.4921875 0.24766666666666667 0.501708984375 0.25066666666666665
1 0.529296875 0.07633333333333334 0.541748046875 0.066 0.545166015625 0.058333333333333334 0.546142578125 0.05266666666666667 0.5439453125 0.049 0.540771484375 0.04666666666666667 0.525390625 0.05 0.513671875 0.06 0.509521484375 0.06833333333333333 0.508544921875 0.076 0.509765625 0.07766666666666666 0.51513671875 0.07833333333333334 0.529296875 0.07633333333333334
1 0.447021484375 0.08566666666666667 0.451416015625 0.086 0.45849609375 0.083 0.46240234375 0.07666666666666666 0.466552734375 0.076 0.467529296875 0.07333333333333333 0.4716796875 0.07033333333333333 0.480712890625 0.068 0.489990234375 0.06233333333333333 0.496337890625 0.049 0.498291015625 0.037 0.495849609375 0.025666666666666667 0.49560546875 0.017666666666666667 0.493896484375 0.013666666666666667 0.489501953125 0.011 0.48193359375 0.012666666666666666 0.463623046875 0.022333333333333334 0.4541015625 0.020666666666666667 0.44873046875 0.023 0.436767578125 0.032 0.43603515625 0.03766666666666667 0.43408203125 0.04066666666666666 0.435546875 0.04466666666666667 0.43603515625 0.050666666666666665 0.43359375 0.08 0.447021484375 0.08566666666666667
1 0.376953125 0.12 0.381103515625 0.11833333333333333 0.392578125 0.109 0.396728515625 0.108 0.398681640625 0.112 0.400146484375 0.119 0.404052734375 0.123 0.415771484375 0.12033333333333333 0.429931640625 0.11133333333333334 0.4326171875 0.108 0.431396484375 0.097 0.432373046875 0.088 0.43408203125 0.083 0.44091796875 0.076 0.4404296875 0.06833333333333333 0.4384765625 0.067 0.425048828125 0.065 0.423828125 0.06166666666666667 0.425048828125 0.05266666666666667 0.423583984375 0.046 0.419921875 0.04033333333333333 0.416015625 0.03866666666666667 0.411865234375 0.043 0.4072265625 0.05433333333333333 0.3779296875 0.07566666666666666 0.37646484375 0.07566666666666666 0.375 0.08033333333333334 0.362060546875 0.09966666666666667 0.359619140625 0.107 0.35888671875 0.11533333333333333 0.36083984375 0.118 0.36376953125 0.119 0.376953125 0.12
1 0.35595703125 0 0.35498046875 0.0033333333333333335 0.342529296875 0.015666666666666666 0.329345703125 0.037333333333333336 0.328125 0.04066666666666666 0.32861328125 0.048 0.335693359375 0.05533333333333333 0.336669921875 0.058666666666666666 0.333740234375 0.07266666666666667 0.336181640625 0.07866666666666666 0.337646484375 0.08766666666666667 0.3447265625 0.08666666666666667 0.349365234375 0.08766666666666667 0.352783203125 0.08566666666666667 0.35986328125 0.08633333333333333 0.364990234375 0.089 0.368896484375 0.08833333333333333 0.37548828125 0.084 0.375732421875 0.082 0.378092529296875 0.079 0.38427734375 0.07733333333333334 0.390625 0.06666666666666667 0.390869140625 0.06066666666666667 0.389404296875 0.05266666666666667 0.384765625 0.038 0.380615234375 0.033666666666666664 0.384765625 0.024666666666666667 0.385009765625 0.020666666666666667 0.3779296875 0.014 0.3740234375 0.007666666666666666 0.365966796875 0.0036666666666666666 0.36376953125 0.0016666666666666668 0.36376953125 0 0.35595703125 0
1 0.279296875 0.085 0.279296875 0.088 0.28076171875 0.091 0.28076171875 0.09666666666666666 0.279296875 0.10333333333333333 0.280517578125 0.10533333333333333 0.294921875 0.10966666666666666 0.298828125 0.10766666666666666 0.302490234375 0.10333333333333333 0.305419921875 0.09633333333333334 0.30810546875 0.09333333333333334 0.310546875 0.092 0.31787109375 0.09233333333333334 0.3212890625 0.09066666666666667 0.322021484375 0.087 0.3193359375 0.076 0.318603515625 0.064 0.31591796875 0.056666666666666664 0.307373046875 0.051333333333333335 0.302734375 0.04633333333333333 0.28271484375 0.04566666666666667 0.279296875 0.047 0.2783203125 0.048666666666666664 0.278076171875 0.053 0.28125 0.07066666666666667 0.281005859375 0.07766666666666666 0.279296875 0.085
1 0.287353515625 0.17533333333333334 0.290771484375 0.17233333333333334 0.291748046875 0.17 0.291748046875 0.166 0.2890625 0.16233333333333333 0.2705078125 0.15433333333333332 0.258544921875 0.151 0.256591796875 0.152 0.254638671875 0.156 0.25439453125 0.15833333333333333 0.255859375 0.16333333333333333 0.271728515625 0.171 0.287353515625 0.17533333333333334
1 0.235107421875 0.238 0.23681640625 0.24233333333333335 0.23681640625 0.25166666666666665 0.238037109375 0.25533333333333336 0.239990234375 0.25733333333333336 0.245849609375 0.25766666666666665 0.249755859375 0.26033333333333336 0.251708984375 0.2633333333333333 0.2529296875 0.2633333333333333 0.255615234375 0.2623333333333333 0.257080078125 0.25966666666666666 0.260009765625 0.24533333333333332 0.266357421875 0.24 0.267578125 0.236 0.271484375 0.231 0.2734375 0.22466666666666665 0.2744140625 0.21266666666666667 0.271728515625 0.21033333333333334 0.26025390625 0.21033333333333334 0.252685546875 0.21266666666666667 0.243896484375 0.21266666666666667 0.237060546875 0.21666666666666667 0.228515625 0.21866666666666668 0.228271484375 0.22433333333333333 0.229736328125 0.23033333333333333 0.231689453125 0.235 0.235107421875 0.238
1 0.358642578125 0.52 0.37451171875 0.5143333333333333 0.3818359375 0.511 0.386474609375 0.506 0.384765625 0.5013333333333333 0.369384765625 0.4866666666666667 0.365478515625 0.48433333333333334 0.36083984375 0.486 0.3564453125 0.485 0.35595703125 0.48233333333333334 0.353515625 0.48033333333333333 0.34912109375 0.48033333333333333 0.34619140625 0.48233333333333334 0.345703125 0.48633333333333334 0.341552734375 0.4876666666666667 0.3359375 0.49466666666666664 0.322509765625 0.5016666666666667 0.3232421875 0.5056666666666667 0.33251953125 0.518 0.341064453125 0.523 0.358642578125 0.52
1 0.392578125 0.5293333333333333 0.395751953125 0.5136666666666667 0.3935546875 0.5116666666666667 0.38916015625 0.5106666666666667 0.380615234375 0.512 0.373291015625 0.5173333333333333 0.369873046875 0.5256666666666666 0.365234375 0.5273333333333333 0.3642578125 0.5286666666666666 0.36474609375 0.5296666666666666 0.372314453125 0.5323333333333333 0.392578125 0.5293333333333333
1 0.28759765625 0.6223333333333333 0.28955078125 0.625 0.302734375 0.625 0.310302734375 0.619 0.311279296875 0.6166666666666667 0.3173828125 0.5953333333333334 0.317626953125 0.584 0.311279296875 0.5713333333333334 0.306640625 0.566 0.298583984375 0.5666666666666667 0.290771484375 0.5716666666666667 0.288330078125 0.5783333333333334 0.281982421875 0.5876666666666667 0.278564453125 0.599 0.278564453125 0.6073333333333333 0.281494140625 0.617 0.283447265625 0.6203333333333333 0.28759765625 0.6223333333333333
1 0.312744140625 0.7153333333333334 0.333740234375 0.713 0.337646484375 0.7096666666666667 0.342529296875 0.701 0.3427734375 0.6936666666666667 0.34423828125 0.6883333333333334 0.355224609375 0.6816666666666666 0.3544921875 0.67 0.357421875 0.6656666666666666 0.353515625 0.6603333333333333 0.349853515625 0.6623333333333333 0.341552734375 0.6636666666666666 0.333740234375 0.6573333333333333 0.33740234375 0.6426666666666667 0.335205078125 0.6306666666666667 0.30615234375 0.6286666666666667 0.301513671875 0.6336666666666667 0.2998046875 0.638 0.297607421875 0.6456666666666667 0.297119140625 0.658 0.29541015625 0.6613333333333333 0.291015625 0.662 0.289306640625 0.6693333333333333 0.288818359375 0.6813333333333333 0.2890625 0.701 0.291015625 0.7046666666666667 0.296142578125 0.7086666666666667 0.312744140625 0.7153333333333334
1 0.23681640625 0.6383333333333333 0.23876953125 0.6446666666666667 0.243408203125 0.654 0.250244140625 0.6556666666666666 0.259033203125 0.6556666666666666 0.263427734375 0.6533333333333333 0.265625 0.6456666666666667 0.264892578125 0.6426666666666667 0.2607421875 0.6376666666666667 0.2607421875 0.6336666666666667 0.26318359375 0.6276666666666667 0.2685546875 0.6193333333333333 0.268310546875 0.6146666666666667 0.265625 0.607 0.25244140625 0.6006666666666667 0.247314453125 0.6 0.232421875 0.607 0.227783203125 0.613 0.22509765625 0.619 0.2255859375 0.6226666666666667 0.22802734375 0.6286666666666667 0.23681640625 0.6383333333333333
1 0.34375 0.7716666666666666 0.3505859375 0.748 0.350341796875 0.74 0.337646484375 0.7346666666666667 0.33251953125 0.7486666666666667 0.32958984375 0.767 0.330078125 0.7713333333333333 0.341796875 0.7746666666666666 0.34375 0.7716666666666666
1 0.2822265625 0.7463333333333333 0.283935546875 0.7456666666666667 0.287109375 0.7413333333333333 0.2958984375 0.7386666666666667 0.302734375 0.7283333333333334 0.30322265625 0.7246666666666667 0.302490234375 0.7206666666666667 0.30078125 0.719 0.29052734375 0.717 0.288818359375 0.7093333333333334 0.287109375 0.708 0.2822265625 0.7093333333333334 0.27880859375 0.714 0.27685546875 0.715 0.261962890625 0.718 0.259521484375 0.7203333333333334 0.25927734375 0.7226666666666667 0.259033203125 0.7283333333333334 0.26025390625 0.7323333333333333 0.277099609375 0.7416666666666667 0.2822265625 0.7463333333333333
1 0.458984375 0.24566666666666667 0.4619140625 0.24566666666666667 0.464599609375 0.24333333333333335 0.470703125 0.242 0.474365234375 0.23733333333333334 0.476318359375 0.23233333333333334 0.47607421875 0.22766666666666666 0.474853515625 0.225 0.466552734375 0.22333333333333333 0.45654296875 0.21566666666666667 0.4501953125 0.21666666666666667 0.44482421875 0.22033333333333333 0.444091796875 0.222 0.44384765625 0.225 0.447021484375 0.232 0.45703125 0.24033333333333334 0.458984375 0.24566666666666667
1 0.4912109375 0.3536666666666667 0.49755859375 0.35 0.501220703125 0.3433333333333333 0.505859375 0.339 0.511474609375 0.33 0.511962890625 0.326 0.505126953125 0.3243333333333333 0.49853515625 0.32066666666666666 0.48828125 0.32033333333333336 0.482177734375 0.324 0.478271484375 0.3293333333333333 0.467041015625 0.3456666666666667 0.468505859375 0.349 0.481689453125 0.3536666666666667 0.4912109375 0.3536666666666667
1 0.501953125 0.32266666666666666 0.5087890625 0.305 0.513671875 0.2996666666666667 0.515625 0.287 0.513427734375 0.283 0.509521484375 0.2796666666666667 0.497802734375 0.277 0.4951171875 0.2793333333333333 0.483154296875 0.306 0.482421875 0.31466666666666665 0.48583984375 0.32033333333333336 0.489501953125 0.32233333333333336 0.501953125 0.32266666666666666
1 0.463623046875 0.384 0.4658203125 0.3883333333333333 0.46923828125 0.39 0.4775390625 0.3923333333333333 0.482421875 0.3923333333333333 0.486572265625 0.389 0.490234375 0.37933333333333336 0.490966796875 0.373 0.490234375 0.36733333333333335 0.482421875 0.35533333333333333 0.477783203125 0.35133333333333333 0.458984375 0.3413333333333333 0.455322265625 0.342 0.44921875 0.3466666666666667 0.443359375 0.34933333333333333 0.43798828125 0.35733333333333334 0.437255859375 0.361 0.446044921875 0.37566666666666665 0.4599609375 0.38 0.463623046875 0.384
1 0.106689453125 0 0.10693359375 0.003 0.105224609375 0.009666666666666667 0.09619140625 0.022 0.09521484375 0.02666666666666667 0.096923828125 0.03333333333333333 0.114013671875 0.04466666666666667 0.12353515625 0.04933333333333333 0.129150390625 0.050666666666666665 0.146484375 0.048 0.1640625 0.042666666666666665 0.1708984375 0.029666666666666668 0.183349609375 0.013333333333333334 0.187255859375 0.005666666666666667 0.183837890625 0 0.106689453125 0
1 0.04833984375 0.088 0.052734375 0.08766666666666667 0.05712890625 0.085 0.06787109375 0.082 0.075927734375 0.081 0.077880859375 0.07866666666666666 0.080078125 0.072 0.080322265625 0.061 0.07861328125 0.045 0.07568359375 0.042333333333333334 0.068115234375 0.04066666666666666 0.06103515625 0.043 0.04638671875 0.04466666666666667 0.043212890625 0.04733333333333333 0.040771484375 0.056666666666666664 0.040771484375 0.06666666666666667 0.0439453125 0.083 0.04541015625 0.08633333333333333 0.04833984375 0.088
1 0.127685546875 0.12366666666666666 0.130615234375 0.122 0.13671875 0.11133333333333334 0.1396484375 0.104 0.140625 0.099 0.13916015625 0.09366666666666666 0.134765625 0.08933333333333333 0.130615234375 0.088 0.126708984375 0.08933333333333333 0.121337890625 0.1 0.116455078125 0.11566666666666667 0.1162109375 0.119 0.116943359375 0.12 0.12255859375 0.12366666666666666 0.127685546875 0.12366666666666666
1 0.193359375 0.09766666666666667 0.197265625 0.09766666666666667 0.198974609375 0.096 0.202880859375 0.08733333333333333 0.201904296875 0.08 0.2001953125 0.07533333333333334 0.200439453125 0.072 0.1982421875 0.06833333333333333 0.19287109375 0.06566666666666666 0.185546875 0.06933333333333333 0.18359375 0.07266666666666667 0.182861328125 0.07566666666666666 0.183349609375 0.079 0.18896484375 0.09533333333333334 0.193359375 0.09766666666666667
1 0.027099609375 0.26166666666666666 0.025390625 0.2613333333333333 0.0244140625 0.272 0.025634765625 0.27466666666666667 0.033203125 0.278 0.048828125 0.2813333333333333 0.0517578125 0.2753333333333333 0.0546875 0.25866666666666666 0.056396484375 0.25633333333333336 0.061279296875 0.255 0.06494140625 0.24833333333333332 0.06787109375 0.22566666666666665 0.067138671875 0.213 0.056640625 0.194 0.04833984375 0.18533333333333332 0.0390625 0.18333333333333332 0.036865234375 0.18166666666666667 0.033203125 0.18266666666666667 0.02587890625 0.189 0.027587890625 0.19533333333333333 0.0302734375 0.22913333333333333 0.02783203125 0.258 0.027099609375 0.26166666666666666
1 0 0.19166666666666668 0.010009765625 0.193 0.021728515625 0.19066666666666668 0.02783203125 0.18733333333333332 0.031005859375 0.18333333333333332 0.037353515625 0.18133333333333335 0.03759765625 0.17633333333333334 0.03662109375 0.17166666666666666 0.0322265625 0.16533333333333333 0.029052734375 0.163 0.01416015625 0.16033333333333333 0.002685546875 0.161 0 0.16133333333333333 0 0.19166666666666668
1 0.075927734375 0.2823333333333333 0.0810546875 0.2833333333333333 0.099365234375 0.2786666666666667 0.101806640625 0.275 0.107177734375 0.26066666666666666 0.1083984375 0.252 0.09912109375 0.236 0.091796875 0.23 0.081298828125 0.22833333333333333 0.0712890625 0.23066666666666666 0.06884765625 0.233 0.065185546875 0.24966666666666668 0.0625 0.256 0.06298828125 0.26166666666666666 0.06689453125 0.26666666666666666 0.073486328125 0.2793333333333333 0.075927734375 0.2823333333333333
1 0.158203125 0.353 0.15771484375 0.357 0.154296875 0.36566666666666664 0.1533203125 0.37333333333333335 0.15478515625 0.37666666666666665 0.15771484375 0.37866666666666665 0.1669921875 0.37966666666666665 0.180908203125 0.377 0.183837890625 0.37966666666666665 0.1845703125 0.38466666666666666 0.186279296875 0.3863333333333333 0.201904296875 0.385 0.216552734375 0.38133333333333336 0.220947265625 0.37766666666666665 0.2255859375 0.37733333333333335 0.22705078125 0.375 0.228759765625 0.368 0.22607421875 0.358 0.224365234375 0.356 0.2177734375 0.3546666666666667 0.211669921875 0.351 0.207275390625 0.345 0.19873046875 0.3263333333333333 0.19677734375 0.324 0.189697265625 0.32133333333333336 0.177734375 0.32066666666666666 0.16943359375 0.317 0.15771484375 0.314 0.150146484375 0.314 0.14599609375 0.31566666666666665 0.1416015625 0.31833333333333336 0.139892578125 0.32133333333333336 0.1396484375 0.326 0.142822265625 0.3343333333333333 0.1572265625 0.3496666666666667 0.158203125 0.353
1 0.150634765625 0.4513333333333333 0.15625 0.4666666666666667 0.15625 0.4756666666666667 0.157470703125 0.484 0.16259765625 0.494 0.177490234375 0.494 0.181396484375 0.47433333333333333 0.183837890625 0.4713333333333333 0.189453125 0.4693333333333333 0.193359375 0.4633333333333333 0.197998046875 0.46 0.2109375 0.44233333333333336 0.212158203125 0.43966666666666665 0.211669921875 0.43666666666666665 0.2275390625 0.41433333333333333 0.23291015625 0.412 0.2353515625 0.4076666666666667 0.237548828125 0.4 0.237548828125 0.3963333333333333 0.233642578125 0.39366666666666666 0.233642578125 0.3923333333333333 0.23681640625 0.38866666666666666 0.233154296875 0.3863333333333333 0.232421875 0.38433333333333336 0.212890625 0.37933333333333336 0.20849609375 0.382 0.205078125 0.381 0.197265625 0.386 0.185546875 0.38533333333333336 0.181396484375 0.387 0.172688720703125 0.394 0.165771484375 0.395 0.158203125 0.40066666666666667 0.150634765625 0.4116666666666667 0.146240234375 0.42766666666666664 0.1455078125 0.43133333333333335 0.146240234375 0.43566666666666665 0.14892578125 0.43866666666666665 0.150634765625 0.4513333333333333
1 0.099365234375 0.4886666666666667 0.103515625 0.49666666666666665 0.11279296875 0.5016666666666667 0.11865234375 0.5073333333333333 0.12255859375 0.509 0.1416015625 0.498 0.1451416015625 0.494 0.146728515625 0.494 0.15673828125 0.48233333333333334 0.156005859375 0.4706666666666667 0.15234375 0.461 0.14599609375 0.45 0.138427734375 0.44433333333333336 0.1220703125 0.44233333333333336 0.117431640625 0.43866666666666665 0.113037109375 0.438 0.111328125 0.43866666666666665 0.110107421875 0.441 0.087158203125 0.4533333333333333 0.080322265625 0.46 0.079345703125 0.46266666666666667 0.080322265625 0.4673333333333333 0.0927734375 0.48533333333333334 0.099365234375 0.4886666666666667
1 0.12646484375 0.405 0.130859375 0.4043333333333333 0.133544921875 0.4 0.139892578125 0.38333333333333336 0.142822265625 0.373 0.142578125 0.366 0.130859375 0.35633333333333334 0.126708984375 0.3566666666666667 0.117919921875 0.369 0.116455078125 0.37666666666666665 0.113525390625 0.382 0.11279296875 0.38433333333333336 0.113037109375 0.3963333333333333 0.123291015625 0.404 0.12646484375 0.405
1 0.060546875 0.401 0.0634765625 0.399 0.068359375 0.399 0.072021484375 0.3963333333333333 0.078857421875 0.3883333333333333 0.082275390625 0.38066666666666665 0.080078125 0.37533333333333335 0.067626953125 0.373 0.055908203125 0.37366666666666665 0.047607421875 0.379 0.04150390625 0.38866666666666666 0.040283203125 0.39366666666666666 0.044921875 0.399 0.052490234375 0.4013333333333333 0.060546875 0.401
1 0.093017578125 0.369 0.09521484375 0.37266666666666665 0.09521484375 0.37666666666666665 0.096435546875 0.377 0.099365234375 0.376 0.10107421875 0.37333333333333335 0.10693359375 0.37 0.11083984375 0.3626666666666667 0.1171875 0.36 0.119140625 0.35633333333333334 0.121826171875 0.3453333333333333 0.119384765625 0.3413333333333333 0.115234375 0.33766666666666667 0.11083984375 0.33866666666666667 0.106689453125 0.337 0.10302734375 0.34 0.101806640625 0.345 0.099853515625 0.3466666666666667 0.08740234375 0.346 0.084716796875 0.348 0.080810546875 0.35233333333333333 0.078369140625 0.35333333333333333 0.08251953125 0.36 0.093017578125 0.369
1 0.076416015625 0.5123333333333333 0.079833984375 0.511 0.091064453125 0.494 0.093994140625 0.48633333333333334 0.090576171875 0.482 0.0869140625 0.47433333333333333 0.079833984375 0.4663333333333333 0.07666015625 0.4643333333333333 0.064453125 0.461 0.060546875 0.4613333333333333 0.05712890625 0.4646666666666667 0.052490234375 0.4716666666666667 0.0478515625 0.48233333333333334 0.047607421875 0.48633333333333334 0.056396484375 0.5086666666666667 0.066162109375 0.5116666666666667 0.076416015625 0.5123333333333333
0 0.14599609375 0.572 0.155029296875 0.57 0.158203125 0.5663333333333334 0.160400390625 0.5603333333333333 0.1611328125 0.5526666666666666 0.15869140625 0.547 0.154052734375 0.542 0.145751953125 0.5413333333333333 0.143310546875 0.5423333333333333 0.1376953125 0.5486666666666666 0.136474609375 0.552 0.13623046875 0.561 0.137451171875 0.5643333333333334 0.14208984375 0.5696666666666667 0.14599609375 0.572
1 0.216796875 0.559 0.22119140625 0.554 0.226806640625 0.535 0.232666015625 0.5263333333333333 0.233642578125 0.5213333333333333 0.2236328125 0.5133333333333333 0.21240234375 0.5073333333333333 0.208740234375 0.5066666666666667 0.20361328125 0.5136666666666667 0.198974609375 0.5296666666666666 0.19775390625 0.541 0.2021484375 0.552 0.208740234375 0.5566666666666666 0.216796875 0.559
1 0 0.7093333333333334 0.004150390625 0.712 0.009765625 0.719 0.01708984375 0.7243333333333334 0.049560546875 0.727 0.060791015625 0.7233333333333334 0.06787109375 0.7166666666666667 0.0703125 0.7126666666666667 0.072265625 0.7083333333333334 0.07958984375 0.6796666666666666 0.0859375 0.67 0.087890625 0.6493333333333333 0.087158203125 0.6423333333333333 0.083984375 0.6376666666666667 0.078857421875 0.6346666666666667 0.062255859375 0.629 0.048828125 0.6256666666666667 0.040771484375 0.6266666666666667 0.024169921875 0.67 0.0234375 0.6736666666666666 0.02587890625 0.6776666666666666 0.02685546875 0.6816666666666666 0.025390625 0.6836666666666666 0.017822265625 0.684 0.007568359375 0.689 0.001708984375 0.6966666666666667 0 0.6966666666666667 0 0.7093333333333334
1 0.10693359375 0.8223333333333334 0.1142578125 0.8243333333333334 0.123291015625 0.8236666666666667 0.130615234375 0.8223333333333334 0.140380859375 0.8173333333333334 0.145263671875 0.813 0.1513671875 0.804 0.152099609375 0.8013333333333333 0.1513671875 0.7883333333333333 0.14794921875 0.776 0.147216796875 0.7596666666666667 0.142578125 0.7566666666666667 0.137451171875 0.756 0.124755859375 0.7593333333333333 0.115478515625 0.7643333333333333 0.107421875 0.7663333333333333 0.0986328125 0.7753333333333333 0.093994140625 0.787 0.0908203125 0.7906666666666666 0.089111328125 0.7973333333333333 0.08984375 0.8023333333333333 0.091796875 0.806 0.101806640625 0.819 0.10693359375 0.8223333333333334
1 0.10107421875 0.939 0.10107421875 0.9436666666666667 0.103271484375 0.9496666666666667 0.107666015625 0.9556666666666667 0.111083984375 0.9583333333333334 0.126708984375 0.9643333333333334 0.131591796875 0.9603333333333334 0.135498046875 0.959 0.138671875 0.9496666666666667 0.140869140625 0.935 0.14404296875 0.927 0.148681640625 0.875 0.1474609375 0.8683333333333333 0.146240234375 0.8666666666666667 0.13818359375 0.8636666666666667 0.125 0.8626666666666667 0.111328125 0.864 0.107177734375 0.869 0.104248046875 0.8806666666666667 0.102294921875 0.8943333333333333 0.10546875 0.908 0.10400390625 0.9276666666666666 0.102294921875 0.9316666666666666 0.10107421875 0.939
1 0.052734375 0.9616666666666667 0.06103515625 0.963 0.0849609375 0.9513333333333334 0.087890625 0.948 0.095703125 0.9433333333333334 0.09814453125 0.939 0.0986328125 0.9346666666666666 0.102783203125 0.9276666666666666 0.104248046875 0.9123333333333333 0.103515625 0.9033333333333333 0.1005859375 0.8963333333333333 0.096435546875 0.89 0.092041015625 0.8866666666666667 0.078125 0.8846666666666667 0.067138671875 0.8903333333333333 0.05615234375 0.9003333333333333 0.05078125 0.9073333333333333 0.048583984375 0.9123333333333333 0.046142578125 0.925 0.04150390625 0.939 0.041259765625 0.944 0.044921875 0.955 0.04736328125 0.9593333333333334 0.052734375 0.9616666666666667
1 0.182861328125 0.988 0.185302734375 0.9856666666666667 0.18798828125 0.9803333333333333 0.198974609375 0.9753333333333334 0.20166015625 0.9706666666666667 0.200927734375 0.9666666666666667 0.197265625 0.9636666666666667 0.193359375 0.962 0.18701171875 0.9616666666666667 0.183349609375 0.959 0.181640625 0.9513333333333334 0.17919921875 0.9506666666666667 0.17333984375 0.951 0.172119140625 0.9553333333333334 0.166748046875 0.9633333333333334 0.161865234375 0.9633333333333334 0.1591796875 0.9683333333333334 0.158203125 0.9746666666666667 0.159423828125 0.978 0.169677734375 0.991 0.182861328125 0.988
1 0 0.9756666666666667 0.006103515625 0.9806666666666667 0.013671875 0.993 0.025634765625 0.9996666666666667 0.026611328125 0.9953333333333333 0.02685546875 0.9823333333333333 0.022705078125 0.9736666666666667 0.021484375 0.964 0.014729736328125 0.9636666666666667 0.001708984375 0.9566666666666667 0 0.9566666666666667 0 0.9756666666666667
1 0.090576171875 0.6356666666666667 0.095458984375 0.649 0.098876953125 0.6543333333333333 0.106201171875 0.662 0.114990234375 0.6693333333333333 0.119140625 0.6683333333333333 0.122802734375 0.665 0.1298828125 0.6506666666666666 0.130859375 0.65 0.134033203125 0.652 0.138671875 0.6516666666666666 0.142578125 0.6456666666666667 0.15185546875 0.6356666666666667 0.153076171875 0.631 0.151611328125 0.6243333333333333 0.14697265625 0.615 0.1416015625 0.6143333333333333 0.134521484375 0.61 0.128173828125 0.6103333333333333 0.12255859375 0.6146666666666667 0.116943359375 0.61 0.103271484375 0.6073333333333333 0.09619140625 0.617 0.091552734375 0.6186666666666667 0.087890625 0.6223333333333333 0.08740234375 0.623 0.08935546875 0.626 0.0908203125 0.6316666666666667 0.090576171875 0.6356666666666667
1 0 0.6633333333333333 0.013916015625 0.665 0.02197265625 0.6606666666666666 0.0244140625 0.658 0.027099609375 0.6453333333333333 0.031982421875 0.6316666666666667 0.034912109375 0.613 0.034912109375 0.6066666666666667 0.03271484375 0.6023333333333334 0.025146484375 0.5973333333333334 0.001953125 0.594 0 0.594 0 0.6633333333333333
1 0 0.5626666666666666 0.001953125 0.5626666666666666 0.010009765625 0.5573333333333333 0.020751953125 0.5536666666666666 0.025390625 0.548 0.028076171875 0.541 0.033935546875 0.5113333333333333 0.03173828125 0.49866666666666665 0.02880859375 0.495 0.022705078125 0.48233333333333334 0.013427734375 0.479 0.001953125 0.47733333333333333 0 0.47733333333333333 0 0.5626666666666666
1 0.345703125 0.23766666666666666 0.348876953125 0.23666666666666666 0.350341796875 0.23233333333333334 0.3486328125 0.22933333333333333 0.345458984375 0.22733333333333333 0.336669921875 0.22666666666666666 0.33203125 0.22866666666666666 0.331787109375 0.23233333333333334 0.33544921875 0.236 0.338134765625 0.237 0.345703125 0.23766666666666666
1 0.25244140625 0.44633333333333336 0.254150390625 0.43666666666666665 0.25439453125 0.429 0.25244140625 0.4236666666666667 0.24755859375 0.421 0.23681640625 0.42133333333333334 0.234375 0.4236666666666667 0.2333984375 0.427 0.231689453125 0.43933333333333335 0.23681640625 0.44533333333333336 0.2470703125 0.4483333333333333 0.25244140625 0.44633333333333336
1 0.181640625 0.5763333333333334 0.187255859375 0.5796666666666667 0.193359375 0.5803333333333334 0.203125 0.5876666666666667 0.208740234375 0.5883333333333334 0.20947265625 0.5873333333333334 0.21484375 0.576 0.21337890625 0.571 0.2060546875 0.565 0.20556640625 0.5636666666666666 0.20654296875 0.5603333333333333 0.205810546875 0.5593333333333333 0.20166015625 0.5573333333333333 0.197021484375 0.558 0.189453125 0.552 0.18505859375 0.5563333333333333 0.18701171875 0.5673333333333334 0.1865234375 0.569 0.182373046875 0.5723333333333334 0.181640625 0.5763333333333334
1 0.130859375 0.5476666666666666 0.138671875 0.5483333333333333 0.14404296875 0.541 0.144775390625 0.5326666666666666 0.148681640625 0.5213333333333333 0.14794921875 0.5006666666666667 0.14697265625 0.499 0.143310546875 0.49733333333333335 0.13525390625 0.49933333333333335 0.13427734375 0.502 0.124267578125 0.51 0.118408203125 0.52 0.1162109375 0.5253333333333333 0.122314453125 0.5326666666666666 0.126708984375 0.543 0.130859375 0.5476666666666666
1 0.18994140625 0.713 0.208984375 0.724 0.2158203125 0.7253333333333334 0.21826171875 0.724 0.219970703125 0.7166666666666667 0.21923828125 0.7106666666666667 0.217529296875 0.704 0.216552734375 0.6933333333333334 0.213623046875 0.687 0.20849609375 0.684 0.19677734375 0.6826666666666666 0.189697265625 0.6803333333333333 0.18505859375 0.681 0.178466796875 0.6866666666666666 0.177978515625 0.6896666666666667 0.18115234375 0.6996666666666667 0.18505859375 0.7076666666666667 0.18994140625 0.713
1 0.321533203125 0.6083333333333333 0.32470703125 0.608 0.33642578125 0.601 0.3408203125 0.5953333333333334 0.3515625 0.5883333333333334 0.354248046875 0.5836666666666667 0.351318359375 0.5786666666666667 0.3427734375 0.5736666666666667 0.333740234375 0.5743333333333334 0.33154296875 0.5763333333333334 0.330810546875 0.58 0.323974609375 0.5843333333333334 0.31982421875 0.5903333333333334 0.318359375 0.5953333333333334 0.318603515625 0.5996666666666667 0.317626953125 0.6033333333333334 0.318359375 0.6053333333333333 0.321533203125 0.6083333333333333
1 0.646484375 0.6433333333333333 0.655517578125 0.6403333333333333 0.661376953125 0.635 0.661376953125 0.6306666666666667 0.65869140625 0.626 0.649658203125 0.6176666666666667 0.6376953125 0.6183333333333333 0.629150390625 0.6223333333333333 0.626953125 0.626 0.627197265625 0.631 0.629638671875 0.6366666666666667 0.64208984375 0.643 0.646484375 0.6433333333333333
1 0.68675244140625 0.8392466666666666 0.68248291015625 0.8812659999999999 0.692781005859375 0.8812659999999999 0.69857373046875 0.8399656666666666 0.68675244140625 0.8392466666666666