1 0.556423611328125 0.8707809733333334 0.55615234375 0.8755963106666667 0.553982205078125 0.8811524686666666 0.544216580078125 0.8948576593333334 0.5458441840820313 0.9011546393333333 0.541775173828125 0.9118965453333333 0.541232638671875 0.9181935253333333 0.541232638671875 0.9422702113333333 0.5428602431640625 0.94782637 0.5531684028320313 0.9607907400000001 0.5569661459960937 0.9626427926666666 0.572970919921875 0.962272382 0.5849066840820313 0.9593090973333332 0.5984700522460937 0.9593090973333332 0.602810330078125 0.9574570446666667 0.6117621528320313 0.9459743173333333 0.612575955078125 0.9244905046666666 0.6109483505859375 0.9130077773333334 0.6033528647460937 0.8981913546666667 0.5981987846679687 0.8848565746666667 0.5946723090820313 0.877818774 0.5908745659179687 0.8733738466666667 0.5591362846679687 0.8655952253333333 0.556423611328125 0.8707809733333334
1 0.614474826171875 0.9248609153333334 0.6136610244140625 0.9304170733333333 0.615017361328125 0.9352324106666666 0.6104058159179687 0.948937602 0.607421875 0.9541233493333334 0.602810330078125 0.958197866 0.597384982421875 0.9707918246666667 0.59765625 0.9785704466666666 0.6041666665039063 0.9930164586666667 0.610134548828125 0.99375728 0.6166449653320313 0.984497016 0.6204427084960937 0.9833857840000001 0.6264105903320313 0.9852378366666666 0.6302083334960937 0.9919052266666666 0.6329210068359375 0.9933868693333334 0.6359049477539063 0.991164406 0.6424153647460937 0.981904142 0.6500108505859375 0.9667173086666667 0.6456705727539063 0.9470855486666666 0.6331922744140625 0.9248609153333334 0.627224392578125 0.9204159886666666 0.6209852431640625 0.9207863986666667 0.614474826171875 0.9248609153333334
1 0.3182948427734375 1 0.3198784721679688 0.9904235846666667 0.3247612846679688 0.9274537893333333 0.32503255224609373 0.8941168386666667 0.32340494775390627 0.8893015013333334 0.3179796005859375 0.8826341113333332 0.311740451171875 0.8811524686666666 0.3090277778320312 0.8818932899999999 0.3017035590820312 0.8889310906666666 0.3008897568359375 0.8944872493333333 0.29899088525390627 0.9404181586666667 0.2987196181640625 0.996350154 0.2988866767578125 1 0.3182948427734375 1
1 0.21625434033203125 0.9311578946666667 0.21381293408203125 0.953012118 0.211642794921875 0.9604203293333333 0.21245659716796875 0.984867426 0.214084201171875 0.9896827633333334 0.216525607421875 0.9919052266666666 0.22900390625 0.9941276906666667 0.2325303818359375 0.9907939953333333 0.2349717880859375 0.9722734673333333 0.23551432275390624 0.9367140533333332 0.23225911474609376 0.9300466633333334 0.22086588525390624 0.926712968 0.2181532119140625 0.9274537893333333 0.21625434033203125 0.9311578946666667
1 0.4149456528320313 1 0.4232313369140625 0.971532646 0.4232313369140625 0.9648652560000001 0.4183485244140625 0.9600499186666666 0.414822048828125 0.959679508 0.4131944443359375 0.9607907400000001 0.411838107421875 0.9644948453333333 0.4034288193359375 0.9944981006666667 0.40364088671875 1 0.4149456528320313 1
1 0.4574110244140625 0.7818824379999999 0.4541558159179688 0.7885498280000001 0.455783419921875 0.794846808 0.46419270849609373 0.812256104 0.472873263671875 0.821145958 0.47395833349609373 0.824109242 0.48128255224609373 0.8281837586666667 0.48942057275390627 0.84225936 0.49918619775390627 0.8452226439999999 0.5062391494140625 0.8418889493333332 0.5086805556640625 0.8355919693333334 0.5086805556640625 0.8237388313333333 0.5067816840820313 0.8170714413333333 0.5029839409179687 0.8115152833333333 0.5013563369140625 0.8066999460000001 0.5005425346679687 0.7941059866666667 0.4962022568359375 0.7822528486666667 0.49186197900390627 0.7755854586666666 0.4864366318359375 0.7722517633333333 0.4834526909179688 0.771510942 0.47721354150390627 0.7766966900000001 0.46744791650390627 0.7744742266666667 0.4574110244140625 0.7818824379999999
1 0.44466145849609373 0.893746428 0.443576388671875 0.9007842286666667 0.4522569443359375 0.9063403873333333 0.4571397568359375 0.9063403873333333 0.4590386284179688 0.9030066919999999 0.460666232421875 0.8952280699999999 0.4598524306640625 0.8863382166666667 0.4549696181640625 0.877818774 0.451443142578125 0.8770779526666667 0.4500868056640625 0.8789300053333333 0.44466145849609373 0.893746428
1 0.7338324653320313 0.7059482726666667 0.72705078125 0.7278024959999999 0.72705078125 0.7407668653333334 0.734646267578125 0.7481750766666667 0.7376302084960937 0.7537312353333333 0.73681640625 0.7707701213333333 0.741427951171875 0.7815120273333334 0.7506510415039063 0.793735576 0.7568901909179687 0.794846808 0.7685546875 0.7826232593333334 0.77587890625 0.7722517633333333 0.782931857421875 0.742248508 0.7818467880859375 0.7296545486666667 0.77587890625 0.7111340206666668 0.7693684897460937 0.7018737566666667 0.765842013671875 0.7007625246666667 0.763400607421875 0.7018737566666667 0.7501085068359375 0.7129860733333333 0.7373589409179687 0.7044666306666666 0.7338324653320313 0.7059482726666667
1 0.8569878471679687 0.752990414 0.85888671875 0.7541016460000001 0.8662109375 0.752032456 0.8662109375 0.71844542 0.861056857421875 0.7207646953333333 0.8550889755859375 0.7266912640000001 0.8523763022460937 0.7352107073333334 0.8526475693359375 0.7411372759999999 0.8553602431640625 0.7507679506666667 0.8569878471679687 0.752990414
1 0.5887044272460937 0.4918509673333333 0.5824652778320313 0.5059265686666666 0.5786675346679687 0.5100010853333333 0.5775824653320313 0.5148164226666667 0.577853732421875 0.5266695606666666 0.5821940102539063 0.534448182 0.585177951171875 0.544819678 0.5911458334960937 0.5544503526666666 0.6009114584960937 0.5625993853333333 0.607421875 0.561858564 0.6136610244140625 0.5555615846666667 0.6234266494140625 0.5340777720000001 0.624782986328125 0.527780792 0.6239691840820313 0.510371496 0.615017361328125 0.49296219933333335 0.6093207465820313 0.48666522 0.6025390625 0.482961114 0.597384982421875 0.4851835773333333 0.5887044272460937 0.4918509673333333
1 0.47884114599609373 0.629273286 0.4755859375 0.6333478026666667 0.47233072900390627 0.6429784773333334 0.466091580078125 0.6537203833333333 0.46337890625 0.667425574 0.456325955078125 0.6815011753333333 0.4517144096679688 0.7003921140000001 0.45279947900390627 0.705577862 0.4546983505859375 0.7078003253333333 0.45849609375 0.7103931993333333 0.468532986328125 0.7129860733333333 0.4736870659179688 0.717431 0.4769422744140625 0.726320854 0.4799262153320312 0.7289137273333334 0.48697916650390627 0.7307657806666666 0.4915907119140625 0.7289137273333334 0.4937608505859375 0.7115044313333333 0.492947048828125 0.6996512933333333 0.4891493056640625 0.6940951346666667 0.4896918403320312 0.6870573339999999 0.49674479150390627 0.6626102366666666 0.5009041342773437 0.6589061313333333 0.5065104165039063 0.6574244893333334 0.5084092880859375 0.6459417613333334 0.50732421875 0.6407560139999999 0.50244140625 0.6340886233333333 0.4940321181640625 0.6326069813333334 0.4864366318359375 0.6274212333333333 0.4818250869140625 0.627791644 0.47884114599609373 0.629273286
1 0.39176432275390627 0.5459309099999999 0.39095052099609373 0.5522278893333333 0.3931206596679688 0.5629697953333334 0.3974609375 0.575193344 0.4053276909179688 0.5803790919999999 0.4091254340820312 0.5892689453333333 0.4164496528320312 0.5970475673333334 0.4327256943359375 0.6051966 0.439236111328125 0.6063078313333333 0.44791666650390627 0.604085368 0.453342013671875 0.5981587993333334 0.458224826171875 0.596306746 0.4639214409179688 0.5966771566666667 0.4671766494140625 0.59223223 0.46826171875 0.588157714 0.467990451171875 0.582971966 0.46419270849609373 0.5707484173333333 0.4517144096679688 0.5563024053333333 0.4297417534179688 0.5481533733333334 0.4205186630859375 0.5414859826666667 0.409939236328125 0.5414859826666667 0.407497830078125 0.5433380360000001 0.3944769965820312 0.5414859826666667 0.39176432275390627 0.5459309099999999
1 0.429470486328125 0.6103823473333333 0.429470486328125 0.6166793273333333 0.4329969619140625 0.623717128 0.443576388671875 0.632977392 0.4481879340820312 0.6470529933333333 0.45524088525390627 0.6522387413333334 0.4614800346679688 0.654090794 0.4663628471679688 0.6507570986666666 0.4726019965820312 0.643348888 0.4750434028320312 0.6344590339999999 0.4712456596679688 0.6203834326666666 0.4652777778320312 0.6163089166666667 0.45361328125 0.6122344006666667 0.4449327255859375 0.606678242 0.43326822900390627 0.606678242 0.429470486328125 0.6103823473333333
1 0.21001519091796875 0.6648327 0.20621744775390624 0.670018448 0.20377604150390624 0.676315428 0.19889322900390624 0.6996512933333333 0.1986219619140625 0.7059482726666667 0.199978298828125 0.7111340206666668 0.20052083349609376 0.7233575693333334 0.20296223974609376 0.7274320853333334 0.21001519091796875 0.73039537 0.2227647568359375 0.7318770120000001 0.23198784716796875 0.7311361906666666 0.23931206591796875 0.7233575693333334 0.24609375 0.7052074513333334 0.2504340278320312 0.6877981553333334 0.251247830078125 0.6696480373333333 0.248263888671875 0.6633510579999999 0.24555121533203125 0.6622398266666667 0.21733940966796875 0.6622398266666667 0.21001519091796875 0.6648327
1 0.178005642578125 0.7589169833333334 0.175021701171875 0.7644731413333334 0.177463107421875 0.7696588893333333 0.17936197900390624 0.7785487426666667 0.179904513671875 0.7985509133333333 0.1837022568359375 0.8115152833333333 0.18451605908203125 0.830406222 0.187771267578125 0.8433705913333334 0.18994140625 0.8474451073333333 0.19184027783203125 0.847815518 0.2007921005859375 0.8355919693333334 0.201877169921875 0.8300358113333334 0.20133463525390624 0.8233684213333333 0.20513237841796875 0.8118856933333333 0.2059461806640625 0.805588714 0.194552951171875 0.7611394466666668 0.1910264755859375 0.7559536986666667 0.18505859375 0.755583288 0.178005642578125 0.7589169833333334
1 0.207302517578125 0.5255583286666666 0.1937391494140625 0.5585248686666666 0.189670138671875 0.5748229333333333 0.19075520849609376 0.5803790919999999 0.192654080078125 0.5800086813333333 0.197536892578125 0.582971966 0.2056749130859375 0.5851944293333333 0.21001519091796875 0.5837127873333333 0.2119140625 0.5807495026666666 0.224392361328125 0.53296654 0.2252061630859375 0.5229654546666667 0.219509548828125 0.5181501173333334 0.21381293408203125 0.5155572433333333 0.21001519091796875 0.515927654 0.207302517578125 0.5255583286666666
1 0.17610677099609376 0.5866760713333333 0.16878255224609376 0.5892689453333333 0.165256076171875 0.5929730513333333 0.16254340283203125 0.622605896 0.165256076171875 0.6244579486666667 0.1815321181640625 0.6240875386666667 0.18505859375 0.6222354853333333 0.18939887158203125 0.617049738 0.1910264755859375 0.6107527580000001 0.1910264755859375 0.601492494 0.184787326171875 0.581860734 0.1815321181640625 0.582971966 0.17610677099609376 0.5866760713333333
1 0.595486111328125 0.6203834326666666 0.588161892578125 0.63149575 0.5835503471679687 0.6740929646666667 0.5849066840820313 0.679278712 0.5992838540039063 0.6807603546666666 0.6044379340820313 0.6848348706666667 0.607421875 0.6900206186666666 0.6106770834960937 0.6900206186666666 0.6166449653320313 0.6859461026666667 0.6220703125 0.6755746066666667 0.634548611328125 0.6637214686666667 0.6337348090820313 0.656683668 0.6353624130859375 0.6507570986666666 0.6353624130859375 0.622605896 0.6334635415039063 0.6192722013333334 0.6253255209960937 0.615938506 0.610134548828125 0.6163089166666667 0.595486111328125 0.6203834326666666
1 0.6643880209960937 0.6859461026666667 0.656521267578125 0.7048370413333334 0.6567925346679687 0.71076361 0.658962673828125 0.7185422319999999 0.6551649306640625 0.7285433173333332 0.6551649306640625 0.735581118 0.6714409721679687 0.7770671006666666 0.6752387153320313 0.7822528486666667 0.682834201171875 0.78299367 0.6869032119140625 0.7796599746666667 0.6942274306640625 0.7652139626666667 0.6961263022460937 0.7589169833333334 0.6961263022460937 0.7526200033333333 0.6888020834960937 0.732988244 0.6847330727539063 0.7052074513333334 0.6765950522460937 0.6981696506666667 0.6708984375 0.685575692 0.6668294272460937 0.6840940493333333 0.6643880209960937 0.6859461026666667
1 0.698025173828125 0.47036715533333334 0.6969401040039063 0.49036932533333333 0.695583767578125 0.4970367153333333 0.6958550346679687 0.509260264 0.698025173828125 0.5155572433333333 0.705349392578125 0.518520528 0.7088758681640625 0.5166684753333333 0.7137586806640625 0.5166684753333333 0.7159288193359375 0.5181501173333334 0.7180989584960937 0.5396339299999999 0.724338107421875 0.551487068 0.7308485244140625 0.5548207633333333 0.7373589409179687 0.5559319946666667 0.744140625 0.554079942 0.751736111328125 0.5455604993333333 0.7587890625 0.5333369506666668 0.758517794921875 0.527780792 0.756076388671875 0.522224634 0.7547200522460937 0.5137051906666666 0.7471245659179687 0.5033336953333333 0.7433268227539063 0.4955550733333334 0.7324761284179687 0.48740604066666665 0.7311197915039063 0.477775366 0.7186414931640625 0.46258853333333333 0.6996527778320313 0.46332935399999997 0.698025173828125 0.47036715533333334
1 0.7058919272460937 0.8770779526666667 0.697482638671875 0.8893015013333334 0.6961263022460937 0.8955984806666667 0.7037217880859375 0.905599566 0.707248263671875 0.9074516186666667 0.71240234375 0.9074516186666667 0.7180989584960937 0.904117924 0.7232530380859375 0.8959688913333332 0.7254231772460937 0.8904127326666667 0.7259657119140625 0.8815228793333334 0.7251519096679687 0.8770779526666667 0.7227105034179687 0.8755963106666667 0.715115017578125 0.8774483633333333 0.7088758681640625 0.8759667206666666 0.7058919272460937 0.8770779526666667
1 0.812771267578125 0.6996512933333333 0.815212673828125 0.7076769786666667 0.8157552084960937 0.717431 0.820095486328125 0.7296545486666667 0.8192816840820313 0.7359515280000001 0.8233506943359375 0.7411372759999999 0.8331163193359375 0.7466934346666667 0.8350151909179687 0.7363219386666666 0.8361002602539063 0.717431 0.831759982421875 0.7170605893333333 0.8276909721679687 0.7140973053333334 0.8252495659179687 0.7059482726666667 0.8233506943359375 0.7033553986666667 0.8162977431640625 0.6992808826666667 0.814670138671875 0.6940951346666667 0.8130425346679687 0.693724724 0.812771267578125 0.6996512933333333
1 0.7769639755859375 0.9533825286666667 0.7788628471679687 0.958197866 0.785373263671875 0.962272382 0.7948676215820313 0.9656060773333334 0.795681423828125 0.955604992 0.7945963540039063 0.9526417073333334 0.7791341147460937 0.945233496 0.7775065102539063 0.9470855486666666 0.7769639755859375 0.9533825286666667
1 0.2545030380859375 0.32035087733333334 0.25260416650390627 0.34813166933333334 0.2498914931640625 0.36146644933333333 0.2509765625 0.37183794533333336 0.25423177099609373 0.3781349246666667 0.255588107421875 0.38517272533333335 0.2743055556640625 0.406656538 0.2802734375 0.41147187533333335 0.2865125869140625 0.41221269666666666 0.292751736328125 0.410360644 0.30550130224609373 0.403693254 0.3090277778320312 0.3977666846666667 0.309841580078125 0.389247242 0.3084852431640625 0.3818390306666667 0.3041449653320312 0.3751716406666667 0.3082139755859375 0.36146644933333333 0.3090277778320312 0.35331741733333333 0.30794270849609373 0.3436867426666667 0.3052300346679688 0.338130584 0.2987196181640625 0.32849990933333334 0.29573567724609373 0.326277446 0.29248046875 0.3277590886666667 0.28922526025390627 0.3244253933333333 0.282986111328125 0.323314162 0.275661892578125 0.3266478566666667 0.265896267578125 0.323314162 0.2612847221679688 0.314424308 0.2588433159179688 0.314424308 0.2545030380859375 0.32035087733333334
1 0.2083875869140625 0.23663809 0.201877169921875 0.24330548 0.20052083349609376 0.24886163866666666 0.2035047744140625 0.2784944833333333 0.207302517578125 0.28652016933333335 0.207302517578125 0.290718032 0.21245659716796875 0.2981262433333333 0.21598307275390624 0.30738650733333334 0.219509548828125 0.30960897066666665 0.22710503466796875 0.30516404399999997 0.24202473974609376 0.30368240199999996 0.24419487841796875 0.30034870666666663 0.24609375 0.29034762133333336 0.24609375 0.27590161 0.2515190971679688 0.267011756 0.2509765625 0.24960246 0.24934895849609376 0.24293506933333334 0.243923611328125 0.23441562666666668 0.241482205078125 0.23256357400000002 0.22574869775390624 0.23293398466666668 0.21856011279296875 0.23552685866666664 0.214626736328125 0.23478603733333334 0.209743923828125 0.23108193133333335 0.2083875869140625 0.23663809
1 0.343478732421875 0.12884861666666667 0.3407660590820312 0.13107108 0.339138455078125 0.135145596 0.33154296875 0.18329896933333334 0.33154296875 0.18996635933333333 0.333713107421875 0.1955225173333333 0.33723958349609373 0.19885621266666664 0.3407660590820312 0.19811539133333333 0.344021267578125 0.19515210733333332 0.346462673828125 0.18552143266666668 0.3516167534179688 0.182558148 0.36979166650390627 0.17811322133333332 0.37386067724609373 0.17218665200000002 0.373318142578125 0.15366612400000002 0.37548828125 0.14144257533333332 0.375217013671875 0.134034364 0.36897786474609373 0.12255163666666666 0.365993923828125 0.12106999466666667 0.3597547744140625 0.121810816 0.343478732421875 0.12884861666666667
1 0.678846416015625 0 0.6765950522460937 0.025874480000000002 0.6774088540039063 0.031060228 0.6817491318359375 0.037727618000000004 0.692599826171875 0.049580756 0.6966688369140625 0.050691988 0.7020941840820313 0.04772870333333334 0.7186414931640625 0.03291228066666667 0.719997830078125 0.02957858533333333 0.7227105034179687 0.009206004666666667 0.726340783203125 0 0.678846416015625 0
1 0.8081597221679687 0.14070175466666665 0.7997504340820313 0.15996310333333333 0.7986653647460937 0.16588967266666665 0.8013780380859375 0.18366937933333335 0.8076171875 0.199597034 0.8116861977539063 0.195892928 0.8263346352539063 0.18959594866666665 0.82958984375 0.186632664 0.8374565971679687 0.1718162413333333 0.8377278647460937 0.16588967266666665 0.834201388671875 0.15107325 0.83447265625 0.11884753133333334 0.8325737846679687 0.11847712066666666 0.8314887153320313 0.121810816 0.8276909721679687 0.12440368933333333 0.8236219619140625 0.12440368933333333 0.8206380209960937 0.12625574266666667 0.8081597221679687 0.14070175466666665
1 0.8175730341796875 0 0.8187391494140625 0.016984626666666666 0.821994357421875 0.027356122 0.821994357421875 0.03143063866666667 0.8133138022460937 0.03587556533333333 0.807345919921875 0.04624706066666667 0.8062608505859375 0.05328486133333333 0.829318576171875 0.06624923133333334 0.8455946181640625 0.09477084466666667 0.848849826171875 0.09773412933333332 0.8521050346679687 0.09662289733333333 0.8580729165039063 0.09143714933333333 0.8645833334960937 0.08180647466666667 0.8662109375 0.08032483266666667 0.8662109375 0 0.8175730341796875 0
1 0.451443142578125 0.34813166933333334 0.4457465278320312 0.36183686 0.4457465278320312 0.36924507133333334 0.44954427099609373 0.3966554533333333 0.45442708349609373 0.40999023333333334 0.46419270849609373 0.4225841926666667 0.4677191840820312 0.4244362453333333 0.470431857421875 0.42332501333333333 0.47395833349609373 0.41888008666666665 0.48453776025390627 0.3977666846666667 0.4848090278320312 0.3870247786666666 0.48128255224609373 0.356280702 0.477756076171875 0.34405715333333337 0.470703125 0.3351673 0.46744791650390627 0.332944836 0.4644639755859375 0.33368565733333333 0.451443142578125 0.34813166933333334
1 0.522243923828125 0.34924290133333336 0.5146484375 0.36109603933333334 0.5130208334960937 0.36850425000000003 0.51220703125 0.38517272533333335 0.514919705078125 0.3977666846666667 0.519259982421875 0.4073973593333333 0.5249565971679687 0.4125831073333333 0.5309244790039063 0.41369433866666666 0.5341796875 0.412953518 0.5420464409179687 0.4014707906666667 0.543674044921875 0.39332175799999997 0.5447591147460937 0.372208356 0.543674044921875 0.362948092 0.5352647568359375 0.3436867426666667 0.5341796875 0.34220510066666665 0.5287543403320313 0.34294592133333335 0.522243923828125 0.34924290133333336
1 0.5303819443359375 0.08884427533333333 0.52197265625 0.09477084466666667 0.512478298828125 0.10514234066666668 0.509494357421875 0.11255055133333333 0.509494357421875 0.12625574266666667 0.5116644965820313 0.14218339666666666 0.5160047744140625 0.14885078666666668 0.5214301215820313 0.17070501000000002 0.5227864584960937 0.1718162413333333 0.524685330078125 0.17218665200000002 0.538791232421875 0.15699981933333335 0.5474717880859375 0.14996201866666667 0.5501844619140625 0.14514668133333333 0.5526258681640625 0.13662723799999998 0.5531684028320313 0.12440368933333333 0.5472005209960937 0.10366069800000001 0.5447591147460937 0.09106673933333334 0.54150390625 0.08662181199999999 0.53662109375 0.08662181199999999 0.5303819443359375 0.08884427533333333
1 0.4994574653320312 0.04735829266666667 0.488064236328125 0.060322662 0.4853515625 0.06476758933333333 0.47965494775390627 0.08254729599999999 0.48128255224609373 0.09477084466666667 0.48616536474609373 0.112920962 0.4891493056640625 0.11810671 0.4915907119140625 0.12958943733333333 0.4956597221679688 0.133663954 0.4994574653320312 0.13218231133333333 0.5151909721679687 0.11847712066666666 0.5135633681640625 0.11255055133333333 0.516818576171875 0.108846446 0.5179036459960937 0.10477193 0.5214301215820313 0.09958618200000001 0.524685330078125 0.095511666 0.529025607421875 0.09328920266666667 0.5360785590820313 0.083658528 0.5401475693359375 0.07180539 0.5382486977539063 0.052914451333333334 0.5341796875 0.041802134 0.5309244790039063 0.03846843933333333 0.5263129340820313 0.03698679666666667 0.5233289931640625 0.040320492 0.5172254775390625 0.04365418733333333 0.5054253471679687 0.042542955333333334 0.4994574653320312 0.04735829266666667
1 0.558645583984375 0 0.5591362846679687 0.004020256666666667 0.558865017578125 0.019577500666666664 0.5648328994140625 0.02957858533333333 0.5721571181640625 0.03291228066666667 0.57568359375 0.03254187 0.5911458334960937 0.018095858 0.5938585068359375 0.005872309333333334 0.5937803154296875 0 0.558645583984375 0
1 0.51754989453125 0 0.5184461806640625 0.001056972 0.52685546875 0.005131488666666666 0.5328233505859375 0.013650931333333333 0.5358072915039063 0.023652016666666668 0.5385199653320313 0.026615301333333334 0.5444878471679687 0.028467354 0.5566948784179687 0.024022427333333336 0.5594075522460937 0.01291011 0.5578948125 0 0.51754989453125 0
1 0.5743272568359375 0.053655272 0.568088107421875 0.07143497933333333 0.5678168403320313 0.07773195866666667 0.5694444443359375 0.08291770666666666 0.573513455078125 0.08551058066666667 0.575954861328125 0.09477084466666667 0.585177951171875 0.09662289733333333 0.5884331596679687 0.08921468599999999 0.5968424477539063 0.07699113733333333 0.5965711806640625 0.07143497933333333 0.587890625 0.05550732533333333 0.5813802084960937 0.051062398 0.5767686630859375 0.051062398 0.5743272568359375 0.053655272
1 0.6090494790039063 0.15551817666666667 0.6006401909179687 0.160333514 0.60009765625 0.166630494 0.6055230034179687 0.17811322133333332 0.6163736977539063 0.17774281066666667 0.632107205078125 0.17070501000000002 0.6326497397460937 0.16329679866666666 0.6283094619140625 0.15181407133333333 0.626681857421875 0.15033242933333335 0.6139322915039063 0.15070283933333334 0.6090494790039063 0.15551817666666667
1 0.6947699653320313 0.11884753133333334 0.687717013671875 0.13810888066666666 0.6844618056640625 0.142924218 0.6839192709960937 0.14810996533333334 0.685275607421875 0.15255489266666666 0.690158419921875 0.16440803066666665 0.693142361328125 0.16737131466666666 0.6963975693359375 0.16440803066666665 0.705078125 0.148480376 0.7153862846679687 0.13810888066666666 0.714572482421875 0.13292313266666667 0.715115017578125 0.12403327933333333 0.7137586806640625 0.11884753133333334 0.7083333334960937 0.106253572 0.7061631943359375 0.10477193 0.7042643227539063 0.10588316133333332 0.6947699653320313 0.11884753133333334
1 0.7237955727539063 0.08328811733333333 0.724609375 0.08884427533333333 0.7305772568359375 0.09736371866666667 0.73193359375 0.102179056 0.7294921875 0.123292458 0.7300347221679687 0.13033025866666667 0.7330186630859375 0.13736805933333332 0.7351888022460937 0.13922011199999998 0.7379014755859375 0.13736805933333332 0.7427842880859375 0.1247741 0.7460394965820313 0.10106782399999999 0.746310763671875 0.08921468599999999 0.743869357421875 0.08476975933333333 0.7406141494140625 0.08217688533333332 0.7313910590820313 0.079954422 0.7278645834960937 0.077361548 0.724609375 0.07810236933333334 0.7237955727539063 0.08328811733333333
1 0.6399739584960937 0.351094954 0.6359049477539063 0.357762344 0.6350911459960937 0.36146644933333333 0.6350911459960937 0.37072671399999996 0.641330294921875 0.38480231533333337 0.6456705727539063 0.3877655993333334 0.6519097221679687 0.38887683133333334 0.6546223959960937 0.38517272533333335 0.6554361977539063 0.33850099466666667 0.6475694443359375 0.32924073066666665 0.6453993056640625 0.32812949933333335 0.6432291665039063 0.33109278333333336 0.6399739584960937 0.351094954
1 0.5889756943359375 0.24293506933333334 0.588161892578125 0.24923204933333334 0.5935872397460937 0.252565744 0.5971137153320313 0.26627093533333335 0.6009114584960937 0.267011756 0.6041666665039063 0.26330765066666667 0.6057942709960937 0.255158618 0.6019965278320313 0.24886163866666666 0.6011827255859375 0.24219424866666667 0.59765625 0.238119732 0.5946723090820313 0.23849014266666665 0.5889756943359375 0.24293506933333334
1 0.6127339658203125 0 0.612575955078125 0.005501899333333333 0.6104058159179687 0.01291011 0.607421875 0.018095858 0.610134548828125 0.021059142666666666 0.6155598959960937 0.03217145933333333 0.6264105903320313 0.041061313333333335 0.6424153647460937 0.04476541866666667 0.6445855034179687 0.041061313333333335 0.6410590278320313 0.033653102 0.6405164931640625 0.024022427333333336 0.6326497397460937 0.017355037333333333 0.6304796005859375 0.018466268666666667 0.629123263671875 0.017355037333333333 0.6323784721679687 0.005872309333333334 0.6318409047851562 0 0.6127339658203125 0
1 0.422146267578125 0.6311253393333333 0.4180772568359375 0.6514979200000001 0.4183485244140625 0.65816531 0.4229600693359375 0.6663143426666667 0.42594401025390627 0.665943932 0.4273003471679688 0.6633510579999999 0.42919921875 0.650016278 0.4327256943359375 0.6403856033333333 0.4329969619140625 0.635570266 0.431911892578125 0.6300141073333333 0.427029080078125 0.6270508226666667 0.42431640625 0.627791644 0.422146267578125 0.6311253393333333
1 0.209743923828125 0.022540784666666668 0.19970703125 0.04735829266666667 0.199435763671875 0.06291553600000001 0.20458984375 0.08921468599999999 0.2154405380859375 0.10143823466666667 0.219509548828125 0.10514234066666668 0.2227647568359375 0.10588316133333332 0.226291232421875 0.102179056 0.2376844619140625 0.07699113733333333 0.239040798828125 0.07143497933333333 0.238498263671875 0.06550841 0.23198784716796875 0.042172544666666666 0.229275173828125 0.036245976 0.21842447900390624 0.02142955333333333 0.2154405380859375 0.019577500666666664 0.2119140625 0.019577500666666664 0.209743923828125 0.022540784666666668
1 0.4331753740234375 0 0.4329969619140625 0.000686562 0.433810763671875 0.006242719999999999 0.4354383681640625 0.008465183333333333 0.438693576171875 0.012169289333333335 0.44222005224609373 0.0125397 0.4482091962890625 0 0.4331753740234375 0
1 0.4061414931640625 0.05958184133333333 0.40397135400390627 0.06550841 0.40152994775390627 0.07921360133333333 0.4034288193359375 0.08662181199999999 0.4102105034179688 0.09217797066666666 0.4134657119140625 0.092918792 0.4175347221679688 0.090325918 0.421875 0.07958401133333334 0.42594401025390627 0.07513908466666668 0.428927951171875 0.07847278 0.43570963525390627 0.07847278 0.438693576171875 0.07180539 0.429470486328125 0.064026768 0.4091254340820312 0.057359378 0.4061414931640625 0.05958184133333333
1 0.443576388671875 0.03587556533333333 0.4408637153320312 0.04143172333333333 0.441677517578125 0.04772870333333334 0.4452039931640625 0.05661855666666667 0.4619322373046875 0.06760752666666667 0.4671766494140625 0.073287032 0.470974392578125 0.07365744266666667 0.4750434028320312 0.07106456866666666 0.4799262153320312 0.061063483333333335 0.4839952255859375 0.048469524 0.48372395849609373 0.041061313333333335 0.47639973974609373 0.027356122 0.47151692724609373 0.02142955333333333 0.46744791650390627 0.021059142666666666 0.46419270849609373 0.026615301333333334 0.45849609375 0.03143063866666667 0.4549696181640625 0.02957858533333333 0.448459201171875 0.031060228 0.443576388671875 0.03587556533333333
1 0.8379991318359375 0.17218665200000002 0.8374565971679687 0.18996635933333333 0.839626736328125 0.192929644 0.8423394096679687 0.193300054 0.8447808159179687 0.1955225173333333 0.8447808159179687 0.20181949733333332 0.8461371528320313 0.20293072866666667 0.8499348959960937 0.1955225173333333 0.851833767578125 0.19404087533333333 0.8553602431640625 0.19441128600000002 0.8580729165039063 0.18996635933333333 0.8575303818359375 0.1718162413333333 0.8550889755859375 0.16885295733333333 0.841525607421875 0.17033459933333334 0.83935546875 0.16922336799999999 0.8379991318359375 0.17218665200000002
1 0.7945963540039063 0.25404738666666665 0.7921549477539063 0.26849339866666666 0.7916124130859375 0.27886489400000003 0.7945963540039063 0.28071694733333336 0.798122830078125 0.2792353046666667 0.80029296875 0.27590161 0.8035481772460937 0.261826008 0.8032769096679687 0.25182492333333334 0.8016493056640625 0.24923204933333334 0.798122830078125 0.24960246 0.7945963540039063 0.25404738666666665
1 0.798122830078125 0.40035955866666667 0.795681423828125 0.403693254 0.7940538193359375 0.4111014653333333 0.7940538193359375 0.418509676 0.795138888671875 0.4225841926666667 0.8070746528320313 0.42665870866666666 0.817654080078125 0.4270291193333333 0.8211805556640625 0.4225841926666667 0.826877169921875 0.418509676 0.8290473090820313 0.40999023333333334 0.8276909721679687 0.40295243266666664 0.8135850693359375 0.40110038000000003 0.8076171875 0.3940625793333334 0.8062608505859375 0.3948034 0.798122830078125 0.40035955866666667
1 0.7959526909179687 0.35591029133333335 0.802734375 0.35961439666666667 0.8089735244140625 0.3688746606666667 0.8116861977539063 0.3770236933333333 0.814670138671875 0.37924615666666667 0.817111544921875 0.37924615666666667 0.8190104165039063 0.3740604086666666 0.8184678818359375 0.3688746606666667 0.812771267578125 0.35591029133333335 0.8076171875 0.349983722 0.8038194443359375 0.349983722 0.80029296875 0.3518357753333333 0.7959526909179687 0.35591029133333335
1 0.846950955078125 0.3555398806666667 0.846408419921875 0.3585031653333333 0.846408419921875 0.362948092 0.8483072915039063 0.3673930186666666 0.8618706596679687 0.365540966 0.864040798828125 0.36257768133333335 0.858615451171875 0.3522061853333333 0.84912109375 0.35405823866666664 0.846950955078125 0.3555398806666667
1 0.8426106772460937 0.49222137800000004 0.841525607421875 0.4962958946666667 0.8431532119140625 0.5029632846666666 0.84912109375 0.5148164226666667 0.8523763022460937 0.5151868333333334 0.8548177084960937 0.5111123166666667 0.854275173828125 0.507778622 0.848849826171875 0.4944438413333333 0.8461371528320313 0.4914805573333333 0.8436957465820313 0.4918509673333333 0.8426106772460937 0.49222137800000004
1 0.7870008681640625 0.102179056 0.788357205078125 0.10921685666666667 0.795138888671875 0.122181226 0.7970377602539063 0.11884753133333334 0.7978515625 0.11366178333333332 0.7964952255859375 0.10699439333333334 0.7918836806640625 0.09921577133333333 0.7886284721679687 0.09662289733333333 0.787814669921875 0.09773412933333332 0.7870008681640625 0.102179056
1 0.7503797744140625 0.15292530266666668 0.7484809028320313 0.15996310333333333 0.7501085068359375 0.16588967266666665 0.7549913193359375 0.16255597733333332 0.7598741318359375 0.14885078666666668 0.7568901909179687 0.14514668133333333 0.753634982421875 0.14662832333333334 0.7503797744140625 0.15292530266666668
1 0.8111436630859375 0.106253572 0.8119574653320313 0.10958726733333334 0.8162977431640625 0.11847712066666666 0.8209092880859375 0.119217942 0.8209092880859375 0.10662398266666666 0.817111544921875 0.10143823466666667 0.8138563369140625 0.10180864533333332 0.8111436630859375 0.106253572
1 0.661404080078125 0.15996310333333333 0.6595052084960937 0.16700090399999998 0.65869140625 0.17218665200000002 0.6611328125 0.1818173266666667 0.6668294272460937 0.17774281066666667 0.6692708334960937 0.17218665200000002 0.671169705078125 0.15329571333333333 0.6703559028320313 0.15181407133333333 0.6671006943359375 0.15181407133333333 0.661404080078125 0.15996310333333333
1 0.6717122397460937 0.10588316133333332 0.6725260415039063 0.11218014133333333 0.676052517578125 0.116625068 0.680392794921875 0.11736588866666667 0.6847330727539063 0.110328088 0.685275607421875 0.10662398266666666 0.6839192709960937 0.10143823466666667 0.6806640625 0.09847494999999999 0.6744249130859375 0.09847494999999999 0.6717122397460937 0.10588316133333332
1 0.6643880209960937 0.037727618000000004 0.661404080078125 0.038098028666666665 0.6592339409179687 0.04069090266666667 0.6600477431640625 0.046987882 0.6652018227539063 0.05513691466666666 0.6698133681640625 0.05958184133333333 0.6774088540039063 0.062545126 0.6790364584960937 0.059952252 0.6776801215820313 0.05439609333333333 0.6790364584960937 0.04772870333333334 0.67822265625 0.041802134 0.6738823784179687 0.03550515466666666 0.6676432290039063 0.035134743999999996 0.6643880209960937 0.037727618000000004
1 0.5347222221679687 0.16626008333333334 0.5404188369140625 0.169593778 0.543674044921875 0.17366829466666664 0.553439669921875 0.17255706266666668 0.556423611328125 0.17070501000000002 0.55859375 0.166630494 0.558322482421875 0.16366720933333334 0.556423611328125 0.160333514 0.541232638671875 0.15922228266666666 0.5374348959960937 0.160333514 0.5347222221679687 0.16626008333333334
1 0.47395833349609373 0.12810779533333333 0.4720594619140625 0.13070066933333332 0.4720594619140625 0.13662723799999998 0.4736870659179688 0.13922011199999998 0.4834526909179688 0.13884970133333333 0.4907769096679688 0.13625682733333333 0.4907769096679688 0.13070066933333332 0.48942057275390627 0.12773738466666668 0.4867078994140625 0.12625574266666667 0.4774848090820312 0.12662615333333335 0.47395833349609373 0.12810779533333333
1 0.49918619775390627 0.17996527399999998 0.497829861328125 0.185151022 0.4951171875 0.18959594866666665 0.49593098974609373 0.195892928 0.5010850693359375 0.1955225173333333 0.511935763671875 0.18441020066666666 0.5103081596679687 0.17774281066666667 0.5092230903320313 0.17700198933333336 0.5016276040039063 0.17848363199999998 0.49918619775390627 0.17996527399999998
1 0.44547526025390627 0.2703454513333333 0.4427625869140625 0.2725679146666667 0.4408637153320312 0.2784944833333333 0.4408637153320312 0.290718032 0.449001736328125 0.29590378 0.450900607421875 0.30257117 0.4546983505859375 0.30812732866666664 0.470974392578125 0.3022007593333333 0.475857205078125 0.2921996746666667 0.477756076171875 0.285532284 0.4769422744140625 0.27293832533333334 0.4717881943359375 0.25997395533333334 0.463107638671875 0.24923204933333334 0.4595811630859375 0.24923204933333334 0.44547526025390627 0.2703454513333333
1 0.4834526909179688 0.27293832533333334 0.4793836806640625 0.28071694733333336 0.478298611328125 0.28516187400000004 0.47802734375 0.2988670646666667 0.480740017578125 0.30886815 0.4864366318359375 0.320721288 0.48942057275390627 0.324795804 0.4940321181640625 0.326277446 0.49837239599609373 0.33072237266666665 0.50244140625 0.33257442600000003 0.5056966147460937 0.33072237266666665 0.51708984375 0.31812841399999997 0.5184461806640625 0.31479471866666664 0.5181749130859375 0.30812732866666664 0.5111219619140625 0.288125158 0.5086805556640625 0.2777536626666667 0.49918619775390627 0.2659005246666667 0.492947048828125 0.26515970333333333 0.4834526909179688 0.27293832533333334
1 0.4188910590820312 0.33183360466666667 0.4175347221679688 0.34516838466666666 0.4188910590820312 0.35591029133333335 0.4229600693359375 0.3573919333333333 0.4262152778320312 0.35331741733333333 0.4346245659179688 0.34961331133333334 0.436252169921875 0.3333152466666667 0.43896484375 0.3266478566666667 0.438693576171875 0.32035087733333334 0.42594401025390627 0.3199804666666667 0.4254014755859375 0.32220293 0.422146267578125 0.32553662533333333 0.4188910590820312 0.33183360466666667
1 0.29817708349609373 0.2596035446666667 0.29736328125 0.26775257733333335 0.29573567724609373 0.2688638093333333 0.29410807275390627 0.27441996733333335 0.2979058159179688 0.28960680066666666 0.29817708349609373 0.2966446013333333 0.3027886284179688 0.29923747533333334 0.3065863715820312 0.2966446013333333 0.3065863715820312 0.29294049533333333 0.31038411474609373 0.28627310533333333 0.316623263671875 0.2818281786666667 0.317165798828125 0.273308736 0.3076714409179688 0.26515970333333333 0.30631510400390627 0.260344366 0.306857638671875 0.25478820733333335 0.30550130224609373 0.252195334 0.3011610244140625 0.2544177973333333 0.29817708349609373 0.2596035446666667
1 0.3033311630859375 0.3084977393333333 0.30224609375 0.31405389733333333 0.30305989599609373 0.3244253933333333 0.3052300346679688 0.32887032 0.3084852431640625 0.33183360466666667 0.31201171875 0.33257442600000003 0.31689453125 0.326277446 0.3163519965820312 0.31331307666666663 0.3149956596679688 0.3084977393333333 0.3114691840820312 0.30368240199999996 0.30875651025390627 0.3022007593333333 0.3076714409179688 0.30294158066666665 0.3033311630859375 0.3084977393333333
1 0.3174370659179688 0.34405715333333337 0.314181857421875 0.35702152266666665 0.3158094619140625 0.3677634293333333 0.31852213525390627 0.3714675346666667 0.32096354150390627 0.3688746606666667 0.3231336806640625 0.36146644933333333 0.326931423828125 0.3555398806666667 0.3261176215820312 0.35035413266666665 0.3223198784179688 0.34257551066666664 0.321506076171875 0.338130584 0.31770833349609373 0.338130584 0.3174370659179688 0.34405715333333337
1 0.282986111328125 0.199597034 0.282986111328125 0.204782782 0.29166666650390627 0.222192078 0.2960069443359375 0.222192078 0.300075955078125 0.21478386666666666 0.2992621528320312 0.20811647666666666 0.292751736328125 0.195892928 0.2894965278320312 0.192929644 0.2881401909179688 0.193300054 0.282986111328125 0.199597034
1 0.2862413193359375 0.22811864733333334 0.28515625 0.23108193133333335 0.285427517578125 0.23700850066666665 0.28922526025390627 0.24626876466666667 0.2930230034179688 0.24997286999999999 0.29573567724609373 0.24886163866666666 0.29817708349609373 0.23997178533333333 0.3036024306640625 0.23700850066666665 0.30387369775390627 0.231452342 0.30224609375 0.22256248866666667 0.29573567724609373 0.22145125733333335 0.2911241318359375 0.22404413066666667 0.2862413193359375 0.22811864733333334
1 0.2998046875 0.08328811733333333 0.299533419921875 0.112920962 0.30061848974609373 0.11773629933333332 0.30387369775390627 0.119217942 0.30794270849609373 0.11884753133333334 0.31770833349609373 0.11440260466666666 0.319607205078125 0.11143932000000001 0.3223198784179688 0.10106782399999999 0.3212348090820312 0.09403002333333334 0.3174370659179688 0.090325918 0.311740451171875 0.07884319066666667 0.3052300346679688 0.07254621066666667 0.3017035590820312 0.073287032 0.2998046875 0.08328811733333333
1 0.3310004340820312 0.07513908466666668 0.3236762153320312 0.07773195866666667 0.32096354150390627 0.08180647466666667 0.3212348090820312 0.10180864533333332 0.3231336806640625 0.11255055133333333 0.3253038193359375 0.11551383600000001 0.3304578994140625 0.11810671 0.3369683159179688 0.11477301533333334 0.33805338525390627 0.112920962 0.34049479150390627 0.09143714933333333 0.3407660590820312 0.08032483266666667 0.33968098974609373 0.07143497933333333 0.3375108505859375 0.06773087333333333 0.333984375 0.06958292666666667 0.3310004340820312 0.07513908466666668
1 0.23876953125 0.07662072733333333 0.2376844619140625 0.08810345466666666 0.23931206591796875 0.10069741333333333 0.2422960068359375 0.10958726733333334 0.24446614599609376 0.12144040533333333 0.23876953125 0.13292313266666667 0.236328125 0.14107216466666667 0.2349717880859375 0.14810996533333334 0.23551432275390624 0.154777356 0.241482205078125 0.15996310333333333 0.25405083544921875 0.161444746 0.26399739599609373 0.16700090399999998 0.2767469619140625 0.16588967266666665 0.27701822900390627 0.158851872 0.2791883681640625 0.15440694533333335 0.2791883681640625 0.15107325 0.2764756943359375 0.12292204733333334 0.27376302099609373 0.106253572 0.26969401025390627 0.09773412933333332 0.2699652778320312 0.08884427533333333 0.26806640625 0.081065654 0.2545030380859375 0.07143497933333333 0.24175347216796875 0.0721758 0.23876953125 0.07662072733333333
1 0.2593858505859375 0.18589184333333333 0.260470919921875 0.20737565533333335 0.267795138671875 0.204782782 0.270236544921875 0.207746066 0.278103298828125 0.20811647666666666 0.2791883681640625 0.19749791733333333 0.28515625 0.18366937933333335 0.284884982421875 0.17811322133333332 0.2832573784179688 0.17700198933333336 0.27945963525390627 0.17774281066666667 0.2767469619140625 0.165519262 0.261013455078125 0.17700198933333336 0.2593858505859375 0.18589184333333333
1 0.20513237841796875 0.1773724 0.20540364599609376 0.18403979 0.21028645849609376 0.185151022 0.2129991318359375 0.18403979 0.2154405380859375 0.17811322133333332 0.21598307275390624 0.17218665200000002 0.21354166650390624 0.169593778 0.21001519091796875 0.169593778 0.2083875869140625 0.17107542066666667 0.20513237841796875 0.1773724
1 0.18343098974609376 0.4359189726666667 0.18315972216796875 0.4444384153333333 0.18804253466796875 0.4507353953333333 0.19536675341796875 0.45703237466666663 0.20052083349609376 0.4611068906666667 0.20269097216796875 0.4599956593333333 0.20404730908203125 0.455180322 0.204318576171875 0.4481425213333334 0.2032335068359375 0.4444384153333333 0.20024956591796875 0.44184554200000004 0.19780815966796875 0.43258527733333335 0.19075520849609376 0.42517706666666666 0.1875 0.42406583466666664 0.18668619775390624 0.42517706666666666 0.18343098974609376 0.4359189726666667
1 0.170681423828125 0.5274103813333334 0.17122395849609376 0.531484898 0.17203776025390624 0.5340777720000001 0.17692057275390624 0.5388931093333333 0.178005642578125 0.5451900886666666 0.18071831591796875 0.5481533733333334 0.1812608505859375 0.5507462473333333 0.182888455078125 0.5455604993333333 0.1864149306640625 0.5433380360000001 0.190212673828125 0.5455604993333333 0.19401041650390624 0.5440788566666667 0.19536675341796875 0.5396339299999999 0.195095486328125 0.536670646 0.19156901025390624 0.5270399713333334 0.19075520849609376 0.521113402 0.1875 0.5203725806666666 0.1812608505859375 0.523706276 0.17827690966796875 0.5214838126666667 0.175021701171875 0.521113402 0.170681423828125 0.5274103813333334
1 0.22113715283203125 0.48036824 0.2216796875 0.48629480933333336 0.224392361328125 0.48925809400000003 0.22601996533203125 0.4944438413333333 0.22846137158203125 0.49777753666666663 0.231716580078125 0.49888876800000004 0.2352430556640625 0.495925484 0.24175347216796875 0.47999782933333335 0.24283854150390624 0.4744416713333333 0.239040798828125 0.47073756533333333 0.233615451171875 0.4699967446666667 0.22113715283203125 0.48036824
1 0.2759331596679688 0.418139266 0.27294921875 0.4311036353333333 0.2718641494140625 0.445920058 0.2734917534179688 0.45110580600000005 0.2813585068359375 0.45406909 0.2846137153320312 0.45036498466666663 0.2894965278320312 0.43147404599999994 0.290310330078125 0.42332501333333333 0.28922526025390627 0.4203617293333333 0.280002169921875 0.4148055706666667 0.27783203125 0.415546392 0.2759331596679688 0.418139266
1 0.301974826171875 0.468515102 0.29899088525390627 0.47851618733333334 0.3003472221679688 0.4925917886666667 0.30712890625 0.5070378006666667 0.3149956596679688 0.5162980646666666 0.324490017578125 0.522224634 0.32828776025390627 0.522595044 0.33154296875 0.521113402 0.3334418403320312 0.5166684753333333 0.333984375 0.5074082113333334 0.3334418403320312 0.497407126 0.3310004340820312 0.48814686199999996 0.3179796005859375 0.46740387066666667 0.31201171875 0.46407017533333333 0.30712890625 0.464440586 0.301974826171875 0.468515102
1 0.30061848974609373 0.5455604993333333 0.29736328125 0.5511166573333334 0.29654947900390627 0.5637106166666667 0.2943793403320312 0.5692667753333334 0.29410807275390627 0.5748229333333333 0.29573567724609373 0.5766749866666666 0.3036024306640625 0.577786218 0.30550130224609373 0.5774158073333333 0.31038411474609373 0.5718596493333333 0.3130967880859375 0.5614881533333334 0.3125542534179688 0.5511166573333334 0.31119791650390627 0.5455604993333333 0.30712890625 0.5396339299999999 0.302517361328125 0.5392635193333333 0.30061848974609373 0.5455604993333333
1 0.15277777783203125 0.5507462473333333 0.15250651025390624 0.5574136373333334 0.16227213525390624 0.5703780066666666 0.165798611328125 0.571118828 0.16878255224609376 0.570007596 0.175564236328125 0.563340206 0.17719184033203125 0.5570432266666667 0.177463107421875 0.548523784 0.17719184033203125 0.5455604993333333 0.175021701171875 0.5429676253333333 0.1714952255859375 0.544819678 0.16851128466796875 0.5414859826666667 0.165798611328125 0.54630132 0.162814669921875 0.5451900886666666 0.15630425341796875 0.5459309099999999 0.15277777783203125 0.5507462473333333
1 0.15169270849609376 0.6381631400000001 0.151150173828125 0.6403856033333333 0.15277777783203125 0.6455713513333333 0.15576171875 0.6452009406666667 0.1630859375 0.6392743713333333 0.16362847216796875 0.6333478026666667 0.160373263671875 0.6307549286666666 0.15766059033203125 0.63149575 0.15169270849609376 0.6381631400000001
1 0.13812934033203125 0.7411372759999999 0.13704427099609376 0.747434256 0.1397569443359375 0.7511383613333334 0.15006510400390624 0.7541016460000001 0.15277777783203125 0.7507679506666667 0.15277777783203125 0.7444709713333333 0.1495225693359375 0.7370627599999999 0.14653862841796875 0.7348402966666666 0.1446397568359375 0.7352107073333334 0.13812934033203125 0.7411372759999999
1 0.1337890625 0.8162632733333334 0.136501736328125 0.8118856933333333 0.13785807275390624 0.8066999460000001 0.13677300341796875 0.797810092 0.134060330078125 0.7992917346666667 0.1337890625 0.7999831673333333 0.1337890625 0.8162632733333334
1 0.13433159716796875 0.9237496833333333 0.13433159716796875 0.9300466633333334 0.13677300341796875 0.9389365166666667 0.1400282119140625 0.9481967806666667 0.143283419921875 0.9511600653333333 0.145724826171875 0.9507896546666665 0.14680989599609376 0.948937602 0.1470811630859375 0.9422702113333333 0.143283419921875 0.9285650206666666 0.1397569443359375 0.9204159886666666 0.135959201171875 0.9200455780000001 0.13433159716796875 0.9237496833333333
1 0.3936631943359375 0.5155572433333333 0.38932291650390627 0.5214838126666667 0.3955620659179688 0.5351890033333333 0.40071614599609373 0.542226804 0.406955294921875 0.5459309099999999 0.4102105034179688 0.5440788566666667 0.416720919921875 0.5433380360000001 0.4256727431640625 0.5388931093333333 0.426486544921875 0.5333369506666668 0.4205186630859375 0.522595044 0.419162326171875 0.5162980646666666 0.4134657119140625 0.5140756013333333 0.4102105034179688 0.5100010853333333 0.405056423828125 0.5096306746666667 0.3936631943359375 0.5155572433333333
1 0.4351671005859375 0.46258853333333333 0.4351671005859375 0.46888551266666667 0.43733723974609373 0.48036824 0.4408637153320312 0.4918509673333333 0.4424913193359375 0.49333261 0.4452039931640625 0.4918509673333333 0.4468315971679688 0.485553988 0.451171875 0.47999782933333335 0.4517144096679688 0.47407126066666666 0.44466145849609373 0.46740387066666667 0.44140625 0.4622181226666667 0.43896484375 0.46073648066666667 0.436252169921875 0.4611068906666667 0.4351671005859375 0.46258853333333333
1 0.4159071181640625 0.47999782933333335 0.414279513671875 0.48629480933333336 0.4164496528320312 0.48925809400000003 0.42594401025390627 0.4955550733333334 0.42919921875 0.4944438413333333 0.4346245659179688 0.48629480933333336 0.429470486328125 0.48147947199999996 0.4256727431640625 0.4818498826666666 0.42024739599609373 0.47814577666666663 0.4175347221679688 0.478886598 0.4159071181640625 0.47999782933333335
1 0.456325955078125 0.49777753666666663 0.4549696181640625 0.5055561586666667 0.45279947900390627 0.510741906 0.45361328125 0.5214838126666667 0.4579535590820312 0.5255583286666666 0.4609375 0.523706276 0.46175130224609373 0.5214838126666667 0.463107638671875 0.510741906 0.463107638671875 0.4981479473333333 0.461208767578125 0.4951846626666666 0.458767361328125 0.4955550733333334 0.456325955078125 0.49777753666666663
1 0.51220703125 0.55926569 0.5081380209960937 0.5625993853333333 0.505154080078125 0.5692667753333334 0.5054253471679687 0.575193344 0.5127495659179687 0.5781566286666667 0.521701388671875 0.563340206 0.5236002602539063 0.5574136373333334 0.522243923828125 0.5522278893333333 0.5200737846679687 0.5503758366666667 0.517361111328125 0.5511166573333334 0.51220703125 0.55926569
1 0.47477213525390627 0.5926026406666667 0.4701605903320312 0.5929730513333333 0.46907552099609373 0.5985292093333333 0.470974392578125 0.6063078313333333 0.480197482421875 0.6089007053333333 0.4853515625 0.6037149573333334 0.4867078994140625 0.600010852 0.48616536474609373 0.59223223 0.4834526909179688 0.5874168926666667 0.480197482421875 0.5877873033333334 0.47477213525390627 0.5926026406666667
1 0.7067057290039063 0.6285324653333333 0.7058919272460937 0.6400151926666666 0.7083333334960937 0.6440897086666666 0.7156575522460937 0.650016278 0.719997830078125 0.6455713513333333 0.7208116318359375 0.6400151926666666 0.717013888671875 0.627791644 0.714572482421875 0.62519877 0.7113172744140625 0.62519877 0.7067057290039063 0.6285324653333333
1 0.6860894096679687 0.5981587993333334 0.6869032119140625 0.6033445466666667 0.6953125 0.6148272746666666 0.6993815102539063 0.614456864 0.702907986328125 0.6107527580000001 0.7018229165039063 0.6048261893333333 0.693142361328125 0.593713872 0.688259548828125 0.594825104 0.6860894096679687 0.5981587993333334
1 0.670627169921875 0.6244579486666667 0.6676432290039063 0.6281620546666666 0.6676432290039063 0.6348294446666667 0.6708984375 0.642237656 0.6774088540039063 0.6374223186666667 0.6839192709960937 0.6348294446666667 0.685275607421875 0.6326069813333334 0.6860894096679687 0.627791644 0.6841905380859375 0.6222354853333333 0.6768663193359375 0.6218650753333334 0.670627169921875 0.6244579486666667
1 0.6836480034179687 0.4385118466666667 0.6776801215820313 0.4496241633333333 0.6765950522460937 0.4555507326666667 0.6774088540039063 0.45740278533333334 0.680935330078125 0.45851401733333336 0.683376736328125 0.456661964 0.6898871528320313 0.44480882600000005 0.6898871528320313 0.43888225733333336 0.685275607421875 0.4377710253333333 0.6836480034179687 0.4385118466666667
1 0.753634982421875 0.4744416713333333 0.7598741318359375 0.49111014666666664 0.7644856772460937 0.490739736 0.766384548828125 0.48703563 0.7647569443359375 0.47407126066666666 0.7598741318359375 0.46740387066666667 0.754177517578125 0.46814469133333336 0.753634982421875 0.4744416713333333
1 0.7552625869140625 0.504074516 0.7555338540039063 0.515927654 0.7574327255859375 0.524817508 0.758517794921875 0.5388931093333333 0.7625868056640625 0.5411155726666667 0.768825955078125 0.5403747513333333 0.7696397568359375 0.5392635193333333 0.7699110244140625 0.5270399713333334 0.7685546875 0.5096306746666667 0.7628580727539063 0.49777753666666663 0.7596028647460937 0.4970367153333333 0.7577039931640625 0.4981479473333333 0.7552625869140625 0.504074516
1 0.8504774306640625 0.6563132573333333 0.8502061630859375 0.66446229 0.8523763022460937 0.668536806 0.8545464409179687 0.667425574 0.856174044921875 0.66446229 0.8575303818359375 0.6518683306666667 0.8556315102539063 0.6496458673333333 0.8521050346679687 0.6511275093333334 0.8504774306640625 0.6563132573333333
1 0.8662109375 0.6974596973333334 0.8662109375 0.6653005873333333 0.8648546005859375 0.6652031106666667 0.8583441840820313 0.6692776273333333 0.8564453125 0.6759450173333333 0.858615451171875 0.6900206186666666 0.8648546005859375 0.6985400613333332 0.8662109375 0.6974596973333334
1 0.787814669921875 0.6177905586666667 0.7888997397460937 0.6248283593333334 0.7875434028320313 0.6340886233333333 0.7886284721679687 0.637051908 0.7916124130859375 0.6377927293333333 0.7948676215820313 0.643348888 0.7970377602539063 0.6418672453333334 0.804904513671875 0.641126424 0.8057183159179687 0.6340886233333333 0.8011067709960937 0.6300141073333333 0.7948676215820313 0.6022333153333334 0.7916124130859375 0.59889962 0.7910698784179687 0.602603726 0.7886284721679687 0.6051966 0.787814669921875 0.6177905586666667
1 0.5333658852539063 0.8104040513333333 0.5328233505859375 0.821516368 0.5347222221679687 0.8311470426666666 0.5382486977539063 0.8337399166666667 0.544216580078125 0.8296654006666666 0.546115451171875 0.8237388313333333 0.546657986328125 0.817441852 0.543674044921875 0.8044774826666666 0.54150390625 0.80299584 0.5374348959960937 0.804107072 0.5333658852539063 0.8104040513333333
1 0.556423611328125 0.7418780973333334 0.5550672744140625 0.746323024 0.5545247397460937 0.7655843733333333 0.55126953125 0.7763262793333333 0.5518120659179687 0.7992917346666667 0.5531684028320313 0.8033662506666667 0.55615234375 0.8059591246666667 0.5599500869140625 0.804107072 0.5626627602539063 0.8007733766666667 0.5664605034179687 0.7885498280000001 0.5672743056640625 0.7766966900000001 0.5664605034179687 0.7455822026666666 0.5629340278320313 0.7400260446666667 0.5580512153320313 0.7411372759999999 0.556423611328125 0.7418780973333334
1 0.5770399306640625 0.7000217040000001 0.5786675346679687 0.706689094 0.578125 0.71076361 0.5743272568359375 0.7170605893333333 0.5743272568359375 0.7189126426666667 0.5748697915039063 0.7211351060000001 0.5792100693359375 0.7248392113333333 0.5849066840820313 0.7229871586666666 0.5916883681640625 0.7170605893333333 0.5960286459960937 0.705577862 0.5960286459960937 0.7018737566666667 0.5946723090820313 0.6992808826666667 0.588161892578125 0.6996512933333333 0.5838216147460937 0.6970584193333335 0.5819227431640625 0.6933543133333333 0.5773111977539063 0.6933543133333333 0.5770399306640625 0.7000217040000001
1 0.5086805556640625 0.8900423219999999 0.5062391494140625 0.8948576593333334 0.5103081596679687 0.9067107973333334 0.511935763671875 0.9089332606666667 0.5154622397460937 0.9089332606666667 0.5187174477539063 0.907081208 0.5211588540039063 0.90152505 0.5211588540039063 0.8893015013333334 0.5184461806640625 0.8852269846666666 0.5132921005859375 0.887079038 0.5086805556640625 0.8900423219999999
1 0.5054253471679687 0.9719030566666667 0.504611544921875 0.9752367519999999 0.5043402778320313 0.9896827633333334 0.5054253471679687 0.9922756373333333 0.5086805556640625 0.9915348166666667 0.5160047744140625 0.978200036 0.5160047744140625 0.9722734673333333 0.5146484375 0.9685693613333333 0.512478298828125 0.9656060773333334 0.509765625 0.9659764873333333 0.5054253471679687 0.9719030566666667
1 0.470703125 0.9204159886666666 0.470703125 0.9311578946666667 0.4742296005859375 0.9337507686666666 0.47721354150390627 0.9315283053333333 0.4793836806640625 0.9270833786666667 0.48453776025390627 0.9244905046666666 0.4848090278320312 0.9185639353333332 0.48291015625 0.9156006513333333 0.47639973974609373 0.9107853140000001 0.4736870659179688 0.909674082 0.47233072900390627 0.9118965453333333 0.470703125 0.9204159886666666
1 0.3814561630859375 0.6381631400000001 0.3814561630859375 0.6418672453333334 0.38362630224609373 0.646312172 0.3961046005859375 0.6470529933333333 0.3980034721679688 0.6459417613333334 0.3974609375 0.6392743713333333 0.3863389755859375 0.6363110866666667 0.3828125 0.6366814973333333 0.3814561630859375 0.6381631400000001
1 0.3497178818359375 0.41369433866666666 0.3499891494140625 0.418509676 0.355685763671875 0.42739952999999997 0.3594835068359375 0.430362814 0.3643663193359375 0.42110254999999996 0.35677083349609373 0.4111014653333333 0.3524305556640625 0.40850859133333334 0.3497178818359375 0.41369433866666666
1 0.217068142578125 0.8659656360000001 0.21435546875 0.8785595946666668 0.214084201171875 0.8833749320000001 0.21625434033203125 0.8867086273333332 0.22249348974609376 0.8863382166666667 0.23198784716796875 0.8770779526666667 0.236056857421875 0.8696697413333333 0.236328125 0.8637431726666667 0.23470052099609376 0.8600390666666667 0.219509548828125 0.86226153 0.217068142578125 0.8659656360000001
1 0.190212673828125 0.9619019713333333 0.19075520849609376 0.966346898 0.19401041650390624 0.968939772 0.196994357421875 0.963383614 0.199435763671875 0.9541233493333334 0.19970703125 0.9474559593333334 0.197265625 0.94115898 0.19401041650390624 0.9418998013333333 0.190212673828125 0.9619019713333333
1 0.26236979150390627 0.9296762526666666 0.2607421875 0.9352324106666666 0.2601996528320312 0.9426406220000001 0.2705078125 0.9474559593333334 0.2734917534179688 0.9467151386666666 0.2748480903320312 0.9441222646666667 0.278103298828125 0.92819461 0.2767469619140625 0.9218976306666666 0.2740342880859375 0.9185639353333332 0.2694227431640625 0.9185639353333332 0.26236979150390627 0.9296762526666666
1 0.2637261284179688 0.6903910293333333 0.2618272568359375 0.7000217040000001 0.2637261284179688 0.706689094 0.26725260400390627 0.712245252 0.2699652778320312 0.7140973053333334 0.2862413193359375 0.712245252 0.2889539931640625 0.7103931993333333 0.2935655380859375 0.702614578 0.2935655380859375 0.6926134926666667 0.2870551215820312 0.6859461026666667 0.282443576171875 0.6852052813333334 0.2686089409179688 0.6877981553333334 0.2637261284179688 0.6903910293333333
1 0.236599392578125 0.5144460120000001 0.238498263671875 0.528892024 0.24175347216796875 0.5300032553333333 0.25016276025390627 0.527780792 0.2504340278320312 0.5214838126666667 0.2422960068359375 0.5096306746666667 0.23876953125 0.5100010853333333 0.236599392578125 0.5144460120000001
1 0.16227213525390624 0.30257117 0.165798611328125 0.3055344546666667 0.175021701171875 0.31072020266666667 0.17827690966796875 0.31072020266666667 0.18071831591796875 0.30812732866666664 0.1812608505859375 0.30257117 0.17475043408203125 0.2981262433333333 0.170681423828125 0.290718032 0.16796875 0.29034762133333336 0.165798611328125 0.294422138 0.16254340283203125 0.29627419066666666 0.16227213525390624 0.30257117
1 0.17827690966796875 0.3751716406666667 0.178005642578125 0.38332067266666664 0.1788194443359375 0.3862839573333333 0.1812608505859375 0.3877655993333334 0.18343098974609376 0.385543136 0.18587239599609376 0.37924615666666667 0.18451605908203125 0.36850425000000003 0.18098958349609376 0.3673930186666666 0.18017578125 0.36850425000000003 0.17827690966796875 0.3751716406666667
1 0.1728515625 0.22441454133333333 0.17230902783203125 0.2321931633333333 0.17366536474609376 0.23441562666666668 0.17854817724609376 0.23663809 0.18207465283203125 0.23552685866666664 0.18695746533203125 0.23108193133333335 0.187771267578125 0.22441454133333333 0.18939887158203125 0.22293289933333332 0.190212673828125 0.218117562 0.18912760400390624 0.21367263533333333 0.18505859375 0.21330222466666665 0.1728515625 0.22441454133333333
1 0.38444010400390627 0.30034870666666663 0.3847113715820312 0.30886815 0.387966580078125 0.31072020266666667 0.39420572900390627 0.3084977393333333 0.3955620659179688 0.30257117 0.3944769965820312 0.2966446013333333 0.3876953125 0.29701501199999997 0.38444010400390627 0.30034870666666663
1 0.5431315102539063 0.43258527733333335 0.546657986328125 0.4385118466666667 0.5528971352539063 0.442215952 0.556423611328125 0.44184554200000004 0.5596788193359375 0.439623078 0.5648328994140625 0.43332609866666666 0.5648328994140625 0.426288298 0.563205294921875 0.42110254999999996 0.5566948784179687 0.4177688553333333 0.5531684028320313 0.41739844466666665 0.550998263671875 0.42184337133333333 0.5455729165039063 0.4270291193333333 0.5431315102539063 0.43258527733333335
1 0.5301106772460937 0.48073865066666666 0.5309244790039063 0.4822202933333333 0.5341796875 0.48259070333333337 0.5406901040039063 0.4759233133333333 0.5406901040039063 0.4692559233333333 0.5374348959960937 0.46814469133333336 0.5341796875 0.47333043933333335 0.53173828125 0.4744416713333333 0.5301106772460937 0.48073865066666666
1 0.5396050346679687 0.22515536266666666 0.5385199653320313 0.23108193133333335 0.5406901040039063 0.23330439533333333 0.553439669921875 0.23404521599999997 0.5553385415039063 0.23108193133333335 0.553982205078125 0.22441454133333333 0.5501844619140625 0.22256248866666667 0.543674044921875 0.22367372066666666 0.5396050346679687 0.22515536266666666