1 0.421457609375 0.39958555 0.42784360205078126 0.39996441400000005 0.44006003173828123 0.3965542773333333 0.44811190087890623 0.38897555733333333 0.45310953125 0.37040833933333334 0.45144365478515625 0.34767289733333334 0.4422812006835937 0.33857872066666667 0.42784360205078126 0.335168224 0.41396129541015625 0.3378206326666667 0.4078528173828125 0.3507041693333333 0.40257767236328124 0.36624011533333334 0.40674249609375 0.3859442846666667 0.4163385991210938 0.39747304066666667 0.421457609375 0.39958555
1 0.5180789887695313 0.2707508986666667 0.5191895732421875 0.2578673613333333 0.5433449184570313 0.25748849733333334 0.5402906791992188 0.216185478 0.5044741967773437 0.21656470133333336 0.5053072670898437 0.22982710266666667 0.48948130615234375 0.22755355866666666 0.49253528173828126 0.26961394666666666 0.5180789887695313 0.2707508986666667
1 0.24825803076171876 0.6367325666666667 0.254643759765625 0.6412796546666667 0.25880858349609376 0.632943206 0.254643759765625 0.6181653486666666 0.26075223779296874 0.605660676 0.22215903125 0.5772411933333333 0.21716140087890626 0.5980823146666666 0.2041121640625 0.5946718186666667 0.19161795703125 0.5825463693333334 0.17940152734375 0.5931560026666667 0.1968931015625 0.610965852 0.19717087939453126 0.63332243 0.20938730908203124 0.634459022 0.20383438671875 0.652268512 0.23200526611328126 0.671305176 0.24825803076171876 0.6367325666666667
1 0 0.6429071386666667 0.002682201171875 0.6491258086666667 0.039467087890625 0.6313648453333334 0.03446945751953125 0.5786941046666667 0.02530726708984375 0.5756628326666666 0 0.5844865933333333 0 0.6429071386666667
1 0.071119009765625 0.194586988 0.05584834130859375 0.171851186 0.01975434423828125 0.19913407600000002 0.03954897314453125 0.2234489573333333 0.071119009765625 0.194586988
1 0.6562164296875 0.46836161066666665 0.6320610849609375 0.4494155286666667 0.6154023168945313 0.467603882 0.6406627172851562 0.48533824600000003 0.6562164296875 0.46836161066666665
1 0.6723199052734375 0.16616750533333333 0.6842588203125 0.16199928133333333 0.698141126953125 0.13623220733333333 0.670098736328125 0.11122322066666668 0.6620468666992188 0.12107548533333333 0.6495529223632812 0.130169662 0.642334123046875 0.150252696 0.6431669301757813 0.16465168933333332 0.6612140600585937 0.18056649866666666 0.6723199052734375 0.16616750533333333
1 0.7775481831054688 0.6043982746666666 0.7669976303710937 0.600609274 0.7531153237304687 0.604777498 0.7458965244140625 0.6085664986666667 0.7411764086914062 0.619555356 0.7417317006835937 0.6267552120000001 0.7712580307617187 0.624386772 0.7775481831054688 0.6043982746666666
1 0.7967058979492188 0.410639468 0.7528375458984375 0.38638821 0.7317364404296876 0.42693350133333335 0.7731058452148437 0.45270021600000004 0.7967058979492188 0.410639468
1 0.5182888364257813 0.611344716 0.50940416015625 0.607176492 0.5019075830078125 0.609071172 0.48913586083984373 0.610207764 0.4799734072265625 0.6181653486666666 0.474420484375 0.631048886 0.4888583466796875 0.631806614 0.49052422314453126 0.6367325666666667 0.5052393364257812 0.630669662 0.5110700366210937 0.62953307 0.5221758818359375 0.6230913013333333 0.5182888364257813 0.611344716
1 0.597695892578125 0.656373832 0.5957525014648437 0.6476585193333334 0.57770537109375 0.638185478 0.5713196420898438 0.6351542053333333 0.5518841494140625 0.6567530553333334 0.5719283833007812 0.673864486 0.597695892578125 0.656373832
1 0.502462875 0.7295064699999999 0.5152348603515625 0.7185176133333333 0.49996419189453123 0.6976768513333333 0.48774776220703125 0.7018450753333333 0.46886756201171875 0.7143497486666667 0.48719220654296874 0.7351905106666666 0.502462875 0.7295064699999999
1 0.5124581357421875 0.7037397553333333 0.5243970512695313 0.7007081233333333 0.52523012109375 0.6798673613333334 0.5255076357421875 0.664331416 0.515512375 0.663573688 0.5074605053710938 0.6669838246666666 0.5069052133789063 0.6756991373333333 0.50506845703125 0.70542775 0.5124581357421875 0.7037397553333333
1 0.5949194311523438 0.410323508 0.6051924697265625 0.4095654206666666 0.612689046875 0.40426060399999997 0.6193525541992188 0.3940294753333333 0.6118559770507812 0.3875877066666667 0.59075487109375 0.384556434 0.5807596103515625 0.3849352986666667 0.5690982094726562 0.3875877066666667 0.5752064243164062 0.3974399713333333 0.581926013671875 0.41026887133333334 0.5949194311523438 0.410323508
1 0.7104207475585937 0.08362437066666667 0.7081995786132812 0.077561826 0.7023691416015625 0.06354133733333334 0.6982043178710937 0.06619374533333333 0.6873759873046875 0.073772466 0.678213796875 0.08741373133333334 0.6918183251953125 0.094992092 0.7104207475585937 0.08362437066666667
1 0.405286466796875 0.116653846 0.42083464990234376 0.10642271733333333 0.4322182729492188 0.09960208466666667 0.42888651904296876 0.07118260266666666 0.41722511865234374 0.070803738 0.39584623486328124 0.08217145933333334 0.3900157978515625 0.092023724 0.39196893115234377 0.12108159600000001 0.405286466796875 0.116653846
1 0.331987625 0.5195794393333333 0.33531937841796877 0.5233687993333332 0.34559215380859376 0.524884256 0.35614297021484376 0.5252634793333333 0.36225092138671877 0.5142746226666667 0.36252869921875 0.4941915886666666 0.36225092138671877 0.4665298346666667 0.35530989990234374 0.42484795133333336 0.35003449169921874 0.38998706 0.338928646484375 0.38165061133333333 0.3200487099609375 0.3789982026666667 0.2953380727539062 0.391502516 0.30005792529296876 0.4252271746666667 0.303945234375 0.4627404746666667 0.3058886254882813 0.49911754133333336 0.3151113745117187 0.5254320633333334 0.331987625 0.5195794393333333
1 0.38862769873046876 0.5228015813333333 0.4058417587890625 0.5224227173333333 0.4083404423828125 0.5049920920000001 0.41250526611328125 0.47088856933333334 0.39584623486328124 0.46444716 0.3786321748046875 0.46368907266666665 0.37557819921875 0.47733033799999997 0.3722464453125 0.5080233646666666 0.380020537109375 0.52355931 0.38862769873046876 0.5228015813333333
1 0.45509952587890623 0.5416506113333334 0.4595513427734375 0.5373335726666667 0.4617772509765625 0.532856578 0.4573254345703125 0.5294989213333333 0.4497103740234375 0.5248623293333333 0.443969720703125 0.52694069 0.43635466015625 0.5357347233333333 0.4451413901367188 0.5413306973333333 0.4525321220703125 0.54460532 0.45509952587890623 0.5416506113333334
1 0.44256398095703126 0.6378245866666667 0.4451413901367188 0.6272721066666667 0.4535763559570313 0.629830338 0.4566224326171875 0.612242272 0.4517019482421875 0.612242272 0.44279831494140626 0.611602804 0.44080647705078124 0.6167192666666667 0.4317856767578125 0.6170391806666666 0.4296769350585937 0.6234345793333333 0.42827514501953123 0.6353134433333333 0.44256398095703126 0.6378245866666667
1 0.444438388671875 0.5928152406666667 0.45099894677734376 0.572509346 0.4367061611328125 0.561956506 0.43108267529296873 0.5825823146666667 0.44409478662109375 0.5931991373333334 0.444438388671875 0.5928152406666667
1 0.5537438125 0.9633619699999999 0.541208267578125 0.9478529833333333 0.5263296469726563 0.956167146 0.5388651923828125 0.9692778573333334 0.5537438125 0.9633619699999999
1 0.43222202197265625 1 0.4377606635742187 0.9858271026666666 0.43190284375 0.975114666 0.426982359375 0.9733558593333334 0.42018746728515627 0.9893447160000001 0.42736299560546875 1 0.43222202197265625 1
1 0.6044718271484375 0.794331416 0.6123212216796875 0.7957703093333333 0.607517904296875 0.7815398993333333 0.6152501318359375 0.7692286126666666 0.6090408110351563 0.7666703813333333 0.6078694047851563 0.7581962619999999 0.6023630859375 0.7546786486666667 0.5859612954101563 0.7497221426666667 0.5830323852539062 0.7682692306666666 0.571668509765625 0.776103882 0.579049236328125 0.781699856 0.5874844653320312 0.7927322073333333 0.5962280146484376 0.7976524086666666 0.6044718271484375 0.794331416
1 0.5326558715820312 0.6237544933333333 0.5426140073242187 0.62023688 0.5456600844726562 0.6080851906666667 0.533358873046875 0.610643422 0.5287303842773438 0.6234349386666667 0.5326558715820312 0.6237544933333333
1 0.5747145864257812 0.43761538466666666 0.5628817797851563 0.42946081933333335 0.5540953134765625 0.449127606 0.5656432333984375 0.45641660666666667 0.5747145864257812 0.43761538466666666
1 0.45650526611328124 0.33144752 0.43518325439453126 0.315938174 0.41983596630859377 0.33736340733333336 0.438294365234375 0.35994931733333335 0.45650526611328124 0.33144752
1 0.589358873046875 0.269996046 0.5970911005859375 0.271274982 0.602128751953125 0.26887670733333335 0.6052919956054688 0.26216139466666666 0.6047061611328125 0.25752444266666663 0.59990284375 0.2572048886666667 0.5908817797851562 0.2602426313333333 0.5880545024414062 0.26960100666666664 0.589358873046875 0.269996046
1 0.4084718271484375 0.31620416933333334 0.41561822021484374 0.279909058 0.38750105322265627 0.2711153846666666 0.3811748286132812 0.306290798 0.4084718271484375 0.31620416933333334
1 0.44807030029296874 0.10898598133333333 0.4539278569335938 0.101951114 0.4627145864257812 0.10642775 0.4672835703125 0.08580194133333333 0.44326671923828126 0.07381020866666667 0.436588994140625 0.10083177599999998 0.44807030029296874 0.10898598133333333
1 0.553509478515625 0.15119698066666667 0.5607730385742188 0.141443566 0.555969720703125 0.138245866 0.547300158203125 0.137126528 0.5413254345703125 0.14112401133333333 0.5359362822265625 0.14895866266666666 0.5474505004882813 0.153696262 0.553509478515625 0.15119698066666667
1 0.7310263295898437 0.895540618 0.7242311743164063 0.887865924 0.7160305424804687 0.8926628326666667 0.7243678251953125 0.9016786486666667 0.7310263295898437 0.895540618
1 0.7232941020507813 0.662819914 0.7184907846679688 0.6497088426666666 0.7072438125 0.6548253053333334 0.7125031596679687 0.6680693746666667 0.7232941020507813 0.662819914
1 0.7109928911132812 0.586312006 0.701151921875 0.5823148813333333 0.6968170087890625 0.5928673613333334 0.7071266455078125 0.59558555 0.7109928911132812 0.586312006
1 0.729386255859375 0.251873832 0.735009478515625 0.23364629733333334 0.717319115234375 0.23124802333333333 0.714612427734375 0.249443566 0.729386255859375 0.251873832
1 0.6587417060546875 0.08915815933333332 0.6604992099609375 0.081323508 0.6634278569335937 0.078285406 0.6628422856445313 0.06517469466666666 0.6546413901367187 0.042950036000000004 0.6403486044921874 0.051584112 0.6306245390625 0.049505392 0.6316790415039063 0.06341588799999999 0.6381224326171875 0.07061071199999999 0.6474949975585937 0.07476815266666667 0.6523880991210937 0.08422537733333334 0.6587417060546875 0.08915815933333332
1 0.658858873046875 0.5465783606666667 0.6742061611328125 0.5456189793333333 0.6860389677734375 0.5387437093333333 0.68838204296875 0.5125215673333333 0.6742061611328125 0.5133213513333333 0.660616376953125 0.5192372393333333 0.6537040546875 0.5261125086666667 0.649017904296875 0.5325079079999999 0.6548757241210937 0.5379442846666667 0.6513335966796875 0.5449651326666666 0.658858873046875 0.5465783606666667
1 0.5591769350585938 0.8489719626666666 0.5656203266601563 0.8473727533333334 0.57171248046875 0.8486520486666667 0.5731182202148437 0.839218548 0.5687835703125 0.8377796546666667 0.5676119008789062 0.8344219986666667 0.5588254345703125 0.8277063266666668 0.5529676147460938 0.8315438533333332 0.5499215375976563 0.838898634 0.5591769350585938 0.8492915166666667 0.5591769350585938 0.8489719626666666
1 0.5936203266601563 0.8358608913333334 0.5999468139648437 0.8315438533333332 0.5918630859375 0.823389648 0.5826079516601562 0.8269069013333333 0.5905742495117188 0.8368202733333333 0.5936203266601563 0.8358608913333334
1 0.5594112690429688 0.8036427033333333 0.5687835703125 0.792130482 0.5659718271484375 0.7874938893333333 0.5701893100585937 0.775661754 0.5590597680664062 0.7731035226666666 0.550858873046875 0.7876534866666666 0.5549591889648438 0.7910111433333333 0.551327541015625 0.8002850466666667 0.5594112690429688 0.8036427033333333
1 0.6551266455078125 0.6382088426666667 0.65571248046875 0.6255772826666667 0.6484489204101562 0.6247778573333334 0.6411853608398438 0.63149353 0.6369676147460938 0.646043494 0.646587677734375 0.6461121493333334 0.6551266455078125 0.6382088426666667
1 0.6892187993164063 0.616623652 0.68031490234375 0.6047918766666667 0.6738715112304687 0.6118271026666666 0.6837638232421875 0.6227149533333334 0.6892187993164063 0.616623652
1 0.6717625063476562 0.607030194 0.6742227490234375 0.58720381 0.6602814638671874 0.5843260246666667 0.6570010532226562 0.6046319193333333 0.6717625063476562 0.607030194
1 0.5205157978515625 0.5062721066666667 0.5249676147460938 0.491402588 0.5086832543945312 0.4961991373333334 0.5047372299804688 0.5104097773333334 0.5205157978515625 0.5062721066666667
1 0.533168509765625 0.5149061826666667 0.5453525541992188 0.4981179006666667 0.5309426015625 0.4971585193333334 0.5231935229492187 0.5129295473333333 0.533168509765625 0.5149061826666667
1 0.5433609794921875 0.44284902933333337 0.5412522377929687 0.40959201999999995 0.5037627700195313 0.40575449333333335 0.5014194311523438 0.439970884 0.5107919956054687 0.453241912 0.5226661401367187 0.45533680800000004 0.5433609794921875 0.44284902933333337
1 0.58155344921875 0.37084471599999996 0.5785073720703126 0.36668763466666665 0.5687835703125 0.365568296 0.5625742495117187 0.3742023726666666 0.5679634018554688 0.375481668 0.5762814638671875 0.3781994966666667 0.58155344921875 0.37084471599999996
1 0.6008838862304687 0.370524802 0.6024070561523438 0.36604816666666673 0.6125995258789062 0.36332997866666666 0.6189257504882812 0.35837347199999997 0.6151769350585937 0.3534166066666667 0.6061558715820312 0.356294752 0.5993609794921875 0.3543759886666667 0.5904570825195312 0.357254134 0.5853025278320313 0.36764701666666666 0.5970189575195313 0.3703878506666667 0.6008838862304687 0.370524802
1 0.4875953134765625 0.3328702373333333 0.4947417060546875 0.3397455066666667 0.500248025390625 0.327114306 0.5133694047851562 0.31688138 0.5010681938476562 0.292418404 0.47834017919921873 0.30233141599999996 0.4612353872070313 0.29289791533333337 0.454088994140625 0.312244788 0.4566664033203125 0.317201294 0.466858873046875 0.32487598866666667 0.47318536083984375 0.32359669333333335 0.48021669287109375 0.3376322786666667 0.4875953134765625 0.3328702373333333
1 0.5396119008789062 0.076139468 0.5310597680664062 0.07422070466666666 0.5259049501953125 0.070863048 0.5148923115234375 0.063668224 0.507628751953125 0.07645938199999999 0.5129007373046875 0.080456506 0.508097419921875 0.08877066866666666 0.5270763559570313 0.09500647 0.5396119008789062 0.076139468
1 0.5128338598632812 0.19199388933333333 0.50709320703125 0.19103450733333333 0.5079133754882813 0.184479152 0.5163486044921874 0.1793626886666667 0.5178715112304687 0.17488569399999998 0.5096706162109375 0.168969806 0.49994681396484375 0.17136808066666667 0.491628751953125 0.19519158866666664 0.5000639809570312 0.20030805200000001 0.499009478515625 0.20718332133333334 0.5052187993164062 0.210540978 0.5128338598632812 0.19199388933333333
1 0.5086434965820312 0.7627688713333334 0.5032403896484375 0.7445930986666667 0.4938796733398437 0.7500977713333333 0.49918035791015625 0.76780266 0.5086434965820312 0.7627688713333334
1 0.41853923095703127 0.6491441406666667 0.42226829931640625 0.641873832 0.41777830419921874 0.6256714593333333 0.40446050537109374 0.6333569373333333 0.4078933647460937 0.6534651326666666 0.41853923095703127 0.6491441406666667
1 0.38524249609375 0.18561682266666665 0.389504212890625 0.16380589533333334 0.37230516064453123 0.16879115733333333 0.37021406005859375 0.18886736133333332 0.38524249609375 0.18561682266666665
1 0.4111171669921875 0.44373112866666664 0.41636808837890626 0.4419654926666666 0.42146682470703123 0.4378109273333334 0.4232172197265625 0.44175772799999996 0.43341469189453125 0.4419654926666666 0.4331864140625 0.435422358 0.429305423828125 0.4300215673333333 0.42245629296875 0.423997484 0.41560716162109373 0.4187005753333334 0.41104107421875 0.41932386800000004 0.3942224853515625 0.4317872033333333 0.41012006298828124 0.44396369533333335 0.4111171669921875 0.44373112866666664
1 0.3879060029296875 0.7510848313333333 0.36766298046875 0.732805176 0.35754160107421873 0.7490075486666666 0.3777498681640625 0.7689716033333334 0.3879060029296875 0.7510848313333333
1 0.42420642431640626 0.721622574 0.43037072119140624 0.7202724660000001 0.4321211162109375 0.7133138033333333 0.4302185361328125 0.7050046726666667 0.42443470263671873 0.7050046726666667 0.42078199072265626 0.7057318473333333 0.41712901513671874 0.7126905106666667 0.419564244140625 0.7227649173333333 0.42420642431640626 0.721622574
1 0.5224947338867187 0.901528756 0.526452080078125 0.8875075486666666 0.5144281201171875 0.883872394 0.5108512373046875 0.896543494 0.5224947338867187 0.901528756
1 0.629361505859375 0.5506229333333333 0.6410050024414062 0.549272466 0.6445818852539063 0.5358745506666667 0.6352975249023437 0.5343166786666667 0.6253280673828125 0.536601366 0.622152185546875 0.5498835373333333 0.629361505859375 0.5506229333333333
1 0.7096487626953125 0.4122268153333334 0.7152801474609375 0.4113957586666667 0.7126927329101562 0.4014252333333333 0.7084310161132813 0.4004902946666667 0.7019623486328125 0.4000747666666667 0.703104001953125 0.40506038800000005 0.709157451171875 0.41216427 0.7096487626953125 0.4122268153333334
1 0.6556927329101563 0.282676492 0.6529531333007812 0.281534148 0.648310953125 0.2808069733333333 0.6411571879882813 0.28381919466666666 0.6404723540039062 0.29669769933333334 0.6547032646484375 0.2996060386666667 0.6556927329101563 0.282676492
1 0.5584839389648437 0.26389539866666667 0.5616800947265626 0.245615744 0.5417414428710937 0.242188354 0.5397714584960938 0.26135118599999996 0.5584839389648437 0.26389539866666667
1 0.4834478671875 0.613165708 0.48748130615234375 0.60838821 0.487176671875 0.600182962 0.48390442333984374 0.5948860533333333 0.47827277490234377 0.5937437093333333 0.4754570825195312 0.5981056793333333 0.4765226435546875 0.606622574 0.48308109521484377 0.6127807333333334 0.4834478671875 0.613165708
1 0.305493154296875 0.6991894319999999 0.30526487646484374 0.6821563620000001 0.29171879931640626 0.6825718906666667 0.2934849921875 0.6995273186666666 0.305493154296875 0.6991894319999999
1 0.17132622412109375 0.4951268873333333 0.180382306640625 0.48982997866666667 0.183274091796875 0.48079403333333337 0.1831979990234375 0.473523724 0.181751974609375 0.4685384613333333 0.175968404296875 0.470511862 0.1705650341796875 0.47570488866666666 0.1688909951171875 0.4812095613333333 0.16760163232421876 0.4951700213333334 0.17132622412109375 0.4951268873333333
1 0.3176692998046875 0.168083034 0.295219326171875 0.15780050333333331 0.28136887841796876 0.17483393266666666 0.3027535546875 0.18449317066666668 0.3176692998046875 0.168083034
1 0.2799992099609375 0.1718220706666667 0.296969720703125 0.16112437066666666 0.28905529248046874 0.13193925266666667 0.2738349130859375 0.14523328533333335 0.279441021484375 0.17156470133333335 0.2799992099609375 0.1718220706666667
1 0.3531682465820313 0.28322969066666664 0.361165876953125 0.277553918 0.3587664560546875 0.2694766353333333 0.35220853076171876 0.26227282533333335 0.34245155322265625 0.2635826746666667 0.33605344921875 0.270568296 0.3368530805664062 0.27624406933333334 0.34405107958984377 0.2836660673333333 0.3531682465820313 0.28322969066666664
1 0.3612209057617187 0.38742774999999996 0.38137493408203127 0.3699640546666667 0.37961532373046875 0.34944392533333335 0.3752967353515625 0.3487890006666666 0.360101369140625 0.3562113586666667 0.35786203271484374 0.36690798 0.35626197998046877 0.38889503933333336 0.3612209057617187 0.38742774999999996
1 0.11358083203125 0.9577792953333333 0.12420537109375 0.945801222 0.1320581884765625 0.943594896 0.14245155322265626 0.9366599566666667 0.1343678251953125 0.9120733286666667 0.115428646484375 0.8796060386666666 0.10411137451171874 0.8543885693333333 0.06346129541015624 0.9041926673333334 0.08147656640625 0.9353989933333334 0.09002238037109375 0.9539967646666667 0.10236808837890625 0.9624406900000001 0.11358083203125 0.9577792953333333
1 0.6893920483398438 0.34423004999999995 0.6971226962890625 0.34153091333333335 0.6985610849609375 0.3353968366666667 0.6933472880859375 0.324110352 0.6850774091796875 0.32460100666666664 0.678605318359375 0.32803630466666667 0.67806582421875 0.33417002133333334 0.681953396484375 0.3443957586666667 0.6893920483398438 0.34423004999999995
1 0.8123628227539063 0.4757857653333333 0.8206327016601562 0.4750496046666666 0.8251271723632813 0.46670740466666666 0.8265655610351562 0.44830517599999997 0.80948630859375 0.45591157466666665 0.8089468139648438 0.46106398266666665 0.8081908901367187 0.47530805200000004 0.8123628227539063 0.4757857653333333
1 0.19648446533203126 0.340018332 0.24178936279296875 0.33977282533333336 0.25041890478515627 0.285793314 0.20924881494140626 0.281622214 0.197234333984375 0.33997699466666664 0.19648446533203126 0.340018332
1 0.2876334912109375 0.2159468006666667 0.27576803564453123 0.1992624013333333 0.258868615234375 0.21496549266666667 0.27432991064453127 0.23189539866666667 0.2876334912109375 0.2159468006666667
1 0.5824265405273438 0.046033429333333334 0.5795500263671876 0.03327462266666667 0.5700215903320313 0.03818188333333333 0.572709583984375 0.05053450733333333 0.5824265405273438 0.046033429333333334
1 0.600764349609375 0.07179654933333333 0.6031016323242188 0.06836125066666666 0.6050792524414063 0.06345399 0.6050792524414063 0.055602444 0.6002251186523437 0.054621136 0.5975281728515625 0.05682925933333333 0.5942922592773437 0.06345399 0.5959102158203124 0.07032422733333334 0.600764349609375 0.07179654933333333
1 0.44093865185546877 0.14605966933333334 0.4560402841796875 0.14164306266666668 0.45190521337890627 0.124222502 0.4459723540039062 0.12201401866666667 0.42799420751953127 0.128884256 0.43109715625 0.14664701666666669 0.44093865185546877 0.14605966933333334
1 0.5489873618164063 0.294299784 0.5513243813476563 0.2808048166666667 0.5392790942382812 0.2795780013333333 0.5365824116210938 0.29012868466666664 0.5489873618164063 0.294299784
1 0.5488075302734375 0.33421243733333333 0.5410768828125 0.32390726066666664 0.5299304897460938 0.33445758466666664 0.537104265625 0.343843638 0.5488075302734375 0.33421243733333333
1 0.44489362841796876 0.39988785066666666 0.4348259609375 0.40160532 0.431050552734375 0.40602192666666664 0.438601369140625 0.41240115 0.4440444970703125 0.41178504666666665 0.453523169921875 0.4065125806666667 0.44489362841796876 0.39988785066666666
1 0.4659281201171875 0.523959382 0.47240021044921876 0.523468368 0.48138941552734377 0.5246951833333333 0.48354686669921876 0.511936736 0.47869273291015624 0.5114457226666667 0.4697035283203125 0.5072746226666667 0.465388888671875 0.50580266 0.4598156923828125 0.5077652766666667 0.45819747216796874 0.5156168226666668 0.46265639794921876 0.5239166066666666 0.4659281201171875 0.523959382
1 0.46898446533203125 0.671053918 0.4698833598632812 0.6624662113333333 0.4673665087890625 0.6597674333333333 0.46161348095703125 0.661239396 0.4618472880859375 0.6713997126666666 0.46898446533203125 0.671053918
1 0.5414365454101563 0.5858306973333334 0.53945892578125 0.5819051040000001 0.5344249604492187 0.5789608193333333 0.5310092153320313 0.5833770666666667 0.5337058979492187 0.5904928106666667 0.541554765625 0.5913058953333333 0.5414365454101563 0.5858306973333334
1 0.5773928383789062 0.10447016533333334 0.5777522377929688 0.10103486733333333 0.5791906264648438 0.09441013666666667 0.572358873046875 0.08999388933333334 0.56786440234375 0.09220201266666667 0.5660666137695313 0.09907225 0.5705610849609375 0.10397951133333333 0.57594655078125 0.10521926666666667 0.5773928383789062 0.10447016533333334
1 0.369709583984375 0.3328411213333333 0.3661140073242187 0.320327822 0.36000131640625 0.3146844 0.3537090576171875 0.3144388926666667 0.35298999462890623 0.33382243 0.35568667724609376 0.345599928 0.36797840966796874 0.3482624013333333 0.369709583984375 0.3328411213333333
1 0.1952432861328125 0.5294622573333334 0.18070379150390625 0.5207311286666666 0.17221248046875 0.538669662 0.1857609267578125 0.5472178286666667 0.1952432861328125 0.5294622573333334
1 0.07136545556640625 0.26504169666666666 0.076250658203125 0.245992092 0.06089678759765625 0.23853091333333334 0.055395734375 0.25809705266666666 0.07136545556640625 0.26504169666666666
1 0.8183349130859375 0.37361286866666665 0.8275065825195312 0.3688173973333333 0.8230184306640626 0.36109166066666665 0.8154078461914063 0.352300144 0.8044799892578125 0.3520337886666667 0.7931616640625 0.35842775 0.7962838334960938 0.3709489573333334 0.8076021591796875 0.375477714 0.8183349130859375 0.37361286866666665
1 0.31037941015625 0.048593458 0.31525803076171877 0.04539683666666666 0.316819115234375 0.034740115333333335 0.312916271484375 0.031010424 0.3062814638671875 0.034740115333333335 0.3017933125 0.043265276666666665 0.3041348076171875 0.045929547333333334 0.308233017578125 0.048859813333333335 0.31037941015625 0.048593458
1 0.1381800947265625 0.4472721066666666 0.1421898369140625 0.42221710999999995 0.14172722509765626 0.4184273906666666 0.1263048974609375 0.42348022999999996 0.1218322802734375 0.4300071893333333 0.11751395458984375 0.44116642733333333 0.1178225380859375 0.4563256646666667 0.1381800947265625 0.4472721066666666
1 0.09623117431640625 0.8247832493333334 0.10193733544921875 0.82120381 0.110573986328125 0.8129924513333334 0.109031595703125 0.8075183319999999 0.1051761455078125 0.8014126526666667 0.10826066357421875 0.794464414 0.11473802001953125 0.7805682960000001 0.110882306640625 0.7687778573333334 0.09839020556640625 0.7595136593333334 0.0818883623046875 0.7563554993333333 0.07232648779296875 0.782884256 0.06677435498046876 0.809413372 0.07587361767578125 0.8167825306666667 0.0875945234375 0.8277307693333333 0.09623117431640625 0.8247832493333334
1 0.0744855185546875 0.6691890726666666 0.10718114794921875 0.6733997126666666 0.12352869921875 0.673610352 0.13108583447265626 0.662030194 0.12908083203125 0.6515028753333334 0.147895998046875 0.6397124373333334 0.14373196435546876 0.632974838 0.13571248046875 0.62160532 0.12167798828125 0.6125517613333333 0.10178330712890625 0.6114989213333333 0.07602790966796875 0.6022350826666667 0.07186387548828126 0.6110780013333333 0.06924196923828126 0.633185478 0.05921748291015625 0.6371858373333333 0.06199341748046875 0.648765996 0.07371458642578126 0.6702415526666667 0.0744855185546875 0.6691890726666666
1 0.10563875732421875 0.5849701653333333 0.1059473408203125 0.5687580879999999 0.11550921533203125 0.5649680086666666 0.11381253271484375 0.5613889286666667 0.109031595703125 0.5521247306666667 0.09345523974609375 0.5489665706666667 0.08420168505859375 0.5525456506666667 0.08142575048828125 0.565389288 0.0862066875 0.5714949673333333 0.08882833056640625 0.5879176853333333 0.10563875732421875 0.5849701653333333
1 0.646858873046875 0.3474902946666667 0.6506345444335937 0.3464928106666667 0.64929462890625 0.340839684 0.6463717744140625 0.3400086266666667 0.6429618217773437 0.341172178 0.644301474609375 0.34765672200000003 0.646858873046875 0.3474902946666667
1 0.5690521328125 0.549442128 0.5809065297851562 0.5468123653333333 0.588908109375 0.550858016 0.59335334375 0.5504536306666666 0.6028367563476562 0.5356861966666667 0.6010587153320313 0.5340679366666666 0.59320537109375 0.535281452 0.5937980517578125 0.529010424 0.5988359663085937 0.5223346513333333 0.588908109375 0.5207163913333333 0.5806100581054687 0.5215255213333333 0.5737938388671875 0.5255715313333333 0.566236966796875 0.532044932 0.5638659819335937 0.5409457226666666 0.5647551342773437 0.550048886 0.5690521328125 0.549442128
1 0 0.749942594 0.00418720361328125 0.749758088 0.00685518701171875 0.7550819553333334 0.01321774609375 0.762086988 0.02779015283203125 0.7562027320000001 0.031073986328125 0.7379899353333333 0.03989968408203125 0.7267818113333333 0.01896471826171875 0.7267818113333333 0.006034228515625 0.7340668586666668 0 0.7458059686666667 0 0.749942594
1 0.2435021064453125 0.9388936019999999 0.23837098486328126 0.9153569373333333 0.21271537646484376 0.9232023726666666 0.21640995263671875 0.9447778573333333 0.2435021064453125 0.9388936019999999
1 0.34142969970703124 0.603542056 0.34865034228515623 0.6071851186666667 0.35806872021484376 0.603327462 0.35995234326171877 0.5964701653333333 0.368428646484375 0.596898634 0.36419062646484374 0.5756833213333333 0.35838256982421873 0.5653968366666666 0.3448830961914062 0.563468368 0.33797630322265626 0.56003954 0.33483701953125 0.566468368 0.329813849609375 0.5718256646666667 0.3277733017578125 0.5881125086666666 0.34142969970703124 0.5951844000000001 0.34142969970703124 0.603542056
1 0.3938580830078125 0.609542056 0.396683517578125 0.5977559306666667 0.3877361767578125 0.59368404 0.38459689306640626 0.604827822 0.3938580830078125 0.609542056
1 0.1078844130859375 0.097790798 0.11393259619140625 0.09437383199999999 0.11122143212890626 0.09095722533333332 0.10267035302734374 0.08469302666666667 0.09724776220703125 0.084977714 0.09015666162109374 0.08810999266666666 0.095787783203125 0.09408914466666667 0.10308741455078126 0.09892954733333333 0.1078844130859375 0.097790798
1 0 0.5769461066666667 0.00172643505859375 0.5758519053333334 0.0102772509765625 0.5761365926666666 0.01424012646484375 0.57328936 0.01298867822265625 0.567025162 0.0027690888671875 0.5661711 0 0.5648367679999999 0 0.5769461066666667
1 0.05908083203125 0.4178267433333333 0.04635860986328125 0.420959022 0.05011269091796875 0.436334292 0.06429489208984375 0.434056434 0.05908083203125 0.4178267433333333
1 0.7240184306640625 0.7122296906666667 0.6990539755859375 0.690610352 0.6854536596679688 0.7081599566666668 0.7111635073242187 0.7300334293333334 0.7240184306640625 0.7122296906666667
1 0.48994655078125 0.7671412653333334 0.47364481298828126 0.7677681526666666 0.47341521875 0.7718429186666668 0.46813454443359376 0.772156362 0.4656090048828125 0.7784255933333334 0.48305845166015626 0.7850079080000001 0.4966047919921875 0.7843810206666667 0.48994655078125 0.7671412653333334
1 0.342543970703125 0.7718429186666668 0.32279831494140626 0.7749773546666667 0.32096155859375 0.7831272466666666 0.32647209033203123 0.8050686553333334 0.35012058984375 0.8031879940000001 0.342543970703125 0.7718429186666668
1 0.39315297509765623 0.7883616106666667 0.3930147607421875 0.7983650840000001 0.3974965771484375 0.7992649173333333 0.4019802529296875 0.799647376 0.40310110595703125 0.7962041693333334 0.411508162109375 0.799647376 0.4099668247070313 0.7889352986666666 0.4052030014648437 0.7893177573333334 0.4024007373046875 0.787405104 0.397776724609375 0.7866398273333333 0.39315297509765623 0.7883616106666667
1 0.35428120068359376 0.7369349386666666 0.35376750927734374 0.7213324946666667 0.3368170087890625 0.7278188353333334 0.33848657177734376 0.7421941046666667 0.35428120068359376 0.7369349386666666
1 0.2582403896484375 0.4788292593333333 0.2436008427734375 0.469699856 0.23673275390625 0.4884521926666666 0.25101105859375 0.497581596 0.2582403896484375 0.4788292593333333
1 0.28010953125 0.6039273906666667 0.27794075830078124 0.590356578 0.26745787255859377 0.590850108 0.271072669921875 0.6046675053333334 0.28010953125 0.6039273906666667
1 0.2177553974609375 0.7398820993333334 0.2293225380859375 0.7213767073333334 0.2121527119140625 0.7134809486666667 0.20275434423828126 0.7317397553333334 0.2177553974609375 0.7398820993333334
1 0.754457609375 0.7237404746666666 0.760652185546875 0.7237404746666666 0.7697964716796875 0.7156865566666667 0.7692066875 0.7120621853333333 0.776286203125 0.7072296906666667 0.7565226435546875 0.6943429186666668 0.7506229594726562 0.6995783606666667 0.7453133227539063 0.6983702373333334 0.7302693520507813 0.710048526 0.7515078989257813 0.7253515453333332 0.754457609375 0.7237404746666666
1 0.6546974721679687 0.27132386799999997 0.65764533984375 0.26604169666666666 0.6493543969726563 0.2610111433333333 0.6456695629882813 0.26780230066666666 0.6532235385742188 0.27182674333333334 0.6546974721679687 0.27132386799999997
1 0.460313849609375 0.034806614 0.45089889404296873 0.029022645333333333 0.4450144814453125 0.038341480666666664 0.4544294365234375 0.043804098 0.460313849609375 0.034806614
1 0.463373880859375 0.046696262 0.4541940493164062 0.045089503999999996 0.45278199072265624 0.05569374533333333 0.4610200107421875 0.05858590933333333 0.463373880859375 0.046696262
1 0.35345313330078126 0.07882997866666666 0.35086387548828124 0.06918979133333333 0.341213533203125 0.07529511133333333 0.34639178515625 0.083971244 0.35345313330078126 0.07882997866666666
1 0.5252704052734375 0.8167692306666666 0.521119009765625 0.8030478073333334 0.5101940493164062 0.8030478073333334 0.5128159555664062 0.8173659240000001 0.5252704052734375 0.8167692306666666
1 0.5101940493164062 0.37081775733333333 0.499487625 0.36962437066666665 0.495554765625 0.3800647013333333 0.5053870458984375 0.38066139466666665 0.5101940493164062 0.37081775733333333
1 0.440493154296875 0.4707465853333333 0.43131621923828123 0.4626926673333333 0.42148367578125 0.47343134466666664 0.43197156396484376 0.48297663533333335 0.440493154296875 0.4707465853333333
1 0.02409583984375 0.2823835373333333 0.02779015283203125 0.279301222 0.0316898369140625 0.2739773546666667 0.03497367041015625 0.2762189073333333 0.03374223291015625 0.2891081953333333 0.04646735107421875 0.2826635513333333 0.05016192724609375 0.27481811666666667 0.05118799365234375 0.26557153133333333 0.05036703515625 0.260527678 0.0435939970703125 0.25912688733333333 0.03620510791015625 0.24623759866666667 0.01896471826171875 0.2538030193333333 0.01321774609375 0.26613191933333336 0.0234799892578125 0.28294392533333335 0.02409583984375 0.2823835373333333
1 0.6012201157226562 0.46204277466666666 0.5986887836914062 0.4546994966666667 0.5899349658203125 0.46089108533333334 0.5923607163085938 0.4669385333333333 0.6012201157226562 0.46204277466666666
1 0.5034489204101562 0.9701797266666667 0.4955387045898437 0.9651401866666667 0.4889994736328125 0.9778112866666667 0.497226171875 0.9815549966666668 0.5034489204101562 0.9701797266666667
1 0.329424697265625 0.9177595253333334 0.332652185546875 0.9063483106666665 0.32445918896484377 0.9075913013333333 0.3214799892578125 0.9184374553333333 0.329424697265625 0.9177595253333334
1 0.06148472900390625 0.737640906 0.06506266455078125 0.7363087706666667 0.0675021064453125 0.73098023 0.06115929443359375 0.7314241553333333 0.05335308056640625 0.7265395400000001 0.04766113720703125 0.7287598846666666 0.04896208544921875 0.733422358 0.0575816220703125 0.7389730406666666 0.06148472900390625 0.737640906
1 0.19674960498046876 0.4467127966666667 0.20715982080078124 0.44315995666666663 0.2094731435546875 0.4273687993333333 0.21005160595703126 0.402892164 0.19009847265625 0.4096035226666667 0.1889418115234375 0.447502516 0.19674960498046876 0.4467127966666667
1 0.9233936284179688 0.6619122933333333 0.9062048447265625 0.6290596693333333 0.8880784624023438 0.6461258086666667 0.9105800419921875 0.6772717466666667 0.9233936284179688 0.6619122933333333
1 0.4740157978515625 0.18309130133333335 0.48493996826171876 0.17049820266666668 0.483726171875 0.16022465866666666 0.491494470703125 0.154590942 0.491494470703125 0.14663731133333333 0.479113744140625 0.140009346 0.4706171669921875 0.15425952533333334 0.46066403369140624 0.16022465866666666 0.47328751953125 0.18242846866666665 0.4740157978515625 0.18309130133333335
1 0.02811190087890625 0.9453490293333333 0.02360926806640625 0.9359388926666667 0.01136729833984375 0.9378590940000001 0.00503528173828125 0.9524547086666666 0.019950763671875 0.9624410493333333 0.02811190087890625 0.9453490293333333
1 0.2126540283203125 0.6951664273333334 0.20027145849609376 0.6813393240000001 0.190843865234375 0.6951664273333334 0.2021005791015625 0.7091858373333333 0.2126540283203125 0.6951664273333334
1 0.08727356494140626 0.10255355866666667 0.07911137451171875 0.09877390333333333 0.07328120068359376 0.09897304066666668 0.06628488671875 0.10474191199999999 0.07911137451171875 0.11170452933333333 0.089897314453125 0.10706290466666667 0.08727356494140626 0.10255355866666667
1 0.084504212890625 0.09758051733333334 0.08829410205078125 0.09340294733333333 0.0799857822265625 0.08504780733333332 0.06934570849609376 0.078482746 0.057976830078125 0.08644033066666666 0.06934570849609376 0.09817721066666667 0.084504212890625 0.09758051733333334
1 0.1426608740234375 0.09339468 0.13129199560546875 0.08623328533333334 0.13012585595703124 0.100556434 0.13930858349609376 0.10825665 0.1426608740234375 0.09339468
1 0.0610376513671875 0.48180877066666666 0.0498143759765625 0.48399676466666663 0.05025171142578125 0.4911585193333334 0.052583728515625 0.49732530533333336 0.0639526064453125 0.4963306973333333 0.06803396533203125 0.4921020846666667 0.0610376513671875 0.48180877066666666
1 0.1731240126953125 0.43294752000000003 0.16569036328125 0.4321520486666667 0.16423275390625 0.436926312 0.16714797265625 0.44309309866666663 0.17574749853515625 0.4448835373333333 0.1731240126953125 0.43294752000000003
1 0.2786513955078125 0.37684076199999994 0.26655344921875 0.37306110733333336 0.262180884765625 0.3891743353333333 0.2742785678710937 0.38997016533333334 0.2786513955078125 0.37684076199999994
1 0.24673064794921876 0.387384256 0.23055186962890625 0.3857925953333333 0.22836545556640625 0.3995190513333334 0.239734333984375 0.40091157466666666 0.2449815693359375 0.39792739066666666 0.24673064794921876 0.387384256
1 0.2183083203125 0.36132386800000005 0.214664296875 0.3543612506666667 0.20548183251953125 0.3559529113333333 0.20985439697265626 0.36291552866666665 0.2183083203125 0.36132386800000005
1 0.3312690888671875 0.141056794 0.31917140576171876 0.13827174666666667 0.3193172724609375 0.149411934 0.3319978935546875 0.153390726 0.3312690888671875 0.141056794
1 0.5499760400390625 0.17270776399999999 0.549830173828125 0.167336808 0.5413765141601562 0.164352624 0.535691943359375 0.167336808 0.5409391787109376 0.17410028733333335 0.5499760400390625 0.17270776399999999
1 0.7486413901367187 0.5687505393333333 0.73873012109375 0.5588037379999999 0.7312964716796875 0.5645729693333333 0.739895998046875 0.575975198 0.7486413901367187 0.5687505393333333
1 0.5018765141601562 0.5172293313333333 0.4995444970703125 0.5120571533333333 0.49458873095703126 0.5128529833333334 0.496191943359375 0.519218548 0.5018035810546875 0.5207562906666667 0.5018765141601562 0.5172293313333333
1 0.472579515625 0.5633817400000001 0.47389152197265627 0.558010424 0.483073986328125 0.5522415526666667 0.4797216958007812 0.5448810206666667 0.4753488676757813 0.545278936 0.4718507109375 0.5508490293333334 0.4650002631835938 0.5510478073333334 0.465291732421875 0.5617900793333334 0.4680610849609375 0.5663655646666667 0.472579515625 0.5633817400000001
1 0.49677514501953124 0.7562124373333333 0.48875855712890626 0.7470614666666667 0.4779726171875 0.7442764199999999 0.47243391259765627 0.7470614666666667 0.4817622431640625 0.7605887853333334 0.49677514501953124 0.7562124373333333
1 0.4969207475585937 0.747459382 0.5063949448242188 0.7428838966666668 0.5056661401367187 0.733534148 0.5014391787109375 0.7301524086666666 0.4925481831054688 0.7311470166666666 0.4846774619140625 0.7353245866666667 0.480158767578125 0.74507225 0.49196524462890623 0.7487951113333333 0.4969207475585937 0.747459382
1 0.5209705107421875 0.7265715313333333 0.5110592416992188 0.7212002160000001 0.5101845708007813 0.7404967646666667 0.52301105859375 0.744077642 0.5209705107421875 0.7265715313333333
1 0.48292838330078125 0.8817713873333334 0.4810334384765625 0.875405464 0.4698101630859375 0.8718245866666666 0.4676240126953125 0.882567218 0.478701421875 0.88574982 0.48292838330078125 0.8817713873333334
1 0.45873275390625 0.8199033066666666 0.4610647709960938 0.8139352986666666 0.451882306640625 0.8095589506666667 0.44736387548828127 0.813139468 0.4491129541015625 0.8214949673333334 0.45282964697265626 0.82819087 0.45873275390625 0.8199033066666666
1 0.107679568359375 0.7050862686666666 0.09091758837890625 0.7052850466666667 0.08581621923828125 0.7100596693333333 0.08508741455078125 0.7261732566666667 0.09543601904296875 0.73174335 0.1085539755859375 0.7311462973333334 0.1165705634765625 0.73094752 0.12079752490234374 0.7271678646666666 0.1245871513671875 0.7184148093333333 0.12094339111328126 0.7093957586666667 0.107679568359375 0.7050862686666666
1 0.16292101123046876 0.9406628326666667 0.17647630322265626 0.9380769233333334 0.181286203125 0.931313084 0.1814320693359375 0.926140906 0.18026592919921874 0.918581596 0.179537125 0.9126135873333333 0.17516456005859374 0.906048886 0.16481595556640624 0.9044572253333334 0.1572364404296875 0.9082368799999999 0.1572364404296875 0.9193770666666666 0.15126066357421875 0.9303184760000001 0.1619007373046875 0.9402652766666667 0.16292101123046876 0.9406628326666667
1 0.23273802001953126 0.8855506826666666 0.2423580830078125 0.8726200573333334 0.23346682470703126 0.857699856 0.21655924169921875 0.8634690866666667 0.19804818310546876 0.8799805893333333 0.2206403369140625 0.8921153846666666 0.23273802001953126 0.8855506826666666
1 0.2562048447265625 0.7484615386666666 0.25503870458984373 0.7522415526666667 0.2566421801757813 0.7637796546666666 0.2645129013671875 0.7647742633333334 0.2659705107421875 0.7574137313333333 0.27019747216796874 0.7528382459999999 0.281712216796875 0.753037024 0.28273249072265627 0.7476660673333334 0.2790884677734375 0.7239928106666667 0.262909689453125 0.7249877786666666 0.25824539208984376 0.7331437813333334 0.2563507109375 0.7500531993333334 0.2562048447265625 0.7484615386666666
1 0.347697208984375 0.6200636233333333 0.34332438134765625 0.6168378866666667 0.3362335439453125 0.617160316 0.33564270654296874 0.621354062 0.3367061611328125 0.6282900793333334 0.3427335439453125 0.628451474 0.347697208984375 0.6200636233333333
1 0.3119610322265625 0.7953404026666667 0.31316877294921874 0.7947221426666666 0.31724539208984376 0.7850373833333333 0.31588651904296877 0.77885514 0.31241390185546875 0.7708188353333333 0.3063746708984375 0.7780309133333333 0.3056197998046875 0.7848310566666667 0.31143259619140623 0.7956980586666667 0.3119610322265625 0.7953404026666667
1 0.5179004741210937 0.489983106 0.5216374409179687 0.48249245133333335 0.5179004741210937 0.479623652 0.5136966826171875 0.47994248733333333 0.51101105859375 0.48408590933333334 0.5103104267578125 0.489823508 0.5147477622070312 0.49275018 0.5179004741210937 0.489983106
1 0.5337817270507812 0.477392164 0.532030015625 0.461773544 0.5230387045898437 0.462889288 0.5244399682617188 0.4767548526666667 0.5337817270507812 0.477392164
1 0.4825747763671875 0.3913138033333333 0.478994470703125 0.38134507533333334 0.4668212216796875 0.3850589506666667 0.46997209033203124 0.3969820273333333 0.48214533984375 0.3963957586666667 0.4825747763671875 0.3913138033333333
1 0.29513068505859374 0 0.2912048447265625 0.011251976666666667 0.3068572934570313 0.025778576666666667 0.3068572934570313 0.02471064 0.313587677734375 0.006124730666666667 0.305883904296875 0 0.29513068505859374 0
1 0.288387572265625 0.009329259333333333 0.2656916796875 0.0020661393333333334 0.2605265927734375 0.012747304 0.26976118994140624 0.025565061333333333 0.288543970703125 0.028179008000000002 0.288387572265625 0.009329259333333333
1 0.140950763671875 0.18789432066666667 0.1492040546875 0.18384615399999998 0.14236940478515625 0.17610208466666666 0.13721116357421875 0.18120632666666667 0.13953238525390624 0.18631020866666664 0.140950763671875 0.18789432066666667
1 0.17525302783203126 0.569906542 0.1815718798828125 0.556530194 0.1664842021484375 0.5535384613333333 0.162357556640625 0.56761862 0.17525302783203126 0.5692027319999999 0.17525302783203126 0.569906542
1 0.8715413374023437 0.46783357266666664 0.8515434438476562 0.446942128 0.8421616640625 0.4617681526666667 0.8619125854492188 0.48569230799999996 0.8715413374023437 0.46783357266666664
1 0.8730226435546875 0.14495686533333332 0.8863543969726563 0.14293529866666668 0.8732693520507813 0.11901114333333333 0.8574686674804688 0.11463084133333333 0.8384583989257812 0.12069590200000001 0.8569749868164063 0.14535765666666667 0.8730226435546875 0.14495686533333332
1 0.8404333862304687 0.10518188333333334 0.8436429702148438 0.096758088 0.831298578125 0.07552947533333333 0.817225908203125 0.081594896 0.830310953125 0.10743961199999999 0.8404333862304687 0.10518188333333334
1 0.8315455502929687 0.6481344353333333 0.8364831489257812 0.643080158 0.8362364404296875 0.6296017253333334 0.8256200629882813 0.6292649173333333 0.8266076884765625 0.6494191226666667 0.8315455502929687 0.6481344353333333
1 0.7189647182617187 0.799161754 0.7100768828125 0.7856833213333333 0.6974855185546875 0.8001728973333334 0.7068672983398437 0.8146621133333333 0.7189647182617187 0.799161754
1 0.7125458134765625 0.7620963333333334 0.6972388100585938 0.7604115746666666 0.69476987890625 0.7705204886666667 0.7029170615234375 0.7742268153333333 0.7115581884765625 0.7708572966666667 0.7125458134765625 0.7620963333333334
1 0.47465903125 0.11270237266666668 0.4834984204101562 0.109501438 0.48097288037109376 0.10039180466666667 0.472313849609375 0.101376348 0.46780384423828125 0.10531596 0.4656390205078125 0.11073256666666667 0.4701490258789062 0.115410496 0.47465903125 0.11270237266666668
1 0.5578225380859375 0.40500790799999997 0.5623325434570312 0.40303810199999995 0.5536735122070312 0.3843260246666667 0.544112427734375 0.37644716 0.5309431279296875 0.37472358 0.5257116904296875 0.3796477353333333 0.5338296469726562 0.39048130866666664 0.5426690361328125 0.39983716733333335 0.5529518168945312 0.4040230053333333 0.5578225380859375 0.40500790799999997
1 0.5255313325195312 0.39072753400000004 0.5314844653320312 0.3877728253333333 0.5251706162109375 0.38014018666666666 0.5156092680664063 0.37743206333333335 0.5112798842773437 0.3818637673333333 0.5139857822265625 0.38875772799999997 0.5222840966796874 0.39318943199999995 0.5255313325195312 0.39072753400000004
1 0.5571011059570312 0.41830337866666667 0.5419476040039063 0.41264054666666666 0.5374375986328125 0.42347376000000003 0.554034228515625 0.43036772133333334 0.5571011059570312 0.41830337866666667
1 0.5608894155273437 0.60671711 0.554575302734375 0.5958838966666666 0.5442927856445312 0.6003156 0.548802791015625 0.6118874913333333 0.5608894155273437 0.60671711
1 0.3828362294921875 0.9257634793333334 0.3839186416015625 0.9028655646666666 0.36732201171875 0.9023731126666666 0.3664199580078125 0.9114831059999999 0.3694868349609375 0.9265021566666666 0.3828362294921875 0.9257634793333334
1 0.23725487109375 0.24973652066666666 0.23599210107421875 0.234225018 0.2230034228515625 0.23496369533333333 0.22498788818359375 0.25115097066666664 0.23725487109375 0.24973652066666666
1 0.38994418115234375 0.730785406 0.38994418115234375 0.7245797986666667 0.3792459189453125 0.7222070453333334 0.37523407080078125 0.7284126526666668 0.37991469189453125 0.7353483106666666 0.3886068984375 0.735301222 0.38994418115234375 0.730785406
1 0.42083543994140626 0.7437440693333333 0.4164225908203125 0.7399112146666667 0.41455028955078127 0.7433792233333334 0.4142827802734375 0.7519572253333334 0.42123670361328125 0.754877786 0.42083543994140626 0.7437440693333333