1 0.442193603515625 0.6233943333333334 0.45506591796875 0.625854 0.468453125 0.6226913333333334 0.476948974609375 0.614258 0.47849365234375 0.5931746666666666 0.473859619140625 0.5759566666666667 0.4663935546875 0.5689286666666666 0.45506591796875 0.5657663333333334 0.44914453125 0.5661176666666667 0.44439794921875 0.5680766666666667 0.4355 0.5787676666666667 0.43163818359375 0.59704 0.436529541015625 0.611447 0.442193603515625 0.6233943333333334
1 0.55933203125 0.7361906666666667 0.5621640625 0.697889 0.53976611328125 0.6975376666666666 0.538736328125 0.6855903333333334 0.515051025390625 0.6866446666666667 0.51221923828125 0.7256486666666666 0.526893798828125 0.7235403333333333 0.526121337890625 0.7358389999999999 0.55933203125 0.7361906666666667
1 0.24091796875 0.37009766666666666 0.224698974609375 0.3866133333333333 0.236026611328125 0.39645199999999997 0.24761181640625 0.38520766666666667 0.259711669921875 0.382045 0.264345703125 0.4013716666666667 0.300131103515625 0.3750173333333333 0.294467041015625 0.3634213333333333 0.298328857421875 0.3497173333333333 0.294467041015625 0.34198666666666666 0.2885458984375 0.3462033333333333 0.2734755859375 0.314143 0.247354248046875 0.33179633333333336 0.252503173828125 0.34831166666666663 0.241175537109375 0.3493656666666667 0.24091796875 0.37009766666666666
1 0.090311279296875 0.40002433333333337 0.0949453125 0.35118099999999997 0.060836669921875 0.33471066666666666 0.039336669921875 0.38456300000000004 0.04654541015625 0.39053666666666664 0.081815673828125 0.4028353333333334 0.090311279296875 0.40002433333333337
1 0.095021240234375 0.729455 0.076666748046875 0.752003 0.110134765625 0.7773033333333332 0.12429443359375 0.7562196666666667 0.095021240234375 0.729455
1 0.652401611328125 0.48659633333333335 0.62897900390625 0.503042 0.64442578125 0.5199086666666667 0.66682373046875 0.5023393333333334 0.652401611328125 0.48659633333333335
1 0.67222998046875 0.8243893333333334 0.679696044921875 0.8335256666666667 0.7056982421875 0.810334 0.692825927734375 0.7864393333333334 0.681755615234375 0.7825740000000001 0.671457763671875 0.7692213333333334 0.6547236328125 0.7839796666666666 0.653951416015625 0.7973323333333333 0.66064501953125 0.815956 0.67222998046875 0.8243893333333334
1 0.7566728515625 0.37583633333333333 0.769545166015625 0.37970166666666666 0.779328125 0.376188 0.77349560546875 0.35765199999999997 0.746117431640625 0.35545566666666667 0.7456025390625 0.36213233333333333 0.749979248046875 0.3723226666666667 0.7566728515625 0.37583633333333333
1 0.775208984375 0.5168626666666667 0.736849365234375 0.5407569999999999 0.756415283203125 0.578356 0.797092041015625 0.555867 0.775208984375 0.5168626666666667
1 0.5116416015625 0.3507713333333334 0.498254150390625 0.351474 0.503403076171875 0.3634213333333333 0.51189892578125 0.37080066666666667 0.523741455078125 0.37185466666666667 0.530692626953125 0.3736116666666667 0.538930908203125 0.36974633333333334 0.54253515625 0.3588533333333333 0.5322373046875 0.35287966666666665 0.526830810546875 0.3518256666666667 0.513186279296875 0.3462033333333333 0.5116416015625 0.3507713333333334
1 0.6107587890625 0.33607133333333333 0.612560791015625 0.3279893333333333 0.58866796875 0.31176966666666667 0.57008203125 0.32763766666666666 0.588103515625 0.347667 0.594024658203125 0.344856 0.6107587890625 0.33607133333333333
1 0.53609912109375 0.27036133333333334 0.52425634765625 0.260171 0.5100966796875 0.2549 0.493105224609375 0.27422633333333335 0.51061181640625 0.28582233333333334 0.521939453125 0.2896876666666667 0.53609912109375 0.27036133333333334
1 0.54562451171875 0.32061 0.5453671875 0.306203 0.5445947265625 0.28687666666666667 0.5335244140625 0.28406533333333334 0.52667236328125 0.2825 0.52837548828125 0.31006833333333333 0.528890380859375 0.31815033333333337 0.5363564453125 0.32131266666666664 0.54562451171875 0.32061
1 0.606124755859375 0.5800546666666666 0.625690673828125 0.5772436666666667 0.632641845703125 0.57127 0.626463134765625 0.5617823333333333 0.619511962890625 0.556863 0.609986328125 0.55616 0.597938232421875 0.5562106666666667 0.59170751953125 0.5681073333333333 0.586043701171875 0.5772436666666667 0.596856689453125 0.5797033333333333 0.606124755859375 0.5800546666666666
1 0.70961865234375 0.8777426666666667 0.71502490234375 0.864741 0.71708447265625 0.859119 0.69983544921875 0.8485773333333333 0.687220703125 0.8556050000000001 0.69571630859375 0.868255 0.7057568359375 0.875283 0.70961865234375 0.8777426666666667
1 0.456032958984375 0.8706566666666666 0.459122314453125 0.8443023333333334 0.44856689453125 0.8379773333333332 0.43414990234375 0.8284896666666667 0.42180126953125 0.8243836666666666 0.419990234375 0.8513299999999999 0.425396484375 0.8604663333333333 0.445219970703125 0.871008 0.456032958984375 0.8706566666666666
1 0.33220068359375 0.5736133333333333 0.355113525390625 0.585209 0.372619873046875 0.5827493333333333 0.382917724609375 0.5750186666666667 0.387809326171875 0.542691 0.394245361328125 0.504038 0.3945029296875 0.47838633333333336 0.394245361328125 0.45976266666666665 0.388581787109375 0.44957233333333335 0.378798583984375 0.449924 0.369273193359375 0.45132933333333336 0.366183837890625 0.4548433333333333 0.350535400390625 0.44941600000000004 0.341983642578125 0.4738183333333333 0.340181640625 0.507552 0.3365771484375 0.5423393333333334 0.33220068359375 0.5736133333333333
1 0.425396484375 0.5059693333333333 0.440843505859375 0.499996 0.436981689453125 0.4683706666666667 0.434664794921875 0.45220666666666665 0.418703125 0.45185533333333333 0.41072216796875 0.4511526666666667 0.403513671875 0.4655596666666667 0.40660302734375 0.49402233333333334 0.409434814453125 0.5066723333333334 0.425396484375 0.5059693333333333
1 0.475341796875 0.44994433333333334 0.48240283203125 0.44564466666666663 0.48653076171875 0.442531 0.484466796875 0.4383793333333333 0.4803388671875 0.434376 0.477958251953125 0.43163599999999996 0.471105224609375 0.43467266666666665 0.462957763671875 0.43986200000000003 0.470018798828125 0.448017 0.475341796875 0.44994433333333334
1 0.4689326171875 0.369507 0.4771884765625 0.36891399999999996 0.4817509765625 0.36891399999999996 0.478926513671875 0.352604 0.471105224609375 0.35497633333333334 0.46871533203125 0.34519066666666665 0.455466064453125 0.34751933333333335 0.456765869140625 0.358535 0.45872119140625 0.36446566666666663 0.467085693359375 0.36476233333333336 0.4689326171875 0.369507
1 0.470453369140625 0.38692933333333335 0.470134765625 0.3865733333333333 0.4580693359375 0.3964186666666667 0.46328369140625 0.41554566666666665 0.47653662109375 0.4057596666666667 0.470453369140625 0.38692933333333335
1 0.55801025390625 0.037822999999999996 0.54638671875 0.049981000000000005 0.560182861328125 0.057691 0.571806396484375 0.043309 0.55801025390625 0.037822999999999996
1 0.464261474609375 0.022476333333333334 0.459047119140625 0.009132 0.45571044921875 0.0077143333333333335 0.447966796875 0.019214333333333333 0.454267333984375 0.03404133333333333 0.458829833984375 0.03241033333333333 0.464261474609375 0.022476333333333334
1 0.598964111328125 0.22422499999999998 0.601679931640625 0.24142433333333335 0.616888427734375 0.236828 0.621994140625 0.233566 0.623080322265625 0.2257076666666667 0.628837890625 0.22333533333333333 0.621668212890625 0.21191866666666664 0.6261220703125 0.19872233333333333 0.61884375 0.20005666666666666 0.61119970703125 0.196977 0.60309228515625 0.20153966666666667 0.595270751953125 0.21177033333333334 0.588427001953125 0.21695966666666666 0.598964111328125 0.22422499999999998
1 0.552252685546875 0.3582383333333333 0.54861279296875 0.35853466666666667 0.552904541015625 0.3703966666666667 0.564310791015625 0.372769 0.561486328125 0.3615003333333333 0.552252685546875 0.3582383333333333
1 0.582840087890625 0.5134163333333334 0.57213232421875 0.5201756666666667 0.580279541015625 0.5384133333333333 0.59125146484375 0.5308513333333333 0.582840087890625 0.5134163333333334
1 0.46475634765625 0.6028736666666668 0.447640869140625 0.6238183333333334 0.46187158203125 0.6436866666666666 0.481642333984375 0.6293043333333334 0.46475634765625 0.6028736666666668
1 0.619604248046875 0.6935556666666667 0.616671142578125 0.6873283333333334 0.612 0.6851043333333333 0.604830322265625 0.6862903333333333 0.603620849609375 0.6866566666666666 0.606242431640625 0.695335 0.614607177734375 0.698152 0.61906103515625 0.6978556666666667 0.619604248046875 0.6935556666666667
1 0.41179248046875 0.6526329999999999 0.417658447265625 0.6852523333333334 0.44372998046875 0.6770976666666666 0.437103515625 0.64344 0.41179248046875 0.6526329999999999
1 0.47925244140625 0.842124 0.473821044921875 0.8356003333333333 0.463175048828125 0.843162 0.469366943359375 0.86822 0.491636474609375 0.8570996666666667 0.48739990234375 0.8379726666666667 0.47925244140625 0.842124
1 0.573870361328125 0.8084666666666667 0.57832421875 0.8055013333333333 0.571589111328125 0.7964566666666666 0.565970947265625 0.7941389999999999 0.55529443359375 0.7985323333333334 0.56029150390625 0.8057976666666666 0.56583154296875 0.8095046666666668 0.573870361328125 0.8084666666666667
1 0.730016845703125 0.10050999999999999 0.7222861328125 0.10887066666666667 0.72989013671875 0.113319 0.73619091796875 0.106202 0.730016845703125 0.10050999999999999
1 0.719015380859375 0.31714366666666666 0.714138671875 0.3294253333333333 0.7245673828125 0.33417 0.729021240234375 0.32201166666666664 0.719015380859375 0.31714366666666666
1 0.714030029296875 0.3843603333333333 0.704470458984375 0.38688100000000003 0.708489990234375 0.39666666666666667 0.717614990234375 0.39296000000000003 0.714030029296875 0.3843603333333333
1 0.72097119140625 0.7053493333333333 0.72348095703125 0.7222226666666667 0.73988427734375 0.7199986666666667 0.734670166015625 0.7030956666666666 0.72097119140625 0.7053493333333333
1 0.64309375 0.8907586666666666 0.6521103515625 0.8888309999999999 0.66536328125 0.8968376666666666 0.672967529296875 0.8762280000000001 0.673510498046875 0.86407 0.670794921875 0.8612526666666666 0.669165283203125 0.8539873333333333 0.66327392578125 0.8585616666666667 0.65873681640625 0.8673316666666666 0.650046142578125 0.871187 0.644071533203125 0.8778590000000001 0.64309375 0.8907586666666666
1 0.670903564453125 0.45516066666666666 0.683504638671875 0.4606466666666667 0.696649169921875 0.46138833333333334 0.6944765625 0.43707166666666664 0.683504638671875 0.43069599999999997 0.66927392578125 0.42980633333333335 0.662296142578125 0.4313023333333333 0.66558056640625 0.437813 0.66014892578125 0.44285433333333335 0.664494140625 0.448785 0.670903564453125 0.45516066666666666
1 0.58466552734375 0.16287933333333332 0.585751953125 0.15976566666666667 0.589771240234375 0.15843133333333334 0.5884677734375 0.14968333333333333 0.58281884765625 0.15086966666666665 0.57684423828125 0.14938666666666667 0.57684423828125 0.14909033333333332 0.56826220703125 0.158728 0.571086669921875 0.16554833333333333 0.576518310546875 0.169107 0.58466552734375 0.16287933333333332
1 0.60878173828125 0.161545 0.605957275390625 0.16065533333333334 0.598570556640625 0.16984833333333335 0.60715234375 0.17311 0.61464794921875 0.16554833333333333 0.60878173828125 0.161545
1 0.587055419921875 0.21736966666666668 0.583144775390625 0.20639733333333335 0.585751953125 0.20209766666666668 0.5770615234375 0.19142199999999998 0.56956591796875 0.19453566666666666 0.572933349609375 0.2031356666666667 0.56913134765625 0.20624933333333334 0.576735595703125 0.219742 0.587055419921875 0.21736966666666668
1 0.6663564453125 0.356548 0.665813232421875 0.3448343333333333 0.6578955078125 0.3375053333333333 0.648975341796875 0.337569 0.65288623046875 0.35106166666666666 0.659621337890625 0.3572893333333333 0.6663564453125 0.356548
1 0.692366943359375 0.35920233333333335 0.6831943359375 0.369299 0.6891689453125 0.375823 0.697425048828125 0.36485100000000004 0.692366943359375 0.35920233333333335
1 0.66755126953125 0.3759713333333333 0.670593017578125 0.39480166666666666 0.68352001953125 0.39213299999999995 0.68123876953125 0.3737473333333333 0.66755126953125 0.3759713333333333
1 0.526365234375 0.46334666666666663 0.530024169921875 0.4765246666666667 0.545123779296875 0.4809726666666666 0.540995849609375 0.46718366666666666 0.526365234375 0.46334666666666663
1 0.543478759765625 0.46101 0.5506640625 0.475635 0.564025634765625 0.47474533333333335 0.55272802734375 0.459177 0.543478759765625 0.46101
1 0.5602236328125 0.5568383333333333 0.562178955078125 0.525998 0.54298974609375 0.5144176666666667 0.5319794921875 0.5163603333333333 0.523288818359375 0.528667 0.525461669921875 0.560397 0.5602236328125 0.5568383333333333
1 0.594768310546875 0.596625 0.5975927734375 0.59277 0.592704345703125 0.5859496666666666 0.584991455078125 0.58847 0.579994384765625 0.5896563333333333 0.585751953125 0.597663 0.594768310546875 0.596625
1 0.6204052734375 0.6062626666666666 0.62877001953125 0.6089316666666666 0.63224609375 0.6043350000000001 0.626380126953125 0.5997386666666666 0.61692919921875 0.597218 0.615516845703125 0.5930666666666666 0.61193310546875 0.5931936666666666 0.601069091796875 0.5957353333333333 0.6058486328125 0.6053729999999999 0.614104736328125 0.608042 0.6204052734375 0.6062626666666666
1 0.47940185546875 0.6471116666666666 0.4860283203125 0.6650526666666666 0.501888671875 0.6563046666666666 0.522963134765625 0.6654973333333333 0.534369384765625 0.6428119999999999 0.52220263671875 0.6333226666666667 0.517096923828125 0.6216093333333333 0.510470458984375 0.627985 0.503628662109375 0.623569 0.49710888671875 0.6365846666666667 0.49124267578125 0.6353983333333333 0.481791748046875 0.6425153333333333 0.47940185546875 0.6471116666666666
1 0.535781494140625 0.877625 0.545992919921875 0.870953 0.550772705078125 0.8678393333333333 0.55870263671875 0.8660599999999999 0.5470791015625 0.848564 0.52948095703125 0.8543466666666667 0.533934814453125 0.8620566666666667 0.52904638671875 0.8657633333333333 0.535781494140625 0.877625
1 0.52192333984375 0.7777513333333334 0.530939697265625 0.7799753333333334 0.5385439453125 0.7744893333333333 0.5371318359375 0.7703376666666666 0.529310302734375 0.765593 0.5285498046875 0.759514 0.533872802734375 0.7586243333333333 0.526811767578125 0.741425 0.52105419921875 0.7445386666666667 0.522031982421875 0.7509143333333334 0.51421044921875 0.755659 0.52192333984375 0.7777513333333334
1 0.521212646484375 0.22465766666666664 0.516297607421875 0.24107599999999998 0.524977294921875 0.2461806666666667 0.5299873046875 0.22932566666666665 0.521212646484375 0.22465766666666664
1 0.4464384765625 0.33469366666666667 0.436567138671875 0.33068666666666663 0.433384033203125 0.34933366666666665 0.44573291015625 0.3564606666666667 0.449896240234375 0.3414356666666667 0.4464384765625 0.33469366666666667
1 0.401629150390625 0.7615236666666666 0.403568115234375 0.780141 0.419515869140625 0.784764 0.415564208984375 0.764538 0.401629150390625 0.7615236666666666
1 0.450070556640625 0.5434796666666667 0.45642138671875 0.5378933333333333 0.46002001953125 0.5328849999999999 0.460231689453125 0.5268173333333334 0.450776123046875 0.52701 0.449153076171875 0.53067 0.44442529296875 0.5268173333333334 0.439556396484375 0.52518 0.4386318359375 0.5249643333333334 0.423890869140625 0.536256 0.43948583984375 0.5478136666666666 0.4437197265625 0.5483916666666666 0.450070556640625 0.5434796666666667
1 0.40861669921875 0.22357366666666667 0.389878662109375 0.242087 0.399263671875 0.257112 0.418033935546875 0.24016066666666666 0.40861669921875 0.22357366666666667
1 0.45726806640625 0.28289233333333336 0.4590322265625 0.275187 0.4574091796875 0.268734 0.451693359375 0.267482 0.447388916015625 0.2664226666666667 0.445130859375 0.275765 0.44851806640625 0.282218 0.451905029296875 0.28289233333333336 0.45726806640625 0.28289233333333336
1 0.532034423828125 0.10527199999999999 0.53535107421875 0.11702233333333334 0.546500244140625 0.11365133333333334 0.542830810546875 0.100649 0.532034423828125 0.10527199999999999
1 0.652718994140625 0.42730799999999997 0.641922607421875 0.42605566666666667 0.63523779296875 0.4267413333333333 0.6381826171875 0.43905833333333333 0.6474267578125 0.441177 0.65603564453125 0.4397323333333333 0.652718994140625 0.42730799999999997
1 0.719191162109375 0.5644116666666666 0.72159033203125 0.5551656666666667 0.71636865234375 0.554395 0.7159130859375 0.554453 0.710300048828125 0.5610406666666667 0.709241455078125 0.565664 0.715239501953125 0.5652786666666667 0.719191162109375 0.5644116666666666
1 0.6637978515625 0.6755906666666667 0.666338134765625 0.6745313333333334 0.665420654296875 0.6588320000000001 0.65222509765625 0.661529 0.652860107421875 0.6734716666666667 0.659493408203125 0.676265 0.6637978515625 0.6755906666666667
1 0.600118896484375 0.9550393333333334 0.60498779296875 0.9535946666666667 0.602046630859375 0.9477786666666665 0.596943359375 0.9461783333333332 0.592921142578125 0.9485863333333333 0.59517919921875 0.9520536666666667 0.600118896484375 0.9550393333333334
1 0.5588505859375 0.6943069999999999 0.56067724609375 0.7120773333333333 0.579165283203125 0.7088990000000001 0.57620166015625 0.6919476666666666 0.5588505859375 0.6943069999999999
1 0.507048095703125 0.385009 0.510082275390625 0.38009699999999996 0.51036474609375 0.372488 0.506624755859375 0.36805766666666667 0.50628466796875 0.3684146666666666 0.500203369140625 0.3741253333333333 0.49921533203125 0.3820233333333333 0.501826171875 0.3860683333333333 0.507048095703125 0.385009
1 0.330482421875 0.2879716666666667 0.3288447265625 0.303695 0.3414052734375 0.30408033333333334 0.341616943359375 0.288285 0.330482421875 0.2879716666666667
1 0.22687841796875 0.5021753333333333 0.22821923828125 0.4975523333333333 0.228289794921875 0.49081033333333335 0.2256083984375 0.48243099999999994 0.217211181640625 0.477519 0.213757568359375 0.477479 0.214953125 0.49042500000000006 0.21650537109375 0.49552966666666665 0.221515625 0.5003453333333333 0.22687841796875 0.5021753333333333
1 0.33907666015625 0.7655799999999999 0.319247802734375 0.7745373333333334 0.332090576171875 0.790333 0.3529072265625 0.7807976666666667 0.33907666015625 0.7655799999999999
1 0.317977783203125 0.7773303333333333 0.317460205078125 0.777569 0.312261962890625 0.8019869999999999 0.326375 0.814315 0.333713623046875 0.7872506666666667 0.317977783203125 0.7773303333333333
1 0.38493359375 0.6934523333333333 0.391014404296875 0.6867719999999999 0.3932392578125 0.6792816666666667 0.385823486328125 0.6740183333333334 0.37736962890625 0.6736136666666667 0.3706953125 0.6804963333333334 0.369953857421875 0.6857596666666667 0.375886474609375 0.6922376666666668 0.38493359375 0.6934523333333333
1 0.410346435546875 0.6126156666666667 0.41197802734375 0.5935866666666667 0.393290283203125 0.577392 0.388692138671875 0.5760313333333333 0.39017578125 0.5964206666666666 0.392252197265625 0.60634 0.406342041015625 0.6132230000000001 0.410346435546875 0.6126156666666667
1 0.154886474609375 0.14436366666666667 0.16538037109375 0.12097866666666666 0.182941650390625 0.09087066666666667 0.190437255859375 0.06807066666666667 0.180800048828125 0.06163966666666667 0.1735185546875 0.05959366666666667 0.1636669921875 0.048486 0.15327001953125 0.04416333333333334 0.141822509765625 0.05199366666666667 0.1338984375 0.06924 0.11719384765625 0.09817866666666666 0.154886474609375 0.14436366666666667
1 0.701253173828125 0.6361083333333334 0.706087646484375 0.625642 0.70475390625 0.6199536666666667 0.697585693359375 0.6174506666666667 0.690688232421875 0.617297 0.68708349609375 0.6267796666666666 0.687583740234375 0.6324676666666667 0.6935849609375 0.6356533333333333 0.701253173828125 0.6361083333333334
1 0.823445556640625 0.5038733333333333 0.819278076171875 0.4961373333333333 0.81160986328125 0.49545466666666665 0.807741455078125 0.4958976666666667 0.8084423828125 0.5091066666666666 0.808942626953125 0.5138846666666667 0.824779296875 0.5209383333333334 0.823445556640625 0.5038733333333333
1 0.0108798828125 0.9010736666666667 0.0175380859375 0.9314456666666666 0.035375244140625 0.9271223333333334 0.029207275390625 0.8929926666666667 0.0108798828125 0.9010736666666667
1 0.2405390625 0.6213563333333333 0.241234375 0.6213946666666667 0.252374755859375 0.675509 0.290549560546875 0.671641 0.2825478515625 0.621584 0.2405390625 0.6213563333333333
1 0.312720947265625 0.7216223333333334 0.298384521484375 0.7373219999999999 0.314054443359375 0.751884 0.325056640625 0.736412 0.312720947265625 0.7216223333333334
1 0.589392333984375 0.8898043333333333 0.58689990234375 0.9012593333333333 0.595735107421875 0.9058099999999999 0.59840234375 0.8939783333333333 0.589392333984375 0.8898043333333333
1 0.619406982421875 0.8851046666666667 0.619406982421875 0.8778236666666667 0.6175732421875 0.873273 0.615406005859375 0.8700873333333334 0.610905029296875 0.8714526666666668 0.60940478515625 0.8778236666666667 0.6124052734375 0.883967 0.614906005859375 0.8860146666666666 0.619406982421875 0.8851046666666667
1 0.481211181640625 0.8053163333333334 0.467208251953125 0.8012206666666666 0.458082763671875 0.8006759999999999 0.45520556640625 0.817148 0.471875732421875 0.8235189999999999 0.477376953125 0.821471 0.481211181640625 0.8053163333333334
1 0.5558935546875 0.6676206666666666 0.55839404296875 0.6774046666666667 0.56956298828125 0.676267 0.56739599609375 0.6637526666666667 0.5558935546875 0.6676206666666666
1 0.55637744140625 0.6178089999999999 0.5497255859375 0.626513 0.56006103515625 0.6362966666666667 0.567229248046875 0.6267403333333333 0.55637744140625 0.6178089999999999
1 0.461540283203125 0.5642446666666666 0.47087548828125 0.5658373333333333 0.478877197265625 0.559694 0.470088134765625 0.5548046666666666 0.465041015625 0.5542333333333334 0.45803955078125 0.560149 0.461540283203125 0.5642446666666666
1 0.49388037109375 0.466254 0.502215576171875 0.46238599999999996 0.506716552734375 0.46193066666666666 0.504716064453125 0.45009933333333335 0.496380859375 0.451237 0.490379638671875 0.4507816666666667 0.487345947265625 0.4508213333333333 0.48321142578125 0.45851800000000004 0.4847119140625 0.46579899999999996 0.489879638671875 0.467619 0.49388037109375 0.466254
1 0.493213623046875 0.314376 0.486595703125 0.31405533333333335 0.48637890625 0.32347733333333334 0.49171337890625 0.32484233333333334 0.494047119140625 0.3223396666666667 0.493213623046875 0.314376
1 0.558560791015625 0.3970466666666667 0.56039453125 0.39340633333333336 0.560504150390625 0.38832900000000004 0.553226318359375 0.389083 0.550725830078125 0.3956816666666667 0.55389306640625 0.399777 0.558560791015625 0.3970466666666667
1 0.589067138671875 0.8532123333333334 0.59540185546875 0.849117 0.594068115234375 0.8429736666666666 0.59373486328125 0.839788 0.592393798828125 0.8390933333333334 0.587400146484375 0.840243 0.583232666015625 0.8447936666666667 0.584899658203125 0.8511646666666667 0.589067138671875 0.8532123333333334
1 0.392159423828125 0.6448493333333334 0.397827392578125 0.639616 0.401161376953125 0.628012 0.39955615234375 0.6137113333333334 0.38815869140625 0.6161803333333333 0.385658203125 0.627102 0.386324951171875 0.645077 0.392159423828125 0.6448493333333334
1 0.230595703125 0.4292133333333334 0.218032958984375 0.43714033333333335 0.225906494140625 0.45377533333333336 0.23938818359375 0.44567866666666667 0.230595703125 0.4292133333333334
1 0.109715087890625 0.6973246666666667 0.11481591796875 0.715469 0.129052734375 0.70855 0.12452294921875 0.6908846666666667 0.109715087890625 0.6973246666666667
1 0.814433349609375 0.609967 0.821490234375 0.6018143333333333 0.82565185546875 0.59465 0.8171474609375 0.5902029999999999 0.807195556640625 0.5884736666666667 0.79670068359375 0.5926733333333333 0.7938056640625 0.6042846666666667 0.804300537109375 0.610214 0.814433349609375 0.609967
1 0.3485 0.9079096666666666 0.352118896484375 0.904451 0.35067138671875 0.8945686666666667 0.346147705078125 0.8916043333333333 0.344157470703125 0.8913573333333333 0.340357421875 0.8940746666666667 0.338186279296875 0.8965453333333333 0.342347900390625 0.904451 0.3485 0.9079096666666666
1 0.189765625 0.5486449999999999 0.190194580078125 0.5451306666666667 0.1864765625 0.5218963333333334 0.16760009765625 0.5135006666666666 0.16731396484375 0.5275583333333334 0.171318115234375 0.5379066666666666 0.17546533203125 0.5439593333333334 0.189765625 0.5486449999999999
1 0.1342802734375 0.23527299999999998 0.14958154296875 0.23234433333333335 0.161164794921875 0.22375333333333333 0.164739990234375 0.21281966666666666 0.15873388671875 0.19993333333333332 0.155873779296875 0.19349 0.15944873046875 0.18782800000000002 0.16087890625 0.18275166666666667 0.15287060546875 0.175137 0.14757958984375 0.17181766666666665 0.1395712890625 0.16908433333333334 0.128703125 0.179237 0.120265869140625 0.18607066666666666 0.1254140625 0.210672 0.1342802734375 0.23527299999999998
1 0.124985107421875 0.36999366666666667 0.12884619140625 0.37819400000000003 0.152727783203125 0.36960333333333334 0.171175048828125 0.36862700000000004 0.1841884765625 0.3602313333333333 0.19162451171875 0.349688 0.195485595703125 0.34343999999999997 0.178039306640625 0.33250633333333335 0.1798984375 0.322744 0.17289111328125 0.3120053333333333 0.15773291015625 0.3122006666666667 0.127416015625 0.31610533333333335 0.126701171875 0.3151293333333333 0.115832763671875 0.33504433333333333 0.1132587890625 0.34578299999999995 0.122553955078125 0.3494926666666667 0.124985107421875 0.36999366666666667
1 0.145005615234375 0.4275916666666667 0.15944873046875 0.424663 0.1638818359375 0.41607199999999994 0.165455078125 0.412753 0.1565888671875 0.4092383333333333 0.156302734375 0.3942043333333334 0.14071533203125 0.391471 0.138284423828125 0.4067003333333334 0.133851318359375 0.41236233333333333 0.13642529296875 0.4242726666666667 0.145005615234375 0.4275916666666667
1 0.66164794921875 0.6153523333333334 0.65814697265625 0.6144273333333333 0.655775634765625 0.614273 0.654533447265625 0.6202863333333333 0.6576953125 0.6213653333333333 0.660405517578125 0.6205946666666667 0.66164794921875 0.6153523333333334
1 0.596718017578125 0.45303866666666665 0.604412353515625 0.453789 0.613617919921875 0.45228833333333335 0.608946533203125 0.4460976666666666 0.60839697265625 0.44028233333333333 0.615678955078125 0.44140766666666664 0.61732763671875 0.439907 0.6085341796875 0.42621266666666663 0.604412353515625 0.4258376666666666 0.596992919921875 0.4295893333333333 0.5860009765625 0.4271506666666667 0.5820166015625 0.42658799999999997 0.581192138671875 0.43502966666666665 0.583390625 0.4432836666666667 0.590397705078125 0.4492866666666666 0.596718017578125 0.45303866666666665
1 0.087162841796875 0.25230400000000003 0.084117919921875 0.2354146666666667 0.070605712890625 0.229958 0.0647060546875 0.236454 0.062232177734375 0.241391 0.056332275390625 0.241131 0.06394482421875 0.255942 0.0759345703125 0.26269766666666666 0.095346435546875 0.26269766666666666 0.087162841796875 0.25230400000000003
1 0.259014892578125 0.06054266666666666 0.255589111328125 0.08055033333333333 0.279378173828125 0.08782566666666666 0.284135986328125 0.06599933333333333 0.259014892578125 0.06054266666666666
1 0.37173681640625 0.4173233333333333 0.37814111328125 0.4141436666666667 0.390658447265625 0.41235533333333335 0.3960439453125 0.40281633333333333 0.3999736328125 0.3831426666666667 0.392114013671875 0.38353999999999994 0.390367431640625 0.377181 0.38163427734375 0.37360366666666667 0.37493896484375 0.376982 0.37493896484375 0.3847323333333333 0.362276123046875 0.39129033333333335 0.364168212890625 0.40639366666666665 0.368825927734375 0.4113616666666667 0.37173681640625 0.4173233333333333
1 0.414965576171875 0.37578966666666663 0.41787646484375 0.3861236666666667 0.4261728515625 0.38234766666666664 0.423552978515625 0.37141799999999997 0.414965576171875 0.37578966666666663
1 0.15355029296875 0.858128 0.161479248046875 0.8523189999999999 0.1639931640625 0.8491506666666667 0.158385009765625 0.845982 0.15393701171875 0.844926 0.14716845703125 0.8494146666666668 0.141947021484375 0.8549593333333334 0.148522216796875 0.8578640000000001 0.15355029296875 0.858128
1 0.054342041015625 0.41480599999999995 0.060917236328125 0.41163733333333336 0.070393310546875 0.41084533333333334 0.0715537109375 0.40503633333333333 0.067879150390625 0.40239600000000003 0.059950439453125 0.40266 0.054535400390625 0.39922766666666665 0.05221484375 0.39790733333333334 0.044865966796875 0.40160399999999996 0.03616357421875 0.4053003333333334 0.047960205078125 0.415862 0.054342041015625 0.41480599999999995
1 0.117966796875 0.5341516666666667 0.10481640625 0.5320393333333333 0.10133544921875 0.5462973333333333 0.113132080078125 0.549202 0.117966796875 0.5341516666666667
1 0.717773193359375 0.25968233333333335 0.693933837890625 0.2799663333333333 0.706544677734375 0.29624066666666665 0.72969287109375 0.2761923333333333 0.717773193359375 0.25968233333333335
1 0.497322021484375 0.220911 0.497534912109375 0.22468966666666665 0.512650634765625 0.225271 0.518824462890625 0.209284 0.506263671875 0.20870266666666665 0.490083740234375 0.21480666666666665 0.492425537109375 0.22062033333333333 0.497322021484375 0.220911
1 0.37597216796875 0.220911 0.38299755859375 0.19184366666666666 0.361069580078125 0.19009966666666667 0.3559599609375 0.21044666666666667 0.3576630859375 0.21800433333333336 0.37597216796875 0.220911
1 0.4399189453125 0.195127 0.43212353515625 0.19832000000000002 0.431084228515625 0.195127 0.4269267578125 0.1954816666666667 0.42277101123046873 0.19631611266666668 0.422899169921875 0.20559266666666667 0.4271865234375 0.20718933333333334 0.43147412109375 0.20647966666666664 0.434072509765625 0.20470600000000003 0.43848974609375 0.20506066666666667 0.4399189453125 0.195127
1 0.3722099609375 0.24840533333333334 0.370661865234375 0.26173599999999997 0.386379150390625 0.267751 0.38685546875 0.25328233333333333 0.3722099609375 0.24840533333333334
1 0.2910986328125 0.4752426666666667 0.277859130859375 0.4837086666666667 0.2842275390625 0.5010983333333333 0.297802001953125 0.49263233333333334 0.2910986328125 0.4752426666666667
1 0.30970068359375 0.3759383333333334 0.306348876953125 0.3887516666666667 0.316069091796875 0.3892093333333333 0.318080078125 0.37662466666666666 0.30970068359375 0.3759383333333334
1 0.246352783203125 0.2581 0.2550673828125 0.275032 0.270988037109375 0.26771 0.260262451171875 0.25054933333333335 0.246352783203125 0.2581
1 0.759832275390625 0.29277933333333334 0.778157958984375 0.280829 0.771593505859375 0.27634766666666666 0.772140380859375 0.27298666666666666 0.763661376953125 0.265518 0.75791748046875 0.265518 0.755182373046875 0.264024 0.735489013671875 0.278215 0.7494384765625 0.28904466666666667 0.75436181640625 0.28792433333333334 0.759832275390625 0.29277933333333334
1 0.665415283203125 0.6850590000000001 0.664048583984375 0.6845926666666666 0.657044189453125 0.6883246666666667 0.6604609375 0.6946223333333333 0.668148681640625 0.6899573333333333 0.665415283203125 0.6850590000000001
1 0.479717529296875 0.8960456666666667 0.470987548828125 0.9011113333333333 0.47644384765625 0.909753 0.485173828125 0.9043893333333334 0.479717529296875 0.8960456666666667
1 0.48582861328125 0.8823380000000001 0.47818994140625 0.88502 0.479499267578125 0.8948536666666668 0.48801123046875 0.8933636666666667 0.48582861328125 0.8823380000000001
1 0.3795400390625 0.8587973333333333 0.374738525390625 0.866843 0.383686767578125 0.8725046666666667 0.386087646484375 0.863565 0.3795400390625 0.8587973333333333
1 0.533856201171875 0.178696 0.531425048828125 0.19197366666666668 0.54155517578125 0.19197366666666668 0.545404541015625 0.17924933333333334 0.533856201171875 0.178696
1 0.5269677734375 0.5836666666666667 0.517850830078125 0.5842200000000001 0.52149755859375 0.5939016666666667 0.531425048828125 0.592795 0.5269677734375 0.5836666666666667
1 0.4588935546875 0.4887863333333333 0.449168701171875 0.49763799999999997 0.458285888671875 0.5075963333333333 0.466795166015625 0.5001276666666666 0.4588935546875 0.4887863333333333
1 0.09877197265625 0.6963696666666667 0.10505224609375 0.6950706666666666 0.1058134765625 0.6903933333333333 0.104862060546875 0.6818186666666667 0.101436279296875 0.6745433333333334 0.089636962890625 0.668567 0.09077880859375 0.6805196666666666 0.08773388671875 0.6825983333333333 0.084117919921875 0.6776613333333333 0.0806923828125 0.674803 0.080121337890625 0.6742833333333333 0.070605712890625 0.6898736666666667 0.0759345703125 0.7013066666666667 0.091920654296875 0.7083223333333334 0.09877197265625 0.6963696666666667
1 0.60761376953125 0.5036590000000001 0.605364501953125 0.509267 0.6134814453125 0.5150086666666667 0.61582861328125 0.508199 0.60761376953125 0.5036590000000001
1 0.519400634765625 0.026437999999999996 0.5117724609375 0.029909666666666668 0.5178359375 0.04166 0.525170654296875 0.03698666666666667 0.519400634765625 0.026437999999999996
1 0.356440673828125 0.084969 0.359203125 0.095027 0.366800048828125 0.09617966666666666 0.363807373046875 0.08559766666666667 0.356440673828125 0.084969
1 0.115059326171875 0.25839266666666666 0.120940673828125 0.25880433333333336 0.1186787109375 0.253863 0.115361083984375 0.2526276666666667 0.111741943359375 0.25139233333333333 0.10374951171875 0.25653966666666667 0.102543212890625 0.26086333333333334 0.107821044921875 0.26292233333333337 0.115059326171875 0.25839266666666666
1 0.457841796875 0.9902826666666666 0.485090087890625 0.9964013333333334 0.487779052734375 0.978779 0.473079345703125 0.9721706666666667 0.477023193359375 0.9680096666666667 0.464474609375 0.9574853333333334 0.4565869140625 0.9684993333333334 0.44869921875 0.9782896666666667 0.456766357421875 0.98294 0.457841796875 0.9902826666666666
1 0.554186279296875 0.9591706666666667 0.554186279296875 0.9535553333333334 0.552196044921875 0.9513813333333333 0.54914453125 0.951925 0.546623779296875 0.9535553333333334 0.545296875 0.9577216666666667 0.54582763671875 0.9622503333333334 0.550471435546875 0.9624313333333333 0.554186279296875 0.9591706666666667
1 0.250437744140625 0.5257096666666666 0.240784912109375 0.522415 0.233545166015625 0.5216826666666666 0.23461767578125 0.5568276666666666 0.253119140625 0.5630513333333333 0.252582763671875 0.5403533333333334 0.250437744140625 0.5257096666666666
1 0.902681396484375 0.30861 0.88181689453125 0.33749266666666666 0.89862451171875 0.3533186666666666 0.914562744140625 0.3228533333333333 0.902681396484375 0.30861
1 0.5140859375 0.800685 0.5140859375 0.7933093333333333 0.5068828125 0.788085 0.50800830078125 0.778558 0.49787890625 0.76688 0.49720361328125 0.7674946666666667 0.48549853515625 0.788085 0.4947275390625 0.7936166666666666 0.50260595703125 0.8068313333333333 0.5140859375 0.800685
1 0.084416259765625 0.060013 0.076848876953125 0.044163 0.0630185546875 0.05342366666666666 0.068889892578125 0.06695866666666667 0.0802412109375 0.06873933333333333 0.084416259765625 0.060013
1 0.24574658203125 0.279015 0.235308837890625 0.2920156666666667 0.244050537109375 0.304838 0.2555322265625 0.2920156666666667 0.24574658203125 0.279015
1 0.131705322265625 0.8450703333333333 0.139273681640625 0.8415653333333333 0.14170654296875 0.8373836666666666 0.131705322265625 0.8330793333333333 0.11981201171875 0.8395360000000001 0.12629931640625 0.8448856666666668 0.131705322265625 0.8450703333333333
1 0.140219970703125 0.8500509999999999 0.136705810546875 0.846177 0.122650146484375 0.8456236666666667 0.1121083984375 0.8565076666666667 0.122650146484375 0.8638870000000001 0.13251611328125 0.857799 0.140219970703125 0.8500509999999999
1 0.18752294921875 0.8362766666666667 0.17900830078125 0.8434173333333334 0.180089599609375 0.8566996666666667 0.19063134765625 0.8500586666666666 0.18752294921875 0.8362766666666667
1 0.104539794921875 0.4878403333333333 0.114946533203125 0.4898693333333333 0.121433837890625 0.480324 0.1176494140625 0.4764026666666667 0.107107666015625 0.47548033333333334 0.1049453125 0.481199 0.104539794921875 0.4878403333333333
1 0.218878173828125 0.53518 0.221310791015625 0.5241113333333334 0.2133369140625 0.5257716666666666 0.2106337890625 0.5314903333333333 0.2119853515625 0.5359176666666666 0.218878173828125 0.53518
1 0.31267333984375 0.5750343333333333 0.301455810546875 0.5757723333333333 0.30551025390625 0.5907146666666667 0.31672802734375 0.5872096666666666 0.31267333984375 0.5750343333333333
1 0.287129638671875 0.5774323333333333 0.2855078125 0.5676553333333333 0.280642333984375 0.564888 0.2701005859375 0.5661793333333334 0.2721279296875 0.5789083333333334 0.287129638671875 0.5774323333333333
1 0.252936279296875 0.600123 0.2488818359375 0.6065796666666666 0.257396240234375 0.6080556666666667 0.260775146484375 0.601599 0.252936279296875 0.600123
1 0.366193359375 0.7944223333333332 0.354435302734375 0.7981119999999999 0.354300048828125 0.8084426666666666 0.365517578125 0.80586 0.366193359375 0.7944223333333332
1 0.568312744140625 0.776509 0.559933349609375 0.7752176666666666 0.55506787109375 0.7814896666666666 0.5603388671875 0.7842570000000001 0.568177490234375 0.7814896666666666 0.568312744140625 0.776509
1 0.744415283203125 0.40254566666666663 0.73644140625 0.41311933333333334 0.743334228515625 0.4184693333333333 0.7525244140625 0.40924533333333335 0.744415283203125 0.40254566666666663
1 0.523712646484375 0.4570226666666667 0.52364501953125 0.45375200000000004 0.518441650390625 0.455178 0.516955078125 0.46108099999999996 0.52155029296875 0.46181900000000004 0.523712646484375 0.4570226666666667
1 0.499114990234375 0.43101133333333336 0.503169677734375 0.43138033333333337 0.506278076171875 0.42455466666666664 0.497763671875 0.419205 0.496547119140625 0.414224 0.492357421875 0.411457 0.48978955078125 0.41569999999999996 0.489519287109375 0.42566166666666666 0.495871337890625 0.425846 0.499114990234375 0.43101133333333336
1 0.518982421875 0.23540566666666665 0.505061767578125 0.23134733333333335 0.496412109375 0.24389166666666665 0.5015478515625 0.24647433333333332 0.511549072265625 0.24389166666666665 0.518982421875 0.23540566666666665
1 0.52330712890625 0.259572 0.5272265625 0.256436 0.52790234375 0.24776566666666666 0.519117431640625 0.24352266666666667 0.5145224609375 0.242284 0.503574951171875 0.2457363333333333 0.507764892578125 0.2547756666666667 0.51506298828125 0.25864966666666667 0.52330712890625 0.259572
1 0.5433095703125 0.24665866666666666 0.531416259765625 0.24997933333333333 0.532227294921875 0.2678736666666667 0.54141748046875 0.26289266666666666 0.5433095703125 0.24665866666666666
1 0.50614306640625 0.11897066666666666 0.5022236328125 0.11528133333333333 0.4919521484375 0.11823266666666667 0.493979248046875 0.12819466666666668 0.504385986328125 0.124874 0.50614306640625 0.11897066666666666
1 0.4858701171875 0.1818773333333333 0.483707763671875 0.176343 0.478234130859375 0.16865766666666668 0.474787841796875 0.174867 0.473166015625 0.18261533333333332 0.477355712890625 0.18593566666666667 0.4858701171875 0.1818773333333333
1 0.159005859375 0.2586503333333333 0.14684228515625 0.25809666666666664 0.13724658203125 0.263262 0.13792236328125 0.27820466666666666 0.142652587890625 0.2826323333333334 0.158195068359375 0.28281666666666666 0.170493896484375 0.27882033333333334 0.17387255859375 0.2704566666666667 0.170358642578125 0.2623396666666667 0.166439208984375 0.25883466666666666 0.159005859375 0.2586503333333333
1 0.211174560546875 0.09793333333333333 0.220770263671875 0.09645733333333334 0.22482470703125 0.09036966666666665 0.22550048828125 0.08483533333333333 0.226581787109375 0.07782533333333333 0.226446533203125 0.073029 0.221986572265625 0.06675666666666667 0.20941748046875 0.06435866666666666 0.208471435546875 0.06472733333333333 0.19860546875 0.07395133333333334 0.204146484375 0.08409766666666667 0.204146484375 0.09442833333333334 0.211174560546875 0.09793333333333333
1 0.2830751953125 0.127457 0.274155029296875 0.11546600000000001 0.2629375 0.10937833333333333 0.241989013671875 0.12063133333333334 0.2591533203125 0.135943 0.274830810546875 0.141293 0.2830751953125 0.127457
1 0.32051220703125 0.24333100000000002 0.319566162109375 0.23835033333333336 0.30888916015625 0.23853466666666667 0.3049697265625 0.23429166666666668 0.3036181640625 0.227466 0.296320068359375 0.22838833333333333 0.294833251953125 0.239088 0.29591455078125 0.24259333333333333 0.2960498046875 0.24111733333333332 0.297806640625 0.256798 0.302131591796875 0.26436133333333334 0.31713330078125 0.26528399999999996 0.32051220703125 0.24333100000000002
1 0.37669580078125 0.36465233333333336 0.38075048828125 0.36166099999999995 0.37614794921875 0.3538826666666666 0.37055908203125 0.35403233333333334 0.369572998046875 0.36046433333333333 0.370120849609375 0.3643533333333333 0.37669580078125 0.36465233333333336
1 0.351254150390625 0.21440833333333334 0.35251416015625 0.20867533333333332 0.348734130859375 0.19969433333333333 0.3476142578125 0.19912100000000002 0.347124267578125 0.19878933333333335 0.341734375 0.20886666666666667 0.342434326171875 0.21517266666666668 0.3480341796875 0.22186066666666668 0.351254150390625 0.21440833333333334
1 0.53857080078125 0.4918956666666666 0.542035888671875 0.4892353333333333 0.53857080078125 0.48228899999999997 0.5356474609375 0.479723 0.531532958984375 0.48243699999999995 0.5321826171875 0.48775766666666664 0.5346728515625 0.4916 0.53857080078125 0.4918956666666666
1 0.544634521484375 0.49455599999999994 0.543335205078125 0.507414 0.55167236328125 0.5084486666666667 0.553296630859375 0.493965 0.544634521484375 0.49455599999999994
1 0.505815185546875 0.5737883333333333 0.5054169921875 0.5690756666666666 0.49412939453125 0.568532 0.491207763671875 0.5795886666666666 0.502495361328125 0.5830326666666666 0.505815185546875 0.5737883333333333
1 0.3428818359375 0.9137516666666667 0.3428818359375 0.9127613333333333 0.3283681640625 0.9262323333333333 0.334173583984375 0.9428730000000001 0.34912255859375 0.9309869999999999 0.3428818359375 0.9137516666666667
1 0.325755859375 0.9280153333333333 0.32590087890625 0.9105353333333334 0.308484619140625 0.9129593333333333 0.299921875 0.9248456666666666 0.304711181640625 0.9347506666666666 0.325755859375 0.9280153333333333
1 0.189045654296875 0.7624259999999999 0.18773046875 0.763895 0.185578125 0.768628 0.190361083984375 0.7733613333333332 0.196698486328125 0.76618 0.189045654296875 0.7624259999999999
1 0.220852294921875 0.40817333333333333 0.220852294921875 0.408826 0.20889501953125 0.410295 0.212721435546875 0.423352 0.22671142578125 0.4205776666666666 0.220852294921875 0.40817333333333333
1 0.8575546875 0.48626800000000003 0.83924072265625 0.5084536666666667 0.84793994140625 0.5222023333333333 0.86648291015625 0.5028290000000001 0.8575546875 0.48626800000000003
1 0.88021826171875 0.8041179999999999 0.8678564453125 0.8022433333333333 0.852976318359375 0.8018716666666666 0.835806884765625 0.8247413333333334 0.85343408203125 0.8303656666666668 0.868085205078125 0.8263036666666667 0.88021826171875 0.8041179999999999
1 0.83763818359375 0.839128 0.828252197265625 0.8370343333333333 0.816119140625 0.861001 0.82916796875 0.8666256666666666 0.8406142578125 0.8469396666666666 0.83763818359375 0.839128
1 0.82939697265625 0.33563 0.824818359375 0.33443866666666666 0.823902587890625 0.3531283333333333 0.83374658203125 0.352816 0.833975341796875 0.340317 0.82939697265625 0.33563
1 0.71378955078125 0.18120333333333333 0.70509033203125 0.19463966666666666 0.716765625 0.20807633333333334 0.7250068359375 0.19557733333333333 0.71378955078125 0.18120333333333333
1 0.719054931640625 0.2299493333333333 0.71813916015625 0.221825 0.710126708984375 0.21870033333333333 0.702572265625 0.22213733333333335 0.704861572265625 0.23151166666666664 0.719054931640625 0.2299493333333333
1 0.703719970703125 0.9968136666666666 0.702883544921875 0.9901923333333335 0.69803271484375 0.9860486666666667 0.687494384765625 0.9931606666666667 0.68414892578125 0.997727 0.6920107421875 0.9996666666666667 0.703719970703125 0.9968136666666666
1 0.504329833984375 0.84357 0.506671630859375 0.8351223333333334 0.498475341796875 0.832154 0.49429345703125 0.8296426666666666 0.490111572265625 0.8339806666666667 0.492118896484375 0.8390036666666667 0.49630078125 0.842657 0.504329833984375 0.84357
1 0.55066455078125 0.589173 0.562875732421875 0.5875746666666667 0.5717412109375 0.5802683333333334 0.579770263671875 0.562916 0.57558837890625 0.5610893333333333 0.571072021484375 0.5620026666666667 0.561537353515625 0.5658843333333333 0.553341064453125 0.5745603333333333 0.545813720703125 0.5846066666666666 0.55066455078125 0.589173
1 0.54531201171875 0.5841500000000001 0.55116650390625 0.5770719999999999 0.545646484375 0.5743320000000001 0.542635498046875 0.572049 0.53494091796875 0.5761586666666667 0.532431884765625 0.5825516666666667 0.5364462890625 0.5866613333333333 0.54531201171875 0.5841500000000001
1 0.57207568359375 0.5375723333333333 0.5566865234375 0.5439653333333333 0.560868408203125 0.5540113333333334 0.57491943359375 0.54876 0.57207568359375 0.5375723333333333
1 0.567224853515625 0.369243 0.56304296875 0.37997400000000003 0.572577392578125 0.38408366666666666 0.57843212890625 0.3740376666666667 0.567224853515625 0.369243
1 0.558359130859375 0 0.557188232421875 0.011043333333333334 0.565886474609375 0.011271666666666666 0.56739208984375 0.0007686666666666666 0.558359130859375 0
1 0.4133330078125 0.07817533333333333 0.400954833984375 0.07749033333333333 0.398111083984375 0.09141800000000001 0.398947509765625 0.09986600000000001 0.414336669921875 0.09940933333333334 0.4133330078125 0.07817533333333333
1 0.26696875 0.7037659999999999 0.265128662109375 0.718777 0.27717236328125 0.7194619999999999 0.27834326171875 0.7050776666666667 0.26696875 0.7037659999999999
1 0.035880126953125 0.15934533333333334 0.033538330078125 0.150669 0.02902197265625 0.14724433333333334 0.020992919921875 0.14381933333333335 0.015556396484375 0.14365366666666668 0.008280029296875 0.15318066666666666 0.013130859375 0.15751866666666667 0.022832763671875 0.16162866666666667 0.035880126953125 0.15934533333333334
1 0.419923828125 0.2647396666666667 0.419923828125 0.258985 0.418683837890625 0.2547973333333334 0.4106240234375 0.25475366666666666 0.406283935546875 0.2611853333333333 0.41000390625 0.26694 0.419923828125 0.2647396666666667
1 0.448567626953125 0.246968 0.448939697265625 0.23664333333333332 0.44249169921875 0.23935166666666666 0.44273974609375 0.24730633333333332 0.444475830078125 0.25052233333333335 0.448567626953125 0.246968