1 0.184509126953125 0.9134097033333334 0.19067587548828124 0.9117250673333333 0.1941292548828125 0.9076819406666666 0.20029600390625 0.8921832886666666 0.200049333984375 0.8878032346666667 0.17661568798828126 0.8719676546666666 0.17118894921875 0.8712938006666666 0.16896891943359374 0.8760107819999999 0.1630488408203125 0.8837601079999999 0.1635421806640625 0.8962264153333334 0.1628021708984375 0.8999326146666667 0.1660088798828125 0.9049865226666668 0.170695609375 0.9097035040000001 0.1788357177734375 0.9134097033333334 0.1830907744140625 0.9134097033333334 0.184509126953125 0.9134097033333334
1 0.269856931640625 0.9059973046666667 0.27380365087890624 0.903638814 0.2747903305664062 0.89925876 0.27355698095703124 0.8955525606666667 0.2693635913085938 0.888814016 0.2622101625976562 0.8847708893333334 0.25407005419921874 0.8851078166666666 0.2506166748046875 0.888140162 0.2503700048828125 0.8925202153333333 0.2513566845703125 0.8958894879999999 0.2560434140625 0.901954178 0.2622101625976562 0.9056603773333333 0.2684385791015625 0.9059973046666667 0.269856931640625 0.9059973046666667
1 0.3500246669921875 0.8999326146666667 0.3517513564453125 0.897574124 0.3517513564453125 0.8921832886666666 0.3507646767578125 0.8840970353333334 0.3485446474609375 0.8766846359999999 0.344104587890625 0.8736522913333333 0.3362111494140625 0.8726415093333333 0.3347311298828125 0.8766846359999999 0.33769116943359373 0.8935309973333333 0.34040453857421876 0.8969002693333333 0.34805130712890625 0.8999326146666667 0.3500246669921875 0.8999326146666667
1 0.127775037109375 0.6115229113333334 0.13344844580078125 0.599730458 0.1349284658203125 0.5933288406666667 0.1349284658203125 0.5872641506666666 0.13073507666015624 0.57648248 0.1275283671875 0.5724393533333334 0.1201282685546875 0.584231806 0.11864824853515625 0.5916442046666667 0.11864824853515625 0.5960242586666666 0.1201282685546875 0.602425876 0.1230883076171875 0.6091644206666667 0.12629501708984375 0.6115229113333334 0.127775037109375 0.6115229113333334
1 0.15959546142578124 0.6276954180000001 0.1635421806640625 0.623315364 0.16650222021484376 0.6152291106666666 0.16650222021484376 0.611185984 0.1652688701171875 0.6081536386666667 0.1628021708984375 0.6044474393333333 0.15984213134765626 0.6030997306666667 0.158362111328125 0.603436658 0.15466206201171875 0.6081536386666667 0.15318204248046874 0.6115229113333334 0.15268870263671874 0.615566038 0.15293537255859374 0.6196091646666666 0.15466206201171875 0.6243261453333334 0.15860878125 0.6276954180000001 0.15959546142578124 0.6276954180000001
1 0.26615688232421875 0.6438679246666666 0.269856931640625 0.6408355793333333 0.27454366064453123 0.634433962 0.2752836704101562 0.6314016173333333 0.2720769609375 0.6260107819999999 0.2693635913085938 0.623315364 0.25851011328125 0.6175876013333333 0.2498766650390625 0.6236522913333333 0.2493833251953125 0.6273584906666667 0.25259003466796875 0.632749326 0.26171682275390623 0.6421832886666667 0.2649235322265625 0.6438679246666666 0.26615688232421875 0.6438679246666666
1 0.38061174169921874 0.7756064693333333 0.384311791015625 0.7729110513333334 0.3892451899414063 0.7601078166666666 0.3949185991210937 0.7523584906666667 0.39689195849609377 0.746630728 0.3956586088867188 0.7425876013333333 0.3835717807617188 0.7388814013333334 0.3798717314453125 0.7398921833333334 0.3771583623046875 0.7419137466666667 0.37518500244140623 0.7449460913333334 0.37370498291015625 0.75 0.37370498291015625 0.7617924526666667 0.3801184013671875 0.7756064693333333 0.38061174169921874 0.7756064693333333
1 0.042427232421875 0.656334232 0.04489393212890625 0.6556603773333333 0.04588061181640625 0.6543126686666667 0.0483473115234375 0.6421832886666667 0.0485939814453125 0.6357816713333333 0.044153921875 0.6334231806666667 0.03922052294921875 0.632749326 0.0362604833984375 0.6347708893333334 0.0352738037109375 0.639824798 0.03231376416015625 0.647574124 0.03206709423828125 0.6516172506666666 0.0350271337890625 0.65532345 0.0411938828125 0.656334232 0.042427232421875 0.656334232
1 0.258263443359375 0.7715633420000001 0.2622101625976562 0.7695417786666667 0.26171682275390623 0.7614555253333333 0.2631968427734375 0.757075472 0.26171682275390623 0.7537061993333334 0.25530340380859373 0.7496630726666668 0.2508633447265625 0.74393531 0.24469659619140624 0.7419137466666667 0.23902318701171876 0.742250674 0.2343364580078125 0.7456199459999999 0.2298963984375 0.7510107819999999 0.229156388671875 0.7530323453333334 0.229156388671875 0.757749326 0.23384311767578125 0.7668463613333333 0.23754316748046875 0.7688679246666668 0.2503700048828125 0.7688679246666668 0.257770103515625 0.7715633420000001 0.258263443359375 0.7715633420000001
1 0.31845091259765623 0.7506738546666667 0.3211642822265625 0.75 0.3214109521484375 0.7489892180000001 0.3214109521484375 0.7355121293333333 0.3206709423828125 0.7331536386666667 0.315984212890625 0.7321428573333333 0.31277750390625 0.7341644206666667 0.31228416357421873 0.7462938006666666 0.31327084375 0.7496630726666668 0.31647755322265625 0.7506738546666667 0.31845091259765623 0.7506738546666667
1 0.1793290576171875 0.5053908353333334 0.18352244677734375 0.5050539086666667 0.1928959052734375 0.5010107819999999 0.19536260498046876 0.497304582 0.19536260498046876 0.49157681933333336 0.186975826171875 0.48214285733333334 0.18278243701171876 0.479110512 0.17513566845703124 0.479110512 0.16699556005859376 0.48180593 0.1645288603515625 0.48416442066666665 0.16230883056640624 0.48921832866666665 0.1628021708984375 0.4932614553333334 0.170942279296875 0.5010107819999999 0.1790823876953125 0.5053908353333334 0.1793290576171875 0.5053908353333334
1 0.38184509130859373 0.4026280326666667 0.3914652197265625 0.40195417800000005 0.39639861865234377 0.400269542 0.40379871728515626 0.39353099733333335 0.40527873681640625 0.390498652 0.40478539697265625 0.38881401600000004 0.399605328125 0.38039083533333334 0.3956586088867188 0.377695418 0.38825851025390623 0.375 0.3640848544921875 0.37634770866666667 0.356684755859375 0.378369272 0.35347804638671876 0.3817385446666666 0.35372471630859376 0.38578167133333335 0.355698076171875 0.38982479800000003 0.3633448447265625 0.39892183266666664 0.3704982734375 0.4022911053333333 0.38047089306640625 0.4026280326666667 0.38184509130859373 0.4026280326666667
1 0.16822890966796875 0.406334232 0.17118894921875 0.4056603773333333 0.17587567822265626 0.4012803233333333 0.1776023681640625 0.3945417786666667 0.1773556982421875 0.390498652 0.17538233837890624 0.3894878706666667 0.16872224951171874 0.3901617253333333 0.1640355205078125 0.3945417786666667 0.16206216064453124 0.4016172506666667 0.1625555009765625 0.40532345000000003 0.1632955107421875 0.406334232 0.16699556005859376 0.406334232 0.16822890966796875 0.406334232
1 0.4592994575195313 0.665768194 0.46793290576171875 0.6583557953333333 0.469659595703125 0.654649596 0.46817957568359375 0.650269542 0.45954612744140627 0.635444744 0.45485939794921876 0.6334231806666667 0.4464726196289063 0.638814016 0.444005919921875 0.6431940700000001 0.4494326591796875 0.65532345 0.45461272802734376 0.6634097033333334 0.4588061171875 0.665768194 0.4592994575195313 0.665768194
1 0.19708929443359374 0.6054582213333333 0.201036013671875 0.6044474393333333 0.20473606298828126 0.6014150946666666 0.20473606298828126 0.596361186 0.20276270361328125 0.5923180593333334 0.19486926513671876 0.5933288406666667 0.19067587548828124 0.5960242586666666 0.1919092255859375 0.603436658 0.19573260986328125 0.6054582213333333 0.19708929443359374 0.6054582213333333
1 0.1793290576171875 0.659703504 0.18154908740234374 0.6580188680000001 0.18376911669921875 0.650943396 0.18302910693359375 0.644878706 0.1795757275390625 0.6428571426666666 0.1778490380859375 0.6431940700000001 0.17513566845703124 0.646563342 0.17390231884765625 0.650943396 0.17464232861328124 0.6586927226666667 0.1776023681640625 0.659703504 0.1793290576171875 0.659703504
1 0.40429205712890626 0.6044474393333333 0.414898865234375 0.5993935306666667 0.415638875 0.5923180593333334 0.413912185546875 0.5889487873333333 0.41119881591796875 0.5882749326666667 0.4020720278320313 0.5919811319999999 0.400345337890625 0.5940026953333334 0.399605328125 0.5956873313333333 0.399851998046875 0.6037735846666666 0.40330537744140627 0.6044474393333333 0.40429205712890626 0.6044474393333333
1 0.46793290576171875 0.6280323453333333 0.47237296484375 0.6263477086666667 0.4768130244140625 0.6223045819999999 0.4782930439453125 0.6199460913333333 0.4777997041015625 0.617250674 0.47385298486328126 0.6108490566666667 0.46867291552734375 0.6064690026666666 0.4632461767578125 0.6044474393333333 0.4588061171875 0.6044474393333333 0.45387271826171877 0.6098382746666667 0.45337937841796877 0.611859838 0.45979279736328127 0.6236522913333333 0.4634928466796875 0.6270215633333333 0.46645288623046877 0.6280323453333333 0.46793290576171875 0.6280323453333333
1 0.17587567822265626 0.9380053906666667 0.1790823876953125 0.9356469000000001 0.1798223974609375 0.92722372 0.1788357177734375 0.92351752 0.17464232861328124 0.9208221026666666 0.17118894921875 0.9241913746666668 0.170448939453125 0.9292452833333333 0.17118894921875 0.9342991913333334 0.17439565869140625 0.9380053906666667 0.17587567822265626 0.9380053906666667
1 0.1359151455078125 0.8274932613333333 0.13986186474609374 0.8261455526666667 0.14084854443359374 0.8241239893333333 0.1415885546875 0.81671159 0.13961519482421875 0.8146900266666667 0.1351751357421875 0.8160377360000001 0.13147508642578126 0.8207547166666667 0.13246176611328125 0.8251347706666667 0.1351751357421875 0.8274932613333333 0.1359151455078125 0.8274932613333333
1 0.1793290576171875 0.736859838 0.18154908740234374 0.7358490566666666 0.18302910693359375 0.7314690026666667 0.18302910693359375 0.7287735846666666 0.18105574755859374 0.7223719673333333 0.17538233837890624 0.7163072773333333 0.170695609375 0.7166442046666666 0.16798223974609375 0.7179919140000001 0.16724222998046875 0.7223719673333333 0.17020226953125 0.730121294 0.1790823876953125 0.7371967653333333 0.1793290576171875 0.736859838
1 0.285397138671875 0.372304582 0.2876171684570312 0.36623989199999996 0.2876171684570312 0.36017520199999997 0.285890478515625 0.35815363866666666 0.2814504194335937 0.3578167113333333 0.2794770595703125 0.36084905666666667 0.2779970400390625 0.36758760133333335 0.2794770595703125 0.3709568733333333 0.2814504194335937 0.372304582 0.28408164794921875 0.372304582 0.285397138671875 0.372304582
1 0.0513073505859375 0.30087601066666664 0.05673408984375 0.2998652293333333 0.0648741982421875 0.2958221026666667 0.06635421826171875 0.29177897599999997 0.0646275283203125 0.28773584933333335 0.0641341884765625 0.2840296493333333 0.0712876171875 0.275943396 0.07400098681640625 0.27122641533333336 0.08066107568359375 0.264824798 0.08682782421875 0.25640161733333333 0.08855451416015625 0.252695418 0.086087814453125 0.24797843666666666 0.08140108544921874 0.242924528 0.06068080908203125 0.224056604 0.05278737060546875 0.22742587600000003 0.04588061181640625 0.22877358466666667 0.0367538232421875 0.23349056599999998 0.03305377392578125 0.23349056599999998 0.028120375 0.23685983800000002 0.0224469658203125 0.2449460913333333 0.015293537109375 0.25235849066666666 0.01036013818359375 0.2611185986666667 0.01011346826171875 0.26415094333333333 0.01184015771484375 0.26752021533333337 0.02516033544921875 0.2836927226666667 0.04267390234375 0.2991913746666667 0.04489393212890625 0.30053908333333335 0.04990947216796875 0.30087601066666664 0.0513073505859375 0.30087601066666664
1 0.48544647265625 0.7981805926666666 0.4906265415039063 0.7964959566666666 0.4967932905273437 0.7904312666666666 0.4990133203125 0.785714286 0.4990133203125 0.7816711593333333 0.487173162109375 0.7745956873333333 0.48273310302734374 0.7745956873333333 0.47434632470703125 0.7816711593333333 0.47138628515625 0.7853773586666666 0.469906265625 0.7894204853333334 0.471879625 0.7948113206666667 0.4773063642578125 0.7971698113333333 0.483966453125 0.7981805926666666 0.48544647265625 0.7981805926666666
1 0.5589541196289063 0.628369272 0.5626541689453125 0.626684636 0.5658608779296875 0.6212938006666666 0.5670942280273438 0.6152291106666666 0.5653675380859375 0.6125336926666667 0.556980759765625 0.6047843666666667 0.5540207202148437 0.602425876 0.5500740009765624 0.6014150946666666 0.544153921875 0.609501348 0.5431672421875 0.6115229113333334 0.542920572265625 0.615566038 0.5476073012695313 0.6209568733333333 0.5572274296875 0.628369272 0.5589541196289063 0.628369272
1 0.19092254541015624 0.1856469 0.19511593505859376 0.18126684666666665 0.19560927490234375 0.17654986533333333 0.19067587548828124 0.16644204866666668 0.186975826171875 0.165768194 0.18278243701171876 0.16981132066666668 0.18204242724609376 0.17385444733333336 0.18278243701171876 0.17722372 0.18672915625 0.1829514826666667 0.19018253564453125 0.1856469 0.19092254541015624 0.1856469
1 0.22644301904296876 0.042452830000000004 0.23063640869140625 0.03706199466666667 0.23063640869140625 0.03167115933333334 0.22619634912109374 0.02324797866666667 0.2222496298828125 0.020215633333333333 0.21731623095703126 0.02661725066666667 0.21731623095703126 0.031334232000000004 0.2227429697265625 0.041105121333333335 0.22619634912109374 0.04278975733333333 0.22644301904296876 0.042452830000000004
1 0.199062654296875 0.04919137466666667 0.20251603369140625 0.04784366600000001 0.20448939306640626 0.044474393333333334 0.21040947216796874 0.039757412666666665 0.212629501953125 0.03167115933333334 0.21164282177734375 0.028975741333333332 0.20991613232421874 0.027628032666666663 0.2057227431640625 0.027291105333333333 0.20251603369140625 0.029312668666666666 0.198569314453125 0.03504043133333334 0.19634928466796875 0.039757412666666665 0.19610261474609375 0.04548517533333333 0.19634928466796875 0.04716981133333333 0.198569314453125 0.04919137466666667 0.199062654296875 0.04919137466666667
1 0.08066107568359375 0.039083558000000004 0.084114455078125 0.037398922 0.08485446484375 0.03504043133333334 0.08485446484375 0.027628032666666663 0.08880118408203125 0.02291105133333333 0.0925012333984375 0.016172506666666666 0.0932412431640625 0.011455525333333334 0.0925012333984375 0.010781671333333333 0.085101134765625 0.008760108 0.0801677353515625 0.008760108 0.0777010361328125 0.010781671333333333 0.072274296875 0.018530997333333334 0.071040947265625 0.023584905333333333 0.07548100634765625 0.027291105333333333 0.0769610263671875 0.03504043133333334 0.0801677353515625 0.039083558000000004 0.08066107568359375 0.039083558000000004
1 0.05303404052734375 0.09501347733333333 0.05920078955078125 0.085916442 0.058214109375 0.08221024266666667 0.05278737060546875 0.07446091666666667 0.0485939814453125 0.07277628 0.04267390234375 0.07884097066666666 0.041933892578125 0.08288409733333332 0.04810064111328125 0.09198113200000001 0.05229403076171875 0.09501347733333333 0.05303404052734375 0.09501347733333333
1 0.09620128271484375 0.19743935333333332 0.0994079921875 0.1893531 0.0994079921875 0.17722372 0.09620128271484375 0.169137466 0.08806117431640625 0.16880053933333333 0.08362111474609375 0.17857142866666667 0.08362111474609375 0.1893531 0.08682782421875 0.19474393533333334 0.09570794287109376 0.19743935333333332 0.09620128271484375 0.19743935333333332
1 0.21139615185546876 0.158018868 0.21435619140625 0.15734501333333334 0.21682289111328126 0.15498652266666665 0.21682289111328126 0.14959568733333334 0.213616181640625 0.14791105133333335 0.2057227431640625 0.14959568733333334 0.2054760732421875 0.15667115933333334 0.2067094228515625 0.158018868 0.2098339912109375 0.158018868 0.21139615185546876 0.158018868
1 0.16724222998046875 0.13814016199999998 0.16872224951171874 0.13409703533333334 0.16872224951171874 0.13005390866666666 0.16773556982421875 0.128369272 0.1625555009765625 0.12735849066666666 0.15984213134765626 0.128369272 0.158855451171875 0.13173854466666668 0.15934879150390624 0.13578167133333333 0.1628021708984375 0.13814016199999998 0.1657622099609375 0.13814016199999998 0.16724222998046875 0.13814016199999998
1 0.415885544921875 0.23753369266666668 0.41884558447265624 0.23247978466666666 0.4198322646484375 0.22877358466666667 0.41958559423828123 0.22439353066666667 0.415392205078125 0.21597035066666667 0.41169215576171875 0.212601078 0.41045880615234376 0.21293800533333335 0.4079921064453125 0.21495956866666666 0.4055254072265625 0.22911051200000002 0.4074987666015625 0.23315363866666666 0.41514553515625 0.23753369266666668 0.415885544921875 0.23753369266666668
1 0.4491859892578125 0.305592992 0.45510606787109376 0.30491913733333337 0.4592994575195313 0.30154986533333333 0.46003946728515627 0.29716981133333337 0.4588061171875 0.28807277600000003 0.456092748046875 0.28672506733333336 0.4521460288085937 0.28672506733333336 0.44326591015625 0.28975741266666666 0.442525900390625 0.2914420486666667 0.442525900390625 0.296832884 0.443512580078125 0.3032345013333333 0.44721262939453127 0.305592992 0.4491859892578125 0.305592992
1 0.4790330537109375 0.30491913733333337 0.4837197827148437 0.3035714286666667 0.484706462890625 0.299528302 0.48347311279296873 0.2958221026666667 0.48248643310546874 0.287398922 0.48100641357421875 0.2833557953333333 0.4787863837890625 0.2799865226666667 0.47459299462890625 0.2799865226666667 0.47039960546875 0.28234501333333334 0.46941292529296874 0.28807277600000003 0.471632955078125 0.30053908333333335 0.47434632470703125 0.30424528333333334 0.4770596943359375 0.30491913733333337 0.4790330537109375 0.30491913733333337
1 0.5779477060546875 0.2958221026666667 0.584361125 0.2914420486666667 0.5895411938476562 0.2840296493333333 0.5892945239257813 0.2799865226666667 0.5814010854492188 0.2766172506666667 0.572520966796875 0.2756064693333333 0.5668475581054687 0.27897574133333336 0.5599407993164063 0.28807277600000003 0.5601874692382812 0.29177897599999997 0.570547607421875 0.295148248 0.576385544921875 0.2958221026666667 0.5779477060546875 0.2958221026666667
1 0.51455352734375 0.2624663073333333 0.5162802172851563 0.26010781666666666 0.5185002465820312 0.2540431266666667 0.5194869262695313 0.24393531 0.5165268872070312 0.2365229113333333 0.5066600888671875 0.23483827466666665 0.5041933891601562 0.2371967653333333 0.5034533793945313 0.23921832866666667 0.50049333984375 0.251684636 0.500740009765625 0.2540431266666667 0.5027133696289062 0.25741239866666665 0.5066600888671875 0.25808625333333335 0.5106068081054688 0.2614555253333333 0.51356684765625 0.2624663073333333 0.51455352734375 0.2624663073333333
1 0.29773063623046875 0.415768194 0.301184015625 0.41273584933333335 0.30513073486328124 0.40195417800000005 0.3061174150390625 0.3962264153333333 0.3061174150390625 0.39386792466666665 0.30463739501953124 0.39083557933333335 0.29797730615234375 0.38645552533333327 0.29575727685546876 0.38746630733333337 0.2937839169921875 0.390498652 0.28934385791015627 0.406334232 0.28959052783203126 0.410714286 0.29699062646484375 0.415768194 0.29773063623046875 0.415768194
1 0.06857424755859375 0.4016172506666667 0.07400098681640625 0.39386792466666665 0.07400098681640625 0.38645552533333327 0.06832757763671875 0.378369272 0.06216082861328125 0.3719676546666667 0.06092747900390625 0.3709568733333333 0.056487419921875 0.371630728 0.05204736083984375 0.378369272 0.0513073505859375 0.38342318066666664 0.05229403076171875 0.3867924526666667 0.06068080908203125 0.39824797866666667 0.0643808583984375 0.4012803233333333 0.06832757763671875 0.40195417800000005 0.06857424755859375 0.4016172506666667
1 0.09472126318359375 0.37365229133333333 0.09620128271484375 0.373315364 0.09891465234375 0.3702830186666667 0.09990133203125 0.36758760133333335 0.0994079921875 0.36421832866666665 0.0984213125 0.36287062 0.0934879130859375 0.3615229113333333 0.08806117431640625 0.36253369266666663 0.084607794921875 0.37061994600000003 0.08806117431640625 0.373315364 0.09315910205078125 0.37365229133333333 0.09472126318359375 0.37365229133333333
1 0.30932412451171876 0.30525606466666666 0.312530833984375 0.302897574 0.314010853515625 0.2998652293333333 0.314010853515625 0.2954851753333333 0.313024173828125 0.29177897599999997 0.3088307841796875 0.2914420486666667 0.3061174150390625 0.2958221026666667 0.3061174150390625 0.30087601066666664 0.3068574248046875 0.3032345013333333 0.3088307841796875 0.30525606466666666 0.30932412451171876 0.30525606466666666
1 0.2580167734375 0.06907008066666666 0.25974346337890625 0.06671159 0.25999013330078125 0.062331536666666666 0.25925012353515625 0.058625336666666666 0.2580167734375 0.055929919333333335 0.25407005419921874 0.05424528333333333 0.2516033544921875 0.05828841 0.25209669482421876 0.06300539066666667 0.25407005419921874 0.06805929933333334 0.257770103515625 0.069407008 0.2580167734375 0.06907008066666666
1 0.5204736064453125 0.8150269539999999 0.5261470151367188 0.8130053906666667 0.5305870747070313 0.8089622639999999 0.5315737543945313 0.8049191373333333 0.530093734375 0.8008760106666667 0.5263936850585937 0.7988544473333333 0.5204736064453125 0.7988544473333333 0.5115934877929688 0.799528302 0.5088801181640625 0.8012129379999999 0.5088801181640625 0.8086253366666667 0.5108534780273437 0.8130053906666667 0.514800197265625 0.8146900266666667 0.5192402563476562 0.8150269539999999 0.5204736064453125 0.8150269539999999
1 0.530340404296875 0.952156334 0.5315737543945313 0.9511455526666667 0.5325604340820312 0.9481132073333334 0.5342871240234375 0.9393530999999999 0.52960039453125 0.9336253366666667 0.5224469658203125 0.9316037733333332 0.5189935864257812 0.9326145553333334 0.5108534780273437 0.9393530999999999 0.5120868276367188 0.9433962266666668 0.5162802172851563 0.947102426 0.530093734375 0.9524932613333333 0.530340404296875 0.952156334
1 0.6186482485351562 0.98787062 0.6255550073242188 0.9865229113333334 0.628761716796875 0.9848382746666666 0.6304884067382812 0.9824797846666667 0.6307350766601563 0.9743935306666667 0.628761716796875 0.9710242586666666 0.6201282685546875 0.9710242586666666 0.6110014799804687 0.974730458 0.6100148002929687 0.9780997306666667 0.6107548100585938 0.9865229113333334 0.61297483984375 0.98787062 0.617229896484375 0.98787062 0.6186482485351562 0.98787062
1 0.70128268359375 0.8568059299999999 0.7239763198242187 0.8568059299999999 0.7308830786132813 0.8561320753333332 0.7331031079101562 0.8547843666666666 0.7345831279296875 0.8527628033333333 0.7355698076171875 0.8487196766666666 0.7360631474609375 0.8399595686666667 0.7353231376953125 0.83254717 0.7363098173828125 0.8247978433333333 0.7318697583007813 0.82277628 0.71534287109375 0.82277628 0.6956092749023437 0.825471698 0.6938825849609375 0.830862534 0.6941292548828125 0.852425876 0.6961026147460937 0.8564690026666667 0.699555994140625 0.8568059299999999 0.70128268359375 0.8568059299999999
1 0.656882091796875 0.990566038 0.6603354711914062 0.9892183286666667 0.6645288603515624 0.9838274933333334 0.6665022202148437 0.9787735846666666 0.6662555502929688 0.9764150946666666 0.6655155400390625 0.974730458 0.658362111328125 0.9716981133333333 0.6524420327148438 0.9676549866666666 0.6484953134765625 0.96967655 0.6447952641601562 0.9750673853333333 0.643808583984375 0.9787735846666666 0.6465219536132812 0.9831536386666667 0.656388751953125 0.990566038 0.656882091796875 0.990566038
1 0.6805624077148438 0.9656334233333334 0.68426245703125 0.9656334233333334 0.6904292055664063 0.9592318059999999 0.6906758754882812 0.9551886793333333 0.6879625063476562 0.9497978433333333 0.684015787109375 0.9494609166666668 0.6803157373046875 0.9511455526666667 0.6780957080078125 0.9551886793333333 0.6780957080078125 0.9629380053333333 0.6803157373046875 0.9659703506666666 0.6805624077148438 0.9656334233333334
1 0.8068574248046875 0.9356469000000001 0.8108041440429687 0.9326145553333334 0.813024173828125 0.92722372 0.8073507646484375 0.918463612 0.8019240258789062 0.9117250673333333 0.79970399609375 0.9103773586666666 0.7947705971679687 0.9083557953333334 0.786877158203125 0.9097035040000001 0.7747903305664062 0.916778976 0.7735569809570313 0.9194743933333333 0.7735569809570313 0.92351752 0.7750370004882813 0.924528302 0.8061174150390625 0.9356469000000001 0.8068574248046875 0.9356469000000001
1 0.7439565859375 0.980121294 0.7548100639648437 0.9754043126666667 0.755796744140625 0.9703504039999999 0.7550567338867188 0.9690026953333333 0.7511100146484375 0.9673180593333334 0.74148988671875 0.9727088946666667 0.7395165268554688 0.974730458 0.7397631967773437 0.9780997306666667 0.74296990625 0.980121294 0.7439565859375 0.980121294
1 0.7192895903320312 0.6586927226666667 0.729156388671875 0.6549865226666667 0.7303897387695313 0.6489218326666667 0.729156388671875 0.6431940700000001 0.72742969921875 0.640498652 0.7244696596679687 0.6391509433333333 0.7197829306640625 0.6394878706666667 0.712876171875 0.6415094339999999 0.7101628022460937 0.6435309973333334 0.7091761225585937 0.647574124 0.7109028120117188 0.656334232 0.7138628515625 0.6583557953333333 0.7180562407226563 0.6586927226666667 0.7192895903320312 0.6586927226666667
1 0.6805624077148438 0.4632749326666667 0.68426245703125 0.46024258733333334 0.686975826171875 0.44979784333333334 0.68722249609375 0.44575471666666666 0.68426245703125 0.44272237200000003 0.6758756782226563 0.44171159 0.671928958984375 0.44979784333333334 0.670942279296875 0.45754716999999995 0.6734089790039063 0.4615902966666667 0.6785890478515625 0.4632749326666667 0.6805624077148438 0.4632749326666667
1 0.7405032065429688 0.31637466333333336 0.7439565859375 0.31570080866666667 0.7446965961914063 0.3143531 0.7454366059570312 0.307277628 0.743709916015625 0.3035714286666667 0.7358164775390625 0.2998652293333333 0.727676369140625 0.2998652293333333 0.726936359375 0.30424528333333334 0.72940305859375 0.3106469 0.7333497778320313 0.3146900266666667 0.7387765170898437 0.31637466333333336 0.7405032065429688 0.31637466333333336
1 0.7927972373046875 0.40397574133333336 0.7964972866210938 0.4022911053333333 0.8019240258789062 0.3945417786666667 0.800937345703125 0.39083557933333335 0.78663048828125 0.38039083533333334 0.7826837690429688 0.3790431266666667 0.7804637397460937 0.38039083533333334 0.7750370004882813 0.3911725066666667 0.7770103603515625 0.3945417786666667 0.7834237788085937 0.39993261466666663 0.7915638876953125 0.40397574133333336 0.7927972373046875 0.40397574133333336
1 0.6805624077148438 0.14555256066666666 0.6835224467773438 0.144204852 0.6961026147460937 0.14386792466666667 0.7037493833007813 0.139824798 0.7052294028320313 0.13746630733333334 0.7017760234375 0.12904312666666667 0.6961026147460937 0.12533692733333335 0.6916625556640625 0.120619946 0.6879625063476562 0.11859838266666665 0.684015787109375 0.12028301866666667 0.6768623583984374 0.12567385466666667 0.6734089790039063 0.13005390866666666 0.67266896875 0.13409703533333334 0.6741489887695312 0.13814016199999998 0.6768623583984374 0.14353099733333333 0.6798223974609375 0.14555256066666666 0.6805624077148438 0.14555256066666666
1 0.656635421875 0.04716981133333333 0.6630488408203125 0.04380053933333334 0.6734089790039063 0.035377358666666664 0.6736556489257812 0.030997304666666666 0.6692155893554688 0.02661725066666667 0.6605821411132813 0.022237196666666667 0.6539220522460938 0.023921832666666663 0.6494819931640625 0.027291105333333333 0.6482486435546875 0.03369272266666667 0.6484953134765625 0.038409703333333337 0.6524420327148438 0.040768194 0.656388751953125 0.04716981133333333 0.656635421875 0.04716981133333333
1 0.6075481005859374 0.063342318 0.6092747905273438 0.06266846333333334 0.6095214604492187 0.05929919133333333 0.6077947705078125 0.05053908333333334 0.6013813515625 0.044137466 0.5969412924804688 0.044137466 0.5954612729492188 0.046495956666666664 0.5964479526367188 0.055929919333333335 0.600641341796875 0.06132075466666667 0.60594474609375 0.063342318 0.6075481005859374 0.063342318
1 0.6329551059570313 0.22641509466666665 0.6366551552734375 0.224730458 0.6373951650390625 0.21765498666666666 0.6361618154296875 0.21293800533333335 0.6317217563476563 0.21226415066666668 0.62900838671875 0.21327493266666667 0.62802170703125 0.21664420466666665 0.62802170703125 0.22136118600000002 0.62900838671875 0.22506738533333331 0.6324617661132812 0.22641509466666665 0.6329551059570313 0.22641509466666665
1 0.58584114453125 0.4012803233333333 0.5902812036132813 0.39824797866666667 0.5922545634765625 0.394204852 0.5895411938476562 0.390498652 0.5853478046875 0.38780323466666666 0.5809077456054688 0.388140162 0.5781943759765625 0.38982479800000003 0.5764676860351563 0.394204852 0.5777010361328125 0.397574124 0.5816477553710937 0.4012803233333333 0.5844432661132812 0.4012803233333333 0.58584114453125 0.4012803233333333
1 0.530340404296875 0.413072776 0.5355204736328125 0.41004043133333334 0.5355204736328125 0.406334232 0.5340404541015625 0.4033018866666666 0.530093734375 0.4026280326666667 0.5261470151367188 0.4043126686666667 0.5254070053710937 0.40599730466666667 0.5254070053710937 0.41004043133333334 0.5263936850585937 0.412398922 0.5291070546875 0.413072776 0.530340404296875 0.413072776
1 0.5629008388671874 0.4299191373333333 0.5646275283203125 0.42924528333333334 0.5656142080078125 0.42756064666666665 0.5651208681640625 0.4194743933333333 0.5643808583984375 0.41812668466666664 0.5624074985351563 0.41745283000000005 0.557967439453125 0.4177897573333333 0.557474099609375 0.42654986533333333 0.558214109375 0.42823450133333335 0.5611741489257812 0.4299191373333333 0.5629008388671874 0.4299191373333333
1 0.72890971875 0.5646900266666667 0.7372964970703125 0.5603099733333333 0.7387765170898437 0.5566037733333333 0.7380365073242188 0.5535714286666666 0.7355698076171875 0.5518867926666666 0.7313764184570313 0.5522237200000001 0.7254563393554687 0.5562668466666667 0.7229896396484375 0.5603099733333333 0.7234829799804687 0.5623315366666667 0.7249629995117187 0.5643530999999999 0.7275530341796875 0.5646900266666667 0.72890971875 0.5646900266666667
1 0.4082387763671875 0.6758760106666667 0.41218549560546874 0.6741913746666667 0.415885544921875 0.6708221026666666 0.414898865234375 0.6664420486666667 0.412925505859375 0.6627358493333334 0.4074987666015625 0.6593665766666666 0.40330537744140627 0.6593665766666666 0.398371978515625 0.6617250673333333 0.39738529833984376 0.663072776 0.39689195849609377 0.6671159026666666 0.3986186484375 0.6714959566666666 0.40281203759765627 0.6752021566666666 0.406882091796875 0.6758760106666667 0.4082387763671875 0.6758760106666667
1 0.8672915639648437 0.07580862533333332 0.8734583129882812 0.073787062 0.8764183520507812 0.071091644 0.8783917119140625 0.06704851733333334 0.8793783916015625 0.06266846333333334 0.8774050322265625 0.060309973333333336 0.8744449926757812 0.05896226400000001 0.8704982734375 0.05896226400000001 0.8635915146484375 0.062331536666666666 0.8598914653320312 0.07075471666666666 0.8601381352539063 0.07446091666666667 0.8655648740234375 0.07580862533333332 0.8672915639648437 0.07580862533333332
1 0.8899851997070313 0.04716981133333333 0.8936852490234375 0.046495956666666664 0.8963986186523437 0.04278975733333333 0.8973852983398437 0.038746630666666664 0.8941785888671875 0.034703504 0.88702516015625 0.03504043133333334 0.8833251108398438 0.039083558000000004 0.88406512109375 0.04380053933333334 0.8892451899414062 0.04716981133333333 0.8899851997070313 0.04716981133333333
1 0.9647261962890625 0.07917789733333333 0.9681795756835937 0.07749326133333333 0.969906265625 0.075471698 0.97039960546875 0.07446091666666667 0.969659595703125 0.07008086266666667 0.9634928466796875 0.061657682000000005 0.9602861372070313 0.0606469 0.95633941796875 0.062331536666666666 0.9546127280273438 0.06671159 0.955599408203125 0.07075471666666666 0.9602861372070313 0.07850404333333334 0.9632461767578125 0.07917789733333333 0.9647261962890625 0.07917789733333333
1 0.9331524418945313 0.30660377333333333 0.9385791811523437 0.3035714286666667 0.944499259765625 0.2981805926666667 0.9481993090820312 0.29245283 0.9481993090820312 0.28773584933333335 0.9447459301757812 0.283018868 0.9398125307617188 0.282008086 0.9368524912109375 0.283018868 0.929945732421875 0.28773584933333335 0.9250123334960938 0.294137466 0.9250123334960938 0.30087601066666664 0.928465712890625 0.305592992 0.9319190922851562 0.30660377333333333 0.9331524418945313 0.30660377333333333
1 0.9407992104492188 0.276954178 0.944005919921875 0.275269542 0.9452392700195312 0.27324797866666667 0.9516526884765625 0.25235849066666666 0.9509126787109375 0.248315364 0.9447459301757812 0.24359838266666667 0.9309324125976562 0.2365229113333333 0.9245189936523438 0.235175202 0.9215589541015625 0.2365229113333333 0.9163788852539062 0.24561994599999998 0.912925505859375 0.25640161733333333 0.912925505859375 0.26010781666666666 0.9173655649414062 0.263814016 0.9368524912109375 0.2756064693333333 0.9405525405273437 0.276954178 0.9407992104492188 0.276954178
1 0.8894918598632813 0.24359838266666667 0.8926985693359375 0.240566038 0.8931919091796875 0.2365229113333333 0.8894918598632813 0.23281671133333334 0.885298470703125 0.23146900266666667 0.8825851010742187 0.23281671133333334 0.8801184013671876 0.2358490566666667 0.8801184013671876 0.2371967653333333 0.8833251108398438 0.241239892 0.8889985200195313 0.24359838266666667 0.8894918598632813 0.24359838266666667
1 0.8704982734375 0.14656334199999999 0.8737049829101563 0.14588948799999998 0.8751850024414063 0.141509434 0.8734583129882812 0.13948787066666668 0.8695115932617188 0.13780323466666666 0.8658115439453125 0.13948787066666668 0.8643315244140625 0.141509434 0.8658115439453125 0.14555256066666666 0.8690182534179688 0.14656334199999999 0.8704982734375 0.14656334199999999
1 0.9779669462890626 0.416829178 0.9838473115234375 0.40996731799999997 0.9834195854492187 0.39989386800000004 0.97508016796875 0.400915768 0.9687720771484375 0.4080694073333333 0.969092748046875 0.416537062 0.9779669462890626 0.416829178
1 0.9179257524414063 0.89969407 0.9127185498046875 0.8831030999999999 0.8926334482421875 0.8949538406666667 0.8993325112304688 0.9107301213333333 0.9179257524414063 0.89969407
1 0.87626763671875 0.859824798 0.8673408979492188 0.8467890833333332 0.8519671928710938 0.8606711593333333 0.8602740502929688 0.8698130053333333 0.87626763671875 0.859824798
1 0.8716803159179688 0.987699124 0.8688288110351563 0.9770336926666667 0.852959052734375 0.9694154313333333 0.8333697583007813 0.9777109166666668 0.849665515625 0.9934342993333333 0.8716803159179688 0.987699124
1 0.8296502221679688 0.9096543126666667 0.8239472124023437 0.8991580186666667 0.8110530341796875 0.91100876 0.8168801181640625 0.9193042453333334 0.8296502221679688 0.9096543126666667
1 0.8639935864257813 0.771903976 0.8630017265625 0.7625926546666666 0.8561825356445313 0.7631004039999999 0.8569203256835938 0.772762466 0.8639935864257813 0.771903976
1 0.7871040947265625 0.17815599733333332 0.786484212890625 0.17240026933333336 0.77296990625 0.17578605133333333 0.77432782421875 0.18163679266666669 0.7871040947265625 0.17815599733333332
1 0.7397631967773437 0.36758760133333335 0.7439565859375 0.3669137466666667 0.7456832758789063 0.3648921833333333 0.7466699555664063 0.36219676533333334 0.7456832758789063 0.35815363866666666 0.742229896484375 0.35680593 0.7387765170898437 0.3574797846666667 0.7363098173828125 0.35916442066666665 0.7372964970703125 0.36623989199999996 0.7395165268554688 0.36758760133333335 0.7397631967773437 0.36758760133333335
1 0.7945239267578125 0.558962264 0.798470646484375 0.5566037733333333 0.800937345703125 0.5515498653333333 0.801430685546875 0.5481805926666666 0.799457326171875 0.5444743933333334 0.7910705473632812 0.544137466 0.786383818359375 0.549528302 0.785397138671875 0.552897574 0.785397138671875 0.5566037733333333 0.7886038481445312 0.5586253366666667 0.7929617661132813 0.558962264 0.7945239267578125 0.558962264
1 0.7113961518554688 0.584231806 0.7123828315429688 0.5838948786666667 0.712629501953125 0.5795148246666667 0.7109028120117188 0.572102426 0.7079427724609375 0.5704177899999999 0.7035027133789062 0.5704177899999999 0.7025160336914062 0.572102426 0.7020226938476563 0.5761455526666667 0.7035027133789062 0.5822102426666667 0.7069560927734375 0.584231806 0.7099161323242188 0.584231806 0.7113961518554688 0.584231806
1 0.7222496298828125 0.7564016173333333 0.72742969921875 0.7537061993333334 0.72890971875 0.7496630726666668 0.727676369140625 0.7459568733333334 0.7237296499023438 0.7435983826666667 0.7158362109375 0.7446091646666667 0.7123828315429688 0.7496630726666668 0.712876171875 0.7537061993333334 0.7158362109375 0.75606469 0.7206874692382812 0.7564016173333333 0.7222496298828125 0.7564016173333333
1 0.7395165268554688 0.7958221026666666 0.7461766157226563 0.7931266846666667 0.7461766157226563 0.7894204853333334 0.741736556640625 0.781334232 0.7313764184570313 0.7681940700000001 0.72742969921875 0.7675202153333333 0.7229896396484375 0.7712264153333334 0.7212629501953125 0.7735849053333334 0.7217562900390625 0.776954178 0.7266896889648438 0.7900943393333334 0.7316230883789062 0.7948113206666667 0.7387765170898437 0.7958221026666666 0.7395165268554688 0.7958221026666666
1 0.7614701528320312 0.836927224 0.7631968427734375 0.8365902966666666 0.7654168720703125 0.8328840973333334 0.7659102119140625 0.8285040433333334 0.7646768623046875 0.8268194073333334 0.758756783203125 0.8224393533333334 0.7550567338867188 0.8217654986666666 0.7513566845703125 0.8231132073333334 0.7501233349609375 0.8291778973333334 0.7513566845703125 0.8328840973333334 0.756290083984375 0.8362533693333333 0.7597434633789063 0.836927224 0.7614701528320312 0.836927224
1 0.6884558461914062 0.6738544473333333 0.6921558955078125 0.6731805926666666 0.6928959052734375 0.6711590293333334 0.6931425751953125 0.6654312666666666 0.6921558955078125 0.6627358493333334 0.6882091762695313 0.6623989220000001 0.68623581640625 0.6644204853333333 0.68524913671875 0.6708221026666666 0.6882091762695313 0.6738544473333333 0.6884558461914062 0.6738544473333333
1 0.728169708984375 0.19339622666666667 0.7308830786132813 0.190026954 0.7308830786132813 0.188342318 0.7279230390625 0.18429919133333333 0.7237296499023438 0.18429919133333333 0.7220029599609376 0.18901617266666665 0.7234829799804687 0.19171159 0.7266896889648438 0.19339622666666667 0.728169708984375 0.19339622666666667
1 0.6687222495117188 0.25640161733333333 0.670942279296875 0.25303234533333335 0.67217562890625 0.248315364 0.67217562890625 0.2449460913333333 0.6645288603515624 0.242924528 0.6618154907226562 0.24427223733333336 0.6600888012695313 0.251684636 0.6605821411132813 0.25505390866666666 0.6630488408203125 0.25640161733333333 0.6673038974609375 0.25640161733333333 0.6687222495117188 0.25640161733333333
1 0.743709916015625 0.19440700800000002 0.7471632954101562 0.19373315333333335 0.7481499750976562 0.19171159 0.7486433154296875 0.188342318 0.7471632954101562 0.18396226400000001 0.74296990625 0.18328841 0.7402565366210937 0.18530997333333335 0.7397631967773437 0.1893531 0.741243216796875 0.19305929933333335 0.743216576171875 0.19440700800000002 0.743709916015625 0.19440700800000002
1 0.4921065615234375 0.12432614533333333 0.4945732607421875 0.123989218 0.498273310546875 0.11758760133333333 0.4990133203125 0.11421832866666667 0.49777997021484377 0.11152291133333334 0.4945732607421875 0.11051212933333333 0.4901332016601562 0.11388140133333334 0.48914652197265623 0.11893531 0.4908732114257813 0.12432614533333333 0.4921065615234375 0.12432614533333333
1 0.542427232421875 0.260444744 0.5453872719726562 0.25741239866666665 0.5458806118164062 0.25505390866666666 0.5451406020507813 0.25235849066666666 0.54168722265625 0.2503369273333333 0.5389738530273438 0.25202156333333336 0.5372471630859375 0.25606469 0.5382338432617187 0.258760108 0.541440552734375 0.260444744 0.542427232421875 0.260444744
1 0.6174148989257813 0.2884097033333333 0.6211149482421875 0.28436657666666665 0.6211149482421875 0.2816711593333333 0.6201282685546875 0.278638814 0.6171682290039062 0.276954178 0.61396151953125 0.2799865226666667 0.6134681796875 0.2826819406666667 0.614701529296875 0.28706199466666665 0.6166748891601562 0.2884097033333333 0.6174148989257813 0.2884097033333333
1 0.6174094721679687 0.59583659 0.6198889985351562 0.59583659 0.6231124814453125 0.593466644 0.6262121362304688 0.5865252693333334 0.6264600395507812 0.583139488 0.6233606313476563 0.5819545146666667 0.6190212133789063 0.5853402966666666 0.6164176123046875 0.589403302 0.6150027133789062 0.5955390833333334 0.6174094721679687 0.59583659
1 0.6197651704101562 0.6603948786666667 0.6236085346679687 0.6598871293333334 0.6239805131835937 0.651083558 0.6202609770507812 0.6504066713333333 0.61579773046875 0.6509144206666666 0.6153016772460937 0.6556546493333334 0.6159215590820313 0.6598871293333334 0.6197651704101562 0.6603948786666667
1 0.6182772568359375 0.8627880726666667 0.6191450419921875 0.8582169813333334 0.6201369018554688 0.8505987199999999 0.6165414404296875 0.8487365226666668 0.6130700541992188 0.8494137466666666 0.612698076171875 0.855846698 0.6124913666992188 0.8619460913333334 0.6182772568359375 0.8627880726666667
1 0.6367506166992187 0.531278302 0.6348909716796876 0.524337264 0.6300555009765625 0.5236600406666666 0.6257160830078125 0.5265380726666666 0.6262121362304688 0.5329713613333333 0.6367506166992187 0.531278302
1 0.6446854956054687 0.52670721 0.6451815493164063 0.5233214286666666 0.6459252587890625 0.5170576146666667 0.6392303896484375 0.5158726413333333 0.6331551552734375 0.5126559973333333 0.6322873706054688 0.517226752 0.630907251953125 0.524268868 0.6446854956054687 0.52670721
1 0.43850197314453127 0.12705727733333333 0.43490651220703125 0.11436017533333334 0.43180710400390626 0.11182075466666667 0.426475826171875 0.11639184666666667 0.4208966455078125 0.12163982466666666 0.424740009765625 0.13078167133333332 0.427495806640625 0.137045148 0.43850197314453127 0.12705727733333333
1 0.43850197314453127 0.10758827466666666 0.4471808090820312 0.09844642866666667 0.4376341884765625 0.09201347733333334 0.42833547119140625 0.09201347733333334 0.421144548828125 0.10115532333333334 0.42861174169921873 0.10693632066666667 0.43850197314453127 0.10758827466666666
1 0.4538759248046875 0.13428099733333332 0.442221509765625 0.11836725066666666 0.4331709423828125 0.119552224 0.4284595458984375 0.12615464933333334 0.42597977294921874 0.13411152266666668 0.4358665517578125 0.14276212933333332 0.4476768623046875 0.1408834233333333 0.4538759248046875 0.13428099733333332
1 0.4455690673828125 0.114726752 0.4393700048828125 0.09881300533333333 0.42808756787109375 0.10270687333333332 0.42916995556640625 0.11608322133333333 0.4455690673828125 0.114726752
1 0.21214035498046874 0.8262058626666667 0.213380365234375 0.8206189353333333 0.21238825830078126 0.8158790433333334 0.2092888505859375 0.8155404313333333 0.20569338916015625 0.8182489893333333 0.205569314453125 0.8245128033333333 0.20790034521484374 0.8287880726666668 0.21214035498046874 0.8262058626666667
1 0.1270885546875 0.9817311320000001 0.1326677353515625 0.9778376013333333 0.1352713369140625 0.9683571426666667 0.133659595703125 0.96293969 0.12808041455078126 0.9609080186666666 0.1248566845703125 0.9642941373333334 0.12374099658203125 0.971912062 0.12386482470703125 0.9783453506666666 0.1270885546875 0.9817311320000001
1 0.4478850517578125 0.5090798519999999 0.45058386767578124 0.5132082213333333 0.4559812529296875 0.51011186 0.45382215087890626 0.503329852 0.4579242724609375 0.495957884 0.449504193359375 0.492714286 0.44086852490234374 0.495957884 0.43525530322265626 0.5080478433333333 0.447129501953125 0.510259434 0.4478850517578125 0.5090798519999999
1 0.5534252587890625 0.4777341646666666 0.5405816479492187 0.47636758733333334 0.5347437099609375 0.488667116 0.5462528369140625 0.49067284333333333 0.5534252587890625 0.4777341646666666
1 0.6510037001953125 0.46998989199999996 0.6511706958007812 0.45814588933333333 0.6363253579101562 0.45723483800000003 0.6363253579101562 0.46880087600000003 0.6510037001953125 0.46998989199999996
1 0.43199432666015625 0.15903504066666665 0.43032634423828126 0.149468666 0.42582264453125 0.15356873333333335 0.42915860888671875 0.16108490533333333 0.43199432666015625 0.15903504066666665
1 0.3924625063476562 0.46592722400000003 0.3841223481445312 0.457727426 0.3782844106445313 0.455449798 0.37044474609375 0.46137196733333335 0.3778675380859375 0.4684588946666667 0.3924625063476562 0.46592722400000003
1 0.38801184033203123 0.5879380053333333 0.3936852490234375 0.590296496 0.400345337890625 0.586927224 0.40429205712890626 0.58254717 0.41317217578125 0.5761455526666667 0.4077454365234375 0.5646900266666667 0.40429205712890626 0.5623315366666667 0.399851998046875 0.5623315366666667 0.3865318203125 0.5680592993333333 0.3835717807617188 0.575471698 0.38406512109375 0.5778301886666667 0.38801184033203123 0.5879380053333333
1 0.0370004931640625 0.9474393533333334 0.04168722265625 0.947102426 0.04464726220703125 0.9457547166666667 0.04588061181640625 0.9430592993333333 0.04464726220703125 0.9390161726666667 0.04045387255859375 0.9363207546666666 0.0362604833984375 0.9376684633333333 0.03330044384765625 0.9430592993333333 0.03379378369140625 0.9450808626666667 0.0370004931640625 0.9474393533333334
1 0.03305377392578125 0.9791105120000001 0.03922052294921875 0.9787735846666666 0.04094721240234375 0.9767520213333334 0.042427232421875 0.9710242586666666 0.041440552734375 0.9676549866666666 0.0370004931640625 0.9666442046666666 0.0355204736328125 0.9676549866666666 0.03182042431640625 0.9733827493333334 0.03157375439453125 0.9770889486666666 0.03305377392578125 0.9791105120000001
1 0.07254538720703126 0.8456024260000001 0.07414824853515625 0.8442345013333333 0.07364726220703124 0.8399939353333332 0.07274568310546875 0.8391731806666667 0.070040947265625 0.8393099733333333 0.0698406513671875 0.842592992 0.07054193408203124 0.8448969000000001 0.07254538720703126 0.8456024260000001
1 0.1226334482421875 0.710143194 0.11862654150390625 0.706723046 0.11572126318359376 0.7153413073333332 0.12012900830078126 0.7190808626666667 0.1226334482421875 0.710143194
1 0.2677387763671875 0.8809888813333334 0.2664366059570312 0.8778426546666667 0.26242945263671874 0.8748332213333333 0.2595244204101563 0.8759275606666667 0.25892328564453126 0.8796209566666666 0.26112728173828126 0.881262466 0.26663690185546873 0.88481907 0.2677387763671875 0.8809888813333334
1 0.21424469677734376 0.9049278973333333 0.21284213134765625 0.8971307279999999 0.206631228515625 0.899045822 0.20728243701171875 0.90606031 0.21424469677734376 0.9049278973333333
1 0.289226689453125 0.9622526953333332 0.2897274296875 0.9554130726666668 0.289326837890625 0.9492574126666666 0.28622126318359375 0.9481630726666668 0.284017513671875 0.9529508086666666 0.28411766162109375 0.9610215633333334 0.289226689453125 0.9622526953333332
1 0.4219602861328125 0.9737479786666666 0.42005673388671877 0.9678659026666666 0.4093379379882813 0.9726536386666667 0.41329501708984373 0.9791280326666667 0.4219602861328125 0.9737479786666666
1 0.3999213125 0.9939935986666666 0.400422298828125 0.9897526953333333 0.39791785888671877 0.9867432613333333 0.39320966943359376 0.9889319406666667 0.395112974609375 0.9953426546666666 0.3999213125 0.9939935986666666
1 0.46453502734375 0.9641725066666667 0.46924346337890627 0.9628045820000001 0.4695439072265625 0.9582904313333334 0.46673902294921876 0.9558281673333333 0.46393413916015624 0.9578800540000001 0.46213073486328127 0.96102628 0.4642345830078125 0.9637345013333334 0.46453502734375 0.9641725066666667
1 0.4711467685546875 0.8671856466666666 0.47044548583984375 0.8593884773333332 0.46333300439453123 0.8587045146666666 0.4642345830078125 0.8682948113333333 0.4711467685546875 0.8671856466666666
1 0.5678167241210937 0.9589777626666667 0.561405525390625 0.9562415766666666 0.5586006411132812 0.9628079513333334 0.564611248046875 0.9661974393333334 0.5678167241210937 0.9589777626666667
1 0.5869504194335937 0.9894824799999999 0.580539220703125 0.9879777626666667 0.5761314750976563 0.9961856466666666 0.5823423779296875 0.9978055926666666 0.5869504194335937 0.9894824799999999
1 0.7257947705078125 0.9554140833333332 0.7278983720703125 0.9398194073333334 0.7181813022460938 0.9376307279999999 0.7158774052734375 0.9539090293333333 0.7257947705078125 0.9554140833333332
1 0.8864274790039063 0.9010320079999999 0.8871285151367188 0.8954235173333334 0.8832217563476562 0.8946027626666667 0.882320177734375 0.9006216306666667 0.8864274790039063 0.9010320079999999
1 0.9332096694335937 0.8132621293333333 0.9290022202148438 0.8123045820000001 0.9258968920898437 0.8173659026666666 0.9320076469726563 0.8188305253333333 0.9332096694335937 0.8132621293333333
1 0.77803675390625 0.8371957546666666 0.7703231376953125 0.83582783 0.7698221508789063 0.8421202833333333 0.7766341884765625 0.8444865226666668 0.77803675390625 0.8371957546666666
1 0.760505919921875 0.8086057953333334 0.7560981748046876 0.8068274933333334 0.754094474609375 0.8117523586666666 0.7593036508789063 0.8138042453333334 0.760505919921875 0.8086057953333334
1 0.7161277749023438 0.8184521566666667 0.717029353515625 0.8087398920000001 0.711820177734375 0.8083295146666666 0.7114193388671874 0.8171886793333333 0.7161277749023438 0.8184521566666667
1 0.6682434633789063 0.7789161053333334 0.66894474609375 0.7744019539999999 0.6651381352539063 0.7734444073333334 0.6622328564453125 0.7760434633333333 0.664236556640625 0.7786020886666667 0.6682434633789063 0.7789161053333334
1 0.6779605327148438 0.7184535040000001 0.6793630981445312 0.709014488 0.6751556489257813 0.7094248653333334 0.67520572265625 0.7174386793333333 0.6779605327148438 0.7184535040000001
1 0.12578909716796874 0.8919322773333334 0.1264903798828125 0.8833143533333333 0.12078021728515625 0.8823568059999999 0.11497015283203126 0.894394542 0.120379625 0.8958992586666666 0.12578909716796874 0.8919322773333334
1 0.16260384814453124 0.4732250673333333 0.1657094228515625 0.45215902933333335 0.1498813515625 0.45626280333333336 0.14908016796875 0.47814959599999995 0.16260384814453124 0.4732250673333333
1 0.11602195361328126 0.43273416466666664 0.11602195361328126 0.41919171133333333 0.1094102119140625 0.418644542 0.110211642578125 0.43214588933333337 0.11602195361328126 0.43273416466666664
1 0.22396176611328125 0.339737534 0.2106383818359375 0.3301617253333333 0.2027244697265625 0.34001111866666667 0.21704958056640625 0.34849225066666667 0.22396176611328125 0.339737534
1 0.2037261962890625 0.2924066713333333 0.19450986669921874 0.2876189353333333 0.19270670947265625 0.2970576146666667 0.2033256044921875 0.300204178 0.2037261962890625 0.2924066713333333
1 0.21214109521484376 0.291449124 0.20572964990234374 0.283651954 0.20122175634765624 0.2899444073333333 0.2074326591796875 0.29842587600000003 0.21214109521484376 0.291449124
1 0.220455599609375 0.2935010106666667 0.2234610263671875 0.293227426 0.22436260498046876 0.28939723733333333 0.2232604833984375 0.28748214266666666 0.21925357666015624 0.28789252 0.2179511591796875 0.2910387466666666 0.220455599609375 0.2935010106666667
1 0.257520966796875 0.2943217653333333 0.25551726708984374 0.28693497333333334 0.25050863330078127 0.28734535066666667 0.252311791015625 0.295005728 0.257520966796875 0.2943217653333333
1 0.28977750390625 0.2608076146666667 0.2926827822265625 0.25807142866666666 0.2921817958984375 0.25095822133333334 0.284969166015625 0.2523261453333333 0.285069314453125 0.2613547846666667 0.28977750390625 0.2608076146666667
1 0.17207054736328126 0.3218173853333333 0.17076813037109376 0.31826078199999996 0.1645572275390625 0.3218173853333333 0.16696151953125 0.325510782 0.17207054736328126 0.3218173853333333
1 0.1782814501953125 0.29473214266666664 0.17377355712890624 0.281873652 0.164256783203125 0.28324157666666666 0.168564380859375 0.29582648266666667 0.1782814501953125 0.29473214266666664
1 0.2482044892578125 0.17446260133333333 0.2460004931640625 0.16885411066666667 0.23999013330078126 0.17131637466666666 0.2423941787109375 0.17583052533333335 0.2482044892578125 0.17446260133333333
1 0.3216336953125 0.13287264133333335 0.31852812060546876 0.13396698133333332 0.3159235322265625 0.13834433933333334 0.31732609765625 0.142721698 0.322635421875 0.14190094333333333 0.3216336953125 0.13287264133333335
1 0.4687424765625 0.21878942066666665 0.4705456337890625 0.21044474400000002 0.46052812060546877 0.20839285733333335 0.46012728173828127 0.21701078199999999 0.4687424765625 0.21878942066666665
1 0.5495846079101563 0.30520586266666666 0.551888751953125 0.2998709566666667 0.5474810063476563 0.29822944733333334 0.5456778491210937 0.30342756066666665 0.5495846079101563 0.30520586266666666
1 0.6040806611328124 0.11480188666666667 0.6012757768554687 0.10960377333333333 0.5969681796875 0.11562264133333335 0.599572767578125 0.12109433933333334 0.6040806611328124 0.11480188666666667
1 0.568918845703125 0.11124528333333335 0.568918845703125 0.10686792466666666 0.563509126953125 0.10755188666666667 0.5632086826171875 0.11110849066666666 0.568918845703125 0.11124528333333335
1 0.5015503208007812 0.07909669800000001 0.5019509125976562 0.06938409733333332 0.496741736328125 0.069110512 0.496841884765625 0.07882311333333333 0.5015503208007812 0.07909669800000001
1 0.2587730634765625 0.120625674 0.25927405029296874 0.11296495933333334 0.25055870751953124 0.113101752 0.25055870751953124 0.12089925866666666 0.2587730634765625 0.120625674
1 0.2757027626953125 0.10489420466666667 0.273398865234375 0.10338948799999999 0.27149556005859377 0.108314016 0.2737994575195313 0.110639488 0.2757027626953125 0.10489420466666667
1 0.8346361616210938 0.13307681933333335 0.8180069067382812 0.11009535066666666 0.8020789345703125 0.120901954 0.8191090283203125 0.14744002666666667 0.8346361616210938 0.13307681933333335
1 0.9570515541992187 0.181787062 0.9528443510742187 0.174537062 0.9438283178710938 0.18069272266666667 0.9481359150390625 0.18753234533333332 0.9570515541992187 0.181787062
1 0.9424259990234375 0.2180373986666667 0.9296033544921875 0.21024022933333333 0.9247947705078124 0.22309872 0.9361147016601562 0.22966475733333333 0.9424259990234375 0.2180373986666667
1 0.8491618154296875 0.361515162 0.8516662553710937 0.3563170486666667 0.8490616674804687 0.34838308599999995 0.8387434633789063 0.3425010106666667 0.8313305375976563 0.3460576146666666 0.8342355698242188 0.3576849733333333 0.8458559448242188 0.3624727086666667 0.8491618154296875 0.361515162
1 0.8397802172851563 0.509262466 0.8375498271484375 0.5033163746666667 0.8334079921875 0.505346698 0.8351070546875 0.511582884 0.8397802172851563 0.509262466
1 0.1862876171875 0.5814123986666667 0.18715120849609376 0.583639488 0.1917562900390625 0.583639488 0.19568968896484376 0.58521159 0.1981842626953125 0.5795781673333333 0.19338727197265626 0.575385782 0.18676739013671875 0.5772200133333333 0.18273803662109375 0.5732897573333333 0.17765318212890624 0.578268194 0.18149062646484376 0.5831580186666667 0.1862876171875 0.5814123986666667
1 0.15808140087890624 0.5635950133333333 0.1599042919921875 0.5529834906666666 0.1548194375 0.5494464286666666 0.1545318203125 0.5621539759999999 0.15808140087890624 0.5635950133333333
1 0.16805920068359376 0.5493153639999999 0.16249481982421876 0.5460400946666667 0.159424765625 0.5516735173333334 0.1644134189453125 0.5563898246666666 0.16805920068359376 0.5493153639999999
1 0.45204736083984376 0.6074029646666667 0.45360976806640624 0.603269542 0.45273088330078126 0.598869272 0.44687222509765623 0.597402628 0.441111248046875 0.6018025606666667 0.44623754296875 0.6065539086666667 0.45204736083984376 0.6074029646666667
1 0.494620375 0.6276698113333333 0.49169092236328127 0.623403302 0.4856371484375 0.623403302 0.482024173828125 0.6282031673333334 0.484270103515625 0.6307365226666667 0.49130044384765625 0.6310033693333333 0.494620375 0.6276698113333333
1 0.3514736064453125 0.7504969673333334 0.3465915146484375 0.7396967653333333 0.33926813037109377 0.7428969000000001 0.3434669462890625 0.7535636793333333 0.3514736064453125 0.7504969673333334
1 0.34327158349609377 0.7352964959999999 0.34239269873046874 0.7306297166666667 0.33926813037109377 0.7256964286666666 0.336924765625 0.7278298519999999 0.3370222001953125 0.734630054 0.34239269873046874 0.7381927226666667 0.34327158349609377 0.7352964959999999
1 0.37608016796875 0.6859622639999999 0.37383423779296876 0.6802287733333333 0.3708073505859375 0.6755619946666667 0.3659250122070313 0.6819619273333334 0.3721255551757813 0.6909787733333332 0.37608016796875 0.6859622639999999
1 0.653639615234375 0.61684872 0.6561963491210937 0.6142584233333334 0.6528149975585937 0.6099791106666667 0.650010853515625 0.6095286386666666 0.64572249609375 0.6127944746666667 0.64885619140625 0.61688376 0.653639615234375 0.61684872
1 0.6859684262695313 0.6436516173333333 0.6870404541015624 0.636894542 0.6820922543945312 0.6359935986666667 0.681927232421875 0.6444400266666667 0.6859684262695313 0.6436516173333333
1 0.712524173828125 0.6098665766666667 0.7128539711914063 0.6036725066666667 0.706338677734375 0.6047985173333333 0.7074109521484375 0.6106546493333334 0.712524173828125 0.6098665766666667
1 0.7486425751953125 0.4015478433333334 0.747771830078125 0.40055727733333335 0.7437086826171875 0.40105256066666667 0.7431282685546875 0.404619272 0.7474092255859375 0.40549292466666664 0.7486425751953125 0.4015478433333334
1 0.9040569809570312 0.6637429246666666 0.904589541015625 0.657777628 0.8991556489257813 0.6497752693333334 0.8928692651367187 0.6500663746666666 0.8891398618164063 0.6603965633333333 0.8900989145507813 0.66694407 0.8965984213867187 0.6717452833333334 0.9040569809570312 0.6637429246666666
1 0.02130463720703125 0.40410714266666664 0.01523384326171875 0.395510108 0.00646497265625 0.39320721000000003 0.00758929443359375 0.40379986533333334 0.01332264453125 0.41270384066666665 0.0213608779296875 0.4175053906666667 0.02130463720703125 0.40410714266666664
1 0 0.455849164 0.00112481494140625 0.46288207533333336 0.01545880615234375 0.46416341000000005 0.0144469658203125 0.45525943399999996 0 0.454804148 0 0.455849164
1 0.01118672900390625 0.34807345 0.01422224951171875 0.3440818733333333 0.01770720263671875 0.33471731800000004 0.01332264453125 0.329958558 0.0041040947265625 0.336559636 0.00365441552734375 0.3463847706666666 0.006240009765625 0.353139488 0.009163048828125 0.35805188666666665 0.01118672900390625 0.34807345
1 0.01613320166015625 0.21200741266666667 0.01410976806640625 0.20494575466666667 0.00477873681640625 0.20832311333333334 0.0078140107421875 0.21630592999999998 0.01613320166015625 0.21200741266666667
1 0.01635816455078125 0.024692048666666664 0.0054531328125 0.019932951333333334 0.00342945263671875 0.029143867999999996 0.01377232373046875 0.03282816733333334 0.01635816455078125 0.024692048666666664
1 0.05750493359375 0.19627661733333332 0.0532328564453125 0.19121057933333335 0.04974765673828125 0.19689083533333332 0.05491909228515625 0.20075774933333332 0.05750493359375 0.19627661733333332
1 0.50226418359375 0.328791442 0.5004536259765625 0.324199798 0.4950219536132813 0.32684872 0.4965737543945313 0.333383086 0.50226418359375 0.328791442
1 0.52140478515625 0.3978419813333333 0.515455599609375 0.3944865226666667 0.5115757275390626 0.40702526933333333 0.517783423828125 0.4106842993333333 0.52140478515625 0.3978419813333333
1 0.6322301430664062 0.42368564666666664 0.62719240234375 0.42118396199999997 0.6253606313476563 0.428313342 0.6293448447265625 0.4309053233333333 0.6322301430664062 0.42368564666666664
1 0.7450629008789063 0.02404177866666667 0.7293384311523438 0.007893530666666667 0.7168630981445312 0.016766172666666666 0.734276763671875 0.033269542 0.7450629008789063 0.02404177866666667
1 0.5875599409179687 0.039657682 0.5950971879882813 0.034689016 0.5911985693359375 0.027235849333333333 0.57937296484375 0.028655660666666666 0.5792429697265625 0.036641172666666666 0.584571041015625 0.03912533666666666 0.5875599409179687 0.039657682
1 0.5774237788085937 0.020670148 0.5771637890625 0.010377695333333332 0.565208189453125 0.007361186 0.5662476567382813 0.016943396 0.5754743461914062 0.020165768 0.5774237788085937 0.020670148
1 0.3601218549804687 0.022755728 0.368124568359375 0.018657682 0.370375431640625 0.013022911333333333 0.36637395166015624 0.009436994666666667 0.3674995068359375 0.006193059333333333 0.3621225947265625 0.006022237333333333 0.3566206215820312 0.013705862666666666 0.3568707451171875 0.022926212666666668 0.3601218549804687 0.022755728
1 0.45515441552734376 0.06322338266666667 0.45978095703125 0.053490566 0.4465263935546875 0.05075842333333334 0.43627281689453123 0.053661388 0.433897138671875 0.06305256066666666 0.44815194873046876 0.06872911066666666 0.45515441552734376 0.06322338266666667
1 0.494042673828125 0.045806940666666664 0.4927923037109375 0.041196428666666667 0.48816576220703123 0.03795215666666667 0.48729033056640625 0.047514150666666664 0.4924171186523438 0.04977088933333333 0.494042673828125 0.045806940666666664
1 0.39738455859375 0.09549494600000001 0.3961341884765625 0.08593295133333334 0.39075727685546874 0.088152628 0.39188283154296877 0.09614184666666667 0.39738455859375 0.09549494600000001
1 0.41989245166015626 0.14367419133333334 0.42101776025390625 0.13223416466666665 0.4080133203125 0.12779447466666666 0.403261716796875 0.142137466 0.41989245166015626 0.14367419133333334
1 0.3845051801757812 0.127623652 0.385755796875 0.12335512133333333 0.3830046865234375 0.12079380066666666 0.37950345361328125 0.12318429933333334 0.38012876171875 0.12779447466666666 0.382879625 0.12779447466666666 0.3845051801757812 0.127623652
1 0.387131228515625 0.31462971666666667 0.38563073486328125 0.305579852 0.3808791318359375 0.305921496 0.382379625 0.3153126686666667 0.387131228515625 0.31462971666666667
1 0.41414035498046875 0.470579852 0.41188949169921873 0.4683601753333333 0.4067629501953125 0.46887230466666663 0.4067629501953125 0.474165768 0.4092636899414063 0.47638544466666666 0.41476566357421873 0.4762146226666667 0.41414035498046875 0.470579852
1 0.39725949658203125 0.4383082886666667 0.398259990234375 0.43386859866666666 0.39788480517578123 0.42925842333333336 0.39350838671875 0.430795148 0.39375851025390624 0.440723046 0.39725949658203125 0.4383082886666667
1 0.3773778984375 0.43625909733333335 0.3777528369140625 0.43045384066666664 0.3725012333984375 0.43062432600000006 0.373126294921875 0.437648922 0.3773778984375 0.43625909733333335
1 0.3563707451171875 0.5575262799999999 0.3602469165039062 0.5563311993333333 0.3652486435546875 0.5501842993333333 0.36637395166015624 0.5402806606666667 0.35386975830078127 0.5425003366666666 0.353619634765625 0.5566725066666667 0.3563707451171875 0.5575262799999999
1 0.3358635913085937 0.5669174526666666 0.3392397631835937 0.565893194 0.3391147016601562 0.561624326 0.334738283203125 0.5602584233333333 0.3333628515625 0.5660023586666667 0.3358635913085937 0.5669174526666666
1 0.4902913173828125 0.682037736 0.49041637890625 0.6736711593333333 0.48654020703125 0.6736711593333333 0.4869151455078125 0.6822085579999999 0.4902913173828125 0.682037736
1 0.6964676860351563 0.5435764826666667 0.701105328125 0.5437873986666667 0.7018781450195313 0.5389322773333334 0.6952308833007812 0.5347102426666667 0.68997483984375 0.5336549866666667 0.6904385791015625 0.5399878706666666 0.6864193388671875 0.54125438 0.6864193388671875 0.5456873313333334 0.6895111000976563 0.5482206873333334 0.6947671435546875 0.5446317386666666 0.6964676860351563 0.5435764826666667
1 0.11082215087890625 0.26047540399999997 0.11712604833984375 0.258518868 0.1207076962890625 0.254606132 0.1162664033203125 0.24814993266666666 0.10738357177734376 0.24991071399999998 0.1060939814453125 0.254606132 0.10752688720703125 0.261098046 0.11082215087890625 0.26047540399999997