1 0.7545849995117188 0 0.754698529296875 0.010695986 0.7533896982421875 0.015699825333333334 0.7541749965820312 0.022133333333333335 0.7570544248046875 0.028924257999999998 0.75731619140625 0.03321326333333333 0.7607191518554688 0.035357766 0.76438387890625 0.031068760666666667 0.7664780087890625 0.032498429333333335 0.7879428388671875 0.035357766 0.794486994140625 0.03178359533333333 0.8125488627929688 0.014270157333333332 0.8164753564453126 0.007836649333333334 0.8191537568359375 0 0.7545849995117188 0
1 0.8662109375 0.057875043333333334 0.8662109375 0.008908900666666667 0.8586197172851563 0.029639092666666665 0.85416969140625 0.048939616 0.85416969140625 0.05501570666666667 0.8557402890625 0.057875043333333334 0.8651638725585937 0.060019546 0.8662109375 0.057875043333333334
1 0.6150287768554688 0 0.6154389018554688 0.004619895333333333 0.6319301733398438 0.020346248 0.6345478354492188 0.021775916 0.6397831596679687 0.021418499333333334 0.644233185546875 0.015342408666666666 0.6497593427734375 0 0.6150287768554688 0
1 0.72391875390625 0 0.7175277260742188 0.017129494000000002 0.7175277260742188 0.026779756000000002 0.7235483491210938 0.050011867333333335 0.7269513100585937 0.05501570666666667 0.7355895952148438 0.058589878 0.7384690234375 0.05751762666666666 0.7423955170898437 0.058947294666666664 0.7494632045898437 0.058232460666666666 0.7528661655273438 0.054658290000000005 0.7544367626953125 0.051084118666666664 0.7567926586914062 0.037859686000000004 0.7552220615234375 0.017407564666666667 0.75487645703125 0 0.72391875390625 0
1 0.7136012329101562 0.10648376933333333 0.7162188950195313 0.10576893533333333 0.7177894926757813 0.10684118666666666 0.7177894926757813 0.104696684 0.7196218559570312 0.10183734733333334 0.7214542197265625 0.10112251333333334 0.7138629990234375 0.07824781866666666 0.706358947265625 0.069073994 0.7023452856445312 0.06073438066666667 0.6999893896484375 0.06287888333333333 0.693445234375 0.06073438066666667 0.6871628452148437 0.062521466 0.6793098583984375 0.07145689333333333 0.6748598330078125 0.07860523533333333 0.6717186381835938 0.08789807999999999 0.6722421708984375 0.09504642266666667 0.6782627939453125 0.10183734733333334 0.6900422734375 0.10898568933333333 0.69868055859375 0.11148760933333333 0.7075806098632812 0.111130192 0.7136012329101562 0.10648376933333333
1 0.8622844443359375 0.14722931933333333 0.858357951171875 0.15973891799999998 0.8416049130859375 0.19226387466666664 0.8413431469726562 0.20334380466666668 0.8465784711914063 0.2301500873333333 0.8525990942382813 0.233724258 0.8588814833984375 0.23443909266666665 0.8620226782226562 0.23980034933333333 0.8662109375 0.24383706 0.8662109375 0.10142036066666667 0.8649021064453125 0.10112251333333334 0.8622844443359375 0.10433926733333333 0.8591432495117187 0.11148760933333333 0.8565255874023437 0.12328237333333333 0.8580961845703124 0.13436230333333332 0.8622844443359375 0.14722931933333333
1 0.831657796875 0.28376265266666667 0.8300871997070313 0.288766492 0.8311342646484375 0.295914834 0.83349016015625 0.30091867333333333 0.8379401860351563 0.3041354273333333 0.846316705078125 0.305565096 0.849719666015625 0.303063176 0.8622844443359375 0.30199092466666666 0.8662109375 0.30418416666666664 0.8662109375 0.24115059133333333 0.8659491713867188 0.240157766 0.859405015625 0.233009424 0.8468402373046875 0.233009424 0.8347989916992188 0.23908551466666667 0.8313960307617188 0.24873577666666666 0.831657796875 0.28376265266666667
1 0.8505049643554687 0.14151064600000002 0.8502431982421875 0.13507713799999999 0.8426519780273437 0.12578429333333335 0.839510783203125 0.118278534 0.8329666279296875 0.11649144866666668 0.8279930698242187 0.11863595133333332 0.8240665766601563 0.12363979066666667 0.8227577456054688 0.129358464 0.8245901088867188 0.13543455466666668 0.84029608203125 0.15759441533333335 0.8431755102539062 0.15973891799999998 0.8450078740234375 0.15795183266666668 0.8505049643554687 0.14151064600000002
1 0.609680044921875 0.19047678866666667 0.6141300708007813 0.187617452 0.6209359921875 0.176537522 0.6209359921875 0.17117626533333336 0.6193653950195313 0.16402792333333333 0.6136065380859375 0.15938150066666668 0.61046534375 0.15330541 0.6068006166992187 0.15473507866666666 0.601041759765625 0.15330541 0.5848122543945312 0.15687958133333332 0.5795769301757813 0.15938150066666668 0.57434160546875 0.170818848 0.5738180732421875 0.17510785333333334 0.5764357353515625 0.18118394399999999 0.5824563583984375 0.18475811533333333 0.589000513671875 0.19297870866666664 0.5952829028320312 0.19405096 0.6041829541015625 0.19190645733333334 0.609680044921875 0.19047678866666667
1 0.73323369921875 0.15544991266666666 0.7319248681640625 0.15616474666666666 0.7146482978515625 0.138293892 0.7149100639648438 0.13436230333333332 0.713339466796875 0.129358464 0.7091512075195312 0.12292495666666667 0.70548648046875 0.120780454 0.6858540141601562 0.123997208 0.679571625 0.12971588133333334 0.6748598330078125 0.142940314 0.6740745341796875 0.15151832466666668 0.6748598330078125 0.15544991266666666 0.678786326171875 0.16259825466666666 0.6832363520507813 0.18618778333333333 0.685592248046875 0.18976195466666665 0.6869010791015625 0.190834206 0.7206689208984375 0.19154904 0.7225012841796875 0.187617452 0.7256424790039062 0.18583036666666666 0.7274748422851562 0.179754276 0.7308778032226563 0.17903944133333335 0.7329719331054687 0.18189877866666665 0.73323369921875 0.15544991266666666
1 0.711507103515625 0.24337452 0.7130777006835938 0.23479650933333335 0.7122924018554687 0.22800558466666668 0.7052247138671875 0.19869738199999998 0.7031305844726562 0.1936935426666667 0.6997276235351563 0.190119372 0.6950158315429688 0.190834206 0.6811422221679687 0.18726003466666669 0.676953962890625 0.19762513066666668 0.679571625 0.217997906 0.6777392612304688 0.22693333333333332 0.6782627939453125 0.23229459 0.6811422221679687 0.238728098 0.6869010791015625 0.246591274 0.6937070004882813 0.249808028 0.699465857421875 0.256241536 0.702868818359375 0.25695637 0.711507103515625 0.24337452
1 0.754698529296875 0.3984935426666667 0.7554838276367187 0.3942045373333334 0.7549602954101563 0.3863413613333333 0.7560073603515625 0.38133752200000004 0.763336814453125 0.37526143133333334 0.773807462890625 0.36310924933333333 0.7769486577148438 0.357390576 0.7793045537109375 0.34559581133333334 0.7811369169921875 0.323078534 0.779042787109375 0.28519232133333333 0.77459276171875 0.2723253053333333 0.7730221640625 0.2626750433333333 0.7693574370117188 0.25838603866666665 0.7667397749023438 0.2580286213333333 0.7586250224609375 0.260887958 0.7554838276367187 0.26410471199999996 0.7452749453125 0.2680363 0.7361131274414062 0.27804397933333336 0.7329719331054687 0.2884090753333333 0.7327101669921875 0.2952 0.7316631020507812 0.2973445026666667 0.7243336479492187 0.30199092466666666 0.7143865317382813 0.303063176 0.7112453369140626 0.30699476466666664 0.7088894409179688 0.31700244333333333 0.7088894409179688 0.32486561933333336 0.7130777006835938 0.3429151833333334 0.7117688696289063 0.34845514866666666 0.7083659086914063 0.35238673666666664 0.7062717788085937 0.3695427573333333 0.7086276748046875 0.38276719000000003 0.71255416796875 0.392417452 0.7149100639648438 0.39634904 0.7175277260742188 0.39813612533333337 0.7238101157226563 0.3984935426666667 0.7269513100585937 0.39348970333333333 0.7324484008789063 0.392417452 0.7368984262695313 0.39527678866666666 0.7403013872070312 0.39956579400000003 0.7450131791992187 0.4009954626666667 0.751295568359375 0.40028062799999997 0.754698529296875 0.3984935426666667
1 0.5615150610351562 0.2626750433333333 0.56387095703125 0.2580286213333333 0.5706768784179688 0.25159511333333334 0.5764357353515625 0.24373193733333334 0.5798386962890625 0.23443909266666665 0.5801004624023437 0.22621849933333332 0.5735563071289063 0.20834764399999997 0.5675356840820313 0.20298638733333332 0.5641327231445312 0.19691029666666668 0.5547091391601563 0.19154904 0.5489502827148437 0.19512321133333335 0.54659438671875 0.200484468 0.5429296596679688 0.20370122133333332 0.542406126953125 0.2097773126666667 0.540573763671875 0.21513856866666667 0.5335060756835938 0.222644328 0.5311501796875 0.22729075066666668 0.5340296083984375 0.23980034933333333 0.53978846484375 0.25588411866666666 0.5463326206054687 0.26446212933333335 0.5520914770507812 0.266606632 0.5539238408203125 0.26481954599999996 0.5583738662109375 0.26517696333333335 0.5615150610351562 0.2626750433333333
1 0.6366419653320312 0.26124537533333336 0.6397831596679687 0.25552670133333333 0.6405684584960938 0.24873577666666666 0.63638019921875 0.22764816733333335 0.6340243032226562 0.22085724266666668 0.62617131640625 0.211564398 0.6219830571289062 0.21049214666666669 0.6138683041992188 0.21549598600000003 0.6102035771484375 0.22371657933333333 0.609680044921875 0.228363002 0.6107271098632813 0.238728098 0.6188418623046875 0.26839371733333334 0.6222448232421876 0.27053822 0.6251242514648437 0.26946596866666667 0.6366419653320312 0.26124537533333336
1 0.654703833984375 0.19833996533333334 0.6594156259765624 0.19226387466666664 0.6594156259765624 0.186902618 0.66412741796875 0.18189877866666665 0.6654362490234375 0.183685864 0.6662215478515625 0.179754276 0.6651744829101562 0.16974659666666667 0.6630803530273438 0.16367050600000002 0.6570597299804688 0.15509249533333333 0.6473743803710937 0.13293263533333333 0.6439714194335937 0.12792879599999998 0.6405684584960938 0.12649912733333335 0.6379507963867187 0.12792879599999998 0.6274801474609375 0.14365514866666665 0.6211977583007813 0.15795183266666668 0.6206742260742187 0.16688726 0.621721291015625 0.17546527066666667 0.6259095502929688 0.18583036666666666 0.6316684072265625 0.19619546266666668 0.640830224609375 0.20227155333333333 0.6458037827148437 0.20227155333333333 0.654703833984375 0.19833996533333334
1 0.5971152666015626 0.3209340313333333 0.6162242001953125 0.30699476466666664 0.6143918369140625 0.28412007 0.601041759765625 0.256241536 0.595806435546875 0.253024782 0.5931887734375 0.25338219866666667 0.5918799423828125 0.25588411866666666 0.589000513671875 0.25516928466666666 0.5861210854492187 0.260173124 0.58455048828125 0.260887958 0.5861210854492187 0.26446212933333335 0.5858593193359375 0.267321466 0.5801004624023437 0.2723253053333333 0.5772210341796875 0.27804397933333336 0.576959267578125 0.29019616066666665 0.5827181245117188 0.31557277466666667 0.589000513671875 0.3252230366666667 0.5926652407226563 0.326295288 0.5971152666015626 0.3209340313333333
1 0.671980404296875 0.417794066 0.6745980668945313 0.41457731266666664 0.6772157290039063 0.4049270506666667 0.6774774951171875 0.3984935426666667 0.668315677734375 0.357390576 0.6656980151367188 0.35202931933333337 0.6620332880859375 0.3513144853333333 0.649468509765625 0.35596090733333335 0.644233185546875 0.35989249533333334 0.6418772895507813 0.36418150066666666 0.6384743286132812 0.3759762653333333 0.6400449262695312 0.3866987786666667 0.6471126137695312 0.40742897 0.65025380859375 0.41350506133333337 0.6565361977539063 0.42101081999999995 0.6620332880859375 0.42351273999999994 0.66412741796875 0.42315532266666667 0.671980404296875 0.417794066
1 0.15420682763671875 0.10576893533333333 0.13745378955078125 0.11792111666666667 0.1337890625 0.12588177066666667 0.1337890625 0.190371666 0.140594984375 0.18654520066666666 0.1429508798828125 0.18261361266666665 0.16310687890625 0.131860384 0.16258334619140624 0.11327469466666668 0.15944215185546876 0.10505410133333333 0.15420682763671875 0.10576893533333333
1 0.2170307197265625 0.22157207666666667 0.22252781005859376 0.20370122133333332 0.22305134228515625 0.19833996533333334 0.22174251123046876 0.16867434533333334 0.21781601806640624 0.14973123933333332 0.212318927734375 0.138293892 0.20865420068359375 0.135791972 0.20525123974609374 0.12328237333333333 0.2023718115234375 0.11720628266666668 0.1994923828125 0.114346946 0.1822158125 0.11541919733333333 0.1717451640625 0.11756370000000001 0.169127501953125 0.123997208 0.1678186708984375 0.13507713799999999 0.1688657353515625 0.14722931933333333 0.168342203125 0.16974659666666667 0.17148339794921874 0.18547294933333333 0.18273934521484375 0.19190645733333334 0.18666583837890624 0.2133514833333333 0.1929482275390625 0.222644328 0.19923061669921874 0.22550366466666666 0.21179539501953126 0.22514624800000002 0.2170307197265625 0.22157207666666667
1 0.15394506103515626 0.29019616066666665 0.1510656328125 0.2630324606666667 0.15342152880859375 0.2591008726666667 0.15551565869140624 0.2587434553333333 0.15551565869140624 0.25552670133333333 0.150280333984375 0.253739616 0.14687737353515626 0.24945061066666666 0.1411185166015625 0.22693333333333332 0.1377155556640625 0.22407399666666666 0.1343125947265625 0.22371657933333333 0.1337890625 0.22400251333333332 0.1337890625 0.29198324600000003 0.1371920234375 0.2966296686666667 0.14085675048828125 0.29948900533333334 0.14478324365234374 0.301633508 0.148447970703125 0.30127609066666666 0.15263622998046875 0.2952 0.15394506103515626 0.29019616066666665
1 0.19861735791015625 0 0.1963511884765625 0.0024753926666666666 0.1924246953125 0.011768237333333334 0.1877129033203125 0.032498429333333335 0.18718937060546875 0.03857452 0.189021734375 0.052871204 0.1856187734375 0.075388482 0.1869276044921875 0.08789807999999999 0.19006879931640625 0.09111483399999999 0.19399529248046876 0.09111483399999999 0.20132474658203126 0.08789807999999999 0.2102247978515625 0.09111483399999999 0.212318927734375 0.09004258266666666 0.21388952490234375 0.07681815 0.21572188818359375 0.07324397933333333 0.22383664111328125 0.04357835933333333 0.22462193994140625 0.025350087333333333 0.22383664111328125 0.021418499333333334 0.21650718701171875 0.019273996666666668 0.21153362890625 0.009266317333333333 0.205513005859375 0.003547644 0.19960792822265624 0 0.19861735791015625 0
1 0.2343072900390625 0.12578429333333335 0.23509258837890626 0.11988691066666667 0.245301470703125 0.107913438 0.246872068359375 0.09790575933333334 0.2515838603515625 0.09147225133333334 0.2547250546875 0.083966492 0.25446328857421874 0.06824013933333334 0.252107392578125 0.055373124 0.24844266552734376 0.05179895266666667 0.237448484375 0.04750994733333334 0.23299845849609374 0.04786736466666666 0.22383664111328125 0.055373124 0.22043368017578124 0.060019546 0.2170307197265625 0.072171728 0.220957212890625 0.10290959866666666 0.226192537109375 0.11398952866666667 0.2275013681640625 0.12256753933333332 0.22645430322265625 0.13007329866666667 0.22985726416015625 0.13150296666666667 0.23116609521484374 0.13007329866666667 0.2343072900390625 0.12578429333333335
1 0.28508993603515626 0.2941277486666667 0.2887546630859375 0.29091099466666664 0.29215762353515623 0.284834904 0.2913723251953125 0.25338219866666667 0.29294292236328123 0.24480418866666664 0.2934664545898438 0.23193717266666666 0.29634588330078127 0.22085724266666668 0.2966076494140625 0.21513856866666667 0.28901642919921877 0.20656055866666667 0.27226339111328124 0.19655287933333332 0.2699074951171875 0.190834206 0.2646721708984375 0.19226387466666664 0.25184562646484376 0.19226387466666664 0.24844266552734376 0.19976963333333334 0.24503970458984375 0.19691029666666668 0.23561612109375 0.20334380466666668 0.2327366923828125 0.20155671933333333 0.2269778359375 0.20620314133333334 0.2240984072265625 0.211564398 0.220957212890625 0.221929494 0.21912484912109376 0.244089354 0.22645430322265625 0.2573137873333333 0.23299845849609374 0.27339755666666665 0.245301470703125 0.2923406633333333 0.25132209375 0.29770192 0.2699074951171875 0.299131588 0.278807546875 0.2966296686666667 0.28508993603515626 0.2941277486666667
1 0.45986310205078124 0 0.45994976904296875 0.0039050613333333336 0.4615203662109375 0.009981152 0.466232158203125 0.019631413333333333 0.471467482421875 0.022848167333333332 0.47565574169921876 0.03285584666666667 0.4780116376953125 0.03428551466666667 0.48507932568359374 0.033928098000000004 0.49162348095703123 0.027494590000000003 0.50183236328125 0.0056921466666666675 0.5028050908203126 0 0.45986310205078124 0
1 0.3068165317382813 0.09933542733333334 0.30891066162109376 0.083251658 0.310743025390625 0.07824781866666666 0.31179008984375 0.06466596866666667 0.3130989208984375 0.06073438066666667 0.31179008984375 0.04643769666666666 0.3138842197265625 0.03714485133333333 0.312575388671875 0.032141012 0.297131181640625 0.020703664666666666 0.29111055908203126 0.027137172666666667 0.28404287109375 0.042148691333333335 0.281425208984375 0.051084118666666664 0.281425208984375 0.06037696333333333 0.28639876708984374 0.096833508 0.2879693642578125 0.09862059333333334 0.2973929482421875 0.10183734733333334 0.30472240234375 0.10219476466666666 0.3068165317382813 0.09933542733333334
1 0.578529865234375 0.159024084 0.582979890625 0.154020244 0.58455048828125 0.14651448533333333 0.5712004111328125 0.093616754 0.5675356840820313 0.09111483399999999 0.5554944379882812 0.09504642266666667 0.5534003081054687 0.09325933666666666 0.5520914770507812 0.08754066333333332 0.5502591137695313 0.089685166 0.551044412109375 0.09576125666666667 0.5473796850585938 0.10112251333333334 0.5460708540039062 0.10648376933333333 0.5463326206054687 0.11220244333333333 0.5486885161132813 0.118278534 0.5497355810546874 0.12971588133333334 0.545809087890625 0.14115322866666666 0.5460708540039062 0.14973123933333332 0.5520914770507812 0.16474275733333332 0.5536620747070312 0.16331308933333336 0.5586356328125 0.16474275733333332 0.56727391796875 0.162955672 0.578529865234375 0.159024084
1 0.5489502827148437 0.11255986066666666 0.5481649838867187 0.10970052333333333 0.5528767758789063 0.09576125666666667 0.5536620747070312 0.08932774866666666 0.5518297109375 0.083966492 0.5481649838867187 0.08146457266666667 0.5413590625 0.06609563666666667 0.5400502309570312 0.065023386 0.533767841796875 0.06573822 0.526700154296875 0.07252914466666667 0.5256530893554687 0.07860523533333333 0.5274854526367188 0.08503874333333333 0.5306266474609375 0.08718324599999999 0.5314119458007812 0.08932774866666666 0.5324590107421875 0.09933542733333334 0.5366472705078125 0.10755602066666667 0.53978846484375 0.11720628266666668 0.5429296596679688 0.11684886533333334 0.5489502827148437 0.11255986066666666
1 0.4986911689453125 0.23050750466666667 0.5034029609375 0.22085724266666668 0.5065441552734375 0.21013472933333333 0.506805921875 0.19762513066666668 0.50183236328125 0.18046911 0.49424114306640626 0.170104014 0.48507932568359374 0.16259825466666666 0.48167636474609377 0.16188342066666667 0.47748810546875 0.170104014 0.4753939755859375 0.17868202466666666 0.4753939755859375 0.1994122166666667 0.483508728515625 0.233009424 0.4874352216796875 0.23801326333333334 0.49136171484375 0.23765584666666667 0.4986911689453125 0.23050750466666667
1 0.5246060244140625 0.2934129146666667 0.5306266474609375 0.271967888 0.5316737124023437 0.25481186733333333 0.5311501796875 0.24480418866666664 0.5301031147460937 0.24301710266666665 0.5209412973632812 0.24373193733333334 0.5170148041992187 0.25338219866666667 0.5091618173828125 0.2587434553333333 0.5054970903320313 0.2598157066666667 0.502617662109375 0.26517696333333335 0.5039264931640625 0.2723253053333333 0.5125647783203126 0.29126841200000003 0.5151824404296875 0.2952 0.5204177651367188 0.2952 0.5246060244140625 0.2934129146666667
1 0.47172924853515624 0.32808237333333334 0.4787969365234375 0.32736753933333335 0.4884822866210938 0.3187895286666667 0.4900528837890625 0.30377801066666665 0.4895293515625 0.28161815 0.4884822866210938 0.2723253053333333 0.4848175595703125 0.2662492146666667 0.47434691064453127 0.2637472946666667 0.47251454736328125 0.261602792 0.4641380283203125 0.23765584666666667 0.46047330126953123 0.22979267 0.4547144443359375 0.222644328 0.45392914599609374 0.22014240866666668 0.444767328125 0.22621849933333332 0.43717610791015626 0.23801326333333334 0.4382231728515625 0.24444677133333334 0.4306319526367188 0.253024782 0.42722899169921874 0.25516928466666666 0.4235642646484375 0.26124537533333336 0.42644369287109374 0.26767888333333334 0.42565839453125 0.271253054 0.42592016064453125 0.28412007 0.428276056640625 0.31307085533333334 0.4356055107421875 0.32736753933333335 0.44529086083984376 0.3338010473333333 0.45654680810546877 0.34416614333333334 0.45994976904296875 0.34416614333333334 0.47172924853515624 0.32808237333333334
1 0.42120836865234373 0.33094171 0.4277525239257812 0.313428272 0.42722899169921874 0.2884090753333333 0.4235642646484375 0.2669640486666667 0.4183289404296875 0.253024782 0.4130936162109375 0.247306108 0.40157590234375 0.24694869133333336 0.3984347080078125 0.24873577666666666 0.3929376171875 0.25516928466666666 0.3921523188476562 0.26196020933333336 0.3863934619140625 0.26446212933333335 0.385084630859375 0.2669640486666667 0.3822052021484375 0.2884090753333333 0.3837757998046875 0.30699476466666664 0.3882258251953125 0.32343595133333336 0.3924140849609375 0.3277249566666667 0.3966023442382812 0.3291546246666667 0.39869647412109377 0.33487329866666665 0.40262296728515623 0.34094938933333335 0.40733475927734375 0.343093892 0.41126125244140627 0.343093892 0.41335538232421876 0.34166422333333335 0.42120836865234373 0.33094171
1 0.381681669921875 0.31628760933333333 0.3837757998046875 0.310211518 0.38429933203125 0.30663734733333337 0.3829905009765625 0.2980593366666667 0.37749341064453124 0.29162582866666664 0.376446345703125 0.2866219893333333 0.3777551767578125 0.28376265266666667 0.37382868359375 0.2830478186666667 0.3717345537109375 0.2798310646666667 0.3649286318359375 0.284834904 0.35812271044921873 0.2973445026666667 0.35079325634765623 0.30735218133333336 0.3397990751953125 0.329512042 0.3403226079101562 0.3352307153333333 0.343725568359375 0.3420216406666667 0.3528873862304687 0.35381640466666664 0.35550504833984375 0.35560349066666663 0.35759917822265624 0.354888656 0.381681669921875 0.31628760933333333
1 0.3128371547851562 0.40063804533333336 0.31754894677734374 0.39384712066666666 0.3225225048828125 0.3906303666666667 0.32906666015625 0.379550436 0.3319460888671875 0.3699001746666667 0.33246962109375 0.364538918 0.3335166860351563 0.3352307153333333 0.33246962109375 0.329512042 0.315978349609375 0.29269808 0.3128371547851562 0.2884090753333333 0.3099577265625 0.287336824 0.300534142578125 0.288051658 0.2960841171875 0.2923406633333333 0.281425208984375 0.320576614 0.278807546875 0.329512042 0.27723694921875 0.36096474666666667 0.2785457802734375 0.37526143133333334 0.28221050732421876 0.3841968586666667 0.29111055908203126 0.40028062799999997 0.2973929482421875 0.4070715533333334 0.30079590869140627 0.406714136 0.3128371547851562 0.40063804533333336
1 0.2549868208007813 0.42172565466666667 0.25760448291015625 0.4117179753333333 0.25760448291015625 0.39777870866666665 0.255510353515625 0.39206003466666667 0.2507985615234375 0.38491169266666664 0.2395426142578125 0.375618848 0.2335219912109375 0.3731169286666667 0.22383664111328125 0.3738317626666667 0.22200427783203125 0.37847818466666666 0.217554251953125 0.384554276 0.2154601220703125 0.3913452006666666 0.21153362890625 0.3970638746666667 0.209701265625 0.40456963333333334 0.205513005859375 0.4110031413333334 0.2042041748046875 0.41493472933333336 0.20394240869140626 0.426729494 0.205513005859375 0.4328055846666667 0.21153362890625 0.44174101200000004 0.22383664111328125 0.45568027933333327 0.23168962744140625 0.45925445 0.2353543544921875 0.457824782 0.2549868208007813 0.42172565466666667
1 0.7698809697265625 0.49463874333333335 0.773807462890625 0.487132984 0.7829692802734375 0.45425061066666667 0.7842781118164063 0.43709459 0.7821839819335937 0.431375916 0.770404501953125 0.4349500873333333 0.7628132817382812 0.44066876066666666 0.759933853515625 0.44603001733333336 0.7583632563476562 0.45282094266666667 0.7528661655273438 0.4613989526666667 0.7523426333007812 0.47426596866666665 0.7507720356445312 0.48355881333333334 0.7510338022460937 0.49249424066666664 0.7541749965820312 0.5017870853333333 0.7583632563476562 0.5014296686666666 0.7698809697265625 0.49463874333333335
1 0.7575779575195313 0.453893194 0.7596720874023437 0.4496041886666667 0.7604573857421875 0.4431706806666667 0.7596720874023437 0.438524258 0.7518191005859375 0.41743664933333335 0.74710730859375 0.409216056 0.7421337504882812 0.406714136 0.7384690234375 0.4095734726666667 0.7329719331054687 0.42065340333333334 0.73323369921875 0.43209075066666663 0.7389925561523437 0.4517486913333333 0.7429190493164063 0.46104153600000003 0.7452749453125 0.46282862133333336 0.7497249711914062 0.46282862133333336 0.7575779575195313 0.453893194
1 0.52067953125 0.4042122166666666 0.5219883623046875 0.3974212913333333 0.5209412973632812 0.393132286 0.514658908203125 0.3824097733333333 0.5136118432617187 0.375618848 0.5117794799804688 0.37275951133333335 0.507852986328125 0.37061500866666663 0.49973823388671873 0.36918534 0.4937176108398437 0.37490401400000006 0.48638815673828123 0.38598394399999997 0.4848175595703125 0.392417452 0.48507932568359374 0.39956579400000003 0.48691168896484377 0.405284468 0.492147013671875 0.41350506133333337 0.497382337890625 0.4167218153333333 0.5054970903320313 0.4263720766666667 0.5091618173828125 0.42565724266666666 0.52067953125 0.4042122166666666
1 0.704701181640625 0.4796272253333333 0.70731884375 0.4724788833333334 0.7067953115234376 0.4603267013333333 0.702868818359375 0.43816684133333333 0.7010364545898438 0.43209075066666663 0.6992040913085937 0.429946248 0.6963246625976562 0.42958883066666664 0.687424611328125 0.43459267 0.676953962890625 0.4471022686666667 0.673551001953125 0.4563951133333333 0.6732892358398438 0.46175636999999997 0.6751215991210937 0.47104921466666666 0.6759068979492188 0.483201396 0.6798333911132812 0.4957109946666667 0.684021650390625 0.5010722513333333 0.68820991015625 0.5003574173333333 0.704701181640625 0.4796272253333333
1 0.47905870263671874 0.43423525333333335 0.48377049462890626 0.41564956399999997 0.483508728515625 0.40385479933333335 0.48089106640625 0.38598394399999997 0.47984400146484374 0.3816949386666667 0.4727763134765625 0.367755672 0.46649392431640624 0.364538918 0.46309096337890626 0.365253752 0.4573321064453125 0.37275951133333335 0.4547144443359375 0.38133752200000004 0.45392914599609374 0.3942045373333334 0.45523797705078123 0.4049270506666667 0.46047330126953123 0.42708691066666665 0.4722527807617187 0.44174101200000004 0.4751322094726563 0.4413835953333333 0.47905870263671874 0.43423525333333335
1 0.3630962685546875 0.4957109946666667 0.36728452783203125 0.4892774866666667 0.37147278759765623 0.47998464199999996 0.37278161865234377 0.4728363 0.37278161865234377 0.44996160533333335 0.3706874887695312 0.44460034933333337 0.3706874887695312 0.43816684133333333 0.373043384765625 0.4263720766666667 0.3709492548828125 0.41958115199999996 0.3691168916015625 0.40385479933333335 0.36806982666015625 0.4013528793333333 0.36204920361328125 0.39634904 0.35262561962890626 0.3913452006666666 0.33482551708984376 0.388485864 0.3251401669921875 0.3902729493333333 0.3146695185546875 0.3999232113333333 0.3034135712890625 0.40778638733333333 0.2994870776367187 0.41243281000000004 0.29686941552734375 0.42065340333333334 0.29451351953125 0.42315532266666667 0.28561346826171874 0.44424293200000003 0.28482816943359374 0.44996160533333335 0.2853517021484375 0.4603267013333333 0.29765471435546875 0.47855497399999997 0.30969596044921877 0.4914219893333333 0.31754894677734374 0.4917794066666667 0.3285431279296875 0.4874904013333333 0.3403226079101562 0.49678324599999996 0.3521020874023438 0.50250192 0.355766814453125 0.5017870853333333 0.3630962685546875 0.4957109946666667
1 0.3138842197265625 0.627597906 0.31624011572265626 0.6240237346666667 0.3206901416015625 0.6093696333333333 0.321213673828125 0.5982897033333333 0.3191195439453125 0.582920768 0.31676364794921874 0.5754150086666667 0.3136224536132812 0.5700537520000001 0.3086488955078125 0.5536125653333334 0.30629299951171873 0.5353842933333334 0.2960841171875 0.4899923213333333 0.29084879248046874 0.48427364733333333 0.2612692099609375 0.4953535773333333 0.2586515478515625 0.4982129146666667 0.25708095068359377 0.50250192 0.2602221455078125 0.5139392673333334 0.25786624951171877 0.5193005233333333 0.25446328857421874 0.53574171 0.25629565185546876 0.54074555 0.25917508056640626 0.5586164046666667 0.26571923583984375 0.5696963353333333 0.27304868994140624 0.60114904 0.2801163779296875 0.6129438046666666 0.2816869750976562 0.6272404886666667 0.28508993603515626 0.6336739966666667 0.2905870263671875 0.6386778359999999 0.30079590869140627 0.6386778359999999 0.3138842197265625 0.627597906
1 0.2515838603515625 0.5203727746666666 0.25367798974609373 0.5125095986666667 0.24844266552734376 0.4917794066666667 0.24111321142578124 0.483201396 0.23587788720703126 0.48034205933333335 0.21519835595703124 0.4639008726666667 0.20813066796875 0.4639008726666667 0.1994923828125 0.46676020933333334 0.18928350048828124 0.47498080266666665 0.188236435546875 0.4789123906666667 0.18980703271484375 0.4839162306666666 0.19661295458984376 0.49463874333333335 0.200277681640625 0.503216754 0.20577477197265626 0.523946946 0.220957212890625 0.5321675393333333 0.2387573154296875 0.523946946 0.245301470703125 0.5235895286666666 0.2515838603515625 0.5203727746666666
1 0.7853251762695312 0.64189459 0.7913457993164063 0.632244328 0.7947487602539063 0.6222366493333333 0.7955340590820312 0.5968600346666666 0.7950105263671875 0.59257103 0.785848708984375 0.5632628273333333 0.7769486577148438 0.5471790573333334 0.7724986318359375 0.5439623033333333 0.7683103725585938 0.5464642233333333 0.7452749453125 0.572555672 0.7437043481445312 0.575772426 0.7429190493164063 0.593285864 0.7450131791992187 0.605080628 0.7484161396484375 0.6161605586666667 0.756530892578125 0.624381152 0.7638603466796875 0.6397500873333334 0.7672633076171875 0.6404649213333333 0.770404501953125 0.63939267 0.7766868911132813 0.645826178 0.779042787109375 0.646541012 0.7813986831054688 0.645111344 0.7853251762695312 0.64189459
1 0.8282548359375 0.5536125653333334 0.830872498046875 0.5493235599999999 0.8374166538085938 0.5475364746666667 0.8389872509765625 0.530380454 0.8418666791992188 0.5218024433333334 0.8426519780273437 0.5146541013333333 0.8465784711914063 0.49928516599999995 0.8468402373046875 0.4942813266666667 0.8431755102539062 0.47355113466666665 0.841081380859375 0.4699769633333334 0.837678419921875 0.468189878 0.8243283427734375 0.4806994766666667 0.8201400834960938 0.489634904 0.8164753564453126 0.503216754 0.8115017983398437 0.507863176 0.8096694345703125 0.5067909246666666 0.808360603515625 0.5125095986666667 0.8080988374023438 0.518228272 0.8094076684570313 0.5243043633333333 0.8128106293945313 0.5275211166666667 0.8138576943359375 0.5314527053333333 0.8146429926757812 0.5475364746666667 0.8159518237304687 0.5528977313333333 0.8190930185546875 0.555757068 0.8251136416015625 0.555042234 0.8282548359375 0.5536125653333334
1 0.811763564453125 0.46676020933333334 0.810978265625 0.46104153600000003 0.8088841362304687 0.45746736466666665 0.804957642578125 0.44460034933333337 0.7947487602539063 0.4249424086666667 0.7913457993164063 0.42601466 0.7871575400390625 0.4324481673333333 0.78846637109375 0.44031134399999994 0.7921310981445312 0.44996160533333335 0.8033870454101563 0.4699769633333334 0.8075753046875 0.47033438066666666 0.811763564453125 0.46676020933333334
1 0.7348042963867187 0.48034205933333335 0.737421958984375 0.47355113466666665 0.7334954653320312 0.45568027933333327 0.7261660112304688 0.44888935399999996 0.7206689208984375 0.4353075046666667 0.7143865317382813 0.43709459 0.7128159345703124 0.438524258 0.7104600385742188 0.44638743466666664 0.7062717788085937 0.4510338566666667 0.7065335454101562 0.4613989526666667 0.7083659086914063 0.464973124 0.7151718305664062 0.46425828999999996 0.7180512587890625 0.46604537533333334 0.7264277778320313 0.48427364733333333 0.7311395693359375 0.48463106466666667 0.7348042963867187 0.48034205933333335
1 0.7314013359375 0.5243043633333333 0.730616037109375 0.518228272 0.7217159858398438 0.5 0.711507103515625 0.4899923213333333 0.70548648046875 0.4867755673333334 0.70208351953125 0.48641815 0.696062896484375 0.4914219893333333 0.6884716762695312 0.5021445026666667 0.687424611328125 0.5089354273333333 0.6895187412109375 0.518228272 0.7015599868164063 0.5332397906666667 0.71255416796875 0.542175218 0.716742427734375 0.5482513086666667 0.7177894926757813 0.548608726 0.7206689208984375 0.5457493893333334 0.7314013359375 0.5243043633333333
1 0.6774774951171875 0.5332397906666667 0.6824510532226562 0.5243043633333333 0.6858540141601562 0.5132244326666666 0.6842834165039062 0.5050038393333334 0.6790480922851563 0.4953535773333333 0.6774774951171875 0.489634904 0.6717186381835938 0.48427364733333333 0.6662215478515625 0.4821291446666667 0.6599391586914063 0.48284397933333334 0.644233185546875 0.49285165799999997 0.64344788671875 0.49714066333333334 0.644233185546875 0.5060760906666667 0.6531332368164062 0.5293082026666667 0.65365676953125 0.537528796 0.6560126655273437 0.54074555 0.6630803530273438 0.5396732986666667 0.6774774951171875 0.5332397906666667
1 0.61046534375 0.5704111693333334 0.6147407709960937 0.5635012246666666 0.6211977583007813 0.5568293193333334 0.6238154204101563 0.5489661433333333 0.6246007192382812 0.5386010473333334 0.6293125112304687 0.5250191973333334 0.6314066411132813 0.5132244326666666 0.6319301733398438 0.485703316 0.6290507451171875 0.47641047133333336 0.6227683559570313 0.47033438066666666 0.6164859663085938 0.47069179733333333 0.6054917856445312 0.4789123906666667 0.6007799936523438 0.47855497399999997 0.5981623315429687 0.48034205933333335 0.59502113671875 0.48856265266666665 0.594235837890625 0.4949961606666667 0.594235837890625 0.5017870853333333 0.5971152666015626 0.5185856893333333 0.5963299677734375 0.523232112 0.5921417084960937 0.5278785340000001 0.5827181245117188 0.5289507853333334 0.5798386962890625 0.5368139613333334 0.5793151635742187 0.5478938919999999 0.5808857612304688 0.5639776613333334 0.5827181245117188 0.569338918 0.5858593193359375 0.572555672 0.592403474609375 0.5750575913333333 0.6007799936523438 0.5750575913333333 0.61046534375 0.5704111693333334
1 0.5534003081054687 0.5189431066666667 0.5573268012695313 0.512867016 0.55706503515625 0.507863176 0.5549709057617187 0.5021445026666667 0.5479032177734375 0.4949961606666667 0.54319142578125 0.49249424066666664 0.5301031147460937 0.4917794066666667 0.5214648295898437 0.4978554973333333 0.5188471674804688 0.5014296686666666 0.513873609375 0.512867016 0.5130883110351563 0.5185856893333333 0.5149206743164062 0.5221598606666666 0.5193707001953125 0.525376614 0.5361237377929687 0.530380454 0.5403119975585937 0.5300230366666666 0.5534003081054687 0.5189431066666667
1 0.483508728515625 0.515011518 0.4856028579101562 0.5092928446666667 0.4876969877929688 0.5014296686666666 0.4876969877929688 0.49106457266666664 0.4811528325195312 0.4685472946666666 0.47853517041015625 0.46461570666666663 0.4722527807617187 0.4599692846666667 0.4688498203125 0.46318603866666663 0.4625674311523438 0.474623386 0.4607350673828125 0.4839162306666666 0.45994976904296875 0.49678324599999996 0.4649233271484375 0.5089354273333333 0.47251454736328125 0.5210876093333333 0.4753939755859375 0.523946946 0.47905870263671874 0.521445026 0.483508728515625 0.515011518
1 0.6107271098632813 0.39956579400000003 0.6133447719726562 0.392417452 0.6120359409179688 0.39098778333333334 0.6112506420898437 0.38705619533333335 0.6078476811523438 0.38348202466666664 0.6047064868164063 0.37418918 0.6013035258789062 0.36918534 0.5929270068359375 0.365253752 0.5910946435546875 0.357390576 0.5853357866210938 0.34702548 0.5819328256835937 0.33594555 0.5795769301757813 0.33415846400000004 0.5766975014648438 0.33415846400000004 0.5727710083007812 0.3395197206666667 0.5654415541992187 0.3452383946666666 0.557850333984375 0.35560349066666663 0.5549709057617187 0.364538918 0.5581121000976562 0.36918534 0.5628238920898437 0.37025759133333336 0.5651797880859375 0.3731169286666667 0.566488619140625 0.3906303666666667 0.5680592163085938 0.394919372 0.5764357353515625 0.39813612533333337 0.5827181245117188 0.39813612533333337 0.5848122543945312 0.4013528793333333 0.5884769814453125 0.40385479933333335 0.5963299677734375 0.403497382 0.59842409765625 0.40028062799999997 0.6023505908203125 0.40171029666666663 0.6020888247070313 0.4042122166666666 0.604444720703125 0.409216056 0.6107271098632813 0.39956579400000003
1 0.45994976904296875 0.6197347293333333 0.46727922265625 0.6097270506666667 0.4727763134765625 0.5872097733333334 0.4735616123046875 0.5743427573333333 0.4693733525390625 0.555042234 0.4675409892578125 0.5507532286666666 0.45785563916015626 0.54074555 0.4536673793945312 0.5393158813333334 0.4476467568359375 0.5425326353333333 0.44372026318359375 0.5471790573333334 0.4416261337890625 0.5532551486666667 0.43953200390625 0.5704111693333334 0.442149666015625 0.579704014 0.442149666015625 0.5879246073333334 0.4460761591796875 0.6029361253333333 0.44712322412109373 0.615445724 0.4502644189453125 0.6200921466666667 0.4528820810546875 0.6215218153333334 0.456023275390625 0.621164398 0.45994976904296875 0.6197347293333333
1 0.41178478466796875 0.5600460733333333 0.4157112783203125 0.5532551486666667 0.4183289404296875 0.5443197206666667 0.41466421337890624 0.500714834 0.4115230185546875 0.48427364733333333 0.40785829150390623 0.47569563666666664 0.404193564453125 0.47748272266666664 0.3950317470703125 0.4899923213333333 0.3924140849609375 0.49964258266666667 0.3908434873046875 0.518228272 0.38482286474609373 0.5353842933333334 0.385084630859375 0.542175218 0.3832522670898437 0.551110646 0.38534639697265627 0.558258988 0.38586992919921875 0.5643350786666667 0.39267585107421876 0.5579015706666667 0.395555279296875 0.5604034906666666 0.398958240234375 0.5682666666666667 0.40157590234375 0.5700537520000001 0.40340826611328123 0.5689815006666666 0.41178478466796875 0.5600460733333333
1 0.4416261337890625 0.6136586386666667 0.44450556201171876 0.61222897 0.4468614580078125 0.604365794 0.44633792529296873 0.5986471206666667 0.442149666015625 0.5872097733333334 0.442149666015625 0.5800614313333333 0.43848493896484375 0.5704111693333334 0.4322025498046875 0.571840838 0.42644369287109374 0.57898918 0.4151877456054687 0.5847078533333333 0.41204655126953127 0.5911413613333333 0.41387891455078124 0.604365794 0.419637771484375 0.6136586386666667 0.4217319013671875 0.6208069806666666 0.42932312158203123 0.627597906 0.43272608203125 0.6250959859999999 0.4416261337890625 0.6136586386666667
1 0.4547144443359375 0.4957109946666667 0.45340561328125 0.48892007 0.45314384716796874 0.4724788833333334 0.45104971728515625 0.468189878 0.4476467568359375 0.46783246066666667 0.44188789990234373 0.4639008726666667 0.43848493896484375 0.46425828999999996 0.43246431591796874 0.46926212933333333 0.42382603076171876 0.4806994766666667 0.41911423876953124 0.48427364733333333 0.4175436416015625 0.489634904 0.42068483642578125 0.4939239093333333 0.42068483642578125 0.5014296686666666 0.4227789658203125 0.5028593366666666 0.4287995888671875 0.49928516599999995 0.4413643671875 0.4957109946666667 0.45104971728515625 0.4982129146666667 0.4547144443359375 0.4957109946666667
1 0.45052618505859376 0.41136055866666665 0.450787951171875 0.40885863866666666 0.44790852294921873 0.39384712066666666 0.4442437958984375 0.38133752200000004 0.44188789990234373 0.37883560200000005 0.4382231728515625 0.37847818466666666 0.43246431591796874 0.38133752200000004 0.43115548486328126 0.38598394399999997 0.4314172509765625 0.3902729493333333 0.43534374462890624 0.40742897 0.4416261337890625 0.416364398 0.4476467568359375 0.41457731266666664 0.45052618505859376 0.41136055866666665
1 0.22043368017578124 0.641179756 0.226192537109375 0.6326017453333334 0.23116609521484374 0.615445724 0.2309043291015625 0.6029361253333333 0.2327366923828125 0.5954303666666666 0.2387573154296875 0.5914987786666667 0.24844266552734376 0.5897116926666667 0.24975149658203125 0.5868523560000001 0.25236915869140625 0.563620244 0.243469107421875 0.5553996506666666 0.23587788720703126 0.5461068060000001 0.2293337314453125 0.54074555 0.2267160693359375 0.5400307153333334 0.21912484912109376 0.5475364746666667 0.21153362890625 0.551110646 0.2049894736328125 0.5464642233333333 0.1963511884765625 0.5471790573333334 0.1809069814453125 0.5600460733333333 0.174362826171875 0.5696963353333333 0.174362826171875 0.5761298426666667 0.176195189453125 0.580418848 0.1764569560546875 0.58756719 0.17357752734375 0.6032935426666667 0.17331576123046874 0.6111567193333334 0.17540989111328126 0.6222366493333333 0.18038344921875 0.6297424086666666 0.1994923828125 0.6415371726666667 0.2102247978515625 0.642609424 0.22043368017578124 0.641179756
1 0.253939755859375 0.6844272253333333 0.25446328857421874 0.6772788833333333 0.26100744384765623 0.669773124 0.26231627490234377 0.66655637 0.265981001953125 0.6447539266666666 0.26571923583984375 0.6368907506666667 0.25917508056640626 0.6233089006666667 0.25446328857421874 0.617947644 0.24268380859375 0.6143734726666666 0.23168962744140625 0.615445724 0.22907196533203125 0.6197347293333333 0.22723960205078125 0.6265256546666667 0.22305134228515625 0.631529494 0.2206954462890625 0.6326017453333334 0.216768953125 0.63939267 0.21467482373046876 0.6558338566666666 0.2170307197265625 0.6579783593333334 0.2206954462890625 0.6683434553333333 0.22121897900390625 0.6676286213333333 0.2301190302734375 0.6733472946666667 0.23116609521484374 0.679423386 0.23771025048828126 0.6844272253333333 0.245301470703125 0.6858568933333332 0.24844266552734376 0.6887162306666668 0.25184562646484376 0.6883588133333333 0.253939755859375 0.6844272253333333
1 0.22540723828125 0.6844272253333333 0.22645430322265625 0.6783511346666666 0.22436017333984376 0.672989878 0.2201719140625 0.669773124 0.20996303173828126 0.649757766 0.205513005859375 0.643324258 0.19582765576171876 0.642609424 0.1929482275390625 0.649757766 0.1937335263671875 0.6590506106666667 0.20053944775390625 0.689788482 0.2042041748046875 0.6926478186666667 0.214151291015625 0.6965794066666667 0.21860131689453124 0.6965794066666667 0.22540723828125 0.6844272253333333
1 0.18797466943359376 0.7108760906666667 0.195042357421875 0.6901458986666666 0.19530412353515625 0.6840698080000001 0.189021734375 0.6501151833333333 0.1869276044921875 0.6454687606666666 0.1822158125 0.64189459 0.17357752734375 0.6318869106666667 0.1688657353515625 0.62831274 0.16546277490234376 0.627597906 0.160489216796875 0.6386778359999999 0.1583950869140625 0.6476132633333334 0.15682448974609375 0.6590506106666667 0.1578715546875 0.6726324606666667 0.1617980478515625 0.6901458986666666 0.16729513818359376 0.7012258286666667 0.17698048828125 0.7126631760000001 0.18143051416015624 0.7162373473333333 0.18457170849609375 0.7162373473333333 0.18797466943359376 0.7108760906666667
1 0.1578715546875 0.5868523560000001 0.1531597626953125 0.579704014 0.1471391396484375 0.5736279233333333 0.14399794482421874 0.5736279233333333 0.134574361328125 0.5807762653333334 0.1337890625 0.5807131913333333 0.1337890625 0.6445121446666667 0.13928615283203125 0.6504726006666667 0.1445214775390625 0.6508300173333333 0.15080386669921875 0.6440390926666667 0.1602274501953125 0.62831274 0.16598630712890625 0.6104418846666667 0.1578715546875 0.5868523560000001
1 0.7256424790039062 0.6854994766666667 0.7295689721679688 0.6779937173333334 0.7327101669921875 0.6676286213333333 0.7350660629882813 0.6440390926666667 0.7327101669921875 0.6336739966666667 0.7209306870117187 0.6197347293333333 0.7146482978515625 0.6175902266666667 0.6955393642578125 0.6197347293333333 0.6837598842773438 0.6265256546666667 0.6811422221679687 0.632959162 0.6850687153320313 0.64189459 0.687424611328125 0.6554764399999999 0.690827572265625 0.665841536 0.6903040395507812 0.6751343806666666 0.687424611328125 0.6783511346666666 0.68820991015625 0.6840698080000001 0.6931834682617187 0.689788482 0.6971099614257813 0.6915755673333334 0.7146482978515625 0.695149738 0.7175277260742188 0.69372007 0.7256424790039062 0.6854994766666667
1 0.721192453125 0.61723281 0.7251189467773438 0.6000767886666667 0.7232865830078125 0.5929284466666667 0.7225012841796875 0.5811336826666667 0.7175277260742188 0.575772426 0.7146482978515625 0.5671944153333333 0.7146482978515625 0.5618331586666666 0.7175277260742188 0.5539699826666666 0.7170041938476562 0.5468216406666666 0.7143865317382813 0.541460384 0.6992040913085937 0.530380454 0.6958011303710937 0.5339546246666667 0.6900422734375 0.5461068060000001 0.68820991015625 0.555042234 0.682189287109375 0.5671944153333333 0.6793098583984375 0.575772426 0.6793098583984375 0.6061528793333334 0.6832363520507813 0.6158031413333334 0.6903040395507812 0.6197347293333333 0.7156953627929687 0.6197347293333333 0.721192453125 0.61723281
1 0.739254322265625 0.5982897033333333 0.7423955170898437 0.58756719 0.7429190493164063 0.575772426 0.742657283203125 0.5575441533333333 0.7416102182617188 0.5546848166666667 0.739254322265625 0.5532551486666667 0.73323369921875 0.5553996506666666 0.7314013359375 0.5579015706666667 0.72983073828125 0.5639776613333334 0.7274748422851562 0.5854226873333334 0.7264277778320313 0.5872097733333334 0.7285219072265625 0.5993619546666666 0.737421958984375 0.5993619546666666 0.739254322265625 0.5982897033333333
1 0.8484108349609375 0.730176614 0.8649021064453125 0.7537661433333332 0.8662109375 0.75480861 0.8662109375 0.655550388 0.8465784711914063 0.6783511346666666 0.8473637700195312 0.698366492 0.8447461079101563 0.7126631760000001 0.8447461079101563 0.7190966839999999 0.846316705078125 0.7251727746666667 0.8484108349609375 0.730176614
1 0.8219724467773437 0.7348230366666667 0.8243283427734375 0.7273172773333334 0.8311342646484375 0.7269598606666666 0.8358460561523438 0.7241005233333334 0.8423902119140625 0.7080167540000001 0.8426519780273437 0.7008684119999999 0.8374166538085938 0.679423386 0.8277313037109375 0.6733472946666667 0.8185694858398438 0.6726324606666667 0.811763564453125 0.6772788833333333 0.8101929672851562 0.6972942406666666 0.8054811752929687 0.7069445026666668 0.8054811752929687 0.7130205933333333 0.8070517724609375 0.7155225133333334 0.8096694345703125 0.7165947646666667 0.8112400317382813 0.7205263526666666 0.8122870966796875 0.74054171 0.8146429926757812 0.7412565446666668 0.8219724467773437 0.7348230366666667
1 0.6691009760742187 0.5897116926666667 0.6745980668945313 0.5864949386666667 0.6748598330078125 0.5814910993333333 0.6714568720703125 0.575772426 0.663342119140625 0.575772426 0.6544420678710937 0.5807762653333334 0.6544420678710937 0.5872097733333334 0.6554891328125 0.589354276 0.6594156259765624 0.5922136126666667 0.6612479897460938 0.5918561953333333 0.6691009760742187 0.5897116926666667
1 0.49764410400390624 0.7183818500000001 0.5002617661132812 0.7051574173333334 0.5062823891601562 0.6962219893333332 0.5175383364257813 0.6733472946666667 0.51910893359375 0.6608376966666666 0.518061869140625 0.6572635253333333 0.5065441552734375 0.64189459 0.5 0.6372481673333333 0.49240877978515624 0.6261682373333333 0.4876969877929688 0.6215218153333334 0.4811528325195312 0.6175902266666667 0.47827340380859373 0.6193773126666666 0.4751322094726563 0.6240237346666667 0.46047330126953123 0.649042932 0.45392914599609374 0.662624782 0.4528820810546875 0.66655637 0.45235854833984374 0.6787085513333333 0.45392914599609374 0.6851420593333334 0.459426236328125 0.695149738 0.4795822348632813 0.7173095986666668 0.48167636474609377 0.7237431066666666 0.48455579296875 0.7251727746666667 0.493979376953125 0.7244579406666667 0.49764410400390624 0.7183818500000001
1 0.5366472705078125 0.7219560206666666 0.53978846484375 0.7130205933333333 0.5395266987304688 0.7069445026666668 0.5366472705078125 0.7026554973333333 0.5227736606445312 0.6933626526666667 0.5214648295898437 0.69121815 0.51204124609375 0.6876439793333334 0.509423583984375 0.6901458986666666 0.5036647270507812 0.701583246 0.49973823388671873 0.7187392673333334 0.5044500258789063 0.7187392673333334 0.5149206743164062 0.7298191973333334 0.518061869140625 0.7291043633333334 0.52251189453125 0.724815358 0.5277472192382813 0.723028272 0.5306266474609375 0.72946178 0.5366472705078125 0.7219560206666666
1 0.40052883740234374 0.6747769633333334 0.4062876943359375 0.6694157066666666 0.40838182421875 0.665841536 0.4096906552734375 0.6565486913333334 0.4096906552734375 0.6436816753333333 0.40654946044921875 0.621879232 0.4047170971679688 0.618662478 0.39267585107421876 0.6250959859999999 0.3832522670898437 0.62581082 0.37854047509765626 0.63081466 0.37199631982421877 0.6447539266666666 0.3709492548828125 0.6522596860000001 0.371211021484375 0.6676286213333333 0.37409044970703126 0.6797808026666666 0.3772316440429688 0.6876439793333334 0.3803728388671875 0.6887162306666668 0.38351403369140624 0.6876439793333334 0.40052883740234374 0.6747769633333334
1 0.38141990380859375 0.6300998253333333 0.3863934619140625 0.62831274 0.38744052685546876 0.6215218153333334 0.3863934619140625 0.6168753926666667 0.38063460498046875 0.6082973819999999 0.36754629443359377 0.5929284466666667 0.36204920361328125 0.5897116926666667 0.35890800927734373 0.590783944 0.3562903466796875 0.6040083766666666 0.3578609443359375 0.6158031413333334 0.36414333349609374 0.621879232 0.3735669169921875 0.634746248 0.375661046875 0.634746248 0.38141990380859375 0.6300998253333333
1 0.246872068359375 0.787005934 0.25132209375 0.7823595113333334 0.25446328857421874 0.7744963353333333 0.25786624951171877 0.7601996506666666 0.25838978173828125 0.7516216406666667 0.25760448291015625 0.746260384 0.2526309248046875 0.7330359513333333 0.24922796435546876 0.7298191973333334 0.2335219912109375 0.7348230366666667 0.22723960205078125 0.7387546246666667 0.22514547216796876 0.7412565446666668 0.22200427783203125 0.7516216406666667 0.22252781005859376 0.7734240840000001 0.2240984072265625 0.7830743453333333 0.2267160693359375 0.7873633506666666 0.2293337314453125 0.7887930193333333 0.24032791259765626 0.7884356020000001 0.246872068359375 0.787005934
1 0.20263357763671874 0.8070212913333333 0.2068218369140625 0.798800698 0.212318927734375 0.7841465966666666 0.21388952490234375 0.776640838 0.2128424599609375 0.7619867366666667 0.208915966796875 0.7505493893333334 0.20603653857421875 0.7434010473333332 0.1994923828125 0.7373249566666666 0.19320999365234376 0.739826876 0.18273934521484375 0.746975218 0.1782893193359375 0.7516216406666667 0.175148125 0.7576977313333334 0.1730539951171875 0.7591273993333333 0.17148339794921874 0.7759260033333333 0.1717451640625 0.7830743453333333 0.17985991650390626 0.7984432806666667 0.18404817626953124 0.8038045373333332 0.19085409765625 0.8077361253333334 0.1955658896484375 0.8123825480000001 0.19713648681640625 0.8123825480000001 0.20263357763671874 0.8070212913333333
1 0.15656272314453126 0.8441926700000001 0.15289799609375 0.8388314133333333 0.1442597109375 0.8313256546666666 0.141642048828125 0.83311274 0.13797732177734376 0.8399036646666667 0.1337890625 0.841883206 0.1337890625 0.914749454 0.13797732177734376 0.9149612566666666 0.16284511279296876 0.9074554973333334 0.16729513818359376 0.8978052353333332 0.165724541015625 0.8835085513333334 0.1610127490234375 0.8670673646666668 0.15656272314453126 0.8441926700000001
1 0.18880623681640624 1 0.19320999365234376 0.998954276 0.1994923828125 0.9996691099999999 0.2023718115234375 0.99716719 0.20315710986328125 0.9943078533333334 0.20446594091796874 0.9696460733333333 0.20184827880859374 0.9596383946666667 0.20053944775390625 0.9460565446666667 0.193471759765625 0.930330192 0.18980703271484375 0.926398604 0.186404072265625 0.9256837693333334 0.1717451640625 0.9296153580000001 0.165724541015625 0.933546946 0.15682448974609375 0.964642234 0.1557774248046875 0.9735776613333335 0.1576097880859375 0.981440838 0.16336864501953124 0.9935930193333333 0.16742690576171876 1 0.18880623681640624 1
1 0.830872498046875 0.9181780106666667 0.8371548872070312 0.9006645726666668 0.8374166538085938 0.8949458986666666 0.8358460561523438 0.8845808026666667 0.8311342646484375 0.8813640486666666 0.8227577456054688 0.860991274 0.8185694858398438 0.8552726006666667 0.8154282915039063 0.8527706806666667 0.806528240234375 0.850626178 0.8036488115234375 0.8534855146666667 0.80233998046875 0.863493194 0.8036488115234375 0.87135637 0.8086223696289062 0.8831511346666666 0.8094076684570313 0.8960181500000001 0.815166525390625 0.9045961606666666 0.8193547846679687 0.9181780106666667 0.824851875 0.922467016 0.8282548359375 0.9213947646666667 0.830872498046875 0.9181780106666667
1 0.8128106293945313 0.8456223386666667 0.8133341616210937 0.8320404886666667 0.8211871479492188 0.8159567193333334 0.8198783168945313 0.8048767886666667 0.8164753564453126 0.7984432806666667 0.8138576943359375 0.7845040139999999 0.8101929672851562 0.7755685866666666 0.8073135385742187 0.7734240840000001 0.8036488115234375 0.7755685866666666 0.8018164482421875 0.787005934 0.7926546303710937 0.799515532 0.7879428388671875 0.8038045373333332 0.7845398779296875 0.8102380453333333 0.7855869428710938 0.81702897 0.79186933203125 0.823462478 0.7955340590820312 0.829181152 0.7973664223632813 0.837759162 0.8018164482421875 0.8499113439999999 0.8036488115234375 0.853128098 0.8062664736328125 0.8516984293333333 0.8128106293945313 0.8456223386666667
1 0.8347989916992188 0.8159567193333334 0.8405578481445313 0.8034471206666667 0.8416049130859375 0.7980858639999999 0.83689312109375 0.7905801046666667 0.8329666279296875 0.790937522 0.8279930698242187 0.79737103 0.8188312524414062 0.815599302 0.8193547846679687 0.8181012213333333 0.824851875 0.8213179753333334 0.8279930698242187 0.8206031413333333 0.8347989916992188 0.8159567193333334
1 0.8525990942382813 0.9181780106666667 0.8539079252929688 0.912816754 0.8536461591796874 0.889584642 0.8518137954101562 0.8867253053333334 0.848149068359375 0.8852956366666668 0.8397725498046875 0.8852956366666668 0.8371548872070312 0.8867253053333334 0.8358460561523438 0.8892272253333334 0.8361078227539063 0.9017368240000001 0.8332283940429688 0.9081703313333334 0.8327048618164062 0.9181780106666667 0.8397725498046875 0.9196076786666666 0.8502431982421875 0.9188928446666668 0.8525990942382813 0.9181780106666667
1 0.7882046049804687 0.981440838 0.7887281372070313 0.9664293193333333 0.7924800327148438 0.9624977313333334 0.7981517211914062 0.9621403140000001 0.8033870454101563 0.9599958113333333 0.806528240234375 0.954277138 0.8101929672851562 0.9364062826666667 0.8122870966796875 0.9171057593333334 0.8141194604492188 0.9131741713333332 0.8101929672851562 0.9010219893333333 0.806528240234375 0.8960181500000001 0.8026017465820312 0.8942310646666667 0.7926546303710937 0.885653054 0.78846637109375 0.8763602093333334 0.7871575400390625 0.8802917973333333 0.7819222158203125 0.879219546 0.7793045537109375 0.8767176266666667 0.7698809697265625 0.8788621293333334 0.7664780087890625 0.8827937173333333 0.765169177734375 0.8863678880000001 0.7628132817382812 0.8960181500000001 0.762551515625 0.9020942406666667 0.7622897495117188 0.9371211166666666 0.7641221127929687 0.9682164046666667 0.7683103725585938 0.9760795813333334 0.7753780600585938 0.982155672 0.7821839819335937 0.9914485166666667 0.7848016440429687 0.9903762653333333 0.7882046049804687 0.981440838
1 0.7759015927734375 0.8595616053333334 0.7795663198242188 0.8502687606666667 0.7803516181640625 0.8263218153333334 0.7793045537109375 0.8191734726666667 0.7732839306640625 0.8166715533333333 0.7649074116210938 0.8159567193333334 0.7578397236328125 0.8181012213333333 0.754698529296875 0.8141696333333333 0.751295568359375 0.8127399653333334 0.7481543735351562 0.8048767886666667 0.7361131274414062 0.8020174520000001 0.7327101669921875 0.8095232113333333 0.7321866342773438 0.8145270506666668 0.7259042451171875 0.8334701573333333 0.7256424790039062 0.8384739966666666 0.7300925048828125 0.8459797560000001 0.735851361328125 0.8542003493333333 0.7397778544921875 0.8545577660000001 0.7421337504882812 0.8567022686666665 0.7484161396484375 0.857059686 0.751295568359375 0.8588467713333333 0.7609809184570312 0.8592041886666666 0.7635985805664063 0.860991274 0.77118980078125 0.8606338566666667 0.7759015927734375 0.8595616053333334
1 0.7583632563476562 0.8030897033333334 0.7570544248046875 0.7962987786666667 0.7419591528320313 0.7728282693333334 0.7389925561523437 0.763773822 0.735851361328125 0.7619867366666667 0.73323369921875 0.763773822 0.7290454399414062 0.7694924953333334 0.7285219072265625 0.7755685866666666 0.7353278291015625 0.7948691099999999 0.7408249194335937 0.8016600346666667 0.7484161396484375 0.8073787086666666 0.7515573344726563 0.8127399653333334 0.754698529296875 0.8134547993333334 0.7575779575195313 0.811667714 0.7583632563476562 0.8030897033333334
1 0.7350660629882813 0.7648460733333333 0.735851361328125 0.7584125653333333 0.7348042963867187 0.7519790573333333 0.7363748940429687 0.746260384 0.7334954653320312 0.7426862126666667 0.7261660112304688 0.7408991273333333 0.7175277260742188 0.7348230366666667 0.71595712890625 0.7416139613333333 0.7190983237304688 0.7523364746666666 0.7180512587890625 0.7698499126666667 0.7209306870117187 0.7723518326666667 0.7269513100585937 0.7744963353333333 0.72983073828125 0.7730666666666666 0.7350660629882813 0.7648460733333333
1 0.7057482465820313 0.7684202440000001 0.7117688696289063 0.7459029666666667 0.71255416796875 0.7412565446666668 0.7104600385742188 0.7298191973333334 0.7088894409179688 0.7258876093333333 0.7031305844726562 0.7187392673333334 0.690827572265625 0.7051574173333334 0.6869010791015625 0.7026554973333333 0.6832363520507813 0.7051574173333334 0.6743363002929688 0.721598604 0.671980404296875 0.7326785339999999 0.6685774438476563 0.739112042 0.6677921450195312 0.7530513086666667 0.6714568720703125 0.7591273993333333 0.6808804560546875 0.7702073300000001 0.6871628452148437 0.7755685866666666 0.6965864287109375 0.7762834206666667 0.7023452856445312 0.7734240840000001 0.7057482465820313 0.7684202440000001
1 0.7002511557617187 0.8166715533333333 0.7096747397460937 0.787720768 0.709936505859375 0.7809298426666667 0.7086276748046875 0.778070506 0.7026070517578125 0.7744963353333333 0.6900422734375 0.7791427573333334 0.6811422221679687 0.7873633506666666 0.6803569233398438 0.790937522 0.6808804560546875 0.8041619546666667 0.6845451831054687 0.8231050613333334 0.6869010791015625 0.8266792319999999 0.6931834682617187 0.8270366493333333 0.694230533203125 0.8256069806666666 0.7002511557617187 0.8166715533333333
1 0.6227683559570313 0.8860104713333333 0.630359576171875 0.8788621293333334 0.6290507451171875 0.8556300173333334 0.626956615234375 0.8470520066666666 0.6285272124023438 0.827394066 0.6282654462890624 0.8145270506666668 0.6264330830078125 0.8023748693333334 0.6222448232421876 0.787005934 0.6086329799804687 0.7616293193333332 0.6073241489257812 0.7598422340000001 0.6041829541015625 0.7591273993333333 0.5971152666015626 0.763058988 0.5937123056640625 0.7666331586666667 0.5874299165039063 0.776640838 0.583765189453125 0.7862910993333333 0.5738180732421875 0.7977284466666666 0.571723943359375 0.804519372 0.5709386450195313 0.82203281 0.5727710083007812 0.832397906 0.5808857612304688 0.853128098 0.597638798828125 0.8802917973333333 0.6041829541015625 0.889584642 0.6141300708007813 0.8910143106666666 0.6227683559570313 0.8860104713333333
1 0.5502591137695313 0.8152418846666666 0.5565415029296875 0.8027322859999999 0.5602062299804688 0.7884356020000001 0.5594209311523437 0.7791427573333334 0.5549709057617187 0.7712795813333334 0.549212048828125 0.766990576 0.5342913745117187 0.763058988 0.5238207255859375 0.764488656 0.5183236352539062 0.7712795813333334 0.5162295053710938 0.7916523560000001 0.5170148041992187 0.805234206 0.5214648295898437 0.8105954626666667 0.5479032177734375 0.8173863873333334 0.5502591137695313 0.8152418846666666
1 0.5219883623046875 0.8910143106666666 0.5248677905273438 0.885653054 0.5243442583007812 0.8763602093333334 0.51544420703125 0.8384739966666666 0.51204124609375 0.8288237346666667 0.5102088823242188 0.8277514833333333 0.5031411948242187 0.8306108200000001 0.47984400146484374 0.8527706806666667 0.4735616123046875 0.861706108 0.4701586513671875 0.8702841186666667 0.4678027553710937 0.8902994766666668 0.468064521484375 0.9013794066666666 0.471467482421875 0.9067406633333334 0.47853517041015625 0.923896684 0.4814145986328125 0.9281856893333333 0.4827234296875 0.9274708553333333 0.5219883623046875 0.8910143106666666
1 0.462829197265625 0.7945116926666667 0.4659703916015625 0.7937968586666666 0.47120571630859376 0.787005934 0.4795822348632813 0.7809298426666667 0.481938130859375 0.777355672 0.48377049462890626 0.7698499126666667 0.4821998974609375 0.735895288 0.480105767578125 0.7298191973333334 0.4753939755859375 0.7280321120000001 0.46439979443359375 0.7283895286666666 0.45340561328125 0.7312488653333333 0.4382231728515625 0.738397208 0.4348202119140625 0.7419713786666666 0.43246431591796874 0.746975218 0.4322025498046875 0.763773822 0.4342966796875 0.7666331586666667 0.4416261337890625 0.7859336826666666 0.44790852294921873 0.795583944 0.45131148388671877 0.798800698 0.4547144443359375 0.7991581153333334 0.4607350673828125 0.7970136126666666 0.462829197265625 0.7945116926666667
1 0.48455579296875 0.837759162 0.4895293515625 0.823462478 0.49162348095703123 0.8102380453333333 0.49162348095703123 0.8038045373333332 0.4876969877929688 0.7884356020000001 0.4848175595703125 0.7830743453333333 0.48167636474609377 0.7809298426666667 0.47827340380859373 0.7816446773333334 0.4701586513671875 0.787005934 0.4670174565429687 0.7934394413333333 0.46649392431640624 0.7970136126666666 0.46309096337890626 0.798800698 0.459426236328125 0.8041619546666667 0.46047330126953123 0.8102380453333333 0.46518509326171875 0.81953089 0.4722527807617187 0.8420481673333333 0.4753939755859375 0.8456223386666667 0.47853517041015625 0.8456223386666667 0.4806292998046875 0.8438352533333333 0.48455579296875 0.837759162
1 0.42670545947265626 0.8438352533333333 0.43534374462890624 0.8366869106666667 0.4434584970703125 0.8223902266666667 0.44790852294921873 0.805234206 0.44502909423828124 0.7948691099999999 0.43848493896484375 0.7837891800000001 0.4348202119140625 0.771636998 0.431679017578125 0.766990576 0.42722899169921874 0.7652034906666666 0.423040732421875 0.76770541 0.40942888916015624 0.7809298426666667 0.4055023955078125 0.789150436 0.40157590234375 0.7930820246666667 0.4002670712890625 0.7980858639999999 0.40079060400390626 0.8066638746666666 0.4130936162109375 0.8470520066666666 0.417020109375 0.8524132633333333 0.4233024985351562 0.8520558466666667 0.42670545947265626 0.8438352533333333
1 0.4089053564453125 0.8813640486666666 0.41387891455078124 0.8727860386666666 0.4130936162109375 0.8499113439999999 0.41047595361328126 0.8384739966666666 0.398958240234375 0.8023748693333334 0.3958170458984375 0.7991581153333334 0.38953465625 0.8005877833333334 0.37932577392578126 0.809880628 0.37042572265625 0.8130973819999999 0.3651903984375 0.8238198953333333 0.3617874375 0.839546248 0.3617874375 0.8459797560000001 0.36414333349609374 0.8549151833333334 0.3649286318359375 0.8638506106666667 0.373043384765625 0.8902994766666668 0.37749341064453124 0.8970904013333334 0.379849306640625 0.89852007 0.386916994140625 0.8992349040000001 0.3890111240234375 0.8981626526666667 0.4089053564453125 0.8813640486666666
1 0.4081200576171875 0.7762834206666667 0.4115230185546875 0.763773822 0.4151877456054687 0.7605570680000001 0.4225171997070313 0.7576977313333334 0.42382603076171876 0.7516216406666667 0.42068483642578125 0.7387546246666667 0.4141406806640625 0.7269598606666666 0.410999486328125 0.7241005233333334 0.40497886328125 0.7237431066666666 0.40157590234375 0.7251727746666667 0.3921523188476562 0.7205263526666666 0.38874935791015625 0.7237431066666666 0.38586992919921875 0.7237431066666666 0.3829905009765625 0.728746946 0.38272873486328124 0.7369675393333334 0.38089637109375 0.7473326353333334 0.38141990380859375 0.7530513086666667 0.38586992919921875 0.7673479933333333 0.3905817211914063 0.7762834206666667 0.3958170458984375 0.7837891800000001 0.3994817724609375 0.7845040139999999 0.4081200576171875 0.7762834206666667
1 0.347913828125 0.8105954626666667 0.35864624267578127 0.798800698 0.3570756455078125 0.7752111693333333 0.35262561962890626 0.7416139613333333 0.350531490234375 0.7355378706666666 0.3466049970703125 0.7312488653333333 0.32566369970703124 0.7237431066666666 0.31100479150390625 0.7241005233333334 0.306554765625 0.723028272 0.3034135712890625 0.7258876093333333 0.300534142578125 0.7312488653333333 0.2942517534179688 0.7580551486666667 0.2939899873046875 0.7702073300000001 0.29896354541015624 0.7759260033333333 0.306554765625 0.7787853400000001 0.3165018818359375 0.7777130893333333 0.32435486865234375 0.780572426 0.3261872319335937 0.7873633506666666 0.3259254658203125 0.7934394413333333 0.32749606298828127 0.8020174520000001 0.329851958984375 0.8105954626666667 0.329851958984375 0.815599302 0.3335166860351563 0.81953089 0.336657880859375 0.8191734726666667 0.347913828125 0.8105954626666667
1 0.7244758959960937 1 0.7245954140625 0.9950226873333333 0.7232865830078125 0.9871595113333332 0.7117688696289063 0.9696460733333333 0.702868818359375 0.9624977313333334 0.6992040913085937 0.965357068 0.6910893383789063 0.9832279233333334 0.68480694921875 0.9871595113333332 0.6808804560546875 0.9928781846666668 0.6821683315429687 1 0.7244758959960937 1
1 0.6348096015625 0.9456991273333333 0.640830224609375 0.9364062826666667 0.6439714194335937 0.9296153580000001 0.6447567177734375 0.9235392673333334 0.6418772895507813 0.8960181500000001 0.6348096015625 0.8867253053333334 0.6285272124023438 0.8831511346666666 0.6259095502929688 0.884223386 0.6188418623046875 0.8920865619999999 0.6180565639648438 0.8956607326666667 0.6188418623046875 0.9020942406666667 0.618318330078125 0.9099574173333334 0.6162242001953125 0.9299727746666667 0.6185800961914063 0.9356914486666666 0.6248624853515625 0.9435546246666666 0.628788978515625 0.9460565446666667 0.63297723828125 0.9467713786666666 0.6348096015625 0.9456991273333333
1 0.631973119140625 1 0.632191939453125 0.998954276 0.6280036801757812 0.9875169286666666 0.6272183813476563 0.9810834206666667 0.6206742260742187 0.9753647466666666 0.6196271611328125 0.971075742 0.6198889272460938 0.964642234 0.6138683041992188 0.9624977313333334 0.601041759765625 0.9746499126666666 0.59161817578125 0.9857298426666666 0.5900475786132813 0.991805934 0.5901052822265626 1 0.631973119140625 1
1 0.5968535004882812 0.9517752180000001 0.5952829028320312 0.9396230366666667 0.5955446689453125 0.9292579406666667 0.5895240463867187 0.91210192 0.5858593193359375 0.90709808 0.582979890625 0.9113870853333332 0.5787916313476562 0.9217521813333333 0.5764357353515625 0.9360488653333333 0.5780063325195313 0.9392656193333334 0.580362228515625 0.940695288 0.58114752734375 0.94534171 0.582979890625 0.9460565446666667 0.5848122543945312 0.9517752180000001 0.587168150390625 0.9546345546666667 0.5910946435546875 0.9567790573333333 0.59502113671875 0.9567790573333333 0.5960682016601563 0.9553493893333332 0.5968535004882812 0.9517752180000001
1 0.561253294921875 0.9621403140000001 0.5667503852539062 0.957493892 0.5719857094726563 0.9356914486666666 0.5667503852539062 0.912816754 0.561253294921875 0.905668412 0.5573268012695313 0.9053109946666666 0.5429296596679688 0.9103148339999999 0.5395266987304688 0.923896684 0.5395266987304688 0.9292579406666667 0.5421443608398437 0.9360488653333333 0.542406126953125 0.9599958113333333 0.5494738149414062 0.964642234 0.559682697265625 0.9649996506666666 0.561253294921875 0.9621403140000001
1 0.1549921259765625 1 0.1549921259765625 0.9817982546666667 0.1531597626953125 0.9782240839999999 0.1497568017578125 0.976436998 0.14556854248046874 0.969288656 0.14268911376953125 0.9671441533333334 0.1337890625 0.966702256 0.1337890625 1 0.1549921259765625 1
1 0.3751908251953125 1 0.37461398193359374 0.9975246073333333 0.3709492548828125 0.9957375220000001 0.3651903984375 0.9871595113333332 0.362572736328125 0.9860872599999999 0.35262561962890626 0.993235602 0.3492226591796875 0.99716719 0.348531091796875 1 0.3751908251953125 1
1 0.34424910107421874 0.9546345546666667 0.355766814453125 0.9299727746666667 0.35550504833984375 0.9242541013333333 0.35262561962890626 0.9124593366666667 0.3439873344726562 0.8885123906666667 0.3403226079101562 0.881006632 0.3335166860351563 0.879219546 0.32356956982421875 0.8824363 0.320428375 0.8863678880000001 0.3165018818359375 0.8992349040000001 0.30969596044921877 0.912816754 0.3099577265625 0.9188928446666668 0.3083871293945312 0.9249689353333334 0.3138842197265625 0.9424823733333333 0.32226073876953126 0.960710646 0.32828136181640627 0.9632125653333332 0.33691964697265625 0.9624977313333334 0.34424910107421874 0.9546345546666667
1 0.23104492626953124 1 0.23195139404296874 0.9975246073333333 0.23561612109375 0.993235602 0.2369249521484375 0.9875169286666666 0.23928084814453124 0.9839427573333334 0.2413749775390625 0.982870506 0.25106032763671876 0.9832279233333334 0.253939755859375 0.9792963353333333 0.260745677734375 0.957493892 0.262578041015625 0.9435546246666666 0.2615309765625 0.9381933680000001 0.25969861279296874 0.9356914486666666 0.24844266552734376 0.9289005233333334 0.24268380859375 0.9235392673333334 0.24032791259765626 0.905668412 0.2361396533203125 0.8899420593333333 0.2327366923828125 0.8838659686666667 0.2275013681640625 0.8827937173333333 0.2206954462890625 0.885653054 0.21729248583984376 0.889584642 0.21467482373046876 0.895303316 0.2076071357421875 0.922467016 0.20603653857421875 0.934976614 0.20001591552734374 0.947128796 0.2034188759765625 0.9717905760000001 0.20394240869140626 0.9928781846666668 0.20525123974609374 0.998954276 0.20594417041015625 1 0.23104492626953124 1
1 0.4484320551757813 1 0.4484320551757813 0.998954276 0.43377314697265623 0.979653752 0.4287995888671875 0.9753647466666666 0.4261819267578125 0.9746499126666666 0.4201613037109375 0.9817982546666667 0.41885247265625 0.993235602 0.4195130234375 1 0.4484320551757813 1
1 0.562929119140625 1 0.5721487900390625 0.99326634 0.579176427734375 0.9891538986666666 0.5868514130859375 0.9840985913333334 0.5872082006835937 0.9764734546666667 0.584949158203125 0.9552246506666667 0.583443216796875 0.9428869693333333 0.57591351171875 0.9356900186666667 0.5671288994140625 0.9367179506666666 0.5595991938476562 0.9600229753333334 0.5588463544921874 0.9720178933333333 0.5641170170898437 0.9809286586666667 0.5588463544921874 0.986412152 0.5608541010742187 0.9915528826666667 0.5612960620117188 1 0.562929119140625 1
1 0.7609809184570312 0.7030129146666666 0.7612426845703125 0.6940774866666667 0.7575779575195313 0.6890736473333333 0.74867790625 0.6826401393333333 0.7447514125976562 0.6829975566666667 0.739254322265625 0.6779937173333334 0.7348042963867187 0.6783511346666666 0.7321866342773438 0.686571728 0.727998375 0.6901458986666666 0.7269513100585937 0.6926478186666667 0.7266895439453125 0.6958645726666667 0.7285219072265625 0.70229808 0.7455367114257813 0.7244579406666667 0.7515573344726563 0.7269598606666666 0.7533896982421875 0.7244579406666667 0.7609809184570312 0.7030129146666666
1 0.4453227958984375 0.9362046993333334 0.415071783203125 0.9637426153333334 0.4215080908203125 0.9795622533333334 0.43180623583984373 0.970773724 0.441460958984375 0.982784726 0.44961366796875 0.9713595306666666 0.4399592065429688 0.9581765586666667 0.45204076416015626 0.9512040653333333 0.4453227958984375 0.9362046993333334
1 0.499817810546875 0.9282950586666666 0.49724333984375 0.9227286453333333 0.49016308740234377 0.9203850613333334 0.486730546875 0.9253653106666667 0.49037773583984373 0.9362046993333334 0.49724333984375 0.9408918673333333 0.4987710078125 0.9371861666666667 0.499817810546875 0.9282950586666666
1 0.29883370947265625 0.8995851726666666 0.283386361328125 0.9130612273333333 0.267509978515625 0.9385482833333334 0.26815339990234377 0.9543679220000001 0.27609172216796873 0.9517316133333333 0.29981271484375 0.9125336793333333 0.29883370947265625 0.8995851726666666
1 0.30763010107421873 0.8843513413333334 0.3136376357421875 0.8864022006666668 0.3243648154296875 0.8846444233333334 0.3269395478515625 0.8705825620000001 0.3306123896484375 0.8598453946666667 0.31428105712890625 0.8638445346666668 0.30763010107421873 0.8843513413333334
1 0.2849940966796875 1 0.2884842583007812 0.9816570753333334 0.28016820751953125 0.9763397806666667 0.27611955322265624 1 0.2849940966796875 1
1 0.3417555478515625 0 0.34294027001953126 0.0049773126666666665 0.35890800927734373 0.02785200666666667 0.362572736328125 0.028209423999999997 0.3709492548828125 0.02392041866666667 0.37932577392578126 0.022848167333333332 0.3913670200195313 0.01641466 0.3966023442382812 0.01141082 0.40135441552734374 0 0.3417555478515625 0
1 0.641647458984375 0.5173776193333333 0.6325704536132812 0.5232928726666667 0.6451546025390625 0.5739971353333334 0.6538638266601563 0.565616776 0.641647458984375 0.5173776193333333
1 0.49608005078125 0.5832928393333333 0.4801952915039063 0.5647014313333333 0.47400635302734373 0.5987857980000001 0.48287708642578125 0.6030111833333334 0.48432125048828123 0.5861096433333333 0.49523637841796875 0.5935038880000001 0.49608005078125 0.5832928393333333
1 0.3966023442382812 0.211564398 0.4039317983398438 0.194765794 0.4091671225585938 0.17546527066666667 0.4096906552734375 0.16402792333333333 0.4141406806640625 0.15723699800000002 0.4151877456054687 0.15366282733333333 0.41911423876953124 0.12614171000000002 0.4183289404296875 0.11220244333333333 0.412831849609375 0.10147993000000001 0.4070729931640625 0.09576125666666667 0.40314649951171877 0.083966492 0.3958170458984375 0.07610331599999999 0.38927289013671873 0.07717556733333333 0.38665522802734376 0.07896265266666666 0.38351403369140624 0.07860523533333333 0.38246696875 0.080749738 0.37932577392578126 0.08182198933333333 0.3683315927734375 0.05573054133333333 0.35026972412109375 0.020703664666666666 0.3432020361328125 0.008551483333333334 0.3403226079101562 0.007121815333333333 0.33691964697265625 0.008908900666666667 0.33142255615234373 0.014627574 0.3165018818359375 0.034642932 0.3130989208984375 0.04357835933333333 0.3120518564453125 0.050011867333333335 0.31414598583984377 0.07860523533333333 0.31859601171875 0.09933542733333334 0.3201666088867188 0.10326701599999999 0.3269725307617187 0.10898568933333333 0.3285431279296875 0.111845026 0.33404021826171876 0.111845026 0.33927554296875 0.11613403133333333 0.34817559423828126 0.135791972 0.352363853515625 0.14186806266666668 0.35602858056640624 0.15830924933333335 0.35681387939453124 0.17689493866666664 0.36806982666015625 0.20084188466666666 0.3803728388671875 0.21549598600000003 0.38351403369140624 0.21549598600000003 0.3863934619140625 0.210849564 0.3897964228515625 0.21120698066666668 0.3929376171875 0.21370890066666667 0.3966023442382812 0.211564398
1 0.52578554296875 0.07393665333333332 0.5057174975585937 0.08289995933333334 0.50984345703125 0.12336350733333334 0.534650779296875 0.11283793066666667 0.52578554296875 0.07393665333333332
1 0.5585662646484375 0.542525844 0.5637353618164063 0.5790445793333333 0.5702530791015625 0.5839547753333333 0.57313381640625 0.5760219026666666 0.5680055541992187 0.53915004 0.5585662646484375 0.542525844
1 0.6359155639648437 0.37712357399999996 0.62765631640625 0.38173711400000004 0.6239023271484375 0.375329698 0.6139539018554687 0.395321466 0.618834271484375 0.407880388 0.6282196372070312 0.40890546066666666 0.6340384384765625 0.40301057999999995 0.6346014975585937 0.391989624 0.63812565625 0.3842490413333333 0.6359155639648437 0.37712357399999996