1 0.864501953125 0.07433333333333333 0.88427734375 0.08866666666666667 0.890869140625 0.086 0.89501953125 0.08233333333333333 0.9013671875 0.072 0.90087890625 0.06666666666666667 0.897216796875 0.06166666666666667 0.880615234375 0.05333333333333334 0.87255859375 0.053 0.865234375 0.048666666666666664 0.862060546875 0.049 0.8583984375 0.052 0.855224609375 0.057666666666666665 0.854736328125 0.064 0.857421875 0.07433333333333333 0.861083984375 0.07566666666666666 0.864501953125 0.07433333333333333
1 0.1005859375 0.07366666666666667 0.10888671875 0.072 0.109375 0.06833333333333333 0.10595703125 0.06166666666666667 0.104736328125 0.056666666666666664 0.102783203125 0.054 0.095703125 0.048666666666666664 0.090576171875 0.048666666666666664 0.08837890625 0.051333333333333335 0.087890625 0.05266666666666667 0.093994140625 0.06533333333333333 0.095703125 0.07266666666666667 0.1005859375 0.07366666666666667
1 0.100279296875 0.14770933333333333 0.1020322265625 0.14517566666666668 0.099853515625 0.139 0.091552734375 0.12766666666666668 0.087890625 0.12666666666666668 0.079345703125 0.12866666666666668 0.076904296875 0.13066666666666665 0.07666015625 0.13433333333333333 0.07861328125 0.13866666666666666 0.087890625 0.14466666666666667 0.100279296875 0.14770933333333333
1 0.16943359375 0.158 0.166015625 0.15333333333333332 0.16015625 0.154 0.154052734375 0.156 0.145263671875 0.16533333333333333 0.146484375 0.17033333333333334 0.15283203125 0.17033333333333334 0.16796875 0.16233333333333333 0.16943359375 0.158
1 0.07676904296875 0.17882033333333333 0.0754287109375 0.17473866666666668 0.071458740234375 0.17028100000000002 0.063673583984375 0.18247966666666665 0.062539306640625 0.18515399999999999 0.06676708984375 0.19078399999999998 0.07676904296875 0.17882033333333333
1 0.163179443359375 0.08517566666666666 0.161942138671875 0.09070066666666665 0.175862548828125 0.09450066666666666 0.17483154296875 0.08802633333333333 0.163179443359375 0.08517566666666666
1 0.242268798828125 0.12786966666666666 0.245877685546875 0.117595 0.245568359375 0.112528 0.24391845703125 0.108828 0.24041259765625 0.11154266666666666 0.236081787109375 0.123788 0.238247314453125 0.12772866666666666 0.242268798828125 0.12786966666666666
1 0.23845361328125 0.14701133333333333 0.24268115234375 0.15053 0.246290283203125 0.16418266666666667 0.255983154296875 0.15855266666666668 0.254642578125 0.15081133333333335 0.251446044921875 0.14433700000000002 0.24546533203125 0.13364033333333333 0.237216064453125 0.12941766666666665 0.236494384765625 0.12941766666666665 0.236700439453125 0.13561066666666666 0.238865966796875 0.14166299999999998 0.2357724609375 0.14349266666666666 0.23845361328125 0.14701133333333333
1 0.0980341796875 0.09486699999999999 0.08961376953125 0.09370133333333333 0.08805224609375 0.098573 0.09987451171875 0.10192200000000001 0.0980341796875 0.09486699999999999
1 0.16054638671875 0.10725033333333332 0.14493212890625 0.10968599999999999 0.146716552734375 0.121408 0.162888427734375 0.11973333333333333 0.16054638671875 0.10725033333333332
1 0.20181201171875 0.15459466666666666 0.196793212890625 0.157335 0.1906591796875 0.154899 0.1906591796875 0.15459466666666666 0.18764794921875 0.16814333333333334 0.197573974609375 0.169818 0.204265625 0.16646866666666668 0.20181201171875 0.15459466666666666
1 0.18274072265625 0.217327 0.184302001953125 0.21230333333333332 0.184859619140625 0.20747400000000002 0.178279541015625 0.2109333333333333 0.17303759765625 0.2141303333333333 0.17816796875 0.218545 0.18274072265625 0.217327
1 0.164226806640625 0.28934566666666667 0.1657880859375 0.27884166666666665 0.16333447265625 0.2759493333333333 0.159319580078125 0.27671033333333334 0.158538818359375 0.2765583333333333 0.15519287109375 0.280973 0.152404541015625 0.290107 0.16065771484375 0.2919336666666667 0.164226806640625 0.28934566666666667
1 0.17036083984375 0.2765583333333333 0.1766064453125 0.27549266666666666 0.177498779296875 0.2729046666666667 0.176718017578125 0.268642 0.1701376953125 0.2690986666666667 0.16389208984375 0.2747313333333333 0.16489599609375 0.27899399999999996 0.17036083984375 0.2765583333333333
1 0.261703369140625 0.26955533333333337 0.247873779296875 0.259356 0.247427490234375 0.2588666666666667 0.24185107421875 0.28005966666666665 0.277763427734375 0.30274233333333334 0.279101806640625 0.2826476666666667 0.261703369140625 0.26955533333333337
1 0.1506201171875 0.38010166666666667 0.153296875 0.38786533333333334 0.159430908203125 0.386952 0.1516240234375 0.36548733333333333 0.145712890625 0.3670096666666667 0.146716552734375 0.37193066666666663 0.137013671875 0.3884743333333333 0.14058251953125 0.3910623333333333 0.14705126953125 0.3886266666666667 0.1506201171875 0.38010166666666667
1 0.15084326171875 0.4231836666666666 0.141809326171875 0.40461100000000005 0.13456005859375 0.40445899999999996 0.127198974609375 0.41404966666666665 0.134225341796875 0.432622 0.143147705078125 0.437798 0.15084326171875 0.4231836666666666
1 0.0682001953125 0.35710800000000004 0.07333056640625 0.348431 0.078906982421875 0.3513233333333333 0.08102587890625 0.34660399999999997 0.078349365234375 0.34127599999999997 0.079687744140625 0.33686099999999997 0.077010986328125 0.33457766666666666 0.06953857421875 0.3383833333333333 0.069761474609375 0.34538633333333335 0.0638505859375 0.355738 0.0682001953125 0.35710800000000004
1 0.20166015625 0.33866666666666667 0.210693359375 0.3406666666666667 0.21435546875 0.33766666666666667 0.213623046875 0.33 0.211181640625 0.326 0.192138671875 0.30966666666666665 0.189208984375 0.30866666666666664 0.185302734375 0.30966666666666665 0.18115234375 0.318 0.180908203125 0.32233333333333336 0.181884765625 0.326 0.189208984375 0.339 0.20166015625 0.33866666666666667
1 0.197021484375 0.387 0.19873046875 0.38466666666666666 0.198974609375 0.37666666666666665 0.196533203125 0.37333333333333335 0.1845703125 0.37233333333333335 0.181396484375 0.376 0.18115234375 0.38066666666666665 0.18310546875 0.38266666666666665 0.192626953125 0.387 0.197021484375 0.387
1 0.208251953125 0.43166666666666664 0.211669921875 0.43333333333333335 0.21533203125 0.43333333333333335 0.223876953125 0.43066666666666664 0.22412109375 0.423 0.22021484375 0.4146666666666667 0.213134765625 0.4116666666666667 0.208251953125 0.413 0.20556640625 0.4196666666666667 0.20703125 0.42233333333333334 0.206787109375 0.42766666666666664 0.208251953125 0.43166666666666664
1 0.081298828125 0.3913333333333333 0.091552734375 0.3883333333333333 0.093994140625 0.384 0.0947265625 0.37666666666666665 0.091796875 0.37033333333333335 0.083984375 0.37 0.07763671875 0.37566666666666665 0.075439453125 0.38033333333333336 0.07470703125 0.38533333333333336 0.07568359375 0.388 0.07958984375 0.3913333333333333 0.081298828125 0.3913333333333333
1 0.142822265625 0.5253333333333333 0.1435546875 0.5206666666666667 0.142333984375 0.5173333333333333 0.137939453125 0.5143333333333333 0.13427734375 0.516 0.130615234375 0.52 0.129638671875 0.5226666666666666 0.12939453125 0.5256666666666666 0.13037109375 0.5283333333333333 0.135009765625 0.533 0.142822265625 0.5253333333333333
1 0.020751953125 0.5266666666666666 0.025146484375 0.524 0.028076171875 0.5176666666666667 0.028076171875 0.513 0.026123046875 0.5096666666666667 0.017578125 0.5046666666666667 0.012451171875 0.507 0.007568359375 0.5126666666666667 0.007080078125 0.5146666666666667 0.007568359375 0.5216666666666666 0.01025390625 0.5263333333333333 0.01318359375 0.5283333333333333 0.020751953125 0.5266666666666666
1 0.009033203125 0.565 0.01953125 0.5633333333333334 0.0263671875 0.553 0.026611328125 0.5486666666666666 0.025146484375 0.5466666666666666 0.00537109375 0.5433333333333333 0.003662109375 0.5443333333333333 0.002197265625 0.5473333333333333 0.001953125 0.5526666666666666 0.004638671875 0.5603333333333333 0.0068359375 0.564 0.009033203125 0.565
1 0.107177734375 0.6346666666666667 0.10546875 0.629 0.095947265625 0.6213333333333333 0.0927734375 0.6203333333333333 0.088134765625 0.6213333333333333 0.083984375 0.6256666666666667 0.08544921875 0.6343333333333333 0.087646484375 0.6363333333333333 0.09619140625 0.6376666666666667 0.107177734375 0.6346666666666667
1 0.052734375 0.7486666666666667 0.052001953125 0.7516666666666667 0.056640625 0.7556666666666667 0.0634765625 0.7566666666666667 0.068603515625 0.755 0.07568359375 0.742 0.08154296875 0.736 0.081298828125 0.7283333333333334 0.080078125 0.727 0.07177734375 0.728 0.068115234375 0.7256666666666667 0.064208984375 0.7256666666666667 0.060791015625 0.7313333333333333 0.056396484375 0.7306666666666667 0.053955078125 0.7323333333333333 0.0556640625 0.7363333333333333 0.055908203125 0.741 0.05517578125 0.7453333333333333 0.052734375 0.7486666666666667
1 0.07568359375 0.803 0.082763671875 0.805 0.087646484375 0.804 0.08984375 0.8 0.092529296875 0.7873333333333333 0.093017578125 0.775 0.091796875 0.772 0.08837890625 0.771 0.08056640625 0.7736666666666666 0.07275390625 0.7793333333333333 0.069580078125 0.7843333333333333 0.068603515625 0.787 0.06884765625 0.7906666666666666 0.07080078125 0.7956666666666666 0.07568359375 0.803
1 0.106689453125 0.8813333333333333 0.118896484375 0.8756666666666667 0.1240234375 0.8656666666666667 0.12353515625 0.8566666666666667 0.121337890625 0.8536666666666667 0.118408203125 0.8536666666666667 0.11181640625 0.858 0.107421875 0.8556666666666667 0.1044921875 0.8576666666666667 0.10302734375 0.8663333333333333 0.1005859375 0.8736666666666667 0.101806640625 0.877 0.106689453125 0.8813333333333333
1 0.080078125 0.8543333333333333 0.08447265625 0.8493333333333334 0.085693359375 0.846 0.0849609375 0.8336666666666667 0.083740234375 0.8306666666666667 0.07861328125 0.8283333333333334 0.07568359375 0.8283333333333334 0.073486328125 0.8336666666666667 0.072509765625 0.8413333333333334 0.072998046875 0.8493333333333334 0.07568359375 0.853 0.080078125 0.8543333333333333
1 0.03955078125 0.8143333333333334 0.041748046875 0.806 0.0419921875 0.7986666666666666 0.041015625 0.797 0.035400390625 0.7976666666666666 0.0283203125 0.8073333333333333 0.029296875 0.818 0.032958984375 0.8206666666666667 0.036376953125 0.819 0.03955078125 0.8143333333333334
1 0.0537109375 0.9146666666666666 0.056396484375 0.9103333333333333 0.058349609375 0.903 0.06396484375 0.8963333333333333 0.062744140625 0.891 0.06103515625 0.8886666666666667 0.05322265625 0.886 0.0458984375 0.8873333333333333 0.04052734375 0.8906666666666667 0.038818359375 0.8936666666666667 0.03857421875 0.8966666666666666 0.04248046875 0.9113333333333333 0.044677734375 0.9156666666666666 0.0537109375 0.9146666666666666
1 0.08056640625 0.8923333333333333 0.080078125 0.8853333333333333 0.075927734375 0.8843333333333333 0.0732421875 0.8876666666666667 0.066162109375 0.8916666666666667 0.063720703125 0.896 0.0634765625 0.9 0.067138671875 0.9013333333333333 0.075439453125 0.8983333333333333 0.08056640625 0.8923333333333333
1 0.150390625 0.9696666666666667 0.1474609375 0.9623333333333334 0.14599609375 0.9616666666666667 0.138427734375 0.967 0.1357421875 0.9706666666666667 0.135986328125 0.9766666666666667 0.138671875 0.981 0.1484375 0.9733333333333334 0.150390625 0.9696666666666667
1 0.23876953125 0.92 0.238525390625 0.9076666666666666 0.236572265625 0.8966666666666666 0.23193359375 0.8936666666666667 0.228271484375 0.8956666666666667 0.227294921875 0.899 0.22705078125 0.904 0.232177734375 0.9233333333333333 0.237548828125 0.9223333333333333 0.23876953125 0.92
1 0.2598876953125 0.8986666666666666 0.263427734375 0.8993333333333333 0.26513671875 0.897 0.265625 0.8906666666666667 0.263916015625 0.8873333333333333 0.252685546875 0.8803333333333333 0.2490234375 0.8806666666666667 0.247314453125 0.8826666666666667 0.248046875 0.8893333333333333 0.254638671875 0.896 0.255615234375 0.9006666666666666 0.2598876953125 0.8986666666666666
1 0.227294921875 0.9196666666666666 0.22607421875 0.9043333333333333 0.22314453125 0.9 0.220703125 0.899 0.216796875 0.9 0.213623046875 0.9116666666666666 0.212890625 0.916 0.214111328125 0.918 0.22314453125 0.92 0.227294921875 0.9196666666666666
1 0.292724609375 0.8513333333333334 0.296142578125 0.846 0.295166015625 0.8376666666666667 0.290771484375 0.838 0.286376953125 0.8453333333333334 0.2861328125 0.8493333333333334 0.287109375 0.8516666666666667 0.291259765625 0.8523333333333334 0.292724609375 0.8513333333333334
1 0.124755859375 0.6776666666666666 0.123779296875 0.6736666666666666 0.115234375 0.6693333333333333 0.109130859375 0.6736666666666666 0.107666015625 0.6776666666666666 0.115478515625 0.681 0.12255859375 0.6806666666666666 0.124755859375 0.6776666666666666
1 0.154541015625 0.7516666666666667 0.153076171875 0.7426666666666667 0.151611328125 0.7403333333333333 0.147705078125 0.74 0.145751953125 0.7416666666666667 0.1455078125 0.7483333333333333 0.14794921875 0.7523333333333333 0.15087890625 0.7533333333333333 0.154541015625 0.7516666666666667
1 0.226806640625 0.5583333333333333 0.234130859375 0.5483333333333333 0.232421875 0.546 0.22021484375 0.5403333333333333 0.216552734375 0.541 0.21337890625 0.5436666666666666 0.211669921875 0.5513333333333333 0.211181640625 0.557 0.212158203125 0.5603333333333333 0.218505859375 0.561 0.226806640625 0.5583333333333333
1 0.166015625 0.5756666666666667 0.169921875 0.5813333333333334 0.181640625 0.5806666666666667 0.18310546875 0.577 0.182861328125 0.5723333333333334 0.178955078125 0.5656666666666667 0.183837890625 0.557 0.18359375 0.5523333333333333 0.181640625 0.5493333333333333 0.17724609375 0.5486666666666666 0.169921875 0.5503333333333333 0.16162109375 0.5583333333333333 0.160400390625 0.5603333333333333 0.161376953125 0.5646666666666667 0.16455078125 0.57 0.166015625 0.5756666666666667
1 0.193115234375 0.6503333333333333 0.193115234375 0.646 0.189453125 0.638 0.185302734375 0.637 0.183349609375 0.641 0.18310546875 0.6463333333333333 0.185791015625 0.6533333333333333 0.189453125 0.6543333333333333 0.193115234375 0.6503333333333333
1 0.236328125 0.16066666666666668 0.240234375 0.16 0.241455078125 0.15833333333333333 0.24072265625 0.154 0.235493896484375 0.14804066666666668 0.2350478515625 0.148193 0.23193359375 0.14533333333333334 0.229248046875 0.14766666666666667 0.227783203125 0.15033333333333335 0.228515625 0.15333333333333332 0.232177734375 0.15833333333333333 0.236328125 0.16066666666666668
1 0.343017578125 0.13433333333333333 0.34375 0.13066666666666665 0.343017578125 0.127 0.33984375 0.12533333333333332 0.32958984375 0.12533333333333332 0.324951171875 0.127 0.323486328125 0.12966666666666668 0.324462890625 0.13466666666666666 0.329345703125 0.13933333333333334 0.341796875 0.13533333333333333 0.343017578125 0.13433333333333333
1 0.29833984375 0.161 0.29931640625 0.159 0.298828125 0.15333333333333332 0.294677734375 0.14766666666666667 0.287353515625 0.14766666666666667 0.283935546875 0.15066666666666667 0.282958984375 0.154 0.291015625 0.16066666666666668 0.2958984375 0.162 0.29833984375 0.161
1 0.31103515625 0.2986666666666667 0.310302734375 0.2956666666666667 0.3125 0.2906666666666667 0.31298828125 0.28633333333333333 0.310302734375 0.2803333333333333 0.306640625 0.2793333333333333 0.298583984375 0.2833333333333333 0.298095703125 0.289 0.299072265625 0.295 0.306396484375 0.29933333333333334 0.31103515625 0.2986666666666667
1 0.3046875 0.3536666666666667 0.30908203125 0.34933333333333333 0.310302734375 0.3456666666666667 0.309326171875 0.3426666666666667 0.306884765625 0.3406666666666667 0.298583984375 0.3406666666666667 0.29443359375 0.3423333333333333 0.290283203125 0.3496666666666667 0.292724609375 0.353 0.298095703125 0.3546666666666667 0.3046875 0.3536666666666667
1 0.273636962890625 0.4379673333333334 0.27754052734375 0.43827166666666667 0.288581787109375 0.4282243333333333 0.2924853515625 0.4390326666666666 0.296723388671875 0.43431366666666665 0.293712158203125 0.42000366666666666 0.29705810546875 0.413762 0.292931396484375 0.4101086666666667 0.28980859375 0.4107173333333333 0.287243408203125 0.40208099999999997 0.279994140625 0.40736833333333333 0.285012939453125 0.41909033333333334 0.27374853515625 0.43309566666666666 0.273636962890625 0.4379673333333334
1 0.326904296875 0.451 0.3271484375 0.44666666666666666 0.325927734375 0.444 0.321533203125 0.44566666666666666 0.318115234375 0.45066666666666666 0.318115234375 0.4553333333333333 0.322265625 0.4573333333333333 0.326904296875 0.451
1 0.333740234375 0.5096666666666667 0.332763671875 0.5056666666666667 0.326904296875 0.5033333333333333 0.320068359375 0.5056666666666667 0.318115234375 0.5083333333333333 0.318359375 0.5143333333333333 0.324951171875 0.5173333333333333 0.329833984375 0.516 0.333740234375 0.5096666666666667
1 0.317802490234375 0.631993 0.32739404296875 0.633363 0.32795166015625 0.63793 0.332412841796875 0.6428016666666666 0.3347548828125 0.646912 0.3391044921875 0.6435626666666667 0.33955078125 0.6321453333333333 0.339662109375 0.618901 0.33308203125 0.618292 0.331966796875 0.624686 0.324605712890625 0.6245336666666667 0.31824853515625 0.6242289999999999 0.317802490234375 0.631993
1 0.375244140625 0.8646666666666667 0.376953125 0.8573333333333333 0.376953125 0.853 0.373046875 0.847 0.36474609375 0.8473333333333334 0.355224609375 0.8533333333333334 0.3486328125 0.8596666666666667 0.349609375 0.869 0.361572265625 0.8716666666666667 0.3681640625 0.8713333333333333 0.375244140625 0.8646666666666667
1 0.349609375 0.9743333333333334 0.35302734375 0.9706666666666667 0.353271484375 0.9663333333333334 0.350341796875 0.9593333333333334 0.34521484375 0.959 0.343017578125 0.961 0.341796875 0.9626666666666667 0.341796875 0.967 0.344970703125 0.9746666666666667 0.349609375 0.9743333333333334
1 0.414659912109375 0.17721733333333334 0.42009326171875 0.17389966666666665 0.417376708984375 0.16823966666666668 0.405794677734375 0.16316533333333333 0.40708154296875 0.15735033333333334 0.3870634765625 0.160628 0.386920654296875 0.16902033333333333 0.400790283203125 0.167654 0.414659912109375 0.17721733333333334
1 0.39697265625 0.098 0.39990234375 0.09566666666666666 0.40185546875 0.09166666666666666 0.3994140625 0.08866666666666667 0.395751953125 0.088 0.388427734375 0.08966666666666667 0.38427734375 0.09166666666666666 0.3837890625 0.09333333333333334 0.383544921875 0.09566666666666666 0.384765625 0.09866666666666667 0.389404296875 0.101 0.39697265625 0.098
1 0.304560546875 0.05368666666666667 0.300556884765625 0.06009133333333334 0.31914501953125 0.07843733333333333 0.32257666015625 0.07160633333333333 0.304560546875 0.05368666666666667
1 0.245654052734375 0.23971199999999998 0.234341064453125 0.2712576666666667 0.243876220703125 0.274787 0.255997314453125 0.245889 0.245654052734375 0.23971199999999998
1 0.301164306640625 0.5210966666666667 0.29826318359375 0.5144966666666667 0.290734130859375 0.5130440000000001 0.290388671875 0.5233593333333333 0.307380859375 0.5297706666666666 0.30751904296875 0.5224166666666666 0.301164306640625 0.5210966666666667
1 0.276159423828125 0.7378226666666666 0.28044189453125 0.7357483333333333 0.279474853515625 0.7327313333333333 0.2751923828125 0.730657 0.27063330078125 0.7303329999999999 0.2674560546875 0.7365026666666666 0.27132421875 0.7415940000000001 0.275468505859375 0.740651 0.276159423828125 0.7378226666666666
1 0.24438525390625 0.8619386666666666 0.239826171875 0.8581673333333333 0.23581982421875 0.8587826666666667 0.2421748046875 0.8772126666666666 0.248944091796875 0.876647 0.24618115234375 0.8719326666666666 0.24438525390625 0.8619386666666666
1 0.17717578125 0.8675533333333333 0.17572509765625 0.8781556666666667 0.180698486328125 0.8828696666666667 0.18346142578125 0.8668413333333332 0.17717578125 0.8675533333333333
1 0.187744140625 0.8109676666666666 0.188987548828125 0.820454 0.193408203125 0.817814 0.19202685546875 0.8097056666666668 0.187744140625 0.8109676666666666
1 0.2086044921875 0.8328993333333333 0.204598388671875 0.8332766666666667 0.202526123046875 0.840442 0.204598388671875 0.8459106666666667 0.207913818359375 0.841762 0.2086044921875 0.8328993333333333
1 0.12419580078125 0.8285546666666668 0.12419580078125 0.8238403333333334 0.12184716796875 0.8225680000000001 0.121156494140625 0.8264803333333333 0.120741943359375 0.8334573333333333 0.1240576171875 0.834023 0.12419580078125 0.8285546666666668
1 0.16494970703125 0.6941183333333334 0.139944580078125 0.6986006666666668 0.140497314453125 0.7061433333333332 0.16674560546875 0.7008633333333334 0.16494970703125 0.6941183333333334
1 0.052490234375 0.652 0.056640625 0.651 0.06103515625 0.6426666666666667 0.0595703125 0.6393333333333333 0.05712890625 0.6376666666666667 0.0517578125 0.6386666666666667 0.045166015625 0.636 0.043212890625 0.637 0.0419921875 0.6386666666666667 0.04443359375 0.6456666666666667 0.048095703125 0.6503333333333333 0.052490234375 0.652
1 0.0433095703125 0.7080296666666667 0.0417900390625 0.7044469999999999 0.035849609375 0.7062843333333334 0.03598779296875 0.7150066666666667 0.042342529296875 0.7146296666666667 0.0412373046875 0.7116126666666668 0.0433095703125 0.7080296666666667
1 0.0474541015625 0.6126346666666667 0.048282958984375 0.6159856666666667 0.0536708984375 0.6173056666666666 0.05353271484375 0.61278 0.0474541015625 0.6126346666666667
1 0.111969482421875 0.5539236666666667 0.109828369140625 0.5512393333333333 0.104924072265625 0.5582606666666666 0.10893017578125 0.5609006666666667 0.111969482421875 0.557318 0.111969482421875 0.5539236666666667
1 0.05505224609375 0.32193933333333336 0.048835693359375 0.322882 0.05090771484375 0.32872766666666664 0.0575390625 0.3247676666666667 0.05505224609375 0.32193933333333336
1 0.04510546875 0.330802 0.04400048828125 0.3358933333333333 0.052841796875 0.3358933333333333 0.052289306640625 0.3317446666666667 0.04510546875 0.330802
1 0.42177490234375 0.08345966666666667 0.420014892578125 0.07914333333333333 0.3983837890625 0.07679533333333333 0.39770263671875 0.08423466666666667 0.418822509765625 0.08624966666666667 0.42177490234375 0.08345966666666667
1 0.4232041015625 0.09078733333333334 0.417450927734375 0.08733199999999999 0.4170673828125 0.08649433333333334 0.4131552734375 0.088798 0.417604248046875 0.09350966666666667 0.421439697265625 0.09340499999999999 0.4232041015625 0.09078733333333334
1 0.42995458984375 0.1854576666666667 0.432792724609375 0.17226466666666665 0.428036865234375 0.17058933333333332 0.42634912109375 0.17624366666666666 0.426579345703125 0.17980333333333332 0.4254287109375 0.18514333333333333 0.42995458984375 0.1854576666666667
1 0.461175048828125 0.16500766666666666 0.453350830078125 0.16504 0.45381103515625 0.169647 0.460407958984375 0.16849533333333333 0.461175048828125 0.16500766666666666
1 0.358000732421875 0.3001796666666667 0.35555078125 0.3384973333333333 0.36371728515625 0.3369646666666667 0.364431884765625 0.30059766666666665 0.358000732421875 0.3001796666666667
1 0.402712646484375 0.539073 0.400466796875 0.5552360000000001 0.407 0.5555146666666667 0.40863330078125 0.5396303333333333 0.402712646484375 0.539073
1 0.41475830078125 0.557326 0.40899072265625 0.5486523333333334 0.405775146484375 0.5550966666666667 0.40975634765625 0.562621 0.413941650390625 0.5606703333333333 0.41475830078125 0.557326
1 0.367034912109375 0.6090716666666667 0.3588173828125 0.613212 0.359634033203125 0.6183673333333334 0.36831103515625 0.6137693333333333 0.367034912109375 0.6090716666666667
1 0.386787841796875 0.6300830000000001 0.385154541015625 0.627575 0.383572265625 0.626633 0.381785888671875 0.632034 0.3823984375 0.635796 0.385256591796875 0.6352386666666666 0.386787841796875 0.6300830000000001
1 0.35544873046875 0.7003263333333333 0.351671630859375 0.6982363333333332 0.34564892578125 0.713006 0.35218212890625 0.7120306666666667 0.354734130859375 0.7061786666666667 0.35544873046875 0.7003263333333333
1 0.373619384765625 0.7402 0.372292236328125 0.737831 0.362390380859375 0.7382489999999999 0.3618798828125 0.7480026666666666 0.374027587890625 0.7480026666666666 0.375660888671875 0.7436833333333334 0.373619384765625 0.7402
1 0.3762734375 0.799569 0.378723388671875 0.7927416666666667 0.375865234375 0.7912089999999999 0.3699443359375 0.7962250000000001 0.3680048828125 0.8015196666666667 0.370965087890625 0.8041673333333333 0.3762734375 0.799569
1 0.308184814453125 0.9910473333333333 0.304918212890625 0.9868673333333333 0.303693359375 0.9846376666666666 0.2977724609375 0.9857526666666666 0.298282958984375 0.9910473333333333 0.3071640625 0.995924 0.308184814453125 0.9910473333333333
1 0.390615966796875 0.7548963333333333 0.39173876953125 0.7532243333333333 0.3918408203125 0.7506076666666667 0.387145263671875 0.7493230000000001 0.38347021484375 0.7501589999999999 0.385103515625 0.754339 0.390615966796875 0.7548963333333333
1 0.386022216796875 0.7870833333333334 0.386328369140625 0.7838786666666666 0.38040771484375 0.7849933333333333 0.378263916015625 0.7887553333333334 0.385614013671875 0.7895913333333333 0.386022216796875 0.7870833333333334
1 0.495351806640625 0.6587306666666667 0.492391357421875 0.6478623333333333 0.482489501953125 0.6454486666666667 0.475650146484375 0.6562226666666666 0.4797333984375 0.6677876666666667 0.48983935546875 0.6690416666666666 0.495351806640625 0.6587306666666667
1 0.461766845703125 0.6957943333333333 0.46391064453125 0.7059660000000001 0.468810546875 0.7040153333333333 0.476058349609375 0.70722 0.4812646484375 0.7132116666666667 0.489022705078125 0.7137689999999999 0.491064453125 0.705548 0.490758056640625 0.6980236666666666 0.4932080078125 0.687852 0.4882060546875 0.6856226666666666 0.484224853515625 0.6833933333333333 0.48657275390625 0.677959 0.477385498046875 0.6757296666666667 0.4770791015625 0.6782376666666666 0.474220947265625 0.687434 0.4670751953125 0.688688 0.467279296875 0.6913356666666667 0.461766845703125 0.6957943333333333
1 0.4640126953125 0.7271453333333334 0.464829345703125 0.7214323333333333 0.46676904296875 0.7172523333333334 0.468300048828125 0.7148836666666666 0.467585693359375 0.7120966666666666 0.46197119140625 0.7107033333333334 0.46043994140625 0.7155803333333334 0.459929443359375 0.7232436666666667 0.4640126953125 0.7271453333333334
1 0.502242431640625 0.670118 0.498414306640625 0.6700053333333333 0.501374755859375 0.6840786666666666 0.505049560546875 0.6811523333333334 0.502242431640625 0.670118
1 0.452171142578125 0.5352316666666667 0.461562744140625 0.5289616666666667 0.459623291015625 0.5224126666666666 0.457887939453125 0.5194866666666667 0.4448212890625 0.5200440000000001 0.442677734375 0.52506 0.442269287109375 0.5330023333333334 0.452171142578125 0.5352316666666667
1 0.477793701171875 0.4538473333333333 0.474425048828125 0.451618 0.470852294921875 0.4531103333333333 0.4690146484375 0.45858466666666664 0.47003564453125 0.46360100000000004 0.474935546875 0.46165 0.477793701171875 0.4538473333333333
1 0.45778564453125 0.41161666666666663 0.455131591796875 0.41677200000000003 0.4609501953125 0.42764033333333334 0.463093994140625 0.42373900000000003 0.45778564453125 0.41161666666666663
1 0.47810009765625 0.40422600000000003 0.483408203125 0.4031113333333334 0.484939453125 0.402136 0.491677001953125 0.4035293333333333 0.4993330078125 0.4004636666666667 0.49463720703125 0.3954476666666667 0.493514404296875 0.386112 0.48994140625 0.390571 0.48453125 0.379842 0.484326904296875 0.37680199999999997 0.479222900390625 0.3830466666666667 0.48157080078125 0.390571 0.477181396484375 0.3954476666666667 0.47810009765625 0.40422600000000003
1 0.419403076171875 0.31265266666666663 0.416544677734375 0.30680033333333334 0.414298828125 0.30638233333333337 0.412767578125 0.3097263333333333 0.415115478515625 0.3172506666666666 0.41919873046875 0.31850466666666666 0.419403076171875 0.31265266666666663
1 0.388982666015625 0.12616733333333333 0.387145263671875 0.12115133333333333 0.38326611328125 0.11961866666666666 0.380356689453125 0.119863 0.379182861328125 0.12574933333333332 0.382653564453125 0.13076566666666667 0.38847216796875 0.12923300000000001 0.388982666015625 0.12616733333333333
1 0.54358935546875 0.09355966666666665 0.5536494140625 0.08979 0.56696435546875 0.08225133333333333 0.571402587890625 0.074039 0.570613525390625 0.067936 0.563019287109375 0.071616 0.548126220703125 0.077001 0.538855224609375 0.08453966666666667 0.54358935546875 0.09355966666666665
1 0.497234130859375 0.17597666666666664 0.4925 0.16682233333333332 0.488061767578125 0.16489166666666666 0.486483642578125 0.168034 0.4920068359375 0.18109233333333336 0.497036865234375 0.18122700000000003 0.497234130859375 0.17597666666666664
1 0.496149169921875 0.24787666666666666 0.506406494140625 0.25029999999999997 0.51311328125 0.22122133333333333 0.5003408203125 0.21599533333333332 0.497332763671875 0.22149066666666667 0.4947685546875 0.231722 0.4932890625 0.242761 0.496149169921875 0.24787666666666666
1 0.488061767578125 0.22445233333333334 0.48303173828125 0.220683 0.48007275390625 0.21839433333333333 0.476620849609375 0.22270233333333334 0.488456298828125 0.233472 0.4920068359375 0.22943333333333332 0.488061767578125 0.22445233333333334
1 0.486878173828125 0.24572266666666667 0.48391943359375 0.24346600000000002 0.48293310546875 0.24895366666666666 0.487765869140625 0.25393499999999997 0.488850830078125 0.25124233333333335 0.486878173828125 0.24572266666666667
1 0.485891845703125 0.36057333333333336 0.4924013671875 0.36016933333333334 0.493880859375 0.36366966666666667 0.498220458984375 0.3634003333333333 0.50157373046875 0.361381 0.507787353515625 0.362054 0.507096923828125 0.35276500000000005 0.50502587890625 0.34670700000000004 0.50285595703125 0.34118733333333334 0.499601318359375 0.33739166666666665 0.498417724609375 0.340649 0.491513671875 0.34374533333333335 0.485398681640625 0.3507456666666667 0.485891845703125 0.36057333333333336
1 0.516269287109375 0.36474666666666666 0.52465283203125 0.3650156666666667 0.52317333984375 0.36124633333333334 0.52189111328125 0.3572076666666667 0.516663818359375 0.3491303333333334 0.516762451171875 0.3485916666666667 0.506702392578125 0.3514186666666667 0.511140625 0.3568036666666667 0.5122255859375 0.35909233333333335 0.516269287109375 0.36474666666666666
1 0.537474365234375 0.2935196666666667 0.558580810546875 0.29325033333333334 0.574755859375 0.27790333333333334 0.569627197265625 0.25474800000000003 0.562427490234375 0.2513826666666667 0.5528603515625 0.25946 0.547633056640625 0.264845 0.5320498046875 0.266999 0.537474365234375 0.2935196666666667
1 0.517502197265625 0.42242966666666665 0.519031005859375 0.42912966666666663 0.52455419921875 0.42859133333333327 0.52504736328125 0.4225333333333333 0.517502197265625 0.42242966666666665
1 0.56390673828125 0.5064203333333334 0.56469580078125 0.49888133333333334 0.562230224609375 0.4960543333333333 0.559961669921875 0.49349633333333337 0.55355078125 0.4949773333333333 0.55315625 0.500497 0.5571015625 0.5066896666666667 0.56390673828125 0.5064203333333334
1 0.58491455078125 0.526894 0.58432275390625 0.5189513333333333 0.571698486328125 0.5189513333333333 0.572684814453125 0.5248746666666667 0.57771484375 0.527702 0.58491455078125 0.526894
1 0.611248291015625 0.5303943333333333 0.610656494140625 0.5188166666666667 0.60858544921875 0.5145086666666667 0.600004638671875 0.51949 0.59951171875 0.5377986666666666 0.60996630859375 0.5379333333333333 0.611248291015625 0.5303943333333333
1 0.573276611328125 0.6192623333333334 0.58787353515625 0.6117236666666667 0.58836669921875 0.605531 0.58629541015625 0.603646 0.575939453125 0.607685 0.568739501953125 0.6123966666666667 0.569134033203125 0.619801 0.573276611328125 0.6192623333333334
1 0.581462646484375 0.645918 0.572980712890625 0.627652 0.56804931640625 0.6304363333333334 0.575544921875 0.650899 0.581068115234375 0.6506296666666667 0.581462646484375 0.645918
1 0.59793359375 0.6311093333333333 0.604640380859375 0.6399943333333333 0.614108642578125 0.6371673333333333 0.60651416015625 0.6239743333333333 0.601286865234375 0.6154930000000001 0.602569091796875 0.612666 0.600695068359375 0.6084926666666667 0.5974404296875 0.6084926666666667 0.591621337890625 0.6149546666666666 0.578109375 0.616974 0.57692578125 0.63259 0.59793359375 0.6311093333333333
1 0.538559326171875 0.67609 0.53491015625 0.6727246666666666 0.53229638671875 0.671282 0.529978759765625 0.6748786666666666 0.530767822265625 0.679321 0.536981201171875 0.6809366666666666 0.538559326171875 0.67609
1 0.58787353515625 0.7403166666666666 0.5742626953125 0.7417973333333333 0.5748544921875 0.7496056666666666 0.589747314453125 0.7482593333333333 0.58787353515625 0.7403166666666666
1 0.603949951171875 0.7018143333333334 0.602470458984375 0.6968333333333333 0.600793701171875 0.694814 0.59556640625 0.6999296666666668 0.5978349609375 0.7067953333333333 0.600596435546875 0.7070646666666667 0.603949951171875 0.7018143333333334
1 0.615982421875 0.7264503333333334 0.612826416015625 0.7245656666666667 0.610360595703125 0.7240273333333332 0.60927587890625 0.7276619999999999 0.610360595703125 0.733047 0.6161796875 0.7334506666666666 0.615982421875 0.7264503333333334
1 0.58728173828125 0.8444083333333333 0.58501318359375 0.8386193333333334 0.582744873046875 0.8357023333333333 0.57534765625 0.838081 0.57653125 0.846966 0.581364013671875 0.847774 0.58728173828125 0.8444083333333333
1 0.589845947265625 0.8197450000000001 0.58747900390625 0.8265033333333334 0.597341796875 0.8309460000000001 0.59714453125 0.8242146666666665 0.589845947265625 0.8197450000000001
1 0.5563125 0.8852156666666666 0.560158935546875 0.8836003333333333 0.561638427734375 0.88912 0.56449853515625 0.8899276666666667 0.56676708984375 0.8873696666666666 0.56587939453125 0.881581 0.569429931640625 0.8760613333333334 0.56726025390625 0.8709456666666666 0.56311767578125 0.872965 0.560158935546875 0.8681186666666667 0.558482177734375 0.8648876666666667 0.55507958984375 0.8639810000000001 0.549507080078125 0.8752536666666667 0.55276171875 0.878754 0.5532548828125 0.8840043333333333 0.5563125 0.8852156666666666
1 0.540729248046875 0.907305 0.54566064453125 0.9075743333333334 0.54477294921875 0.9007086666666667 0.539151123046875 0.8984200000000001 0.529386962890625 0.8941119999999999 0.52573779296875 0.893035 0.52307470703125 0.894785 0.52494873046875 0.8996316666666666 0.530767822265625 0.9035356666666666 0.540729248046875 0.907305
1 0.464390869140625 0.9569923333333333 0.45847314453125 0.9514726666666667 0.455662353515625 0.950029 0.452259765625 0.9522803333333333 0.453541748046875 0.9587423333333333 0.46054443359375 0.9630503333333332 0.464390869140625 0.9569923333333333
1 0.64019580078125 0.9222373333333334 0.633784912109375 0.9175256666666668 0.6273740234375 0.91416 0.623922119140625 0.9204873333333333 0.632798583984375 0.927757 0.63723681640625 0.9288339999999999 0.64019580078125 0.9222373333333334
1 0.653609130859375 0.899486 0.663274658203125 0.8935626666666667 0.667022705078125 0.8871006666666668 0.666529541015625 0.8829273333333334 0.663669189453125 0.881985 0.656272216796875 0.886293 0.646902587890625 0.893024 0.6491708984375 0.8990823333333333 0.653609130859375 0.899486
1 0.61948388671875 0.8836006666666667 0.61879345703125 0.8774080000000001 0.614453857421875 0.8751193333333334 0.612875732421875 0.873369 0.6093251953125 0.8755229999999999 0.608634765625 0.8838696666666667 0.614749755859375 0.888447 0.61948388671875 0.8836006666666667
1 0.685466064453125 0.8383560000000001 0.68240869140625 0.8502026666666668 0.685959228515625 0.8553186666666667 0.6894111328125 0.8561263333333333 0.6921728515625 0.847645 0.695526123046875 0.837952 0.691482421875 0.8322686666666667 0.684085205078125 0.824086 0.68152099609375 0.8292016666666667 0.68300048828125 0.8348556666666667 0.685466064453125 0.8383560000000001
1 0.695131591796875 0.7548726666666666 0.696808349609375 0.740199 0.6894111328125 0.735919 0.68201416015625 0.7500263333333334 0.68240869140625 0.755142 0.688030517578125 0.7583730000000001 0.695131591796875 0.7548726666666666
1 0.669685546875 0.6332746666666667 0.6684033203125 0.6286973333333333 0.662682861328125 0.6307166666666667 0.667713134765625 0.6422943333333333 0.675406005859375 0.6382556666666667 0.669685546875 0.6332746666666667
1 0.63753271484375 0.49295833333333333 0.63940673828125 0.48811166666666667 0.63763134765625 0.4842076666666667 0.633390380859375 0.4859576666666667 0.628853515625 0.488785 0.6297412109375 0.4930926666666667 0.63753271484375 0.49295833333333333
1 0.610705810546875 0.325044 0.603407470703125 0.3389103333333333 0.610212646484375 0.34267966666666666 0.61613037109375 0.32975566666666667 0.610705810546875 0.325044
1 0.578750244140625 0.4011173333333334 0.589204833984375 0.39936733333333335 0.587626953125 0.3950593333333334 0.589599365234375 0.38913566666666666 0.5861474609375 0.38913566666666666 0.582794189453125 0.3925013333333333 0.581511962890625 0.395867 0.57677783203125 0.39721333333333336 0.578750244140625 0.4011173333333334
1 0.63851904296875 0.30591633333333335 0.63802587890625 0.30591633333333335 0.6273740234375 0.3107626666666667 0.629642578125 0.31722466666666665 0.64059033203125 0.3118396666666667 0.63851904296875 0.30591633333333335
1 0.689904296875 0.03378133333333333 0.687734619140625 0.03122366666666667 0.67974560546875 0.030416000000000002 0.6719541015625 0.029473333333333334 0.6703759765625 0.04158966666666667 0.685860595703125 0.043205 0.6888193359375 0.04185866666666666 0.689904296875 0.03378133333333333
1 0.654891357421875 0.2858406666666667 0.65765283203125 0.2851676666666667 0.65794873046875 0.28112899999999996 0.65903369140625 0.2792443333333333 0.66031591796875 0.2781673333333333 0.65992138671875 0.27547466666666665 0.65982275390625 0.27376466666666666 0.654299560546875 0.27547466666666665 0.655088623046875 0.27843666666666667 0.653411865234375 0.28045600000000004 0.654891357421875 0.2858406666666667
1 0.579539306640625 0.30268533333333336 0.580722900390625 0.2975696666666666 0.57559423828125 0.29824266666666666 0.573030029296875 0.3014736666666667 0.57510107421875 0.3051086666666667 0.579539306640625 0.30268533333333336
1 0.771667236328125 0.06614933333333334 0.770385009765625 0.063053 0.768510986328125 0.06278366666666667 0.758944091796875 0.06574566666666666 0.758549560546875 0.069919 0.76545361328125 0.070188 0.771667236328125 0.06614933333333334
1 0.719492919921875 0.15111333333333332 0.72343798828125 0.15219033333333334 0.725903564453125 0.14720933333333333 0.705684814453125 0.13172766666666666 0.706276611328125 0.12001533333333333 0.70173974609375 0.11974633333333333 0.70085205078125 0.12755433333333333 0.696413818359375 0.130516 0.70045751953125 0.138055 0.719492919921875 0.15111333333333332
1 0.730736328125 0.187742 0.731919921875 0.18114566666666668 0.7330048828125 0.16297133333333333 0.728073486328125 0.16256766666666667 0.726988525390625 0.1707796666666667 0.72107080078125 0.1789916666666667 0.72452294921875 0.183434 0.730736328125 0.187742
1 0.748292236328125 0.17317333333333332 0.74493896484375 0.20080066666666668 0.749771728515625 0.19985833333333336 0.752927734375 0.17401066666666667 0.748292236328125 0.17317333333333332
1 0.78665869140625 0.2832233333333333 0.78567236328125 0.27487666666666666 0.77294921875 0.27285733333333334 0.771963134765625 0.26810866666666666 0.7551962890625 0.27272266666666667 0.755294921875 0.2803963333333333 0.76377685546875 0.27851166666666666 0.78665869140625 0.2832233333333333
1 0.842568359375 0.305069 0.8329921875 0.31229233333333334 0.83601611328125 0.315044 0.84508837890625 0.30868066666666666 0.842568359375 0.305069
1 0.873060546875 0.405358 0.856302490234375 0.4146453333333333 0.86046044921875 0.417741 0.8733125 0.41172166666666665 0.873060546875 0.405358
1 0.897252685546875 0.417569 0.8980087890625 0.4113776666666667 0.8935986328125 0.405358 0.889818603515625 0.4001983333333333 0.885156494140625 0.40449799999999997 0.887298583984375 0.4093136666666667 0.8930947265625 0.418257 0.897252685546875 0.417569
1 0.742271484375 0.646883 0.727529296875 0.674057 0.740255615234375 0.6824843333333334 0.753989501953125 0.6566863333333334 0.742271484375 0.646883
1 0.71921337890625 0.4519876666666667 0.72437939453125 0.4396046666666667 0.723623291015625 0.435477 0.71744921875 0.4394326666666667 0.713165283203125 0.45164366666666667 0.715055419921875 0.45645933333333333 0.71921337890625 0.4519876666666667
1 0.7468076171875 0.49360800000000005 0.7425234375 0.484321 0.737987548828125 0.4879326666666667 0.72904150390625 0.494124 0.730553466796875 0.5015196666666667 0.73924755859375 0.5013476666666666 0.7468076171875 0.49360800000000005
1 0.732695556640625 0.6057643333333333 0.730805419921875 0.6116116666666667 0.73949951171875 0.61144 0.737987548828125 0.6055923333333334 0.741137451171875 0.6014646666666666 0.745421630859375 0.597853 0.74983154296875 0.5975090000000001 0.748823486328125 0.5916613333333333 0.7364755859375 0.5901136666666666 0.73408154296875 0.595961 0.730175537109375 0.5997446666666666 0.732695556640625 0.6057643333333333
1 0.802751953125 0.7177556666666666 0.7977119140625 0.7141439999999999 0.793302001953125 0.7174116666666667 0.796073974609375 0.7223993333333333 0.804137939453125 0.7266986666666667 0.81043798828125 0.7294506666666666 0.812328125 0.725151 0.8075400390625 0.7215393333333333 0.81018603515625 0.7180996666666667 0.80791796875 0.7151756666666667 0.802751953125 0.7177556666666666
1 0.763691650390625 0.7361723333333333 0.76457373046875 0.7289486666666667 0.75965966796875 0.7298086666666667 0.7568876953125 0.728433 0.75499755859375 0.7292926666666667 0.756509521484375 0.7473513333333334 0.76028955078125 0.7478673333333333 0.761045654296875 0.7413316666666666 0.763691650390625 0.7361723333333333
1 0.78448193359375 0.818582 0.780827880859375 0.8137663333333334 0.779063720703125 0.8120463333333334 0.776795654296875 0.8151423333333334 0.78460791015625 0.8266653333333334 0.786875732421875 0.8254613333333334 0.78448193359375 0.818582
1 0.97883837890625 0.9708046666666668 0.97707421875 0.9728686666666667 0.971152099609375 0.965817 0.9673720703125 0.968053 0.97379833984375 0.9764803333333333 0.9666162109375 0.9835316666666666 0.966490234375 0.9924750000000001 0.9717822265625 0.9950546666666668 0.980854248046875 0.993163 0.993202392578125 0.9826716666666666 0.999755859375 0.9876593333333333 0.99962841796875 0.980092 0.997234375 0.9756203333333333 0.999755859375 0.9701166666666666 0.9973603515625 0.9649573333333333 0.992950439453125 0.9635813333333334 0.992824462890625 0.9632373333333333 0.9870283203125 0.967021 0.9720341796875 0.954122 0.968380126953125 0.9572176666666666 0.97883837890625 0.9708046666666668
1 0.929949951171875 0.632767 0.93435986328125 0.633971 0.9363759765625 0.6298433333333333 0.9363759765625 0.6262316666666666 0.92919384765625 0.6245116666666667 0.916845703125 0.6282953333333333 0.917853759765625 0.634831 0.929949951171875 0.632767
1 0.882258544921875 0.6072773333333333 0.870603515625 0.6073133333333334 0.8709814453125 0.6126446666666666 0.884211669921875 0.6128166666666667 0.882258544921875 0.6072773333333333
1 0.937384033203125 0.45421733333333336 0.9218857421875 0.4549053333333333 0.922767822265625 0.46092466666666665 0.93877001953125 0.45972066666666667 0.937384033203125 0.45421733333333336
1 0.983185302734375 0.37683900000000004 0.97455419921875 0.39365 0.998746337890625 0.38814633333333337 0.999755859375 0.377483 0.983185302734375 0.37683900000000004
1 0.9968564453125 0.236419 0.99496630859375 0.23143166666666665 0.990430419921875 0.23074366666666665 0.982240234375 0.236591 0.98387841796875 0.24261066666666667 0.990808349609375 0.24209466666666665 0.9968564453125 0.236419
1 0.836835205078125 0.04064933333333333 0.8407412109375 0.032222 0.836709228515625 0.02847166666666667 0.82826708984375 0.029126333333333334 0.826755126953125 0.035834 0.8309130859375 0.04133733333333333 0.836835205078125 0.04064933333333333
1 0.554047607421875 0.20127833333333334 0.552124755859375 0.20724333333333333 0.557368896484375 0.21559466666666666 0.575373779296875 0.19865366666666667 0.5842890625 0.194359 0.574674560546875 0.18743933333333332 0.567507568359375 0.18338333333333331 0.562962646484375 0.17956566666666668 0.552649169921875 0.18147433333333332 0.556145263671875 0.19125699999999998 0.551250732421875 0.194359 0.554047607421875 0.20127833333333334
1 0.6094609375 0.09625366666666667 0.60596484375 0.09243633333333334 0.599671875 0.10078733333333334 0.6019443359375 0.108184 0.61016015625 0.10031 0.6094609375 0.09625366666666667
1 0.672151611328125 0.142541 0.670357666015625 0.13764366666666666 0.666129150390625 0.13816833333333334 0.6647197265625 0.146214 0.66984521484375 0.14656366666666665 0.672151611328125 0.142541
1 0.9221953125 0.224248 0.916912353515625 0.21793833333333335 0.907227294921875 0.21162866666666666 0.8997431640625 0.211128 0.899963134765625 0.22334666666666667 0.91647216796875 0.234163 0.921755126953125 0.23326166666666664 0.9221953125 0.224248
1 0.897982177734375 0.039731 0.889617431640625 0.03732733333333333 0.880592529296875 0.035825333333333334 0.87442919921875 0.04063233333333333 0.878391357421875 0.046942 0.893359619140625 0.04874466666666667 0.897982177734375 0.039731
1 0.88651416015625 0.751549 0.888087158203125 0.7542813333333334 0.892090576171875 0.7535006666666666 0.892376708984375 0.749402 0.891375732421875 0.7490116666666666 0.892233642578125 0.7445226666666668 0.88651416015625 0.7429613333333334 0.884369384765625 0.745889 0.887229248046875 0.7482310000000001 0.88651416015625 0.751549
1 0.66169384765625 0.8666176666666667 0.652558837890625 0.86734 0.651802734375 0.8726713333333334 0.662386962890625 0.8730153333333333 0.66169384765625 0.8666176666666667
1 0.63253955078125 0.104858 0.632709716796875 0.10230166666666665 0.63253955078125 0.100123 0.62734716796875 0.10032666666666668 0.62589990234375 0.10346366666666668 0.627091796875 0.10509033333333334 0.63253955078125 0.104858
1 0.266206787109375 0.799514 0.264304931640625 0.7967740000000001 0.260501220703125 0.796918 0.25638037109375 0.7989373333333333 0.2560634765625 0.8029753333333333 0.25912744140625 0.8031196666666667 0.266206787109375 0.799514
1 0.2876552734375 0.7972066666666666 0.285859130859375 0.7944663333333333 0.283428955078125 0.7938896666666666 0.282795166015625 0.8006679999999999 0.283428955078125 0.8045616666666666 0.2876552734375 0.8018216666666668 0.2876552734375 0.7972066666666666
1 0.24877294921875 0.023417 0.245286376953125 0.023417 0.24275048828125 0.024571 0.244018310546875 0.03610833333333333 0.246976806640625 0.03899266666666666 0.249406982421875 0.037983333333333334 0.24877294921875 0.023417
1 0.548421142578125 0.437423 0.544247314453125 0.43687166666666666 0.54365087890625 0.44230633333333336 0.548421142578125 0.44413733333333333 0.5506572265625 0.44027133333333335 0.548421142578125 0.437423