1 0.421923828125 1 0.421630859375 0.999 0.422607421875 0.9873333333333333 0.420654296875 0.9823333333333333 0.4111328125 0.973 0.4072265625 0.971 0.404541015625 0.9823333333333333 0.40283203125 0.9843333333333333 0.39892578125 0.9856666666666667 0.39697265625 0.9876666666666667 0.3942626953125 1 0.421923828125 1
1 0.232177734375 0.9873333333333333 0.23828125 0.993 0.244140625 0.993 0.24853515625 0.9786666666666667 0.251708984375 0.9553333333333334 0.251708984375 0.9536666666666667 0.25146484375 0.9466666666666667 0.249755859375 0.9396666666666667 0.245849609375 0.9333333333333333 0.241455078125 0.9306666666666666 0.233154296875 0.9286666666666666 0.224365234375 0.925 0.22119140625 0.9246666666666666 0.2197265625 0.9266666666666666 0.21826171875 0.933 0.216064453125 0.9616666666666667 0.217529296875 0.9686666666666667 0.22119140625 0.979 0.223876953125 0.9823333333333333 0.232177734375 0.9873333333333333
1 0.378173828125 0.8553333333333333 0.378173828125 0.8543333333333333 0.3759765625 0.8476666666666667 0.371337890625 0.8386666666666667 0.366455078125 0.8313333333333334 0.3642578125 0.8296666666666667 0.35986328125 0.8346666666666667 0.35009765625 0.8513333333333334 0.34814453125 0.8596666666666667 0.34765625 0.8766666666666667 0.3583984375 0.902 0.361328125 0.9013333333333333 0.3671875 0.892 0.3681640625 0.8886666666666667 0.374755859375 0.881 0.378173828125 0.8553333333333333
1 0.58447265625 0.9503333333333334 0.593505859375 0.9556666666666667 0.601318359375 0.959 0.607177734375 0.9593333333333334 0.611572265625 0.9543333333333334 0.617919921875 0.9506666666666667 0.62255859375 0.9453333333333334 0.63037109375 0.93 0.631591796875 0.924 0.631591796875 0.9233333333333333 0.62744140625 0.915 0.62451171875 0.9126666666666666 0.615966796875 0.9023333333333333 0.607421875 0.894 0.6044921875 0.894 0.6015625 0.8963333333333333 0.59814453125 0.9013333333333333 0.59326171875 0.911 0.591552734375 0.9173333333333333 0.591064453125 0.9246666666666666 0.583984375 0.9393333333333334 0.58251953125 0.9443333333333334 0.582763671875 0.947 0.58447265625 0.9503333333333334
1 0.70458984375 0.854 0.713134765625 0.8566666666666667 0.718994140625 0.856 0.726318359375 0.8426666666666667 0.729248046875 0.8343333333333334 0.729248046875 0.8326666666666667 0.72802734375 0.8233333333333334 0.714599609375 0.7773333333333333 0.710205078125 0.7733333333333333 0.700927734375 0.7716666666666666 0.6962890625 0.7726666666666666 0.683837890625 0.7916666666666666 0.68212890625 0.7956666666666666 0.684814453125 0.799 0.685791015625 0.807 0.691650390625 0.83 0.6953125 0.8393333333333334 0.69580078125 0.844 0.698486328125 0.8503333333333334 0.70458984375 0.854
1 0.552978515625 0.6956666666666667 0.555908203125 0.698 0.573486328125 0.7033333333333334 0.5791015625 0.693 0.5869140625 0.683 0.5888671875 0.6696666666666666 0.591552734375 0.6583333333333333 0.591796875 0.6496666666666666 0.591796875 0.6473333333333333 0.591552734375 0.6413333333333333 0.590087890625 0.6393333333333333 0.58642578125 0.6376666666666667 0.577880859375 0.6376666666666667 0.5732421875 0.6386666666666667 0.567626953125 0.6423333333333333 0.561767578125 0.643 0.552490234375 0.6513333333333333 0.548828125 0.6576666666666666 0.5498046875 0.6626666666666666 0.55224609375 0.6676666666666666 0.550048828125 0.6786666666666666 0.552734375 0.6883333333333334 0.552978515625 0.6956666666666667
1 0.527099609375 0.7706666666666667 0.534912109375 0.7583333333333333 0.537353515625 0.7503333333333333 0.5380859375 0.7413333333333333 0.5380859375 0.7394 0.537841796875 0.726 0.536376953125 0.7206666666666667 0.528076171875 0.705 0.52490234375 0.7046666666666667 0.521484375 0.7096666666666667 0.513427734375 0.7263333333333334 0.511474609375 0.7376666666666667 0.50732421875 0.7473333333333333 0.507568359375 0.7563333333333333 0.51318359375 0.769 0.518798828125 0.767 0.52099609375 0.77 0.524658203125 0.7723333333333333 0.527099609375 0.7706666666666667
1 0.50244140625 0.674 0.50244140625 0.6716666666666666 0.50146484375 0.665 0.498779296875 0.6566666666666666 0.490234375 0.644 0.48388671875 0.641 0.4697265625 0.6443333333333333 0.467529296875 0.6466666666666666 0.468017578125 0.6523333333333333 0.472900390625 0.6673333333333333 0.474853515625 0.6763333333333333 0.481201171875 0.6926666666666667 0.484375 0.6936666666666667 0.49560546875 0.6903333333333334 0.501220703125 0.679 0.50244140625 0.674
1 0.389892578125 0.8366666666666667 0.389404296875 0.822 0.392822265625 0.8146666666666667 0.395263671875 0.807 0.395263671875 0.8056666666666666 0.39306640625 0.8016666666666666 0.3837890625 0.8 0.373779296875 0.789 0.37255859375 0.7886666666666666 0.369873046875 0.792 0.366943359375 0.8006666666666666 0.366943359375 0.808 0.371337890625 0.834 0.372802734375 0.8393333333333334 0.375732421875 0.8443333333333334 0.38134765625 0.8466666666666667 0.38427734375 0.8466666666666667 0.38720703125 0.8443333333333334 0.389892578125 0.8366666666666667
1 0.3251953125 0.938 0.327880859375 0.9366666666666666 0.330078125 0.9306666666666666 0.33203125 0.9243333333333333 0.33251953125 0.9176666666666666 0.334716796875 0.9093333333333333 0.334716796875 0.9073333333333333 0.332763671875 0.8973333333333333 0.330078125 0.89 0.32666015625 0.8863333333333333 0.321533203125 0.883 0.31787109375 0.883 0.310302734375 0.8846666666666667 0.306884765625 0.887 0.302001953125 0.8973333333333333 0.29931640625 0.9076666666666666 0.299072265625 0.9136666666666666 0.30078125 0.92 0.3037109375 0.9236666666666666 0.316650390625 0.9346666666666666 0.3251953125 0.938
1 0.148669677734375 0.484298 0.145046875 0.4929813333333333 0.1440703125 0.499648 0.145291015625 0.5079813333333333 0.149197265625 0.5233146666666667 0.152126953125 0.531648 0.1548125 0.5349813333333333 0.155056640625 0.536648 0.15028271484375 0.543444 0.153739013671875 0.5513089999999999 0.16549072265625 0.5402980000000001 0.171712158203125 0.5406123333333334 0.17493798828125 0.5327473333333334 0.173123046875 0.5293146666666666 0.177517578125 0.5239813333333333 0.180203125 0.5173146666666667 0.18166796875 0.5109813333333333 0.19045703125 0.4963146666666666 0.193630859375 0.48664799999999997 0.193630859375 0.4863146666666667 0.19338671875 0.48164799999999997 0.1889921875 0.4749813333333333 0.184841796875 0.46131466666666665 0.1831328125 0.4589813333333333 0.180203125 0.457648 0.17287890625 0.45631466666666665 0.169705078125 0.4569813333333333 0.16701953125 0.459648 0.160916015625 0.4689813333333333 0.1577421875 0.4719813333333333 0.137839599609375 0.46007333333333333 0.13691796875 0.469826 0.145443603515625 0.48083733333333334 0.148669677734375 0.484298
1 0.236083984375 0.63 0.239013671875 0.6283333333333333 0.244140625 0.6223333333333333 0.2470703125 0.6146666666666667 0.248046875 0.6093333333333333 0.248291015625 0.609 0.2470703125 0.5996666666666667 0.23828125 0.5756666666666667 0.2353515625 0.5713333333333334 0.232666015625 0.5706666666666667 0.230224609375 0.5756666666666667 0.227294921875 0.5863333333333334 0.222412109375 0.5936666666666667 0.220458984375 0.5986666666666667 0.219970703125 0.6046666666666667 0.222900390625 0.6143333333333333 0.2255859375 0.62 0.229736328125 0.626 0.232666015625 0.629 0.236083984375 0.63
1 0.21923828125 0.6483333333333333 0.21923828125 0.6465 0.21826171875 0.636 0.2158203125 0.6336666666666667 0.212646484375 0.634 0.2041015625 0.6376666666666667 0.196044921875 0.6463333333333333 0.193603515625 0.6566666666666666 0.193115234375 0.6683333333333333 0.194091796875 0.673 0.1982421875 0.6826666666666666 0.201171875 0.6823333333333333 0.209228515625 0.6753333333333333 0.214111328125 0.6723333333333333 0.218505859375 0.6546666666666666 0.21923828125 0.6483333333333333
1 0.578857421875 0.4756666666666667 0.581787109375 0.4756666666666667 0.584228515625 0.4723333333333333 0.587158203125 0.4643333333333333 0.58984375 0.461 0.59375 0.4593333333333333 0.59912109375 0.452 0.601806640625 0.44533333333333336 0.604248046875 0.43466666666666665 0.604248046875 0.433 0.604248046875 0.428 0.601806640625 0.4176666666666667 0.59228515625 0.4063333333333333 0.588134765625 0.4043333333333333 0.584716796875 0.4043333333333333 0.581787109375 0.406 0.57421875 0.4063333333333333 0.5693359375 0.4116666666666667 0.563232421875 0.43266666666666664 0.56201171875 0.44233333333333336 0.562744140625 0.44966666666666666 0.564453125 0.4543333333333333 0.573974609375 0.4703333333333333 0.578857421875 0.4756666666666667
1 0.62451171875 0.6056666666666667 0.62744140625 0.6076666666666667 0.630126953125 0.6073333333333333 0.63720703125 0.5796666666666667 0.641845703125 0.567 0.641845703125 0.5643333333333334 0.639404296875 0.554 0.635986328125 0.5493333333333333 0.63037109375 0.5446666666666666 0.618408203125 0.5453333333333333 0.6103515625 0.5493333333333333 0.60546875 0.556 0.60009765625 0.5663333333333334 0.596923828125 0.5773333333333334 0.596923828125 0.5883333333333334 0.60009765625 0.6006666666666667 0.607177734375 0.6096666666666667 0.609130859375 0.6103333333333333 0.6162109375 0.6113333333333333 0.62451171875 0.6056666666666667
1 0.71337890625 0.61 0.7197265625 0.6193333333333333 0.724609375 0.6303333333333333 0.726806640625 0.6383333333333333 0.7275390625 0.6443333333333333 0.7314453125 0.6573333333333333 0.736328125 0.6643333333333333 0.73876953125 0.6656666666666666 0.746337890625 0.6626666666666666 0.7529296875 0.6566666666666666 0.756591796875 0.6483333333333333 0.758544921875 0.638 0.758544921875 0.6353333333333333 0.756103515625 0.621 0.753173828125 0.6106666666666667 0.7490234375 0.601 0.7490234375 0.5816666666666667 0.74462890625 0.5673333333333334 0.739013671875 0.561 0.736328125 0.5603333333333333 0.724365234375 0.5633333333333334 0.71435546875 0.5773333333333334 0.712158203125 0.5816666666666667 0.709716796875 0.5873333333333334 0.709716796875 0.5926666666666667 0.71142578125 0.5976666666666667 0.71337890625 0.61
1 0.67041015625 0.599 0.667236328125 0.6153333333333333 0.666259765625 0.6246666666666667 0.666748046875 0.6316666666666667 0.6650390625 0.6373333333333333 0.66455078125 0.6466666666666666 0.66943359375 0.6626666666666666 0.6748046875 0.671 0.67919921875 0.671 0.687255859375 0.6436666666666667 0.69580078125 0.636 0.700927734375 0.6093333333333333 0.700927734375 0.609 0.699951171875 0.6043333333333333 0.697021484375 0.597 0.690185546875 0.5876666666666667 0.68896484375 0.583 0.692138671875 0.5723333333333334 0.69091796875 0.5663333333333334 0.690185546875 0.5656666666666667 0.6826171875 0.5673333333333334 0.678466796875 0.567 0.676025390625 0.5676666666666667 0.674560546875 0.5693333333333334 0.6728515625 0.5723333333333334 0.6748046875 0.5883333333333334 0.67041015625 0.599
1 0.64453125 0.7336666666666667 0.6474609375 0.7373333333333333 0.651123046875 0.7373333333333333 0.662353515625 0.733 0.669677734375 0.713 0.67333984375 0.7083333333333334 0.6748046875 0.701 0.6748046875 0.699 0.673095703125 0.6926666666666667 0.66845703125 0.6873333333333334 0.661865234375 0.684 0.6533203125 0.6726666666666666 0.652587890625 0.673 0.64990234375 0.679 0.64794921875 0.6893333333333334 0.644775390625 0.6916666666666667 0.641845703125 0.6903333333333334 0.638916015625 0.6943333333333334 0.642578125 0.71 0.640625 0.72 0.641357421875 0.7273333333333334 0.64453125 0.7336666666666667
1 0.708984375 0.9223333333333333 0.71337890625 0.92 0.71533203125 0.9146666666666666 0.71923828125 0.91 0.721923828125 0.903 0.721923828125 0.9006666666666666 0.720947265625 0.897 0.718017578125 0.8933333333333333 0.71630859375 0.8856666666666667 0.71435546875 0.882 0.71044921875 0.8786666666666667 0.705810546875 0.877 0.6982421875 0.8806666666666667 0.693115234375 0.8856666666666667 0.689453125 0.8976666666666666 0.688720703125 0.9046666666666666 0.690185546875 0.9136666666666666 0.693115234375 0.918 0.701171875 0.9223333333333333 0.708984375 0.9223333333333333
1 0.724853515625 0.6923333333333334 0.725830078125 0.6893333333333334 0.72607421875 0.6806666666666666 0.72607421875 0.6786666666666666 0.725830078125 0.673 0.724609375 0.6703333333333333 0.71875 0.6643333333333333 0.713134765625 0.663 0.70458984375 0.6673333333333333 0.701416015625 0.672 0.693359375 0.679 0.692626953125 0.6856666666666666 0.692626953125 0.7 0.695068359375 0.7033333333333334 0.70166015625 0.708 0.705322265625 0.7086666666666667 0.707275390625 0.7076666666666667 0.724853515625 0.6923333333333334
1 0.67626953125 0.809 0.683349609375 0.8066666666666666 0.685302734375 0.8013333333333333 0.6865234375 0.7926666666666666 0.6865234375 0.7906666666666666 0.6865234375 0.7866666666666666 0.684814453125 0.7786666666666666 0.6796875 0.7666666666666667 0.678955078125 0.763 0.67626953125 0.7606666666666667 0.667724609375 0.7676666666666667 0.665771484375 0.7716666666666666 0.658935546875 0.78 0.657958984375 0.784 0.65869140625 0.7903333333333333 0.661865234375 0.8013333333333333 0.66455078125 0.8073333333333333 0.66796875 0.8096666666666666 0.67626953125 0.809
1 0.649169921875 0.8606666666666667 0.6474609375 0.87 0.6474609375 0.8766666666666667 0.650390625 0.8863333333333333 0.65283203125 0.89 0.656494140625 0.8916666666666667 0.665283203125 0.8906666666666667 0.66748046875 0.8896666666666667 0.67822265625 0.8793333333333333 0.684326171875 0.8696666666666667 0.68798828125 0.8686666666666667 0.69287109375 0.8606666666666667 0.6962890625 0.8596666666666667 0.698486328125 0.855 0.698486328125 0.853 0.69580078125 0.8433333333333334 0.6953125 0.836 0.69140625 0.8293333333333334 0.687744140625 0.8266666666666667 0.681640625 0.827 0.675048828125 0.8243333333333334 0.6708984375 0.8246666666666667 0.667724609375 0.8303333333333334 0.66455078125 0.8303333333333334 0.66064453125 0.836 0.655517578125 0.839 0.65185546875 0.8436666666666667 0.649658203125 0.85 0.649169921875 0.8606666666666667
1 0.571533203125 0.8096666666666666 0.575927734375 0.805 0.578857421875 0.8033333333333333 0.579833984375 0.801 0.580322265625 0.796 0.58056640625 0.7956666666666666 0.579833984375 0.789 0.57666015625 0.7806666666666666 0.5732421875 0.7746666666666666 0.5703125 0.771 0.563720703125 0.77 0.561767578125 0.7746666666666666 0.5615234375 0.78 0.55908203125 0.79 0.55908203125 0.7926666666666666 0.5595703125 0.7956666666666666 0.56396484375 0.8036666666666666 0.5673828125 0.8083333333333333 0.56982421875 0.81 0.571533203125 0.8096666666666666
1 0.802001953125 0.4603333333333333 0.80224609375 0.4646666666666667 0.8046875 0.4676666666666667 0.810546875 0.4653333333333333 0.81298828125 0.4663333333333333 0.82470703125 0.47533333333333333 0.827880859375 0.4756666666666667 0.830810546875 0.4746666666666667 0.838623046875 0.4653333333333333 0.841796875 0.458 0.84326171875 0.45666666666666667 0.845947265625 0.4493333333333333 0.851318359375 0.44166666666666665 0.853515625 0.43366666666666664 0.853515625 0.43233333333333335 0.85205078125 0.428 0.842041015625 0.414 0.83544921875 0.4066666666666667 0.82470703125 0.3973333333333333 0.822021484375 0.39966666666666667 0.8154296875 0.4226666666666667 0.812255859375 0.42733333333333334 0.809326171875 0.434 0.80810546875 0.43833333333333335 0.80810546875 0.44433333333333336 0.807373046875 0.44666666666666666 0.802978515625 0.4523333333333333 0.800048828125 0.4543333333333333 0.802001953125 0.4603333333333333
1 0.466552734375 0.3903333333333333 0.4755859375 0.405 0.478759765625 0.4083333333333333 0.4814453125 0.4093333333333333 0.4833984375 0.4063333333333333 0.4931640625 0.37366666666666665 0.4951171875 0.3636666666666667 0.49462890625 0.348 0.495849609375 0.3426666666666667 0.495849609375 0.3423333333333333 0.4931640625 0.334 0.489013671875 0.3293333333333333 0.487548828125 0.32566666666666666 0.485107421875 0.3233333333333333 0.4755859375 0.30933333333333335 0.472900390625 0.308 0.469970703125 0.31 0.46923828125 0.315 0.46630859375 0.319 0.46240234375 0.33166666666666667 0.4541015625 0.36933333333333335 0.455810546875 0.37233333333333335 0.4580078125 0.37966666666666665 0.466552734375 0.3903333333333333
1 0.432861328125 0.7153333333333334 0.438232421875 0.7156666666666667 0.445556640625 0.7096666666666667 0.44677734375 0.7056666666666667 0.4462890625 0.6836666666666666 0.447509765625 0.6786666666666666 0.447509765625 0.6766666666666666 0.447509765625 0.6726666666666666 0.44580078125 0.668 0.445068359375 0.663 0.44580078125 0.6513333333333333 0.444580078125 0.6406666666666667 0.439453125 0.6326666666666667 0.435791015625 0.6303333333333333 0.429443359375 0.635 0.42626953125 0.6403333333333333 0.425048828125 0.6493333333333333 0.425048828125 0.706 0.42578125 0.709 0.428955078125 0.713 0.432861328125 0.7153333333333334
1 0.370849609375 0.9503333333333334 0.369140625 0.9503333333333334 0.36669921875 0.9553333333333334 0.361572265625 0.9726666666666667 0.36181640625 0.9773333333333334 0.3642578125 0.9826666666666667 0.369873046875 0.9906666666666667 0.373046875 0.9883333333333333 0.376708984375 0.976 0.377685546875 0.9673333333333334 0.377685546875 0.9656666666666667 0.375732421875 0.9563333333333334 0.370849609375 0.9503333333333334
1 0.1669921875 0.36733333333333335 0.169677734375 0.367 0.17236328125 0.36966666666666664 0.175537109375 0.368 0.177490234375 0.35933333333333334 0.1767578125 0.347 0.178955078125 0.3323333333333333 0.178955078125 0.331 0.1767578125 0.31733333333333336 0.172607421875 0.31066666666666665 0.169677734375 0.302 0.1611328125 0.297 0.158203125 0.2966666666666667 0.156494140625 0.298 0.1484375 0.32133333333333336 0.146484375 0.33066666666666666 0.146240234375 0.3383333333333333 0.1513671875 0.35833333333333334 0.15771484375 0.36833333333333335 0.16064453125 0.37066666666666664 0.162109375 0.37066666666666664 0.1669921875 0.36733333333333335
1 0.773193359375 0.25733333333333336 0.776123046875 0.25933333333333336 0.78515625 0.25366666666666665 0.7939453125 0.24333333333333335 0.7978515625 0.23733333333333334 0.800537109375 0.231 0.802734375 0.221 0.802734375 0.21833333333333332 0.802001953125 0.21366666666666667 0.79833984375 0.20366666666666666 0.79638671875 0.19533333333333333 0.79345703125 0.18766666666666668 0.79052734375 0.18466666666666667 0.779296875 0.188 0.774169921875 0.192 0.7666015625 0.20366666666666666 0.763671875 0.21033333333333334 0.762451171875 0.217 0.763671875 0.22566666666666665 0.7685546875 0.24033333333333334 0.771484375 0.25366666666666665 0.773193359375 0.25733333333333336
1 0.4853515625 0.25066666666666665 0.489990234375 0.256 0.501220703125 0.266 0.506103515625 0.26866666666666666 0.51025390625 0.2753333333333333 0.5126953125 0.2773333333333333 0.5166015625 0.277 0.521484375 0.28 0.5244140625 0.2803333333333333 0.533935546875 0.26266666666666666 0.53662109375 0.256 0.54150390625 0.25166666666666665 0.544189453125 0.24166666666666667 0.544189453125 0.24033333333333334 0.541259765625 0.226 0.535888671875 0.21733333333333332 0.530517578125 0.21366666666666667 0.52783203125 0.21266666666666667 0.515625 0.21366666666666667 0.496826171875 0.2 0.4931640625 0.2 0.490234375 0.20133333333333334 0.48681640625 0.20333333333333334 0.4853515625 0.206 0.48388671875 0.21566666666666667 0.483154296875 0.23166666666666666 0.483154296875 0.241 0.4853515625 0.25066666666666665
1 0.521240234375 0.29833333333333334 0.5166015625 0.311 0.513671875 0.322 0.513427734375 0.33 0.514404296875 0.33666666666666667 0.515869140625 0.3416666666666667 0.521728515625 0.3476666666666667 0.521484375 0.3546666666666667 0.52294921875 0.36333333333333334 0.526123046875 0.37 0.530029296875 0.37466666666666665 0.53955078125 0.375 0.544921875 0.373 0.55029296875 0.36433333333333334 0.552978515625 0.355 0.552978515625 0.35333333333333333 0.552978515625 0.34833333333333333 0.55029296875 0.3343333333333333 0.547607421875 0.32666666666666666 0.544677734375 0.323 0.5439453125 0.32033333333333336 0.543701171875 0.31566666666666665 0.545166015625 0.31033333333333335 0.546142578125 0.30033333333333334 0.544677734375 0.284 0.541748046875 0.281 0.536376953125 0.2816666666666667 0.52783203125 0.2886666666666667 0.5244140625 0.2926666666666667 0.521240234375 0.29833333333333334
1 0.30126953125 0.339 0.298828125 0.3423333333333333 0.2958984375 0.3516666666666667 0.292724609375 0.358 0.287841796875 0.37433333333333335 0.28759765625 0.38066666666666665 0.288330078125 0.385 0.29052734375 0.39 0.294921875 0.3963333333333333 0.306884765625 0.4063333333333333 0.3095703125 0.406 0.310302734375 0.405 0.31787109375 0.384 0.322021484375 0.37 0.3251953125 0.364 0.325927734375 0.358 0.327880859375 0.3526666666666667 0.328857421875 0.3426666666666667 0.333984375 0.3373333333333333 0.3349609375 0.3323333333333333 0.34130859375 0.317 0.34716796875 0.294 0.34765625 0.2896666666666667 0.34765625 0.2886666666666667 0.346923828125 0.2856666666666667 0.344482421875 0.2846666666666667 0.337890625 0.284 0.333251953125 0.286 0.328125 0.2996666666666667 0.325439453125 0.304 0.3232421875 0.311 0.3212890625 0.313 0.318359375 0.31366666666666665 0.316650390625 0.31566666666666665 0.3154296875 0.326 0.310302734375 0.33 0.306396484375 0.336 0.30126953125 0.339
1 0.257568359375 0.386 0.260986328125 0.403 0.2646484375 0.4106666666666667 0.27001953125 0.416 0.272705078125 0.41633333333333333 0.2763671875 0.4106666666666667 0.27880859375 0.4013333333333333 0.279296875 0.394 0.284423828125 0.37866666666666665 0.28759765625 0.359 0.28759765625 0.3576666666666667 0.287109375 0.3526666666666667 0.284423828125 0.345 0.278076171875 0.3353333333333333 0.275390625 0.3343333333333333 0.269775390625 0.34 0.26708984375 0.3416666666666667 0.26416015625 0.342 0.263671875 0.343 0.262939453125 0.35 0.26123046875 0.3536666666666667 0.26025390625 0.364 0.25830078125 0.36933333333333335 0.257568359375 0.37433333333333335 0.257568359375 0.386
1 0.14404296875 0.229 0.158203125 0.239 0.1640625 0.23933333333333334 0.16748046875 0.238 0.170654296875 0.23533333333333334 0.172607421875 0.23133333333333334 0.174072265625 0.20466666666666666 0.174072265625 0.20333333333333334 0.173095703125 0.19866666666666666 0.172119140625 0.19733333333333333 0.1640625 0.19033333333333333 0.1611328125 0.18666666666666668 0.157958984375 0.18566666666666667 0.154541015625 0.18133333333333335 0.1533203125 0.178 0.152587890625 0.172 0.1484375 0.161 0.138916015625 0.156 0.134033203125 0.157 0.134033203125 0.22133333333333333 0.139892578125 0.224 0.14404296875 0.229
1 0.191162109375 0.07633333333333334 0.188232421875 0.06533333333333333 0.1865234375 0.06166666666666667 0.184326171875 0.049 0.17919921875 0.027666666666666666 0.172607421875 0.018 0.1640625 0.015 0.156005859375 0.015666666666666666 0.152587890625 0.011 0.1494140625 0.011666666666666667 0.146728515625 0.015333333333333332 0.14306640625 0.022333333333333334 0.140625 0.03133333333333333 0.14111328125 0.038 0.143310546875 0.049 0.1435546875 0.05566666666666667 0.144775390625 0.059666666666666666 0.14404296875 0.06666666666666667 0.1435546875 0.067 0.142822265625 0.06533333333333333 0.14111328125 0.06533333333333333 0.14111328125 0.068 0.142333984375 0.07033333333333333 0.13818359375 0.07066666666666667 0.13916015625 0.081 0.142822265625 0.08666666666666667 0.146240234375 0.087 0.149658203125 0.08533333333333333 0.15478515625 0.08733333333333333 0.162841796875 0.08733333333333333 0.164306640625 0.08666666666666667 0.169677734375 0.078 0.172607421875 0.08466666666666667 0.17822265625 0.111 0.1806640625 0.11833333333333333 0.18505859375 0.12266666666666666 0.1875 0.127 0.1904296875 0.12933333333333333 0.19287109375 0.13566666666666666 0.195556640625 0.137 0.197265625 0.14 0.200927734375 0.143 0.2041015625 0.14233333333333334 0.207275390625 0.145 0.212646484375 0.145 0.216552734375 0.13966666666666666 0.218505859375 0.135 0.22265625 0.10933333333333334 0.22265625 0.1075 0.2216796875 0.097 0.21826171875 0.086 0.215576171875 0.08133333333333333 0.2099609375 0.07566666666666666 0.20703125 0.07533333333333334 0.2041015625 0.07333333333333333 0.201171875 0.07366666666666667 0.19873046875 0.07566666666666666 0.197021484375 0.08866666666666667 0.196044921875 0.092 0.195068359375 0.09233333333333334 0.19384765625 0.086 0.19140625 0.081 0.191162109375 0.07633333333333334
1 0.1435546875 0.14666666666666667 0.146728515625 0.153 0.14990234375 0.15033333333333335 0.155517578125 0.14033333333333334 0.16015625 0.13966666666666666 0.162109375 0.138 0.1630859375 0.13533333333333333 0.1630859375 0.13433333333333333 0.16064453125 0.12933333333333333 0.159912109375 0.124 0.1611328125 0.12133333333333333 0.161376953125 0.118 0.15966796875 0.113 0.158203125 0.11133333333333334 0.152587890625 0.108 0.149658203125 0.11366666666666667 0.147216796875 0.11133333333333334 0.143798828125 0.11333333333333333 0.14306640625 0.12366666666666666 0.140869140625 0.13033333333333333 0.14306640625 0.139 0.1435546875 0.14666666666666667
1 0.162109375 0.26916666666666667 0.1611328125 0.263 0.15869140625 0.25733333333333336 0.154541015625 0.252 0.150634765625 0.24866666666666667 0.146484375 0.24866666666666667 0.13818359375 0.25333333333333335 0.134033203125 0.25433333333333336 0.134033203125 0.28933333333333333 0.14111328125 0.2876666666666667 0.14404296875 0.2853333333333333 0.149658203125 0.2836666666666667 0.1611328125 0.274 0.162109375 0.2713333333333333 0.162109375 0.26916666666666667
1 0.244140625 0.099 0.2470703125 0.09833333333333333 0.25 0.097 0.256591796875 0.09133333333333334 0.258544921875 0.08166666666666667 0.2626953125 0.076 0.262939453125 0.07033333333333333 0.26708984375 0.06066666666666667 0.26708984375 0.04666666666666667 0.26611328125 0.037333333333333336 0.267333984375 0.03333333333333333 0.267333984375 0.03233333333333333 0.263671875 0.017666666666666667 0.26123046875 0.014666666666666666 0.25537109375 0.012666666666666666 0.2529296875 0.006666666666666667 0.249755859375 0.004 0.24462890625 0.004333333333333333 0.240478515625 0.006666666666666667 0.234619140625 0.011666666666666667 0.23095703125 0.017333333333333333 0.230224609375 0.03866666666666667 0.232421875 0.081 0.235595703125 0.092 0.240966796875 0.09733333333333333 0.244140625 0.099
1 0.321533203125 0.116 0.323974609375 0.10966666666666666 0.329833984375 0.10366666666666667 0.332275390625 0.08466666666666667 0.332275390625 0.0825 0.329345703125 0.066 0.32763671875 0.06233333333333333 0.315673828125 0.059333333333333335 0.312744140625 0.06066666666666667 0.311767578125 0.065 0.3125 0.076 0.30859375 0.081 0.3076171875 0.086 0.307861328125 0.114 0.308349609375 0.11833333333333333 0.309814453125 0.121 0.312744140625 0.122 0.3193359375 0.11833333333333333 0.321533203125 0.116
1 0.2942801337890625 0 0.294189453125 0.0003333333333333333 0.295654296875 0.006333333333333333 0.312744140625 0.028 0.315673828125 0.027 0.3193359375 0.023333333333333334 0.3232421875 0.017666666666666667 0.325439453125 0.012333333333333333 0.325439453125 0.011333333333333334 0.323486328125 0.006666666666666667 0.31884765625 0.0006666666666666666 0.318576388671875 0 0.2942801337890625 0
1 0.359375 0.07433333333333333 0.361083984375 0.07066666666666667 0.361083984375 0.07033333333333333 0.35986328125 0.06266666666666666 0.358154296875 0.057666666666666665 0.356201171875 0.05566666666666667 0.351318359375 0.05333333333333334 0.34619140625 0.05333333333333334 0.34130859375 0.05466666666666667 0.340087890625 0.05733333333333333 0.339599609375 0.062 0.340576171875 0.06866666666666667 0.341552734375 0.07133333333333333 0.3447265625 0.07466666666666667 0.3525390625 0.07633333333333334 0.356201171875 0.07566666666666666 0.359375 0.07433333333333333
1 0.383544921875 0.25533333333333336 0.38720703125 0.25566666666666665 0.392822265625 0.252 0.394775390625 0.24133333333333334 0.3984375 0.231 0.401611328125 0.20966666666666667 0.401611328125 0.20791666666666667 0.4013671875 0.20066666666666666 0.3994140625 0.19266666666666668 0.390380859375 0.188 0.38330078125 0.18766666666666668 0.380859375 0.18933333333333333 0.378662109375 0.19333333333333333 0.3779296875 0.19666666666666666 0.37548828125 0.20933333333333334 0.373046875 0.22966666666666666 0.371337890625 0.23633333333333334 0.370849609375 0.24233333333333335 0.3720703125 0.24866666666666667 0.374755859375 0.251 0.383544921875 0.25533333333333336
1 0.6129354272460937 0 0.607291015625 0.009842666666666666 0.61600830078125 0.03580133333333333 0.636468017578125 0.00006266666666666667 0.6364433125 0 0.6129354272460937 0
1 0.7695859375 0.046731 0.79873876953125 0.06293066666666666 0.803118408203125 0.041792 0.77787451171875 0.020967666666666666 0.7695859375 0.046731
1 0.810538169921875 0 0.806634521484375 0.008680666666666666 0.804062255859375 0.012779333333333334 0.7960595703125 0.015121333333333332 0.7969169921875 0.031711333333333334 0.803204833984375 0.056694 0.81035009765625 0.051034 0.81778125 0.06606233333333333 0.83221484375 0.051034 0.842504150390625 0.031516333333333334 0.8439765625 0.018072333333333333 0.8350758759765625 0 0.810538169921875 0
1 0.83793115234375 0.14374266666666666 0.8365771484375 0.13008166666666668 0.830214111328125 0.12754300000000002 0.82521240234375 0.128714 0.824069091796875 0.12012633333333333 0.8199248046875 0.11817466666666666 0.81706689453125 0.12617666666666666 0.816781005859375 0.133203 0.81077880859375 0.14042466666666667 0.805348388671875 0.14237633333333333 0.805777099609375 0.15154966666666667 0.812922607421875 0.1503786666666667 0.822068603515625 0.18043599999999999 0.82907080078125 0.17321433333333333 0.82649853515625 0.16326033333333334 0.83793115234375 0.14374266666666666
1 0.75225830078125 0.191561 0.74668505859375 0.17926466666666666 0.736110107421875 0.15779533333333334 0.731251220703125 0.15799066666666667 0.71967578125 0.180631 0.719961669921875 0.203857 0.72796435546875 0.21459166666666665 0.731251220703125 0.22552166666666668 0.739968505859375 0.23176733333333335 0.746113525390625 0.225131 0.750400634765625 0.225131 0.7558310546875 0.217129 0.756468994140625 0.19465200000000002 0.75225830078125 0.191561
1 0.709481201171875 0.23693133333333333 0.70405078125 0.23146633333333333 0.698620361328125 0.23556500000000002 0.698191650390625 0.24629966666666667 0.694190185546875 0.25176466666666664 0.696333740234375 0.25859566666666667 0.696048095703125 0.26328 0.705194091796875 0.2703063333333333 0.71105322265625 0.25469233333333335 0.70917626953125 0.24780166666666667 0.710052734375 0.24434799999999998 0.709481201171875 0.23693133333333333
1 0.424072265625 0.8856666666666667 0.421630859375 0.887 0.409912109375 0.897 0.404296875 0.9036666666666666 0.4033203125 0.9073333333333333 0.40380859375 0.9126666666666666 0.4072265625 0.92 0.41015625 0.921 0.416748046875 0.9173333333333333 0.43017578125 0.9026666666666666 0.43017578125 0.896 0.427490234375 0.8886666666666667 0.42578125 0.8866666666666667 0.424072265625 0.8856666666666667
1 0.59619140625 0.356 0.60009765625 0.35333333333333333 0.6044921875 0.3476666666666667 0.607421875 0.3416666666666667 0.609130859375 0.337 0.61083984375 0.3253333333333333 0.608642578125 0.31566666666666665 0.60595703125 0.30966666666666665 0.60546875 0.30533333333333335 0.5966796875 0.2836666666666667 0.584228515625 0.278 0.580322265625 0.278 0.575927734375 0.2826666666666667 0.570068359375 0.2986666666666667 0.56884765625 0.30533333333333335 0.569091796875 0.31066666666666665 0.5703125 0.31533333333333335 0.578369140625 0.326 0.57861328125 0.3333333333333333 0.576416015625 0.3416666666666667 0.5771484375 0.3496666666666667 0.57861328125 0.35133333333333333 0.584716796875 0.3506666666666667 0.58837890625 0.35333333333333333 0.59619140625 0.356
1 0.63525390625 0.283 0.63232421875 0.2936666666666667 0.634033203125 0.2996666666666667 0.641845703125 0.30433333333333334 0.647705078125 0.305 0.656494140625 0.29933333333333334 0.668701171875 0.30666666666666664 0.67529296875 0.30633333333333335 0.6845703125 0.303 0.68994140625 0.29433333333333334 0.69482421875 0.2836666666666667 0.697021484375 0.2743333333333333 0.69482421875 0.257 0.685546875 0.24733333333333332 0.68115234375 0.247 0.6767578125 0.25 0.673095703125 0.26 0.670166015625 0.2623333333333333 0.6708984375 0.2683333333333333 0.66552734375 0.272 0.66162109375 0.27266666666666667 0.659912109375 0.27166666666666667 0.658935546875 0.26066666666666666 0.65625 0.25833333333333336 0.650146484375 0.257 0.644775390625 0.2703333333333333 0.63916015625 0.276 0.63525390625 0.283
1 0.78759765625 0.455 0.782470703125 0.4646666666666667 0.7763671875 0.4696666666666667 0.775146484375 0.4726666666666667 0.7734375 0.4796666666666667 0.77294921875 0.487 0.77490234375 0.49066666666666664 0.779296875 0.49466666666666664 0.782470703125 0.49566666666666664 0.787353515625 0.49166666666666664 0.798583984375 0.467 0.798583984375 0.45966666666666667 0.793212890625 0.4543333333333333 0.78759765625 0.455
1 0.724365234375 0 0.72314453125 0.0016666666666666668 0.721923828125 0.006666666666666667 0.72119140625 0.018666666666666668 0.72216796875 0.024666666666666667 0.723876953125 0.027333333333333334 0.72998046875 0.03133333333333333 0.733642578125 0.03133333333333333 0.7353515625 0.029 0.739013671875 0.017666666666666667 0.7392578125 0.011333333333333334 0.73779296875 0.0013333333333333333 0.7372602983398437 0 0.724365234375 0
1 0.776123046875 0.065 0.773681640625 0.07033333333333333 0.7734375 0.076 0.779541015625 0.08966666666666667 0.779296875 0.108 0.78466796875 0.115 0.7880859375 0.11733333333333333 0.79248046875 0.11266666666666666 0.797607421875 0.08 0.796142578125 0.07033333333333333 0.794677734375 0.06833333333333333 0.78759765625 0.06866666666666667 0.7841796875 0.064 0.776123046875 0.065
1 0.5657350390625 0 0.5667744140625 0.020679666666666666 0.584388427734375 0.031635333333333335 0.583650544921875 0 0.5657350390625 0
1 0.6935947265625 0.087482 0.697900146484375 0.08801666666666667 0.6994658203125 0.08320666666666666 0.69046337890625 0.07545766666666666 0.68733203125 0.07893133333333334 0.68087353515625 0.07385433333333333 0.677937744140625 0.08347399999999999 0.693007568359375 0.09202466666666667 0.6935947265625 0.087482
1 0.538787841796875 0.019878 0.53741796875 0.011594666666666666 0.535852294921875 0.0022423333333333336 0.533699462890625 0.0017079999999999999 0.53193798828125 0.00010466666666666667 0.524501220703125 0.018275 0.528806640625 0.025756666666666664 0.538787841796875 0.021748666666666666 0.538787841796875 0.019878
1 0.215670654296875 0.193297 0.228391845703125 0.18341033333333334 0.226043212890625 0.17085166666666665 0.214300537109375 0.18073833333333333 0.215670654296875 0.193297
1 0.21508349609375 0.18154 0.21077783203125 0.17111866666666667 0.2013837890625 0.17673000000000003 0.197665283203125 0.1922283333333333 0.1994267578125 0.198107 0.19688232421875 0.20505433333333334 0.196686767578125 0.21440666666666666 0.19825244140625 0.22108699999999998 0.210386474609375 0.21681166666666665 0.217627685546875 0.20425266666666667 0.216453369140625 0.194633 0.2129306640625 0.1922283333333333 0.21508349609375 0.18154
1 0.173397216796875 0.23337866666666665 0.171244384765625 0.23204233333333332 0.165177490234375 0.253152 0.16654736328125 0.2603666666666667 0.1706572265625 0.25555700000000003 0.174179931640625 0.23818833333333336 0.173397216796875 0.23337866666666665
1 0.27086083984375 0.21761333333333335 0.282799072265625 0.23070633333333335 0.285930419921875 0.22269000000000003 0.274383544921875 0.2112 0.27086083984375 0.21761333333333335
1 0.259705322265625 0.22776700000000002 0.257552490234375 0.232577 0.257552490234375 0.233913 0.264989501953125 0.23738666666666666 0.269295166015625 0.23070633333333335 0.26322802734375 0.2275 0.259705322265625 0.22776700000000002
1 0.208233642578125 0.26009933333333335 0.220171875 0.2614356666666667 0.221150390625 0.25154866666666664 0.209603515625 0.249144 0.208233642578125 0.26009933333333335
1 0.22134619140625 0.2539536666666667 0.231523193359375 0.25261766666666663 0.229370361328125 0.22429333333333334 0.21801904296875 0.225095 0.22134619140625 0.2539536666666667
1 0.279667724609375 0.05060733333333334 0.277710693359375 0.060761333333333334 0.278689208984375 0.064235 0.283973388671875 0.06343333333333334 0.286126220703125 0.057554666666666664 0.283190673828125 0.05060733333333334 0.279667724609375 0.05060733333333334
1 0.367345947265625 0.219751 0.368520263671875 0.214941 0.35403759765625 0.183143 0.34014208984375 0.18608233333333332 0.3552119140625 0.22108699999999998 0.367345947265625 0.219751
1 0.4446513671875 0.21333766666666668 0.442107177734375 0.21413933333333335 0.439758544921875 0.24112766666666668 0.4436728515625 0.24673899999999999 0.4466083984375 0.24192933333333333 0.446217041015625 0.23444733333333334 0.456589599609375 0.230172 0.454828369140625 0.22055233333333335 0.4466083984375 0.2258966666666667 0.44778271484375 0.21814766666666666 0.4446513671875 0.21333766666666668
1 0.54818212890625 0.182876 0.557576171875 0.17886766666666665 0.55659765625 0.17085166666666665 0.5470078125 0.17432533333333333 0.54818212890625 0.182876
1 0.49436181640625 0.081069 0.49005615234375 0.07492333333333334 0.48183642578125 0.08293966666666666 0.484576171875 0.08801666666666667 0.48809912109375 0.08774933333333333 0.49436181640625 0.081069
1 0.4955361328125 0.13130466666666665 0.487316162109375 0.12328833333333333 0.480662109375 0.12970133333333334 0.48242333984375 0.13397666666666666 0.484576171875 0.141993 0.48809912109375 0.13397666666666666 0.492796142578125 0.13531266666666666 0.4955361328125 0.13130466666666665
1 0.493774658203125 0.17566133333333334 0.490643310546875 0.17272200000000001 0.492796142578125 0.166309 0.4879033203125 0.16604166666666667 0.4869248046875 0.16978266666666667 0.483989013671875 0.16978266666666667 0.482227783203125 0.166576 0.47948779296875 0.16791233333333333 0.48046630859375 0.17165299999999997 0.47753076171875 0.1735236666666667 0.482619140625 0.1820743333333333 0.49103466796875 0.18902166666666667 0.49514453125 0.18474633333333335 0.491817626953125 0.18100533333333332 0.493774658203125 0.17566133333333334
1 0.749763427734375 0.10084266666666668 0.746827880859375 0.10645400000000001 0.75446044921875 0.11206533333333334 0.758374755859375 0.119013 0.762288818359375 0.11714233333333333 0.761310302734375 0.11447033333333334 0.762288818359375 0.10966066666666667 0.761310302734375 0.10725566666666667 0.7638544921875 0.096033 0.7585703125 0.091223 0.7542646484375 0.10164433333333334 0.749763427734375 0.10084266666666668
1 0.579300048828125 0.16684333333333332 0.570688720703125 0.15936166666666665 0.5667744140625 0.15909433333333334 0.565600341796875 0.166576 0.57127587890625 0.175394 0.57969140625 0.1820743333333333 0.580669921875 0.17886766666666665 0.579300048828125 0.16684333333333332
1 0.599849609375 0.222423 0.599066650390625 0.214941 0.5849755859375 0.21173466666666665 0.58614990234375 0.22081966666666664 0.5984794921875 0.2229573333333333 0.599849609375 0.222423
1 0.562077392578125 0.16176633333333332 0.564230224609375 0.156155 0.555814697265625 0.14653533333333332 0.55346630859375 0.15187966666666666 0.557771728515625 0.158827 0.562077392578125 0.16176633333333332
1 0.56266455078125 0.11740966666666666 0.572645751953125 0.12302099999999999 0.574015869140625 0.11634066666666666 0.5638388671875 0.10992766666666667 0.56266455078125 0.11740966666666666
1 0.554640380859375 0.06236433333333333 0.570884521484375 0.065571 0.57323291015625 0.05381366666666667 0.5562060546875 0.04820233333333333 0.554640380859375 0.06236433333333333
1 0.201775146484375 0.4931063333333333 0.22369482421875 0.47573766666666667 0.22212890625 0.46398033333333333 0.2013837890625 0.481349 0.201775146484375 0.4931063333333333
1 0.23485009765625 0.3597686666666667 0.232305908203125 0.3544243333333333 0.214496337890625 0.3707243333333333 0.216649169921875 0.3763356666666667 0.221737548828125 0.37393066666666663 0.23485009765625 0.3597686666666667
1 0.206080810546875 0.3560276666666667 0.211169189453125 0.3648456666666667 0.223890380859375 0.3509506666666667 0.219976318359375 0.34346899999999997 0.206080810546875 0.3560276666666667
1 0.38476416015625 0.44955100000000003 0.38906982421875 0.430312 0.384372802734375 0.4236316666666667 0.37810986328125 0.42202833333333334 0.372630126953125 0.4460773333333333 0.38476416015625 0.44955100000000003
1 0.35501611328125 0.36137199999999997 0.350514892578125 0.36244066666666663 0.35208056640625 0.36725066666666667 0.35932177734375 0.36538000000000004 0.362453125 0.368052 0.368128662109375 0.366716 0.36656298828125 0.3611046666666667 0.359517578125 0.35682933333333333 0.352667724609375 0.3544243333333333 0.351493408203125 0.356295 0.35501611328125 0.36137199999999997
1 0.34875341796875 0.40412533333333334 0.364214599609375 0.3923683333333333 0.360887451171875 0.3808783333333333 0.345034912109375 0.393437 0.34875341796875 0.40412533333333334
1 0.38906982421875 0.3164806666666667 0.39122265625 0.3202216666666667 0.40159521484375 0.31728233333333333 0.40257373046875 0.313007 0.399051025390625 0.30793 0.390635498046875 0.3111366666666667 0.38906982421875 0.3164806666666667
1 0.458938232421875 0.45516233333333334 0.45972119140625 0.4401986666666667 0.445434326171875 0.425235 0.43525732421875 0.4428706666666667 0.453849853515625 0.4618426666666667 0.458938232421875 0.45516233333333334
1 0.4456298828125 0.4869603333333334 0.458155517578125 0.47573766666666667 0.4532626953125 0.4645146666666667 0.441128662109375 0.47627200000000003 0.4456298828125 0.4869603333333334
1 0.44582568359375 0.516888 0.46265673828125 0.5190256666666667 0.466179443359375 0.48509 0.447587158203125 0.48028 0.44582568359375 0.516888
1 0.445434326171875 0.5874309999999999 0.444260009765625 0.6029293333333333 0.4532626953125 0.6173586666666667 0.459916748046875 0.6160226666666666 0.4638310546875 0.6082733333333333 0.466375244140625 0.596249 0.472442138671875 0.589836 0.46891943359375 0.584759 0.47126806640625 0.573269 0.458938232421875 0.5548316666666666 0.4509140625 0.5855606666666666 0.445434326171875 0.5874309999999999
1 0.506104248046875 0.5238353333333333 0.516672607421875 0.5251713333333333 0.515694091796875 0.5187583333333333 0.505321533203125 0.5174223333333333 0.506104248046875 0.5238353333333333
1 0.493578857421875 0.5420056666666667 0.484184814453125 0.552961 0.49005615234375 0.568192 0.504147216796875 0.5497546666666666 0.50453857421875 0.548953 0.499841552734375 0.5404023333333333 0.493578857421875 0.5420056666666667
1 0.537809326171875 0.4313806666666667 0.526262451171875 0.4383283333333333 0.52900244140625 0.4629116666666666 0.53428662109375 0.4650493333333333 0.546029296875 0.4701263333333333 0.553661865234375 0.45917066666666667 0.5532705078125 0.4484823333333333 0.55835888671875 0.4439396666666667 0.55444482421875 0.4153483333333334 0.544463623046875 0.4102713333333334 0.53859228515625 0.42069233333333333 0.537809326171875 0.4313806666666667
1 0.662085205078125 0.35549333333333333 0.65112548828125 0.3528213333333333 0.647798583984375 0.34240000000000004 0.63351171875 0.3458736666666667 0.635077392578125 0.36003599999999997 0.639969970703125 0.3632423333333334 0.661302490234375 0.3656473333333333 0.662085205078125 0.35549333333333333
1 0.626857421875 0.3645783333333333 0.62901025390625 0.35682933333333333 0.628814697265625 0.3418656666666667 0.624313232421875 0.32556566666666664 0.61942041015625 0.3202216666666667 0.61022216796875 0.328505 0.613353515625 0.34988199999999997 0.6225517578125 0.3632423333333334 0.626857421875 0.3645783333333333
1 0.7744228515625 0.38167966666666664 0.77775 0.3747323333333333 0.784795654296875 0.3733963333333334 0.782642822265625 0.36030300000000004 0.777162841796875 0.36404400000000003 0.772074462890625 0.3493473333333333 0.75876611328125 0.3595013333333333 0.764637451171875 0.3798093333333334 0.77031298828125 0.3776716666666667 0.7744228515625 0.38167966666666664
1 0.84116015625 0.295104 0.8388115234375 0.287622 0.8464443359375 0.25662566666666664 0.8407685546875 0.25235033333333334 0.839398681640625 0.24567033333333332 0.81982763671875 0.23952433333333334 0.8061279296875 0.24807500000000002 0.80201806640625 0.278804 0.81043359375 0.2860186666666667 0.806715087890625 0.30579233333333333 0.813369140625 0.3261003333333333 0.823546142578125 0.3303756666666667 0.82609033203125 0.32422966666666664 0.829026123046875 0.33091 0.83998583984375 0.33331500000000003 0.838224365234375 0.305258 0.84116015625 0.295104
1 0.19521533203125 0.41885999999999995 0.191298095703125 0.395579 0.19544580078125 0.39337700000000003 0.196597900390625 0.38519699999999996 0.19037646484375 0.38708466666666663 0.181850830078125 0.3792196666666667 0.174016357421875 0.39463533333333334 0.178624755859375 0.42074766666666663 0.183694091796875 0.433961 0.18461572265625 0.44591600000000003 0.19544580078125 0.45094966666666664 0.203971435546875 0.44025333333333333 0.201897705078125 0.4232643333333333 0.19521533203125 0.41885999999999995
1 0.153969482421875 0.29710733333333333 0.1518955078125 0.2908153333333333 0.13438330078125 0.302141 0.14014404296875 0.318186 0.1426787109375 0.307804 0.153969482421875 0.29710733333333333
1 0.20558447265625 0.511354 0.20028466796875 0.5239383333333334 0.199593505859375 0.5352643333333333 0.21572314453125 0.553826 0.221714111328125 0.541871 0.221483642578125 0.5330619999999999 0.221483642578125 0.5267696666666667 0.2230966796875 0.515444 0.2129580078125 0.520163 0.20558447265625 0.511354
1 0.173785888671875 0.5981853333333333 0.185998291015625 0.6085673333333333 0.188763427734375 0.6007023333333333 0.1772421875 0.591264 0.173785888671875 0.5981853333333333
1 0.153969482421875 0.7237133333333333 0.158347412109375 0.7256006666666667 0.161573486328125 0.7042076666666667 0.1571953125 0.7016906666666667 0.153969482421875 0.7237133333333333
1 0.2134189453125 0.7677579999999999 0.211575439453125 0.7567466666666666 0.20051513671875 0.763039 0.20028466796875 0.7727916666666667 0.204432373046875 0.7762523333333333 0.2134189453125 0.7677579999999999
1 0.224479248046875 0.7554883333333334 0.23577001953125 0.7674433333333333 0.2383046875 0.757376 0.22609228515625 0.7457356666666666 0.224479248046875 0.7554883333333334
1 0.249825927734375 0.6689716666666666 0.248443359375 0.665511 0.247060791015625 0.6626796666666667 0.23553955078125 0.6661403333333333 0.23784375 0.6749493333333333 0.249825927734375 0.6689716666666666
1 0.293376220703125 0.4647923333333333 0.300519287109375 0.46730933333333335 0.303514892578125 0.45032066666666665 0.294989013671875 0.4478036666666667 0.293376220703125 0.4647923333333333
1 0.20581494140625 0.5846573333333334 0.206967041015625 0.5771066666666667 0.2129580078125 0.569871 0.21088427734375 0.5651516666666666 0.211344970703125 0.5607473333333334 0.203740966796875 0.556972 0.201436767578125 0.5692416666666666 0.196136962890625 0.5764776666666667 0.199593505859375 0.5821403333333334 0.20581494140625 0.5846573333333334
1 0.37725048828125 0.5236236666666667 0.378633056640625 0.5173316666666666 0.36688134765625 0.5100956666666667 0.365729248046875 0.5148146666666666 0.36688134765625 0.5189046666666667 0.37725048828125 0.5236236666666667
1 0.4058232421875 0.6362526666666667 0.424026611328125 0.6545 0.427022216796875 0.642545 0.411123046875 0.6246123333333333 0.4058232421875 0.6362526666666667
1 0.505827392578125 0.6387696666666667 0.531404541015625 0.6202076666666667 0.5267958984375 0.6101403333333334 0.502370849609375 0.6261853333333334 0.505827392578125 0.6387696666666667
1 0.5373955078125 0.595983 0.530713134765625 0.5887473333333333 0.528178466796875 0.6035336666666667 0.5369345703125 0.620837 0.538086669921875 0.6242976666666666 0.545690673828125 0.634365 0.54983837890625 0.6154886666666667 0.5473037109375 0.6117133333333333 0.551220947265625 0.6082526666666667 0.5426953125 0.5915786666666667 0.5373955078125 0.595983
1 0.592466796875 0.647264 0.604679443359375 0.6629943333333334 0.612513671875 0.655129 0.60030126953125 0.6378256666666667 0.592466796875 0.647264
1 0.30651025390625 0.6113989999999999 0.306049560546875 0.6170616666666666 0.311118896484375 0.6170616666666666 0.32171826171875 0.6029043333333334 0.321027099609375 0.5940956666666667 0.31641845703125 0.59441 0.30651025390625 0.6113989999999999
1 0.330935302734375 0.6677133333333334 0.338078369140625 0.6658256666666666 0.341534912109375 0.6579606666666666 0.34752587890625 0.6604773333333334 0.349830078125 0.648837 0.3449912109375 0.647893 0.350521240234375 0.6318483333333333 0.34015234375 0.6305896666666667 0.336004638671875 0.629646 0.333009033203125 0.6356236666666667 0.330704833984375 0.635938 0.326096435546875 0.6302753333333333 0.323331298828125 0.636882 0.328170166015625 0.647264 0.325405029296875 0.6538706666666667 0.317570556640625 0.6595336666666667 0.313653564453125 0.6633086666666667 0.318722900390625 0.6692863333333333 0.3143447265625 0.6998030000000001 0.3249443359375 0.6953986666666666 0.330935302734375 0.6677133333333334
1 0.298445556640625 0.5204776666666666 0.312962158203125 0.512298 0.310888427734375 0.5016013333333333 0.295680419921875 0.5110396666666667 0.298445556640625 0.5204776666666666
1 0.29706298828125 0.5078933333333333 0.31157958984375 0.49373633333333333 0.308584228515625 0.48807333333333336 0.290841552734375 0.5034890000000001 0.29706298828125 0.5078933333333333
1 0.413887939453125 0.35751166666666667 0.414809814453125 0.3660063333333333 0.421722412109375 0.37292766666666666 0.430478515625 0.37135433333333334 0.432322021484375 0.36348933333333333 0.434165283203125 0.3512196666666667 0.43278271484375 0.34775900000000004 0.426561279296875 0.34744433333333336 0.421722412109375 0.34964666666666666 0.4161923828125 0.34933200000000003 0.413887939453125 0.35751166666666667
1 0.512970458984375 0.49090466666666666 0.518500732421875 0.48744400000000004 0.520804931640625 0.4742306666666667 0.5164267578125 0.45661266666666667 0.520574462890625 0.454725 0.525413330078125 0.43364633333333336 0.523339599609375 0.428298 0.52472216796875 0.4223206666666667 0.52910009765625 0.4198036666666667 0.5272568359375 0.4109946666666666 0.52495263671875 0.4103656666666667 0.5221875 0.413197 0.520113525390625 0.413197 0.517578857421875 0.40973633333333337 0.512279296875 0.4106803333333333 0.50928369140625 0.41476999999999997 0.5067490234375 0.42169133333333336 0.503523193359375 0.4298713333333333 0.500988525390625 0.4393093333333334 0.497531982421875 0.44874766666666666 0.494997314453125 0.46227566666666664 0.497301513671875 0.47297233333333333 0.504905517578125 0.4861856666666667 0.512970458984375 0.49090466666666666
1 0.604218505859375 0.38236566666666666 0.61043994140625 0.3782756666666667 0.608826904296875 0.37387133333333333 0.599379638671875 0.37229833333333334 0.59062353515625 0.3826803333333333 0.59569287109375 0.39432066666666665 0.60537060546875 0.3930623333333333 0.6076748046875 0.38519699999999996 0.604218505859375 0.38236566666666666
1 0.86598046875 0.466051 0.856072265625 0.46007333333333333 0.855150634765625 0.4534666666666667 0.845011962890625 0.4544103333333333 0.845242431640625 0.484298 0.856763427734375 0.4836686666666667 0.857224365234375 0.47328666666666663 0.86413720703125 0.4767473333333333 0.86598046875 0.466051
1 0.814365478515625 0.556972 0.82588671875 0.5623203333333333 0.82819091796875 0.555399 0.815287109375 0.5487923333333333 0.814365478515625 0.556972
1 0.82358251953125 0.5135563333333334 0.819434814453125 0.5176463333333333 0.816208984375 0.51859 0.815748046875 0.5255113333333333 0.819665283203125 0.5318036666666667 0.8201259765625 0.5374663333333333 0.82358251953125 0.5333766666666667 0.8309560546875 0.5374663333333333 0.831647216796875 0.5318036666666667 0.82565625 0.525826 0.82542578125 0.515444 0.82358251953125 0.5135563333333334
1 0.775654296875 0.7020053333333334 0.774962890625 0.7136456666666666 0.77772802734375 0.7240276666666667 0.78302783203125 0.7347243333333333 0.786945068359375 0.7372413333333334 0.793627197265625 0.7274883333333334 0.796161865234375 0.7211963333333333 0.79800537109375 0.710185 0.795470703125 0.70232 0.7904013671875 0.696028 0.781414794921875 0.6963423333333334 0.775654296875 0.7020053333333334
1 0.664359130859375 0.417916 0.657677001953125 0.4198036666666667 0.65099462890625 0.42641066666666666 0.646616455078125 0.42641066666666666 0.6438515625 0.4314443333333334 0.644542724609375 0.434905 0.64131689453125 0.43773633333333334 0.646846923828125 0.4471746666666666 0.649842529296875 0.45378133333333337 0.67081103515625 0.459444 0.67127197265625 0.44119699999999995 0.662285400390625 0.436478 0.66090283203125 0.43364633333333336 0.667585205078125 0.4295566666666667 0.664359130859375 0.417916
1 0.723578369140625 0.458815 0.718739501953125 0.45063533333333333 0.715052490234375 0.44560133333333335 0.708370361328125 0.44874766666666666 0.70652685546875 0.4528373333333333 0.697540283203125 0.4534666666666667 0.692470947265625 0.459444 0.690858154296875 0.4751743333333333 0.694544921875 0.484298 0.704453125 0.48807333333333336 0.71136572265625 0.4887026666666667 0.721043701171875 0.48461266666666664 0.7240390625 0.47548900000000005 0.725421630859375 0.46668 0.723578369140625 0.458815
1 0.690397216796875 0.500343 0.69154931640625 0.506006 0.687862548828125 0.5100956666666667 0.68647998046875 0.5182753333333333 0.6885537109375 0.5277136666666667 0.6890146484375 0.532118 0.69108837890625 0.538725 0.695005615234375 0.5462753333333333 0.69615771484375 0.5494213333333333 0.698231689453125 0.554455 0.70168798828125 0.558545 0.70468359375 0.560118 0.710905029296875 0.562635 0.71643505859375 0.562635 0.72150439453125 0.561691 0.723578369140625 0.5591743333333333 0.725652099609375 0.5487923333333333 0.7249609375 0.5390393333333333 0.72242626953125 0.533691 0.721043701171875 0.5296013333333334 0.722656494140625 0.5255113333333333 0.72657373046875 0.516388 0.7291083984375 0.5100956666666667 0.72657373046875 0.5056913333333334 0.723808837890625 0.506006 0.721274169921875 0.49782600000000005 0.714591796875 0.49373633333333333 0.7090615234375 0.4912193333333333 0.70168798828125 0.485871 0.695927490234375 0.4865003333333333 0.6892451171875 0.49184866666666666 0.690397216796875 0.500343
1 0.702840087890625 0.41130933333333336 0.70168798828125 0.41130933333333336 0.695466552734375 0.407534 0.687401611328125 0.40973633333333337 0.674497802734375 0.41571400000000003 0.67150244140625 0.42578133333333334 0.671963134765625 0.43710699999999997 0.680028076171875 0.4399386666666667 0.685558349609375 0.4399386666666667 0.695236083984375 0.438051 0.698462158203125 0.43333200000000005 0.703070556640625 0.42389366666666667 0.708370361328125 0.4223206666666667 0.7090615234375 0.4185453333333333 0.70422265625 0.4128823333333333 0.702840087890625 0.41130933333333336
1 0.5618203125 0.521107 0.5678115234375 0.5229946666666666 0.573802490234375 0.49971366666666667 0.5671201171875 0.4981406666666667 0.5618203125 0.521107
1 0.306276123046875 0.44176233333333337 0.30765869140625 0.45088599999999995 0.316875732421875 0.4568633333333333 0.319640625 0.4518296666666667 0.323788330078125 0.4288633333333333 0.316184326171875 0.4134476666666667 0.306276123046875 0.44176233333333337
1 0.293145751953125 0.8070836666666668 0.292223876953125 0.7992186666666666 0.285541748046875 0.80205 0.280702880859375 0.798904 0.280241943359375 0.8064546666666667 0.271946533203125 0.8127466666666666 0.272868408203125 0.8278476666666668 0.280241943359375 0.8231286666666666 0.284619873046875 0.8366566666666666 0.290380615234375 0.8376006666666667 0.29130224609375 0.8272186666666667 0.288076416015625 0.8193533333333333 0.292223876953125 0.815578 0.29637158203125 0.8174656666666666 0.297293212890625 0.8099153333333333 0.293145751953125 0.8070836666666668
1 0.32194873046875 0.9552633333333334 0.342917236328125 0.9527463333333334 0.341304443359375 0.9401619999999999 0.32171826171875 0.9426789999999999 0.32194873046875 0.9552633333333334
1 0.279781005859375 0.8517576666666667 0.28116357421875 0.8410613333333334 0.27678564453125 0.8416903333333333 0.274481201171875 0.846724 0.2735595703125 0.8517576666666667 0.279781005859375 0.8517576666666667
1 0.23646142578125 0.826904 0.251899658203125 0.8319376666666667 0.25166943359375 0.8240723333333334 0.237613525390625 0.8184096666666666 0.23646142578125 0.826904
1 0.148900146484375 0.8825893333333333 0.165951416015625 0.8973756666666667 0.166642822265625 0.883533 0.15005224609375 0.8671736666666667 0.148900146484375 0.8825893333333333
1 0.20581494140625 0.9146789999999999 0.21019287109375 0.9146789999999999 0.207427734375 0.8948590000000001 0.2023583984375 0.8961173333333333 0.20581494140625 0.9146789999999999
1 0.17032958984375 0.9772856666666666 0.19037646484375 0.9892406666666668 0.19060693359375 0.979488 0.16986865234375 0.9640719999999999 0.17032958984375 0.9772856666666666
1 0.145674072265625 0.9640719999999999 0.15996044921875 0.9568363333333333 0.153739013671875 0.9212856666666667 0.143139404296875 0.9300946666666667 0.145674072265625 0.9640719999999999
1 0.15182388818359374 1 0.15466064453125 0.9788586666666667 0.134033203125 0.9653306666666668 0.134033203125 1 0.15182388818359374 1
1 0.294758544921875 0.9606113333333333 0.298215087890625 0.9647013333333333 0.302593017578125 0.9511733333333333 0.298445556640625 0.9483419999999999 0.294758544921875 0.9606113333333333
1 0.760906982421875 0.8224993333333334 0.7701240234375 0.8637130000000001 0.779110595703125 0.8558476666666667 0.768741455078125 0.8130613333333334 0.760906982421875 0.8224993333333334
1 0.859759033203125 1 0.859759033203125 0.9851506666666667 0.849850830078125 0.984207 0.8504409799804687 1 0.859759033203125 1
1 0.710213623046875 0.9684766666666667 0.721043701171875 0.9640719999999999 0.720582763671875 0.9382743333333333 0.7092919921875 0.9414206666666667 0.710213623046875 0.9684766666666667
1 0.5835641987304687 1 0.5878583984375 0.9974203333333334 0.592927734375 0.9735103333333334 0.588549560546875 0.9735103333333334 0.5827890625 0.98987 0.5821529760742188 1 0.5835641987304687 1
1 0.552142578125 0.9077576666666667 0.556290283203125 0.9087013333333332 0.55928564453125 0.8869936666666668 0.55536865234375 0.88605 0.552142578125 0.9077576666666667
1 0.454673095703125 0.7904096666666666 0.45812939453125 0.7904096666666666 0.4562861328125 0.7803423333333334 0.460203369140625 0.7768816666666667 0.459511962890625 0.7683873333333333 0.455364501953125 0.763039 0.449142822265625 0.7639826666666666 0.44845166015625 0.7746793333333334 0.452829833984375 0.7828590000000001 0.454673095703125 0.7904096666666666
1 0.43877392578125 0.824387 0.43831298828125 0.8454656666666667 0.442230224609375 0.845151 0.44315185546875 0.8391736666666667 0.444073486328125 0.8272186666666667 0.44130859375 0.8206116666666666 0.43877392578125 0.824387
1 0.308584228515625 0.975398 0.32194873046875 0.9829486666666667 0.320105224609375 0.9747686666666667 0.308584228515625 0.9684766666666667 0.308584228515625 0.975398
1 0.268029541015625 0.7136456666666666 0.2783984375 0.7177356666666667 0.280702880859375 0.7120726666666666 0.269872802734375 0.7067243333333333 0.268029541015625 0.7136456666666666
1 0.28185498046875 0.684702 0.2942978515625 0.6859603333333333 0.295219482421875 0.6762076666666667 0.2836982421875 0.6736906666666667 0.28185498046875 0.684702
1 0.33923046875 0.840432 0.34222607421875 0.8385443333333332 0.338078369140625 0.8177803333333333 0.3350830078125 0.8177803333333333 0.333930908203125 0.822814 0.33923046875 0.840432
1 0.51389208984375 0.6604773333333334 0.523339599609375 0.6554436666666666 0.5221875 0.648837 0.512739990234375 0.6538706666666667 0.51389208984375 0.6604773333333334
1 0.8327783203125 0.8802473333333334 0.8379697265625 0.8901706666666668 0.8425380859375 0.8856343333333333 0.837554443359375 0.8725923333333333 0.8327783203125 0.8802473333333334
1 0.37107421875 0.5828443333333333 0.378925537109375 0.5784166666666667 0.3779013671875 0.5721246666666667 0.37005029296875 0.5767853333333334 0.37107421875 0.5828443333333333
1 0.37670654296875 0.6399373333333332 0.38216845703125 0.6399373333333332 0.3809736328125 0.6280526666666666 0.37534130859375 0.6257223333333333 0.37670654296875 0.6399373333333332
1 0.25433056640625 0.47774666666666665 0.250405029296875 0.48170833333333335 0.24835693359375 0.49499099999999996 0.250063720703125 0.49732133333333334 0.24972216796875 0.5012829999999999 0.262523193359375 0.5068756666666666 0.26559521484375 0.49988466666666664 0.261328369140625 0.49895266666666666 0.261669677734375 0.49335999999999997 0.25501318359375 0.49172866666666665 0.25433056640625 0.47774666666666665
1 0.275952880859375 0.7862953333333333 0.27037744140625 0.793707 0.272284912109375 0.7981143333333333 0.279767578125 0.7915036666666666 0.282261962890625 0.7957103333333333 0.285929931640625 0.7945083333333334 0.28725048828125 0.785494 0.28695703125 0.779284 0.28372900390625 0.782489 0.276246337890625 0.7756780000000001 0.275952880859375 0.7862953333333333
1 0.42491162109375 0.5266053333333334 0.423150634765625 0.5092943333333333 0.418572265625 0.5078516666666667 0.41962890625 0.5294906666666667 0.423150634765625 0.5302116666666666 0.42491162109375 0.5266053333333334
1 0.422522216796875 0.428123 0.4280224609375 0.4359903333333333 0.438630126953125 0.420077 0.442427978515625 0.4202556666666667 0.443082763671875 0.41578566666666666 0.43522509765625 0.40309066666666665 0.422522216796875 0.428123
1 0.73269677734375 0.07685866666666666 0.734980712890625 0.082855 0.738845458984375 0.084534 0.74745361328125 0.06654466666666667 0.747102294921875 0.060548333333333336 0.743764404296875 0.05695033333333333 0.73269677734375 0.07685866666666666
1 0.727510009765625 0.726285 0.741116455078125 0.7243896666666666 0.74056103515625 0.7185130000000001 0.727093505859375 0.7190816666666666 0.727510009765625 0.726285
1 0.41445068359375 0.053365333333333334 0.407895263671875 0.073056 0.40864453125 0.078682 0.413326904296875 0.07740333333333334 0.418384033203125 0.06257133333333333 0.417634765625 0.051830999999999995 0.41445068359375 0.053365333333333334
1 0.3618251953125 0.14814566666666668 0.3618251953125 0.14415266666666668 0.351476318359375 0.13632 0.3479892578125 0.14046666666666666 0.359462890625 0.15014233333333335 0.3618251953125 0.14814566666666668
1 0.3728486328125 0.27408166666666667 0.365312255859375 0.27131733333333335 0.3648623046875 0.29051466666666664 0.369361572265625 0.2914363333333333 0.371498779296875 0.2903613333333333 0.37127392578125 0.282682 0.373298583984375 0.279457 0.3728486328125 0.27408166666666667
1 0.152154296875 0.6154776666666667 0.150821044921875 0.5878683333333333 0.14652490234375 0.5867556666666667 0.14645068359375 0.615073 0.149635986328125 0.617197 0.152154296875 0.6154776666666667
1 0.15437646484375 0.5964646666666666 0.153265380859375 0.5956553333333333 0.15119140625 0.5972736666666666 0.151265380859375 0.602836 0.150228515625 0.6071846666666667 0.15296923828125 0.6100163333333333 0.15489501953125 0.6053643333333334 0.15437646484375 0.5964646666666666
1 0.146302734375 0.6571446666666667 0.140969482421875 0.6541106666666667 0.14156201171875 0.6504696666666667 0.13911767578125 0.649256 0.134033203125 0.649054 0.134033203125 0.7057896666666668 0.140376953125 0.6997216666666667 0.14408056640625 0.6963843333333333 0.1457099609375 0.6881923333333334 0.144598876953125 0.6752473333333333 0.15096923828125 0.6653363333333333 0.151561767578125 0.662707 0.151265380859375 0.6607853333333333 0.146302734375 0.6571446666666667
1 0.399331298828125 0.574244 0.404650390625 0.583322 0.407974853515625 0.5805986666666667 0.407841796875 0.5711576666666667 0.407575927734375 0.566074 0.41222998046875 0.5626246666666667 0.41887890625 0.553002 0.413958740234375 0.5421086666666667 0.410501220703125 0.549734 0.40744287109375 0.5422899999999999 0.40425146484375 0.5426533333333333 0.404517333984375 0.5270393333333333 0.39879931640625 0.5277656666666667 0.39879931640625 0.5332123333333333 0.395740966796875 0.5326676666666667 0.394544189453125 0.5362986666666667 0.398134521484375 0.540656 0.39999609375 0.546466 0.39986328125 0.5524573333333334 0.3991982421875 0.5553623333333333 0.395474853515625 0.5622613333333334 0.3960068359375 0.568979 0.399331298828125 0.574244
1 0.4452080078125 0.28653599999999996 0.43553955078125 0.2934233333333333 0.43417333984375 0.29500166666666666 0.433437744140625 0.299163 0.432176513671875 0.3026066666666667 0.43280712890625 0.309207 0.4474150390625 0.2947146666666667 0.4452080078125 0.28653599999999996
1 0.4200908203125 0.4392063333333333 0.434383544921875 0.44724166666666665 0.436590576171875 0.443798 0.436170166015625 0.43949333333333335 0.43417333984375 0.437054 0.42145703125 0.430597 0.4200908203125 0.4392063333333333
1 0.39728564453125 0.45427233333333333 0.402960693359375 0.438489 0.399702880859375 0.4366236666666667 0.39402783203125 0.4475286666666667 0.394343017578125 0.4539853333333333 0.39728564453125 0.45427233333333333
1 0.57964892578125 0.14843666666666666 0.583560302734375 0.165582 0.587677490234375 0.17064133333333334 0.590971435546875 0.188911 0.597764892578125 0.18666233333333332 0.601882080078125 0.18300866666666665 0.59694140625 0.15686866666666666 0.592000732421875 0.15490133333333334 0.5874716796875 0.15658766666666665 0.583560302734375 0.146188 0.57964892578125 0.14843666666666666
1 0.657242919921875 0.174723 0.65639697265625 0.177726 0.657919677734375 0.18165333333333333 0.668072021484375 0.17171966666666666 0.6682412109375 0.16502 0.662657470703125 0.16756133333333334 0.657242919921875 0.174723
1 0.675228759765625 0.007424333333333333 0.66973388671875 0.016650333333333333 0.676119873046875 0.02182066666666667 0.6808720703125 0.013304666666666668 0.687629150390625 0.013507333333333333 0.68822314453125 0.007627333333333334 0.6868125 0.0033693333333333336 0.682951171875 0.0015443333333333333 0.67894140625 0.0005306666666666667 0.6766396484375 0.0026596666666666665 0.675228759765625 0.007424333333333333
1 0.488088623046875 0.7368363333333333 0.492150146484375 0.7410613333333333 0.49485791015625 0.7320829999999999 0.491956787109375 0.7286499999999999 0.488088623046875 0.7368363333333333
1 0.458496337890625 0.8532926666666667 0.46294482421875 0.8530283333333334 0.463525146484375 0.8422013333333332 0.45946337890625 0.841145 0.458496337890625 0.8532926666666667
1 0.52309619140625 0.868873 0.530252685546875 0.8530283333333334 0.5240634765625 0.8205473333333333 0.51555322265625 0.8308463333333334 0.51903466796875 0.847483 0.50897705078125 0.8559333333333334 0.511684814453125 0.8646476666666667 0.51922802734375 0.8596303333333334 0.52309619140625 0.868873
1 0.80756005859375 0.7841066666666667 0.80526904296875 0.7941163333333334 0.809240234375 0.798287 0.818098876953125 0.800581 0.826957763671875 0.8030833333333334 0.827415771484375 0.7945333333333333 0.8255830078125 0.7851493333333333 0.822986572265625 0.7818126666666667 0.819931884765625 0.7768079999999999 0.812600341796875 0.7784763333333333 0.80756005859375 0.7841066666666667
1 0.810309326171875 0.8508383333333333 0.8156552734375 0.850421 0.8148916015625 0.8449993333333333 0.807712890625 0.844582 0.810309326171875 0.8508383333333333
1 0.788010009765625 0.8377003333333334 0.796410400390625 0.829776 0.795493896484375 0.8233113333333334 0.787246337890625 0.83207 0.788010009765625 0.8377003333333334
1 0.8427734375 0.18066666666666667 0.8388671875 0.18033333333333335 0.82763671875 0.18566666666666667 0.813720703125 0.197 0.812744140625 0.19866666666666666 0.81640625 0.21133333333333335 0.819091796875 0.214 0.822265625 0.214 0.830322265625 0.21 0.84033203125 0.21 0.844970703125 0.208 0.850341796875 0.19833333333333333 0.85009765625 0.19433333333333333 0.84765625 0.18566666666666667 0.8427734375 0.18066666666666667
1 0.8525390625 0.15166666666666667 0.853515625 0.15666666666666668 0.85595703125 0.161 0.861328125 0.15866666666666668 0.864013671875 0.15266666666666667 0.8662109375 0.15133333333333332 0.8662109375 0.12033333333333333 0.862060546875 0.11933333333333333 0.860595703125 0.121 0.858642578125 0.12366666666666666 0.856201171875 0.13233333333333333 0.853759765625 0.13466666666666666 0.8525390625 0.15166666666666667
1 0.849853515625 0.35733333333333334 0.854248046875 0.35433333333333333 0.85498046875 0.349 0.853271484375 0.33466666666666667 0.8505859375 0.32766666666666666 0.84765625 0.3263333333333333 0.84423828125 0.336 0.846923828125 0.3536666666666667 0.847900390625 0.35633333333333334 0.849853515625 0.35733333333333334
1 0.856201171875 0.32066666666666666 0.859375 0.31966666666666665 0.862060546875 0.316 0.861083984375 0.31066666666666665 0.856689453125 0.30733333333333335 0.853271484375 0.30533333333333335 0.8505859375 0.309 0.849609375 0.31433333333333335 0.850830078125 0.318 0.856201171875 0.32066666666666666
1 0.821044921875 0.37733333333333335 0.82470703125 0.38133333333333336 0.82763671875 0.37633333333333335 0.82763671875 0.37066666666666664 0.825439453125 0.357 0.82470703125 0.356 0.82177734375 0.357 0.820556640625 0.35833333333333334 0.820068359375 0.36133333333333334 0.821044921875 0.37733333333333335
1 0.532958984375 0.15366666666666667 0.535888671875 0.154 0.54296875 0.14533333333333334 0.541259765625 0.14033333333333334 0.538330078125 0.13633333333333333 0.535400390625 0.136 0.531494140625 0.13933333333333334 0.530029296875 0.14233333333333334 0.5302734375 0.15033333333333335 0.532958984375 0.15366666666666667
1 0.552734375 0.09233333333333334 0.547119140625 0.09466666666666666 0.53857421875 0.093 0.53564453125 0.09533333333333334 0.53515625 0.098 0.537353515625 0.10233333333333333 0.544921875 0.109 0.5498046875 0.111 0.554443359375 0.11066666666666666 0.555908203125 0.11 0.55712890625 0.107 0.557861328125 0.097 0.55615234375 0.09266666666666666 0.552734375 0.09233333333333334
1 0.6103515625 0.299 0.614501953125 0.275 0.622802734375 0.24766666666666667 0.6220703125 0.239 0.616455078125 0.22533333333333333 0.61279296875 0.225 0.6103515625 0.227 0.604736328125 0.228 0.60205078125 0.23033333333333333 0.5986328125 0.23433333333333334 0.59423828125 0.246 0.59423828125 0.25166666666666665 0.598388671875 0.2613333333333333 0.595947265625 0.2793333333333333 0.597412109375 0.287 0.602783203125 0.299 0.6044921875 0.30866666666666664 0.607421875 0.30733333333333335 0.6103515625 0.299
1 0.71923828125 0.366 0.712239501953125 0.3507776666666667 0.71044921875 0.34833333333333333 0.708251953125 0.3506666666666667 0.70751953125 0.359 0.70654296875 0.3626666666666667 0.70458984375 0.365 0.7041015625 0.37 0.704833984375 0.37266666666666665 0.7099609375 0.377 0.71240234375 0.38566666666666666 0.71630859375 0.38866666666666666 0.71923828125 0.386 0.721923828125 0.38066666666666665 0.721923828125 0.37533333333333335 0.71923828125 0.366
1 0.72998046875 0.8306666666666667 0.72802734375 0.8376666666666667 0.7197265625 0.8543333333333333 0.720947265625 0.8603333333333333 0.7275390625 0.8626666666666667 0.742919921875 0.8566666666666667 0.74755859375 0.8513333333333334 0.75 0.8446666666666667 0.74951171875 0.8383333333333334 0.744873046875 0.828 0.74267578125 0.8273333333333334 0.739013671875 0.827 0.72998046875 0.8306666666666667