1 0.44757561279296876 0.35275139266666666 0.44934841796875 0.344110042 0.4501081918945313 0.330283882 0.44757561279296876 0.30781637133333334 0.4447897758789062 0.2939902106666667 0.444283259765625 0.29260759466666664 0.4412441650390625 0.29226194066666666 0.434152943359375 0.29917502133333335 0.4308605908203125 0.30539679333333336 0.4278214956054687 0.31576641333333333 0.42756823779296876 0.334086076 0.43263339599609374 0.3537883546666667 0.43820506982421875 0.3520600846666667 0.4455495493164062 0.35482531666666667 0.44757561279296876 0.35275139266666666
1 0.5696459252929688 0.43812793266666666 0.5696459252929688 0.419462616 0.566353572265625 0.3683058226666667 0.5633144775390625 0.3603557806666667 0.5625547036132813 0.36277535866666666 0.5549569663085937 0.3689971306666666 0.55141135546875 0.37625586466666666 0.55039832421875 0.38731679333333335 0.55090483984375 0.40183426133333333 0.5529309033203125 0.41462346 0.5587558349609375 0.42741265799999995 0.56103515625 0.43778227866666664 0.5633144775390625 0.44089316466666667 0.5676198618164062 0.4405475106666667 0.5696459252929688 0.43812793266666666
1 0.5428005869140625 0.4623237133333334 0.545839681640625 0.44953451466666666 0.546092939453125 0.44331274266666665 0.5435603603515625 0.43190616066666665 0.5438136181640625 0.424301772 0.5450799077148437 0.41704303800000003 0.546346197265625 0.41566042200000003 0.545333166015625 0.41462346 0.5395082338867188 0.41808 0.53064420703125 0.4322518146666666 0.525325791015625 0.44884320666666666 0.5243127592773438 0.4661259073333333 0.525579048828125 0.47580421933333333 0.5278583701171875 0.47960641333333337 0.5334300439453125 0.4789151053333333 0.5428005869140625 0.4623237133333334
1 0.4501081918945313 0.654161688 0.4521342548828125 0.6475942613333333 0.45264077099609373 0.6410268353333334 0.44732235498046874 0.6164854006666667 0.44529629150390626 0.6137201686666667 0.4414974228515625 0.6119918986666667 0.433646427734375 0.6206332486666667 0.43060733251953126 0.6306572153333333 0.43035407470703124 0.6365333333333333 0.4316203642578125 0.6455203373333332 0.43719203857421873 0.66038346 0.44023113330078123 0.6641856540000001 0.44276371240234375 0.66384 0.4501081918945313 0.654161688
1 0.2176174306640625 0.342036118 0.21584462548828126 0.330283882 0.21939023583984374 0.31576641333333333 0.2231891044921875 0.27947274266666666 0.2226825888671875 0.27152270066666667 0.22166955712890626 0.2684118146666667 0.21635114111328124 0.263918312 0.2128055302734375 0.263227004 0.20925991943359376 0.26460962 0.19811657177734374 0.263227004 0.195330734375 0.267720506 0.19305141357421876 0.27670751066666666 0.18621344970703124 0.3209512233333333 0.18596019189453125 0.33270346 0.19381118701171876 0.333394768 0.200395892578125 0.335814346 0.20470127734375 0.339962194 0.210019693359375 0.348949198 0.21660439892578126 0.34998616066666666 0.2176174306640625 0.342036118
1 0.189505802734375 0.3731449786666667 0.19051883447265625 0.36554059066666666 0.1816548076171875 0.338579578 0.1776026806640625 0.33270346 0.174310328125 0.333049114 0.169498427734375 0.337196962 0.16595281689453126 0.342727426 0.16595281689453126 0.349294852 0.1773494228515625 0.3793667513333333 0.179882001953125 0.38074936733333337 0.18292109716796875 0.37971240533333334 0.189505802734375 0.3731449786666667
1 0.22901403662109374 0.431214852 0.22952055224609375 0.42637569599999997 0.22192281494140625 0.40010599133333336 0.21888372021484376 0.39457552733333334 0.2125522724609375 0.3976864133333333 0.21128598291015624 0.3990690293333334 0.209766435546875 0.406327764 0.200142634765625 0.411858228 0.19862308740234375 0.41427780599999997 0.20115566650390626 0.423956118 0.20470127734375 0.430869198 0.20850014599609376 0.43190616066666665 0.21635114111328124 0.43017789 0.22141629931640625 0.4350170466666667 0.22724123095703125 0.4329431226666666 0.22901403662109374 0.431214852
1 0.19127860791015625 0.59056135 0.195330734375 0.570859072 0.1978633134765625 0.5622177213333334 0.200142634765625 0.5587611813333333 0.20115566650390626 0.5532307173333334 0.1976100556640625 0.5483915613333333 0.18596019189453125 0.5442437133333333 0.18038851806640624 0.5466632913333334 0.179628744140625 0.5487372153333333 0.1745635859375 0.572932996 0.1725375224609375 0.58883308 0.17582987548828125 0.5936722360000001 0.18874602880859376 0.595054852 0.19127860791015625 0.59056135
1 0.2155913671875 0.7803254006666666 0.2181239462890625 0.7754862446666666 0.21584462548828126 0.7630427006666667 0.2178706884765625 0.7481795780000001 0.2178706884765625 0.740920844 0.21432507763671876 0.7205272573333333 0.210526208984375 0.7063554433333333 0.2069805986328125 0.7001336706666667 0.20394150341796874 0.6997880166666667 0.199636119140625 0.7022075946666667 0.19406444482421875 0.7084293673333333 0.19381118701171876 0.7139598313333333 0.19583725048828124 0.7277859913333333 0.195330734375 0.7346990720000001 0.200395892578125 0.74403173 0.20571430908203125 0.7803254006666666 0.2077403720703125 0.7827449786666666 0.2130587880859375 0.7823993246666667 0.2155913671875 0.7803254006666666
1 0.15497218798828125 0 0.158608337890625 0.008307172666666666 0.158861595703125 0.011245231999999999 0.1570887900390625 0.01712135 0.16620607470703125 0.018158312 0.169751685546875 0.015738734 0.1725375224609375 0.011245231999999999 0.17645118603515625 0 0.15497218798828125 0
1 0.678040310546875 0.06447594933333334 0.6803196318359375 0.05894548533333333 0.6813326635742187 0.047193248666666666 0.6808261474609375 0.044082362666666666 0.6790533422851562 0.04166278466666667 0.6760142470703125 0.04166278466666667 0.6722153784179687 0.04442801666666667 0.6699360576171876 0.04788455666666667 0.667403478515625 0.05583459933333333 0.667909994140625 0.06689552733333333 0.6699360576171876 0.06966075933333334 0.67322841015625 0.06793248933333333 0.678040310546875 0.06447594933333334
1 0.820877771484375 0.07622818533333332 0.8218908032226563 0.06724118133333333 0.8221440610351562 0.06136506333333334 0.8211310297851563 0.05894548533333333 0.81555935546875 0.057217215333333335 0.7975780439453125 0.05652590733333333 0.79479220703125 0.059291139333333326 0.7935259174804687 0.07277164533333333 0.79479220703125 0.07830211 0.809987681640625 0.079684726 0.8193582241210937 0.078993418 0.820877771484375 0.07622818533333332
1 0.7743556870117188 0 0.7725055107421875 0.006060422 0.7727587690429687 0.020923544 0.7757978637695313 0.031293164666666665 0.779849990234375 0.037514936666666665 0.7823825693359375 0.03647797466666667 0.7864346958007813 0.023343122666666667 0.7859281801757813 0.01193654 0.7833956010742188 0.0036408440000000003 0.7805056826171874 0 0.7743556870117188 0
1 0.4721416298828125 0.2224398313333333 0.4721416298828125 0.2048114766666667 0.47112859814453123 0.19962666666666667 0.4569461552734375 0.19236793266666666 0.45264077099609373 0.19271358666666666 0.45036144970703124 0.19686143466666667 0.44757561279296876 0.2075767086666667 0.44757561279296876 0.21621805933333332 0.46808950341796873 0.22658767933333335 0.47036882470703123 0.22624202533333335 0.4721416298828125 0.2224398313333333
1 0.55090483984375 0.28292928266666667 0.5534374189453125 0.263918312 0.5529309033203125 0.25562261599999997 0.55141135546875 0.249746498 0.546346197265625 0.246635612 0.5433071025390624 0.24801822799999998 0.5392549760742188 0.254585654 0.535709365234375 0.27186835466666665 0.5372289125976563 0.28880540066666666 0.5395082338867188 0.29468151866666664 0.5425473286132813 0.2960641353333333 0.5443201342773437 0.29468151866666664 0.55090483984375 0.28292928266666667
1 0.6344799501953124 0.3755645566666667 0.6380255610351563 0.3651949366666667 0.6385320766601562 0.3603557806666667 0.637012529296875 0.35689924066666673 0.6284017602539063 0.34652962000000004 0.6246028916015625 0.349294852 0.61143348046875 0.3759102106666667 0.6104204487304687 0.3804037133333333 0.61193999609375 0.38731679333333335 0.6187779594726562 0.3963037973333333 0.6220703125 0.39664945133333335 0.6344799501953124 0.3755645566666667
1 0.5899065581054688 0.35586227866666664 0.5899065581054688 0.348949198 0.586867462890625 0.340653502 0.5840816259765625 0.339270886 0.566100314453125 0.35102312266666663 0.5653405405273437 0.3575905486666666 0.5676198618164062 0.3658862446666667 0.5691394091796875 0.36796016866666664 0.5721785043945312 0.36796016866666664 0.576230630859375 0.3658862446666667 0.5899065581054688 0.35586227866666664
1 0.7000737485351562 0.22416810133333334 0.7020998120117188 0.22036590733333333 0.7023530698242187 0.21621805933333332 0.6995672329101562 0.19858970466666664 0.69348904296875 0.19789839666666667 0.6856380478515625 0.19962666666666667 0.6788000844726563 0.20135493666666665 0.6762675053710937 0.20377451466666666 0.6765207631835938 0.2220941773333333 0.678546826171875 0.22762464133333332 0.6962748798828124 0.22762464133333332 0.7000737485351562 0.22416810133333334
1 0.7560437465820312 0.26944877666666667 0.7570567783203125 0.26460962 0.7580698100585938 0.23868556933333332 0.7560437465820312 0.23522902933333334 0.7502188149414063 0.23488337533333334 0.7471797197265625 0.23626599133333331 0.7461666884765625 0.24006818533333335 0.7449003989257813 0.26702919799999997 0.7471797197265625 0.27083139266666667 0.75427094140625 0.27083139266666667 0.7560437465820312 0.26944877666666667
1 0.820117998046875 0.22624202533333335 0.8223973193359375 0.22140286933333334 0.8234103505859375 0.2048114766666667 0.8213842875976562 0.19997232066666668 0.81530609765625 0.20135493666666665 0.810240939453125 0.20446582266666666 0.8077083603515625 0.21068759466666664 0.8069485864257813 0.2220941773333333 0.8079616181640625 0.22727898733333332 0.8092279077148438 0.22866160333333335 0.81530609765625 0.22866160333333335 0.820117998046875 0.22624202533333335
1 0.291062224609375 0.9075260759999999 0.29055570849609375 0.8964651480000001 0.28447751904296875 0.8802194093333333 0.281185166015625 0.8781454853333333 0.2733341708984375 0.8826389873333332 0.2690287861328125 0.8812563713333333 0.2670027231445313 0.8857498733333333 0.27029507568359373 0.8933542613333334 0.27257439697265623 0.906489114 0.2778928129882812 0.9192783120000001 0.28194493994140624 0.921006582 0.28675683984375 0.9178956960000001 0.29004919287109376 0.917550042 0.291062224609375 0.9075260759999999
1 0.15303666357421875 0.8394322359999999 0.1545562109375 0.8356300419999999 0.1520236318359375 0.81903865 0.1469584736328125 0.8076320673333333 0.14493241064453125 0.8052124893333333 0.1418933154296875 0.8048668353333334 0.13530860986328125 0.8083233753333334 0.13454883642578125 0.8138538393333333 0.14265308935546875 0.841160506 0.14467915283203125 0.8432344306666667 0.14822476318359376 0.8428887766666666 0.15303666357421875 0.8394322359999999
1 0.16848539599609375 0.9061434599999999 0.17279078076171875 0.9023412660000001 0.17355055419921875 0.896119494 0.1722842646484375 0.8909346833333334 0.16544630126953125 0.8898977213333332 0.159621369140625 0.8909346833333334 0.1535431796875 0.8947368773333333 0.15278340576171875 0.89923038 0.1537964375 0.9075260759999999 0.16418001171875 0.90787173 0.16848539599609375 0.9061434599999999
1 0.39236538818359373 0.9573002533333334 0.392871904296875 0.9552263293333334 0.3951512255859375 0.9344870886666666 0.39388493603515623 0.9299935866666666 0.38476765087890624 0.9286109706666666 0.3822350717773437 0.9310305486666666 0.3809687822265625 0.9434740926666667 0.37868946142578125 0.9517697893333333 0.37894271923828127 0.9573002533333334 0.3822350717773437 0.9593741773333333 0.3898328090820313 0.9593741773333333 0.39236538818359373 0.9573002533333334
1 0.5017728051757813 0.896810802 0.5022793212890625 0.8912803373333333 0.49822719482421873 0.8847129113333334 0.494934841796875 0.8847129113333334 0.4926555205078125 0.8871324893333333 0.48632407275390627 0.901995612 0.485311041015625 0.9068347680000001 0.4888566518554687 0.9192783120000001 0.48986968359375 0.91651308 0.49392181005859376 0.913747848 0.5017728051757813 0.896810802
1 0.4207302744140625 0.7910406753333333 0.42300959521484377 0.7751405906666667 0.4187042109375 0.755783966 0.41186624755859375 0.746796962 0.40882715234375 0.745068692 0.4052815419921875 0.7575122360000001 0.4062945732421875 0.7751405906666667 0.4052815419921875 0.7792884386666666 0.3969240307617187 0.7792884386666666 0.3954044833984375 0.7806710546666666 0.39413819384765625 0.7865471726666666 0.39743054638671876 0.7917319833333333 0.40882715234375 0.8014102953333333 0.41794443701171874 0.7962254853333334 0.4207302744140625 0.7910406753333333
1 0.4057880576171875 0.7194902953333333 0.40654783154296875 0.7084293673333333 0.3999631254882812 0.6932205906666666 0.3969240307617187 0.6914923206666668 0.38780674609375 0.6921836286666667 0.3850209091796875 0.7039358646666666 0.3908458408203125 0.7198359493333334 0.393631677734375 0.7215642193333334 0.403255478515625 0.7215642193333334 0.4057880576171875 0.7194902953333333
1 0.32601181591796874 0.7364273419999999 0.3298106845703125 0.7270946833333334 0.3298106845703125 0.7080837133333333 0.32854439501953125 0.7028989026666667 0.3257585581054688 0.6994423626666667 0.322212947265625 0.7004793246666666 0.31790756298828127 0.7073924053333334 0.311829373046875 0.7305512233333333 0.311829373046875 0.7364273419999999 0.3133489204101563 0.7423034599999999 0.3146152099609375 0.7436860759999999 0.31765430517578125 0.7436860759999999 0.32601181591796874 0.7364273419999999
1 0.2789058447265625 0.6807770466666667 0.2783993291015625 0.6745552739999999 0.27536023388671876 0.670061772 0.2680157548828125 0.673172658 0.26522991748046876 0.6755922360000001 0.26447014404296876 0.6790487766666666 0.26649620703125 0.6914923206666668 0.26928204443359377 0.6946032066666666 0.2730809130859375 0.6928749366666666 0.2789058447265625 0.6807770466666667
1 0.30524466748046875 0.4723476793333333 0.31081634130859376 0.4612867513333333 0.31689453125 0.4578302106666667 0.31790756298828127 0.45402801666666665 0.3171477890625 0.4422757806666667 0.31081634130859376 0.4422757806666667 0.30828376220703124 0.43605400866666666 0.30524466748046875 0.4332887766666667 0.301952314453125 0.43605400866666666 0.2986599619140625 0.4412388186666667 0.29308828759765626 0.45160843866666667 0.291062224609375 0.45921282733333335 0.29055570849609375 0.4654345993333333 0.29283502978515624 0.47614987333333336 0.2961273828125 0.4816803373333333 0.2986599619140625 0.48029772133333337 0.30524466748046875 0.4723476793333333
1 0.3171477890625 0.41635173000000003 0.32018688427734376 0.41047561200000005 0.3199336259765625 0.4028712233333333 0.3166412734375 0.3980320673333333 0.3103098256835938 0.39353856533333337 0.30777724658203126 0.38386025333333335 0.302205572265625 0.38247763733333334 0.2994197353515625 0.39872337533333335 0.30093928271484377 0.40425383933333336 0.30651095703125 0.413240844 0.30752398876953124 0.420499578 0.3103098256835938 0.425338734 0.3138554365234375 0.426030042 0.31562824169921877 0.423610464 0.3171477890625 0.41635173000000003
1 0.5169682797851562 0.6095723206666667 0.5184878276367187 0.6033505486666666 0.5162085063476562 0.5985113926666668 0.5113966059570313 0.5974744306666666 0.505571673828125 0.5992027006666666 0.49316203662109376 0.6140658226666666 0.4924022626953125 0.6258180593333333 0.49366855224609374 0.6320398313333333 0.4977206787109375 0.6361876793333333 0.5010130317382813 0.6330767933333333 0.5169682797851562 0.6095723206666667
1 0.8013769125976562 0.6503594939999999 0.8039094916992188 0.6441377213333334 0.80517578125 0.6372246413333333 0.8036562338867187 0.6189049786666667 0.7975780439453125 0.6109549366666667 0.7889672749023438 0.6123375526666667 0.7871944697265625 0.6144114766666666 0.7869412119140625 0.6168310546666667 0.7866879536132813 0.6334224473333334 0.7892205327148437 0.653816034 0.790486822265625 0.659000844 0.7917531118164063 0.660729114 0.7932726596679688 0.659692152 0.8013769125976562 0.6503594939999999
1 0.7603491313476562 0.59228962 0.7656675473632812 0.5767351900000001 0.7649077734375 0.57327865 0.7565502626953124 0.5663655693333334 0.75376442578125 0.568785148 0.7454069145507812 0.59228962 0.7461666884765625 0.5981657386666667 0.7530046518554687 0.6036962026666667 0.75427094140625 0.6030048946666666 0.7603491313476562 0.59228962
1 0.7428743354492188 0.49550649799999996 0.7474329780273438 0.48202599133333335 0.744140625 0.47960641333333337 0.7350233403320312 0.4792607593333333 0.7246397661132813 0.4830629533333333 0.7198278657226562 0.489284726 0.7172952866210938 0.49723476800000005 0.718308318359375 0.504147848 0.7253995395507813 0.506567426 0.7398352407226563 0.500345654 0.7428743354492188 0.49550649799999996
1 0.708937775390625 0.58537654 0.708937775390625 0.5698221099999999 0.7048856489257812 0.5597981433333333 0.6965281381835937 0.5521937553333333 0.69374230078125 0.5566872573333334 0.6922227534179688 0.5642916453333333 0.69272926953125 0.5756982279999999 0.6942488168945312 0.5812286919999999 0.6998204907226563 0.59056135 0.70311284375 0.5936722360000001 0.7061519384765625 0.59401789 0.708937775390625 0.58537654
1 0.8472165942382812 0.582956962 0.851521978515625 0.57846346 0.8538012998046876 0.570859072 0.8517752368164062 0.5632546833333333 0.8484828837890624 0.5608351053333334 0.8454437890625 0.5622177213333334 0.8393655991210938 0.5684394939999999 0.8332874091796875 0.58019173 0.8335406669921875 0.586759156 0.83581998828125 0.591943966 0.8386058251953125 0.5936722360000001 0.8421514360351563 0.5926352739999999 0.8472165942382812 0.582956962
1 0.8396188569335937 0.6206332486666667 0.840885146484375 0.6033505486666666 0.8380993095703125 0.5998940086666666 0.829995056640625 0.5974744306666666 0.8279689931640625 0.6030048946666666 0.8259429296875 0.6254724053333334 0.8292352827148437 0.6282376373333333 0.8368330200195313 0.6303115613333333 0.8396188569335937 0.6206332486666667
1 0.6709490888671875 0.4398562026666667 0.6719621206054688 0.43709097066666663 0.6671502202148437 0.43190616066666665 0.6610720307617187 0.43017789 0.6587927094726562 0.43709097066666663 0.6598057412109375 0.4405475106666667 0.6610720307617187 0.4422757806666667 0.667403478515625 0.44193012666666665 0.6709490888671875 0.4398562026666667
1 0.678293568359375 0.4605954433333333 0.677533794921875 0.44158447266666667 0.6757609892578125 0.43847358666666664 0.6701893154296875 0.4339800846666667 0.6615785463867188 0.42914092800000003 0.6595524829101562 0.429832236 0.658286193359375 0.43190616066666665 0.6562601303710938 0.44400405066666665 0.6562601303710938 0.45057147666666664 0.6608187724609375 0.4571389026666667 0.67297515234375 0.46439763733333334 0.6765207631835938 0.46508894533333334 0.678293568359375 0.4605954433333333
1 0.5901598159179687 0.27186835466666665 0.5959847475585938 0.25769654 0.5977575532226562 0.249400844 0.5977575532226562 0.24283341800000002 0.596238005859375 0.23799426133333335 0.586107689453125 0.23903122333333332 0.5790164677734375 0.246981266 0.5726850200195313 0.260807426 0.5704056987304688 0.27152270066666667 0.5704056987304688 0.2770531646666667 0.5719252465820313 0.28085535866666667 0.5840816259765625 0.27912708866666663 0.5901598159179687 0.27186835466666665
1 0.5696459252929688 0.326827342 0.5673666040039063 0.31749468333333336 0.5572362875976562 0.31714902933333333 0.5549569663085937 0.3216425313333333 0.555716740234375 0.327172996 0.5569830297851562 0.32924692 0.566353572265625 0.328901266 0.5696459252929688 0.326827342
1 0.6177649282226563 0.8805650633333333 0.6218170546875 0.8670845566666667 0.6235898598632813 0.8463453166666667 0.622576828125 0.8439257386666666 0.6197909912109375 0.8425431226666666 0.616751896484375 0.8428887766666666 0.6096606748046876 0.8522214346666667 0.6045955166015625 0.8695041353333333 0.6045955166015625 0.8798737553333333 0.606621580078125 0.8857498733333333 0.6106737065429687 0.8905890293333334 0.6134595434570312 0.8885151053333334 0.6177649282226563 0.8805650633333333
1 0.5688861513671875 0.6977140926666666 0.566100314453125 0.6845792406666666 0.5625547036132813 0.6811227006666666 0.5552102241210938 0.6793944306666666 0.5531841611328125 0.6800857386666667 0.5491320346679688 0.6901097046666667 0.5496385502929687 0.6980597466666666 0.5544504506835938 0.7073924053333334 0.5590090927734375 0.7108489453333333 0.5633144775390625 0.7115402533333333 0.5653405405273437 0.7087750213333334 0.5688861513671875 0.6977140926666666
1 0.729451666015625 0.996359156 0.7319842451171875 0.992211308 0.7352765981445313 0.9801134180000001 0.7347700825195312 0.9683611813333334 0.7302114399414062 0.9645589873333333 0.7261593134765625 0.9649046413333334 0.7233734765625 0.9683611813333334 0.719321349609375 0.984261266 0.719321349609375 0.9960135019999999 0.7231202182617188 0.999124388 0.7251462817382812 0.998778734 0.729451666015625 0.996359156
1 0.7411015302734375 0.9465849786666666 0.7423678198242187 0.9417458226666666 0.7405950141601563 0.9355240506666668 0.7355298559570312 0.9320675106666666 0.7319842451171875 0.9313762026666667 0.723626734375 0.9355240506666668 0.7221071870117187 0.9420914766666666 0.7238799921875 0.9479675946666666 0.7314777294921875 0.9510784813333333 0.7383156928710938 0.9500415186666668 0.7411015302734375 0.9465849786666666
1 0.8284755087890625 0.7647709706666667 0.829995056640625 0.75785789 0.8315146040039062 0.755783966 0.8378460517578125 0.749907848 0.8464568203125 0.745414346 0.8502556889648437 0.741957806 0.850508947265625 0.7308968773333333 0.8479763681640625 0.7205272573333333 0.8449372729492187 0.7194902953333333 0.829995056640625 0.7250207593333333 0.820371255859375 0.7312425313333333 0.8193582241210937 0.73539038 0.8196114819335938 0.746105654 0.8165723872070313 0.75267308 0.8168256450195313 0.7595861606666667 0.8191049663085938 0.7692644726666668 0.8213842875976562 0.7716840506666668 0.8244233823242187 0.7713383966666667 0.8284755087890625 0.7647709706666667
1 0.7990975913085937 0.75440135 0.800617138671875 0.74748827 0.7978313017578125 0.741266498 0.789727048828125 0.746105654 0.7871944697265625 0.752327426 0.7887140170898438 0.7616600846666667 0.7907400805664062 0.7637340086666666 0.7917531118164063 0.7640796626666667 0.7968182700195312 0.7588948520000001 0.7990975913085937 0.75440135
1 0.5683098247070313 1 0.566353572265625 0.996359156 0.5612884140625 0.990483038 0.5572362875976562 0.99152 0.555463482421875 0.996359156 0.5559636606445313 1 0.5683098247070313 1
1 0.6126997700195312 0.9524610973333333 0.61193999609375 0.9469306326666667 0.6106737065429687 0.9448567086666667 0.6076346118164062 0.9458936706666666 0.6058618061523438 0.9503871726666666 0.606621580078125 0.9573002533333334 0.6076346118164062 0.9583372153333333 0.61143348046875 0.9576459073333333 0.6126997700195312 0.9524610973333333
1 0.6152323491210937 0.9241174686666667 0.6152323491210937 0.918932658 0.6137128012695312 0.9168587340000001 0.6104204487304687 0.91651308 0.6081411274414062 0.918932658 0.6083943852539062 0.9244631226666667 0.6106737065429687 0.9272283546666666 0.6139660595703125 0.9268827006666667 0.6152323491210937 0.9241174686666667
1 0.668163251953125 0.896810802 0.6666437045898438 0.8912803373333333 0.6592992250976563 0.8912803373333333 0.658032935546875 0.8950825313333333 0.6590459672851563 0.89923038 0.6605655146484375 0.9002673419999999 0.6656306728515625 0.899576034 0.668163251953125 0.896810802
1 0.6537275512695313 0.8802194093333333 0.6552470986328125 0.8743432913333333 0.65220800390625 0.8712324053333333 0.646889587890625 0.8729606753333334 0.6461298139648437 0.8802194093333333 0.6491689086914062 0.8822933333333334 0.6514482299804687 0.8819476793333333 0.6537275512695313 0.8802194093333333
1 0.5959847475585938 0.7858558646666667 0.5929456528320313 0.7817080166666667 0.586867462890625 0.7806710546666666 0.5840816259765625 0.7858558646666667 0.586867462890625 0.7920776373333334 0.5944652001953125 0.7913863293333334 0.5959847475585938 0.7858558646666667
1 0.4797393671875 0.9185870039999999 0.479486109375 0.910291308 0.474420951171875 0.907180422 0.47112859814453123 0.9099456539999999 0.46505040869140624 0.918932658 0.46530366650390625 0.9261913926666666 0.46834276123046875 0.9296479326666666 0.4721416298828125 0.9289566246666666 0.4797393671875 0.9185870039999999
1 0.42858126953125 0.910291308 0.42908778515625 0.9068347680000001 0.4278214956054687 0.90268692 0.4260486904296875 0.901995612 0.423516111328125 0.90441519 0.42300959521484377 0.910291308 0.423769369140625 0.9140935020000001 0.4265552060546875 0.913747848 0.42858126953125 0.910291308
1 0.3857806826171875 0.8850585653333333 0.38780674609375 0.8733063293333333 0.3860339404296875 0.8684671726666667 0.37919597705078123 0.8681215186666666 0.37615688232421873 0.8795281013333334 0.37615688232421873 0.8857498733333333 0.37919597705078123 0.8895520673333334 0.3822350717773437 0.8888607593333333 0.3857806826171875 0.8850585653333333
1 0.46884927734375 0.659692152 0.474167693359375 0.6486312233333333 0.47543398291015626 0.6365333333333333 0.474167693359375 0.6320398313333333 0.47138185595703125 0.6320398313333333 0.4670764716796875 0.6351507173333334 0.46049176611328124 0.6475942613333333 0.4592254765625 0.652779072 0.45897221875 0.664531308 0.464037376953125 0.664531308 0.46884927734375 0.659692152
1 0.48328497802734377 0.38973637133333333 0.48632407275390627 0.3852428693333333 0.4873371044921875 0.36554059066666666 0.48607081494140625 0.3596644726666667 0.479992625 0.36070143466666665 0.47290140380859375 0.3693427846666667 0.47062208251953125 0.3748732486666667 0.4668232138671875 0.38800810133333336 0.4670764716796875 0.39388421933333334 0.46884927734375 0.39664945133333335 0.47366117724609375 0.39595814333333335 0.48328497802734377 0.38973637133333333
1 0.3703319501953125 0.4422757806666667 0.3736243032226563 0.431560506 0.37413081884765625 0.425338734 0.373117787109375 0.42119088600000004 0.36729285546875 0.42119088600000004 0.36197443896484377 0.4322518146666666 0.36096140771484375 0.44331274266666665 0.36425376025390627 0.4450410126666666 0.36779937109375 0.4446953586666667 0.3703319501953125 0.4422757806666667
1 0.342473580078125 0.42084523199999996 0.342726837890625 0.40978430400000004 0.34070077490234374 0.40010599133333336 0.3376616796875 0.3969951053333333 0.33386281103515625 0.40425383933333336 0.332343263671875 0.41635173000000003 0.3346225849609375 0.42568438799999997 0.3371551640625 0.428103966 0.3394344853515625 0.427067004 0.342473580078125 0.42084523199999996
1 0.19836982958984375 0.873721114 0.199889376953125 0.8688128273333333 0.20672734033203125 0.8657019406666666 0.21128598291015624 0.8580975526666667 0.2128055302734375 0.8518757806666667 0.210526208984375 0.8463453166666667 0.2021686982421875 0.834938734 0.19482421875 0.826643038 0.18899928662109375 0.8224951899999999 0.18545367626953124 0.8245691140000001 0.1819080654296875 0.830099578 0.179882001953125 0.8356300419999999 0.180135259765625 0.840814852 0.19381118701171876 0.8798737553333333 0.1950774765625 0.8819476793333333 0.19811657177734374 0.8816020253333333 0.19836982958984375 0.873721114
1 0.199382861328125 0.9192783120000001 0.200395892578125 0.9075260759999999 0.19912960302734375 0.8957738393333334 0.1978633134765625 0.8930086073333333 0.1950774765625 0.8923172993333333 0.19153186572265626 0.896810802 0.190012318359375 0.901304304 0.190012318359375 0.9140935020000001 0.1917851240234375 0.920315274 0.19583725048828124 0.9241174686666667 0.199382861328125 0.9192783120000001
1 0.24547580078125 0.8549866666666667 0.24522254296875 0.8463453166666667 0.2431964794921875 0.840123544 0.2376248056640625 0.8356300419999999 0.2328129052734375 0.8356300419999999 0.23230638916015625 0.8439257386666666 0.23407919482421874 0.8508388186666667 0.240157384765625 0.8567149366666665 0.24446276904296876 0.8577518986666667 0.24547580078125 0.8549866666666667
1 0.24978118505859376 0.8083233753333334 0.2485148955078125 0.8031385653333334 0.24572905859375 0.8007189873333334 0.240663900390625 0.8024472573333334 0.2355987421875 0.8083233753333334 0.2355987421875 0.8138538393333333 0.23686503173828125 0.816964726 0.240157384765625 0.819729958 0.2429432216796875 0.819384304 0.24978118505859376 0.8083233753333334
1 0.15253014794921874 0.504493502 0.1515171162109375 0.49827173 0.1459454423828125 0.487210802 0.1418933154296875 0.4847912233333333 0.138347705078125 0.48790211 0.13758793115234375 0.493432574 0.138600962890625 0.497580422 0.14442589453125 0.509678312 0.14746498974609376 0.511060928 0.149491052734375 0.51036962 0.15253014794921874 0.504493502
1 0.1340423203125 0.5798460759999999 0.13505535205078126 0.577080844 0.1363216416015625 0.5646372993333334 0.1337890625 0.5608927146666667 0.1337890625 0.5800534686666666 0.1340423203125 0.5798460759999999
1 0.1667125908203125 0.7806710546666666 0.16797888037109374 0.7758318986666667 0.1667125908203125 0.7616600846666667 0.16544630126953125 0.758549198 0.16266046435546874 0.757166582 0.15303666357421875 0.7682275106666666 0.15075734228515625 0.7747949366666667 0.1512638583984375 0.7823993246666667 0.1535431796875 0.7903493673333334 0.1568355322265625 0.7910406753333333 0.159621369140625 0.7886210973333333 0.1667125908203125 0.7806710546666666
1 0.1517703740234375 0.980804726 0.1512638583984375 0.9742372993333334 0.14417263671875 0.9683611813333334 0.138854220703125 0.9676698733333333 0.1358151259765625 0.9742372993333334 0.1358151259765625 0.9801134180000001 0.14721173193359374 0.98806346 0.149491052734375 0.986680844 0.1517703740234375 0.980804726
1 0.30625769921875 0.5649829533333334 0.30651095703125 0.5570329113333333 0.30549792529296876 0.5525394093333333 0.301952314453125 0.5497741773333333 0.2991664775390625 0.5511567933333333 0.29840670361328125 0.5539220253333333 0.2989132197265625 0.5636003373333333 0.301192541015625 0.5684394939999999 0.3042316357421875 0.5680938393333334 0.30625769921875 0.5649829533333334
1 0.23889109521484375 0.3842059073333333 0.240410642578125 0.37729282733333336 0.240157384765625 0.36554059066666666 0.2381313212890625 0.3645036286666667 0.231040099609375 0.36692320666666667 0.2277477470703125 0.37141670866666665 0.22521516796875 0.3810950213333333 0.22521516796875 0.38904506333333333 0.22673471533203124 0.39319291133333334 0.2280010048828125 0.39353856533333337 0.23661177392578125 0.38835375533333333 0.23889109521484375 0.3842059073333333
1 0.27510697607421875 0.5020739240000001 0.27586675 0.49688911399999997 0.27181462353515623 0.47614987333333336 0.26928204443359377 0.4709650633333333 0.2634571123046875 0.47131071733333335 0.260924533203125 0.47407594933333336 0.25737892236328125 0.4844455693333333 0.2515539907226563 0.486865148 0.251300732421875 0.49308692 0.260418017578125 0.495852152 0.26421688623046874 0.499654346 0.26649620703125 0.504147848 0.2730809130859375 0.504147848 0.27510697607421875 0.5020739240000001
1 0.240410642578125 0.5535763713333334 0.240410642578125 0.5480459073333334 0.23737154736328125 0.5445893673333333 0.230533583984375 0.5490828693333334 0.230786841796875 0.5584155273333333 0.23483896826171874 0.5594524893333334 0.240410642578125 0.5535763713333334
1 0.6230833442382813 0.6147571306666667 0.6228300864257813 0.5981657386666667 0.616751896484375 0.593326582 0.6134595434570312 0.5926352739999999 0.6109269643554688 0.5971287766666666 0.6083943852539062 0.6099179746666668 0.61219325390625 0.6164854006666667 0.6185247016601563 0.6199419406666666 0.6208040229492188 0.6195962866666667 0.6230833442382813 0.6147571306666667
1 0.668163251953125 0.665222616 0.667909994140625 0.657963882 0.6641111254882812 0.6479399153333333 0.6610720307617187 0.6448290293333334 0.6600589990234375 0.6451746833333333 0.6542340668945312 0.65347038 0.65322103515625 0.659346498 0.658286193359375 0.670061772 0.6641111254882812 0.671098734 0.6656306728515625 0.670061772 0.668163251953125 0.665222616
1 0.7722522529296875 0.5532307173333334 0.7709859633789062 0.5428610973333333 0.764148 0.5383675946666666 0.7621219365234375 0.5338740926666666 0.7575632944335937 0.5432067513333333 0.7570567783203125 0.5501198313333333 0.7580698100585938 0.5594524893333334 0.764148 0.5667112233333333 0.7687066420898437 0.568785148 0.7712392211914062 0.5680938393333334 0.7722522529296875 0.5532307173333334
1 0.7679468686523437 0.5259240506666667 0.7654142895507813 0.5228131646666666 0.7621219365234375 0.5228131646666666 0.7613621630859375 0.5262697046666667 0.7621219365234375 0.5304175526666667 0.764148 0.5297262446666667 0.7682001264648437 0.5321458226666667 0.7679468686523437 0.5259240506666667
1 0.688170626953125 0.3855885233333333 0.6912097216796875 0.38144067533333337 0.6912097216796875 0.3766015186666667 0.687917369140625 0.36796016866666664 0.687917369140625 0.36554059066666666 0.6851315322265625 0.36277535866666666 0.6818391791992188 0.3638123206666667 0.67322841015625 0.3710710546666667 0.6714556049804687 0.3766015186666667 0.678546826171875 0.3862798313333334 0.6818391791992188 0.38835375533333333 0.6838652426757813 0.38800810133333336 0.688170626953125 0.3855885233333333
1 0.718814833984375 0.47545856533333336 0.7175485444335937 0.46992810133333335 0.7152692231445312 0.46578025333333334 0.7096975493164063 0.4595584813333333 0.7056454228515625 0.4578302106666667 0.70311284375 0.45921282733333335 0.7026063276367187 0.4709650633333333 0.708431259765625 0.4851368773333334 0.7114703544921875 0.488593418 0.7147627075195313 0.48963038 0.7175485444335937 0.48963038 0.718561576171875 0.486865148 0.718814833984375 0.47545856533333336
1 0.6846250161132813 0.504147848 0.6846250161132813 0.498617384 0.6760142470703125 0.49619780599999996 0.6739881840820312 0.49827173 0.6737349262695312 0.503802194 0.6752544736328125 0.505876118 0.6810794052734375 0.50864135 0.68310546875 0.507258734 0.6846250161132813 0.504147848
1 0.698047685546875 0.9573002533333334 0.698047685546875 0.9510784813333333 0.6909564638671875 0.9420914766666666 0.687917369140625 0.9424371306666667 0.6856380478515625 0.9507328273333333 0.6863978217773438 0.9576459073333333 0.6889304008789062 0.9607567933333333 0.69348904296875 0.9624850633333334 0.6957683642578125 0.9617937553333333 0.698047685546875 0.9573002533333334
1 0.75376442578125 0.8909346833333334 0.75427094140625 0.8802194093333333 0.7532579096679688 0.8781454853333333 0.7499655571289062 0.8771085233333333 0.7471797197265625 0.8802194093333333 0.7461666884765625 0.8909346833333334 0.7474329780273438 0.8933542613333334 0.7522448779296875 0.8936999153333333 0.75376442578125 0.8909346833333334
1 0.5395082338867188 0.3610470886666667 0.5387484599609375 0.35344270066666666 0.5331767861328125 0.35033181466666663 0.52988443359375 0.34998616066666666 0.5278583701171875 0.35033181466666663 0.5245660170898437 0.3544796626666667 0.5238062436523437 0.36173839666666663 0.525072533203125 0.36554059066666666 0.5324170122070313 0.36796016866666664 0.5367223969726562 0.36657755266666664 0.5395082338867188 0.3610470886666667
1 0.5569830297851562 0.338233924 0.556476513671875 0.33097519 0.5544504506835938 0.323370802 0.55141135546875 0.323370802 0.5486255185546876 0.332012152 0.5488787763671875 0.33788827 0.55141135546875 0.342727426 0.5547037084960937 0.34307308 0.5569830297851562 0.338233924
1 0.4311138486328125 0.7360816880000001 0.4308605908203125 0.7295142613333334 0.4278214956054687 0.7253664133333333 0.423516111328125 0.7229468353333334 0.4209835322265625 0.7250207593333333 0.4212367900390625 0.7315881853333334 0.41895746875 0.741612152 0.4192107265625 0.74748827 0.423262853515625 0.749907848 0.4268084638671875 0.747833924 0.4311138486328125 0.7360816880000001
1 0.3986968359375 0.5152087766666666 0.39970986767578126 0.509332658 0.3992033520507812 0.498617384 0.3969240307617187 0.49619780599999996 0.39388493603515623 0.495852152 0.3910990986328125 0.49792607599999994 0.3905925830078125 0.5 0.3908458408203125 0.5148631226666667 0.39388493603515623 0.5169370466666666 0.39743054638671876 0.5165913926666666 0.3986968359375 0.5152087766666666
1 0.3287976528320313 0.570167764 0.3290509111328125 0.5646372993333334 0.3257585581054688 0.5573785653333333 0.3227194633789062 0.5559959493333333 0.32094665771484376 0.5594524893333334 0.321706431640625 0.5684394939999999 0.32373249462890624 0.571204726 0.32727810546875 0.57155038 0.3287976528320313 0.570167764
1 0.27029507568359373 0.37694717266666666 0.27029507568359373 0.36726886066666664 0.26953530224609373 0.3645036286666667 0.26649620703125 0.3641579746666666 0.26421688623046874 0.36726886066666664 0.2634571123046875 0.3731449786666667 0.26421688623046874 0.37694717266666666 0.26649620703125 0.3800580593333333 0.2682690126953125 0.37902109733333333 0.27029507568359373 0.37694717266666666
1 0.3412072905273438 0.741957806 0.34095403271484376 0.735736034 0.3376616796875 0.7319338393333334 0.33335629541015627 0.7315881853333334 0.33133023193359373 0.7360816880000001 0.332596521484375 0.740229536 0.3376616796875 0.745414346 0.3389279692382812 0.744723038 0.3412072905273438 0.741957806
1 0.3890730356445313 0.659000844 0.38881977783203125 0.652779072 0.3845143930664062 0.6475942613333333 0.38172855615234375 0.6465572993333334 0.3799557509765625 0.6475942613333333 0.37894271923828127 0.65347038 0.3799557509765625 0.655544304 0.3850209091796875 0.661766076 0.38780674609375 0.661074768 0.3890730356445313 0.659000844
1 0.23635851611328124 0.8743432913333333 0.23737154736328125 0.8708867513333333 0.2378780634765625 0.8632823626666667 0.23661177392578125 0.8584432066666666 0.230786841796875 0.8580975526666667 0.2277477470703125 0.8636280166666667 0.2274944892578125 0.8750345993333334 0.22952055224609375 0.8774541773333334 0.2325596474609375 0.8774541773333334 0.23635851611328124 0.8743432913333333
1 0.31866733642578127 0.9745829533333333 0.31841407861328125 0.9683611813333334 0.31689453125 0.9659416033333333 0.31360217822265624 0.9649046413333334 0.311322857421875 0.9687068353333333 0.31081634130859376 0.9742372993333334 0.3141086943359375 0.97942211 0.316388015625 0.9787308020000001 0.31866733642578127 0.9745829533333333
1 0.4169314057617188 0.9514241353333334 0.4169314057617188 0.9414001686666668 0.4116129892578125 0.9372523206666666 0.40933366845703123 0.9407088606666666 0.40958692626953125 0.9500415186666668 0.4116129892578125 0.9528067513333334 0.4156651162109375 0.9534980593333333 0.4169314057617188 0.9514241353333334
1 0.7319842451171875 0.8525670886666666 0.7324907612304687 0.8466909706666667 0.7312244716796875 0.8425431226666666 0.7264125712890624 0.8418518146666667 0.7205876391601562 0.8439257386666666 0.7195746079101563 0.8459996626666666 0.719068091796875 0.8532583966666666 0.7203343813476563 0.8570605906666666 0.7248930239257813 0.8577518986666667 0.7319842451171875 0.8525670886666666
1 0.7633882260742187 0.83286481 0.7628817104492187 0.824914768 0.759082841796875 0.8221495360000001 0.7570567783203125 0.823186498 0.7555372309570313 0.826643038 0.7560437465820312 0.832519156 0.758829583984375 0.8370126579999999 0.7623751943359375 0.836667004 0.7633882260742187 0.83286481
1 0.8026432021484375 0.6797400846666667 0.8059355551757813 0.671444388 0.8059355551757813 0.666950886 0.8044160073242187 0.66384 0.800110623046875 0.6641856540000001 0.79529872265625 0.67075308 0.79479220703125 0.6814683546666667 0.7970715283203125 0.6831966246666666 0.799604107421875 0.6825053166666667 0.8026432021484375 0.6797400846666667
1 0.8125202607421875 0.6973684386666668 0.809734423828125 0.6935662446666667 0.8036562338867187 0.6939118986666667 0.8013769125976562 0.6973684386666668 0.8021366865234375 0.7025532486666666 0.80517578125 0.7049728273333333 0.809734423828125 0.7056641353333333 0.8117604868164062 0.7028989026666667 0.8125202607421875 0.6973684386666668
1 0.8662109375 0.6394521893333333 0.8662109375 0.6342618926666667 0.8646913901367187 0.6330767933333333 0.8593729741210937 0.6334224473333334 0.8581066845703125 0.6361876793333333 0.8591197158203125 0.6417181433333333 0.8644381323242187 0.6424094513333334 0.8662109375 0.6394521893333333
1 0.8497491733398438 0.48202599133333335 0.8487361416015625 0.46854548533333334 0.8479763681640625 0.4654345993333333 0.8446840151367188 0.4654345993333333 0.8421514360351563 0.46647156133333334 0.840631888671875 0.46992810133333335 0.8416449204101563 0.4823716453333333 0.8429112099609375 0.4854825313333333 0.8449372729492187 0.486865148 0.8477231098632813 0.4858281853333334 0.8497491733398438 0.48202599133333335
1 0.7347700825195312 0.75267308 0.739581982421875 0.7509448099999999 0.7400884985351562 0.74748827 0.7383156928710938 0.740920844 0.7350233403320312 0.7398838819999999 0.7322375034179688 0.740920844 0.7274256030273437 0.746796962 0.7261593134765625 0.7530187340000001 0.729451666015625 0.7561296200000001 0.7322375034179688 0.755092658 0.7347700825195312 0.75267308
1 0.8196114819335938 0.835975696 0.820371255859375 0.8318278480000001 0.820624513671875 0.8238778059999999 0.8191049663085938 0.81903865 0.8066953286132813 0.8148908020000001 0.800617138671875 0.817656034 0.799604107421875 0.8311365399999999 0.8011236547851562 0.835284388 0.810240939453125 0.838395274 0.8168256450195313 0.838395274 0.8196114819335938 0.835975696
1 0.5425473286132813 0.5601437973333333 0.5435603603515625 0.5556502953333333 0.5428005869140625 0.5504654853333333 0.5397614916992187 0.5490828693333334 0.536215880859375 0.5528850633333333 0.535709365234375 0.5566872573333334 0.5364691391601563 0.5636003373333333 0.5392549760742188 0.5629090293333333 0.5425473286132813 0.5601437973333333
1 0.38881977783203125 0.44849755266666663 0.3905925830078125 0.4429670886666667 0.38806000390625 0.4339800846666667 0.3850209091796875 0.4329431226666666 0.38198181396484376 0.43743662466666666 0.38122204052734376 0.44400405066666665 0.382994845703125 0.44988016866666664 0.38628719873046874 0.4509171306666666 0.38881977783203125 0.44849755266666663
1 0.17051145947265625 0.6036962026666667 0.169245169921875 0.5978200846666667 0.16544630126953125 0.59228962 0.1621539482421875 0.592980928 0.159368111328125 0.5967831226666667 0.159621369140625 0.6054244726666667 0.1621539482421875 0.6085353586666666 0.1664593330078125 0.6064614346666667 0.17051145947265625 0.6036962026666667
1 0.1467052158203125 0.27463358666666665 0.14239983154296876 0.2722140086666667 0.139360736328125 0.260807426 0.13556186767578124 0.257350886 0.1337890625 0.25923278 0.1337890625 0.289911494 0.13556186767578124 0.29087932466666666 0.14366612109375 0.2912249786666667 0.1464519580078125 0.2898423626666667 0.148731279296875 0.28604016866666665 0.148478021484375 0.2777444726666667 0.1467052158203125 0.27463358666666665
1 0.34298009619140624 0.12773063266666665 0.3444996435546875 0.12289147666666665 0.3442463857421875 0.11459578066666667 0.34070077490234374 0.099732658 0.3346225849609375 0.10076961999999999 0.3290509111328125 0.10491746866666667 0.32550530029296876 0.11113924066666668 0.3244922685546875 0.11874362866666667 0.3244922685546875 0.12565670866666667 0.3257585581054688 0.13015021066666665 0.3381681958007812 0.12980455666666668 0.34298009619140624 0.12773063266666665
1 0.24395625341796875 0.099732658 0.24598231640625 0.08867173 0.24547580078125 0.083141266 0.24243670556640626 0.080376034 0.2383845791015625 0.08348691999999999 0.23661177392578125 0.095930464 0.2376248056640625 0.10076961999999999 0.2426899638671875 0.101460928 0.24395625341796875 0.099732658
1 0.19305141357421876 0.07208033733333334 0.1945709609375 0.06862379733333333 0.1968502822265625 0.06689552733333333 0.19862308740234375 0.06724118133333333 0.19811657177734374 0.057217215333333335 0.1950774765625 0.059636793333333334 0.1927981552734375 0.05479763733333333 0.18596019189453125 0.05272371333333334 0.1824145810546875 0.06724118133333333 0.18418738671875 0.07138902933333334 0.189252544921875 0.07415426133333333 0.19077209228515624 0.07346295333333333 0.19305141357421876 0.07208033733333334
1 0.20140892431640625 0.07449991533333333 0.20115566650390626 0.06724118133333333 0.199889376953125 0.056871561333333334 0.19862308740234375 0.053760675333333334 0.18899928662109375 0.05030413533333333 0.18038851806640624 0.04961282733333333 0.18089503369140625 0.06724118133333333 0.1824145810546875 0.07277164533333333 0.1976100556640625 0.07761080199999999 0.200395892578125 0.077265148 0.20140892431640625 0.07449991533333333
1 0.8195523720703125 0 0.8193582241210937 0.000529958 0.8193582241210937 0.006406076 0.8211310297851563 0.011245231999999999 0.82518315625 0.014356118 0.8332874091796875 0.012973502000000001 0.8365797622070312 0.008825654 0.83581998828125 0.0022582279999999997 0.8324356088867187 0 0.8195523720703125 0
1 0.7722522529296875 0.03993451466666667 0.7714924794921875 0.034749704666666666 0.7679468686523437 0.028182278666666668 0.7651610317382812 0.028182278666666668 0.7636414838867187 0.03302143466666667 0.7644012578125 0.04028016866666667 0.7676936108398438 0.04615628666666667 0.7712392211914062 0.04615628666666667 0.7722522529296875 0.03993451466666667
1 0.8066953286132813 0.2749792406666667 0.8077083603515625 0.2722140086666667 0.8066953286132813 0.267720506 0.8041627495117187 0.265646582 0.800363880859375 0.265646582 0.7973247861328125 0.267374852 0.79504546484375 0.27152270066666667 0.79479220703125 0.2770531646666667 0.7975780439453125 0.2798183966666667 0.8036562338867187 0.2777444726666667 0.8066953286132813 0.2749792406666667
1 0.5653405405273437 0.11183054866666667 0.5645807670898437 0.10526312266666668 0.561541671875 0.099732658 0.5572362875976562 0.095930464 0.5541971928710937 0.10076961999999999 0.5541971928710937 0.11321316466666667 0.556223255859375 0.11701535866666668 0.560528640625 0.12047189866666667 0.5633144775390625 0.12047189866666667 0.5643275092773438 0.11770666666666667 0.5653405405273437 0.11183054866666667
1 0.494934841796875 0.14812421933333333 0.4956946157226563 0.14328506333333332 0.49138923095703124 0.12738497866666668 0.48936316796875 0.12461974666666667 0.4880968784179687 0.12461974666666667 0.4825252041015625 0.12807628666666668 0.4822719462890625 0.13360675133333333 0.48657733056640623 0.14812421933333333 0.4888566518554687 0.15088945133333334 0.4918957470703125 0.15019814333333334 0.494934841796875 0.14812421933333333
1 0.47594049853515624 0.166789536 0.474167693359375 0.162641688 0.4716351142578125 0.162641688 0.46808950341796873 0.166443882 0.46834276123046875 0.17785046399999999 0.47138185595703125 0.178196118 0.47391443505859376 0.174739578 0.47594049853515624 0.166789536
1 0.3057511831054687 0.06724118133333333 0.30752398876953124 0.06136506333333334 0.3057511831054687 0.053760675333333334 0.301952314453125 0.051341097333333335 0.29815344580078124 0.05859983133333334 0.2979001879882813 0.06758683533333333 0.29992625146484375 0.07138902933333334 0.302205572265625 0.07173468333333333 0.3037251201171875 0.07000641333333334 0.3057511831054687 0.06724118133333333
1 0.138600962890625 0.14121113933333335 0.1358151259765625 0.14017417733333334 0.1337890625 0.14731769333333333 0.1337890625 0.160585956 0.13758793115234375 0.16713519000000002 0.139107478515625 0.168172152 0.14214657373046874 0.16748084400000002 0.14467915283203125 0.15641991533333333 0.14417263671875 0.15019814333333334 0.138600962890625 0.14121113933333335
1 0.14518566845703124 0.43812793266666666 0.14442589453125 0.4322518146666666 0.13784118896484376 0.431214852 0.13556186767578124 0.4322518146666666 0.1358151259765625 0.43743662466666666 0.1368281572265625 0.4388192406666667 0.138600962890625 0.44020185666666667 0.14341286328125 0.4398562026666667 0.14518566845703124 0.43812793266666666
1 0.1664593330078125 0.29433586466666667 0.1664593330078125 0.2884597466666667 0.16519304345703126 0.2850032066666667 0.16266046435546874 0.2843118986666667 0.15810182177734375 0.2884597466666667 0.15759530615234374 0.2939902106666667 0.159621369140625 0.29848371333333334 0.16266046435546874 0.29848371333333334 0.16544630126953125 0.29571848133333334 0.1664593330078125 0.29433586466666667
1 0.47112859814453123 0.6977140926666666 0.46986230859375 0.6935662446666667 0.464543892578125 0.6897640506666667 0.4622645712890625 0.6894183966666666 0.4597319921875 0.6911466666666667 0.4587189609375 0.6956401686666667 0.459478734375 0.7028989026666667 0.46530366650390625 0.7077380593333334 0.46834276123046875 0.7073924053333334 0.47112859814453123 0.6977140926666666
1 0.33867471142578126 0.20999628666666667 0.3376616796875 0.2055027846666667 0.3348758427734375 0.20135493666666665 0.331836748046875 0.20066362866666668 0.33082371630859375 0.2055027846666667 0.33284977978515623 0.21414413533333335 0.3348758427734375 0.21690936733333335 0.33791493798828126 0.21725502133333335 0.33867471142578126 0.20999628666666667
1 0.6101671909179688 0.6202875946666666 0.6099139326171875 0.6144114766666666 0.6078878696289063 0.6092266666666667 0.6048487744140625 0.6095723206666667 0.6023161953125 0.6144114766666666 0.6025694536132813 0.6199419406666666 0.6045955166015625 0.6254724053333334 0.6078878696289063 0.6251267513333333 0.6101671909179688 0.6202875946666666
1 0.5982640688476563 0.7308968773333333 0.5929456528320313 0.7257120673333334 0.5899065581054688 0.7257120673333334 0.5888935263671875 0.7319338393333334 0.5899065581054688 0.73884692 0.6018096796875 0.7481795780000001 0.6048487744140625 0.747833924 0.5982640688476563 0.7308968773333333
1 0.2072338564453125 0.983224304 0.2069805986328125 0.9742372993333334 0.20419476123046876 0.9718177213333333 0.19811657177734374 0.9728546833333334 0.1973567978515625 0.9742372993333334 0.1978633134765625 0.979767764 0.2029284716796875 0.9863351899999999 0.20596756689453125 0.9863351899999999 0.2072338564453125 0.983224304
1 0.5136759272460938 0.5304175526666667 0.5197541171875 0.509678312 0.5197541171875 0.50345654 0.5162085063476562 0.49239561200000004 0.5134226694335937 0.489284726 0.51013031640625 0.489976034 0.4997467421875 0.4847912233333333 0.4977206787109375 0.48133468333333335 0.4934152944335938 0.48133468333333335 0.49164248876953126 0.48340860733333335 0.48657733056640623 0.498617384 0.48556429931640627 0.504147848 0.48581755712890623 0.511060928 0.49924022607421875 0.5290349366666667 0.5073444794921875 0.5335284386666667 0.51063683203125 0.5338740926666666 0.5136759272460938 0.5304175526666667
1 0.343823951171875 0.3477293853333333 0.3407848564453125 0.3484206933333333 0.3407848564453125 0.35118592533333337 0.343317435546875 0.35291419533333335 0.34509024072265626 0.35153157933333334 0.343823951171875 0.3477293853333333
1 0.7114703544921875 0.7194902953333333 0.7117236127929687 0.7132685233333333 0.7094442915039062 0.7111945993333334 0.7053921650390625 0.7122315613333333 0.7013400380859375 0.7198359493333334 0.7013400380859375 0.7253664133333333 0.7026063276367187 0.7291686073333333 0.7058986806640625 0.7298599153333333 0.7066584545898438 0.7288229533333334 0.7114703544921875 0.7194902953333333
1 0.4169314057617188 0.8580975526666667 0.41718466357421874 0.8522214346666667 0.4146520844726562 0.8480735866666668 0.41186624755859375 0.8484192406666666 0.41034669970703125 0.8522214346666667 0.4105999580078125 0.8580975526666667 0.41186624755859375 0.8618997466666667 0.41490534228515624 0.8612084386666667 0.4169314057617188 0.8580975526666667
1 0.2771330395507812 0.653816034 0.2771330395507812 0.6475942613333333 0.2756134921875 0.6451746833333333 0.27004181787109377 0.6475942613333333 0.26953530224609373 0.6493225313333333 0.26928204443359377 0.653124726 0.27004181787109377 0.654161688 0.27232113916015627 0.656235612 0.27434720263671875 0.6558899579999999 0.2771330395507812 0.653816034
1 0.6018096796875 0.3112729113333333 0.5987705849609375 0.30850767933333334 0.5959847475585938 0.31058160333333334 0.596238005859375 0.3168033753333333 0.5980108110351563 0.32129687733333334 0.601556421875 0.32129687733333334 0.6018096796875 0.3112729113333333
1 0.6435972348632812 0.3002119833333333 0.6428374609375 0.2939902106666667 0.6380255610351563 0.2912249786666667 0.6352397236328124 0.29226194066666666 0.6344799501953124 0.29675544333333337 0.6354929819335937 0.30124894533333335 0.6382788188476562 0.30332286933333336 0.6418244296875 0.30332286933333336 0.6435972348632812 0.3002119833333333
1 0.6648708994140625 0.2825836286666667 0.6653774150390624 0.27809012666666666 0.6641111254882812 0.2749792406666667 0.657526419921875 0.2729053166666667 0.6552470986328125 0.27394227866666665 0.6534742934570312 0.27670751066666666 0.65322103515625 0.28292928266666667 0.6552470986328125 0.28604016866666665 0.6610720307617187 0.2877684386666666 0.66309809375 0.28534886066666665 0.6648708994140625 0.2825836286666667
1 0.6061150639648437 0.040625822666666665 0.6053552905273437 0.03336708866666666 0.6020629375 0.02887358666666667 0.5990238427734375 0.029564894666666664 0.596997779296875 0.03371274266666666 0.5987705849609375 0.044082362666666666 0.601556421875 0.04753890266666666 0.6038357431640625 0.046501940666666665 0.6061150639648437 0.040625822666666665
1 0.45567986572265623 0.07346295333333333 0.4615047978515625 0.06654987333333333 0.4617580556640625 0.06171071733333333 0.4592254765625 0.056871561333333334 0.4564396396484375 0.05756286933333333 0.45238751318359377 0.06136506333333334 0.44757561279296876 0.07069772133333334 0.44833538623046876 0.07691949399999999 0.45061470751953125 0.080376034 0.45340054443359373 0.080721688 0.454160318359375 0.079684726 0.45567986572265623 0.07346295333333333
1 0.719068091796875 0.5148631226666667 0.719321349609375 0.509678312 0.7175485444335937 0.50691308 0.7117236127929687 0.509332658 0.7122301284179687 0.5152087766666666 0.7145094497070312 0.5165913926666666 0.7175485444335937 0.5162457386666667 0.719068091796875 0.5148631226666667
1 0.6387853344726563 0.7253664133333333 0.6392918505859375 0.7191446413333333 0.6357462397460938 0.7132685233333333 0.6332136606445312 0.7122315613333333 0.6314408549804688 0.7129228693333333 0.6296680498046875 0.7163794093333332 0.6291615341796875 0.7253664133333333 0.6314408549804688 0.7305512233333333 0.6352397236328124 0.7308968773333333 0.6387853344726563 0.7253664133333333
1 0.8120137446289063 0.8919716453333334 0.8115072290039063 0.8864411813333333 0.8094811655273437 0.8843672573333333 0.8064420708007812 0.8847129113333334 0.8044160073242187 0.8902433753333333 0.8049225234375 0.8943912233333334 0.8066953286132813 0.898539072 0.8094811655273437 0.89923038 0.810240939453125 0.898193418 0.8120137446289063 0.8919716453333334
1 0.71400293359375 0.675246582 0.7124833862304687 0.670407426 0.708684517578125 0.669716118 0.7074182280273438 0.6745552739999999 0.707924744140625 0.676974852 0.7112170966796875 0.6797400846666667 0.7124833862304687 0.6787031226666667 0.71400293359375 0.675246582
1 0.484551267578125 0.7143054853333333 0.48581755712890623 0.7084293673333333 0.48328497802734377 0.7053184813333334 0.4772067880859375 0.7056641353333333 0.474674208984375 0.7087750213333334 0.474167693359375 0.7143054853333333 0.4769535302734375 0.7177620253333333 0.4810056567382813 0.7174163713333334 0.484551267578125 0.7143054853333333
1 0.46530366650390625 0.593326582 0.4665699560546875 0.588487426 0.46530366650390625 0.578809114 0.4625178295898438 0.5750069200000001 0.4564396396484375 0.580537384 0.45517335009765625 0.586759156 0.4564396396484375 0.5964374686666667 0.45846570263671876 0.5974744306666666 0.4620113134765625 0.5967831226666667 0.46530366650390625 0.593326582
1 0.7722522529296875 0.9310305486666666 0.7709859633789062 0.921352236 0.7682001264648437 0.91824135 0.764654515625 0.917550042 0.7628817104492187 0.9185870039999999 0.7608556469726563 0.9289566246666666 0.7626284526367187 0.9358697046666666 0.7676936108398438 0.9400175526666666 0.7707327055664063 0.9372523206666666 0.7722522529296875 0.9310305486666666
1 0.7170420288085938 0.7696101266666666 0.7172952866210938 0.7633883546666665 0.7152692231445312 0.7561296200000001 0.71349641796875 0.7533643879999999 0.708684517578125 0.75267308 0.7064051962890625 0.758203544 0.7066584545898438 0.7654622786666667 0.7096975493164063 0.7734123206666667 0.71349641796875 0.7744492826666667 0.7170420288085938 0.7696101266666666
1 0.23990412646484374 0.667642194 0.240663900390625 0.6631486919999999 0.240917158203125 0.6586551900000001 0.23965086865234375 0.65347038 0.23382593701171875 0.6493225313333333 0.230786841796875 0.6496681853333334 0.22952055224609375 0.653124726 0.230280326171875 0.6641856540000001 0.23382593701171875 0.669716118 0.2376248056640625 0.671790042 0.23990412646484374 0.667642194
1 0.15278340576171875 0.5269610126666666 0.1520236318359375 0.5217762026666667 0.1510106005859375 0.5200479326666667 0.14746498974609376 0.5203935866666667 0.14442589453125 0.5252327426666666 0.14467915283203125 0.5279979746666666 0.14771824755859375 0.5321458226666667 0.15050408447265626 0.5311088606666666 0.15278340576171875 0.5269610126666666
1 0.39641751513671875 0.39353856533333337 0.3959109990234375 0.3907733333333333 0.3910990986328125 0.38731679333333335 0.38806000390625 0.38731679333333335 0.3855274248046875 0.39353856533333337 0.3845143930664062 0.39872337533333335 0.3850209091796875 0.40079729933333336 0.38806000390625 0.40114295333333333 0.3910990986328125 0.3969951053333333 0.39413819384765625 0.3980320673333333 0.39641751513671875 0.39353856533333337