1 0.3082139755859375 0.33850099466666667 0.3057725693359375 0.34183469 0.3057725693359375 0.34405715333333337 0.307400173828125 0.35516947 0.31526692724609373 0.37554205133333335 0.31363932275390627 0.382950262 0.314724392578125 0.38813601000000003 0.314181857421875 0.40110038000000003 0.31608072900390627 0.403693254 0.321506076171875 0.418509676 0.33154296875 0.43814143600000005 0.33642578125 0.442215952 0.343478732421875 0.44073430999999996 0.3516167534179688 0.4344373306666666 0.35514322900390627 0.4281403506666666 0.35595703125 0.410360644 0.35432942724609373 0.4007299693333334 0.33154296875 0.34850208 0.3255750869140625 0.3410938686666667 0.3174370659179688 0.3351673 0.3130967880859375 0.33479688933333335 0.3082139755859375 0.33850099466666667
1 0.6424153647460937 0.5729708806666667 0.6402452255859375 0.5851944293333333 0.6399739584960937 0.59223223 0.641872830078125 0.600010852 0.6361762153320313 0.6044557786666667 0.631564669921875 0.6029741366666667 0.6258680556640625 0.606678242 0.6258680556640625 0.6096415266666667 0.6302083334960937 0.620013022 0.639431423828125 0.628902876 0.6557074653320313 0.6381631400000001 0.6776801215820313 0.6414968346666667 0.6822916665039063 0.6381631400000001 0.682834201171875 0.6318661600000001 0.6806640625 0.6266804126666666 0.6717122397460937 0.6151976846666667 0.660861544921875 0.608159884 0.6497395834960937 0.5755637546666666 0.646484375 0.5707484173333333 0.644314236328125 0.5707484173333333 0.6424153647460937 0.5729708806666667
1 0.5572374130859375 0.797439682 0.555881076171875 0.8048478926666667 0.5520833334960937 0.8455930546666667 0.55615234375 0.867447278 0.5572374130859375 0.880782058 0.5594075522460937 0.8867086273333332 0.5629340278320313 0.8889310906666666 0.5689019096679687 0.8863382166666667 0.5726996528320313 0.8867086273333332 0.5835503471679687 0.8804116479999999 0.5946723090820313 0.860779888 0.597927517578125 0.8511492133333333 0.5984700522460937 0.8441114126666667 0.592502169921875 0.8155897993333333 0.5868055556640625 0.8007733766666667 0.5830078125 0.797439682 0.5689019096679687 0.7900314706666667 0.563205294921875 0.78966106 0.5604926215820313 0.7915131126666667 0.5572374130859375 0.797439682
1 0.25748697900390627 0.034023512666666665 0.25748697900390627 0.041061313333333335 0.261013455078125 0.045135829333333335 0.2642686630859375 0.04624706066666667 0.27376302099609373 0.045135829333333335 0.2743055556640625 0.03883885 0.273220486328125 0.033653102 0.265625 0.027356122 0.2618272568359375 0.027726532666666664 0.25748697900390627 0.034023512666666665
1 0.239040255859375 0.19570513 0.26006429052734376 0.20002671000000002 0.2571253798828125 0.160204982 0.23885172509765626 0.15970122333333334 0.239040255859375 0.19570513
1 0.46058684130859373 0 0.46175130224609373 0.015502984000000001 0.463650173828125 0.019577500666666664 0.4669053818359375 0.022170374666666666 0.475314669921875 0.025504069333333334 0.47721354150390627 0.031060228 0.478298611328125 0.03957967066666667 0.4815538193359375 0.044395008 0.4921332465820312 0.04772870333333334 0.4989149306640625 0.046987882 0.50244140625 0.03846843933333333 0.5056966147460937 0.03587556533333333 0.5081380209960937 0.03698679666666667 0.51220703125 0.044395008 0.5151909721679687 0.046987882 0.5214301215820313 0.04921034533333333 0.5279405380859375 0.04772870333333334 0.532009548828125 0.03735720733333334 0.5355360244140625 0.034023512666666665 0.5396050346679687 0.027356122 0.5404188369140625 0.02142955333333333 0.5333658852539063 0.001056972 0.5324198051757812 0 0.487854837890625 0 0.485080294921875 0.005872309333333334 0.483181423828125 0.006983541333333333 0.480197482421875 0.004761078 0.47817884375 0 0.46058684130859373 0
1 0.3432074653320312 0.03143063866666667 0.34375 0.034764333333333335 0.34781901025390627 0.038098028666666665 0.353786892578125 0.03883885 0.3554144965820312 0.03328269133333333 0.3529730903320312 0.026985712000000002 0.3497178818359375 0.025504069333333334 0.34456380224609373 0.027356122 0.3432074653320312 0.03143063866666667
1 0.4663628471679688 0.09847494999999999 0.4647352431640625 0.10477193 0.47395833349609373 0.10847603533333333 0.4785698784179688 0.10366069800000001 0.480197482421875 0.09773412933333332 0.47721354150390627 0.092918792 0.47151692724609373 0.092918792 0.4663628471679688 0.09847494999999999
1 0.2032335068359375 0.05810019866666667 0.21001519091796875 0.06587882066666667 0.21272786474609376 0.06699005266666666 0.2178819443359375 0.06439717866666667 0.2230360244140625 0.05772978866666667 0.221408419921875 0.05328486133333333 0.218967013671875 0.052173630000000006 0.2035047744140625 0.052544040666666667 0.2032335068359375 0.05810019866666667
1 0.22086588525390624 0.08069524333333333 0.22005208349609376 0.08662181199999999 0.2227647568359375 0.11106890933333333 0.221950955078125 0.13440477466666667 0.22601996533203125 0.13699764866666667 0.23551432275390624 0.13884970133333333 0.23714192724609376 0.132552722 0.23714192724609376 0.11829191533333333 0.2422960068359375 0.09921577133333333 0.2425672744140625 0.09254838133333333 0.23822699658203125 0.08662181199999999 0.231716580078125 0.081065654 0.22601996533203125 0.07773195866666667 0.22412109375 0.07810236933333334 0.22086588525390624 0.08069524333333333
1 0.19401041650390624 0.14625791266666666 0.1934678818359375 0.16440803066666665 0.197536892578125 0.17366829466666664 0.2007921005859375 0.17403870533333335 0.2035047744140625 0.17144583133333333 0.20893012158203125 0.15848146133333335 0.21625434033203125 0.15588858733333333 0.219509548828125 0.15181407133333333 0.22005208349609376 0.14255380733333334 0.21842447900390624 0.13773847 0.21381293408203125 0.13329354333333332 0.2083875869140625 0.134034364 0.19401041650390624 0.14625791266666666
1 0.163357205078125 0.21033894000000003 0.162814669921875 0.21589509866666667 0.16742621533203125 0.235156448 0.17583550341796875 0.24812081733333333 0.1815321181640625 0.24997286999999999 0.1875 0.24775040666666667 0.1912977431640625 0.23700850066666665 0.19292534716796875 0.21774715133333333 0.19156901025390624 0.21404304600000001 0.189670138671875 0.21107976133333334 0.18098958349609376 0.207746066 0.17854817724609376 0.20441237133333334 0.17230902783203125 0.19996744466666666 0.16851128466796875 0.199597034 0.167697482421875 0.201078676 0.163357205078125 0.21033894000000003
1 0.3052300346679688 0.2558994393333333 0.3011610244140625 0.26775257733333335 0.29329427099609373 0.27627202 0.29410807275390627 0.2818281786666667 0.2968207465820312 0.2870139266666667 0.2987196181640625 0.3055344546666667 0.30387369775390627 0.3122018446666667 0.3155381943359375 0.31812841399999997 0.324490017578125 0.3199804666666667 0.3280164931640625 0.3084977393333333 0.334255642578125 0.30812732866666664 0.336154513671875 0.30590486533333333 0.3345269096679688 0.282569 0.3328993056640625 0.27960571533333334 0.328830294921875 0.27664243066666666 0.32666015625 0.2725679146666667 0.3277452255859375 0.2647892926666667 0.3272026909179688 0.25923313466666664 0.323947482421875 0.25145451266666663 0.3204210068359375 0.24960246 0.312282986328125 0.25404738666666665 0.3084852431640625 0.25034328066666667 0.3052300346679688 0.2558994393333333
1 0.27132161474609373 0.24034219599999998 0.2705078125 0.25293615466666663 0.2759331596679688 0.255158618 0.28434244775390627 0.25404738666666665 0.2862413193359375 0.24515753333333334 0.2840711806640625 0.23330439533333333 0.2808159721679688 0.231452342 0.27376302099609373 0.23256357400000002 0.27132161474609373 0.24034219599999998
1 0.37223307275390627 0.14403544933333334 0.3681640625 0.15774064000000002 0.3692491318359375 0.16514885133333332 0.37223307275390627 0.16588967266666665 0.375759548828125 0.16403762 0.3765733505859375 0.15366612400000002 0.3792860244140625 0.145517092 0.3784722221679688 0.13996093333333331 0.37467447900390627 0.13959052266666666 0.37223307275390627 0.14403544933333334
1 0.40478515625 0.122181226 0.404513888671875 0.12810779533333333 0.4085828994140625 0.13810888066666666 0.4107530380859375 0.146998734 0.4134657119140625 0.15033242933333335 0.419704861328125 0.14922119733333333 0.421603732421875 0.14662832333333334 0.4224175346679688 0.14255380733333334 0.4224175346679688 0.13329354333333332 0.4213324653320312 0.12810779533333333 0.4156358505859375 0.11625465733333334 0.4107530380859375 0.11329137266666667 0.4091254340820312 0.11440260466666666 0.40478515625 0.122181226
1 0.3871527778320312 0.17663157866666665 0.3890516494140625 0.18737348533333334 0.3912217880859375 0.19255923333333333 0.3944769965820312 0.19478169666666667 0.3988172744140625 0.19404087533333333 0.400173611328125 0.18737348533333334 0.397732205078125 0.18144691599999999 0.39420572900390627 0.17848363199999998 0.3912217880859375 0.17070501000000002 0.387966580078125 0.17070501000000002 0.3871527778320312 0.17663157866666665
1 0.41292317724609373 0.267011756 0.41129557275390627 0.27590161 0.4159071181640625 0.282569 0.4229600693359375 0.28368023133333337 0.4286566840820312 0.277383252 0.4329969619140625 0.27627202 0.4327256943359375 0.2703454513333333 0.429470486328125 0.26627093533333335 0.4232313369140625 0.26330765066666667 0.416720919921875 0.2636780613333333 0.41292317724609373 0.267011756
1 0.5463593193359375 0 0.5472005209960937 0.004020256666666667 0.5507269965820313 0.009206004666666667 0.5526258681640625 0.01587339466666667 0.55615234375 0.021799963999999998 0.563205294921875 0.024763247999999998 0.5721571181640625 0.021059142666666666 0.5764973959960937 0.016243805333333333 0.5762261284179687 0.009946826 0.5716145834960937 0.0014273826666666668 0.5691505844726562 0 0.5463593193359375 0
1 0.7284071181640625 0.07773195866666667 0.726779513671875 0.08069524333333333 0.7275933159179687 0.08662181199999999 0.7357313369140625 0.096993308 0.738986544921875 0.11736588866666667 0.7408854165039063 0.12032917333333334 0.7471245659179687 0.12292204733333334 0.7544487846679687 0.12403327933333333 0.7596028647460937 0.122181226 0.7623155380859375 0.109957678 0.7601453994140625 0.10032700333333334 0.756618923828125 0.09328920266666667 0.756618923828125 0.08180647466666667 0.7549913193359375 0.07699113733333333 0.753634982421875 0.07513908466666668 0.7324761284179687 0.07476867400000001 0.7284071181640625 0.07773195866666667
1 0.6860894096679687 0.17403870533333335 0.685546875 0.17626116866666666 0.6866319443359375 0.18070609533333334 0.6934136284179687 0.18700307466666669 0.69775390625 0.18811430666666668 0.6991102431640625 0.18700307466666669 0.7001953125 0.18292855866666666 0.6996527778320313 0.17552034733333335 0.6963975693359375 0.16848254666666665 0.6917860244140625 0.16737131466666666 0.6860894096679687 0.17403870533333335
1 0.55126953125 0.22293289933333332 0.5493706596679687 0.22960028933333335 0.549099392578125 0.23552685866666664 0.553982205078125 0.24626876466666667 0.5550672744140625 0.258862724 0.5594075522460937 0.261826008 0.5629340278320313 0.26219641866666665 0.568088107421875 0.25145451266666663 0.568630642578125 0.22515536266666666 0.5678168403320313 0.22182166733333333 0.5629340278320313 0.21663592 0.5569661459960937 0.21589509866666667 0.55126953125 0.22293289933333332
1 0.5981987846679687 0.14107216466666667 0.59765625 0.152184482 0.5981987846679687 0.154777356 0.6011827255859375 0.15588858733333333 0.609592013671875 0.15181407133333333 0.60986328125 0.13996093333333331 0.6009114584960937 0.13551600666666666 0.5981987846679687 0.14107216466666667
1 0.7940538193359375 0.14070175466666665 0.7959526909179687 0.15440694533333335 0.7962239584960937 0.17403870533333335 0.793240017578125 0.18626225333333332 0.7935112846679687 0.20144908666666667 0.7921549477539063 0.21107976133333334 0.7983940971679687 0.21848797266666667 0.8011067709960937 0.21478386666666666 0.8043619790039063 0.20515319199999998 0.807345919921875 0.19144800133333334 0.8106011284179687 0.18885512733333334 0.8203667534179687 0.18885512733333334 0.8236219619140625 0.18218773733333335 0.8255208334960937 0.169593778 0.821994357421875 0.162926388 0.817654080078125 0.15959269333333334 0.8095160590820313 0.15699981933333335 0.8065321181640625 0.14366503866666666 0.800021701171875 0.13884970133333333 0.798122830078125 0.13551600666666666 0.7945963540039063 0.135145596 0.7940538193359375 0.14070175466666665
1 0.8388129340820313 0.10773521400000001 0.8453233505859375 0.11699547866666668 0.849392361328125 0.11847712066666666 0.8531901040039063 0.11625465733333334 0.8510199653320313 0.10699439333333334 0.849392361328125 0.10440151933333335 0.8401692709960937 0.09847494999999999 0.8379991318359375 0.09921577133333333 0.8388129340820313 0.10773521400000001
1 0.7558051215820313 0.2007082653333333 0.7568901909179687 0.204782782 0.7593315971679687 0.206264424 0.7617730034179687 0.2055236026666667 0.7628580727539063 0.19922662333333335 0.7617730034179687 0.19737457066666667 0.7596028647460937 0.19515210733333332 0.7568901909179687 0.19478169666666667 0.75634765625 0.19626333866666668 0.7558051215820313 0.2007082653333333
1 0.4644639755859375 0.34739084800000003 0.46419270849609373 0.353687828 0.4677191840820312 0.356280702 0.48697916650390627 0.35961439666666667 0.492404513671875 0.3622072706666667 0.4956597221679688 0.3622072706666667 0.497829861328125 0.359243986 0.497829861328125 0.35146536466666667 0.4962022568359375 0.3477612586666667 0.4940321181640625 0.34665002733333333 0.4677191840820312 0.3462796166666667 0.4644639755859375 0.34739084800000003
1 0.587890625 0.30960897066666665 0.587619357421875 0.31331307666666663 0.59033203125 0.323684572 0.5962999130859375 0.32812949933333335 0.597927517578125 0.331463194 0.6006401909179687 0.33072237266666665 0.6036241318359375 0.3177580033333333 0.60009765625 0.30590486533333333 0.597927517578125 0.30405281266666667 0.5941297744140625 0.30405281266666667 0.590060763671875 0.30590486533333333 0.587890625 0.30960897066666665
1 0.5518120659179687 0.42665870866666666 0.5520833334960937 0.43628938333333334 0.5545247397460937 0.45147621600000004 0.5602213540039063 0.47147838666666664 0.5672743056640625 0.48925809400000003 0.5724283852539063 0.49333261 0.575954861328125 0.4925917886666667 0.5792100693359375 0.4888876833333334 0.5800238715820313 0.47629372400000003 0.5789388022460937 0.46814469133333336 0.572970919921875 0.44554964733333335 0.560763888671875 0.42480665599999995 0.5569661459960937 0.42184337133333333 0.5537109375 0.4225841926666667 0.5518120659179687 0.42665870866666666
1 0.826877169921875 0.4385118466666667 0.8263346352539063 0.44295677333333333 0.8276909721679687 0.44851293200000003 0.8361002602539063 0.455180322 0.8499348959960937 0.45406909 0.8504774306640625 0.44851293200000003 0.8455946181640625 0.43628938333333334 0.836642794921875 0.429992404 0.831759982421875 0.429992404 0.826877169921875 0.4385118466666667
1 0.27213541650390627 0.47481208199999997 0.27213541650390627 0.48481316666666663 0.27701822900390627 0.501481642 0.275390625 0.5137051906666666 0.282443576171875 0.5322257186666667 0.2816297744140625 0.5374114666666667 0.2832573784179688 0.5411155726666667 0.2870551215820312 0.5451900886666666 0.29899088525390627 0.5807495026666666 0.301974826171875 0.5826015553333334 0.30875651025390627 0.581860734 0.311740451171875 0.5796382706666666 0.312282986328125 0.5774158073333333 0.3109266494140625 0.56593308 0.319064669921875 0.5611177426666667 0.32014973974609373 0.555191174 0.3130967880859375 0.5240766866666667 0.31201171875 0.5122235486666666 0.3060438369140625 0.4951846626666666 0.30550130224609373 0.4899989146666667 0.3033311630859375 0.48666522 0.29899088525390627 0.47184879733333335 0.2960069443359375 0.46814469133333336 0.2764756943359375 0.46740387066666667 0.27376302099609373 0.469626334 0.27213541650390627 0.47481208199999997
1 0.21978081591796875 0.3729491773333333 0.217068142578125 0.3770236933333333 0.21598307275390624 0.39072888400000005 0.2132703994140625 0.39887791666666667 0.2132703994140625 0.40221161133333333 0.21625434033203125 0.40776777000000003 0.22601996533203125 0.40776777000000003 0.23714192724609376 0.40295243266666664 0.243923611328125 0.3948034 0.24419487841796875 0.38887683133333334 0.23822699658203125 0.37368999799999997 0.23578559033203125 0.37109712399999994 0.2252061630859375 0.37109712399999994 0.21978081591796875 0.3729491773333333
1 0.26236979150390627 0.365540966 0.2620985244140625 0.372208356 0.26318359375 0.37665328266666664 0.272677951171875 0.3781349246666667 0.27701822900390627 0.3807277986666666 0.282986111328125 0.3810982093333334 0.2846137153320312 0.3777645146666667 0.2840711806640625 0.372208356 0.2789171005859375 0.3599848073333333 0.2767469619140625 0.35702152266666665 0.270779080078125 0.35331741733333333 0.2667100693359375 0.3544286486666667 0.26236979150390627 0.365540966
1 0.27701822900390627 0.2936813166666667 0.27701822900390627 0.30071911733333334 0.27864583349609373 0.30590486533333333 0.2832573784179688 0.3125722553333333 0.28678385400390627 0.31516512933333335 0.289767794921875 0.32035087733333334 0.2930230034179688 0.3214621086666667 0.29410807275390627 0.317017182 0.2930230034179688 0.306275276 0.2905815971679688 0.30034870666666663 0.2832573784179688 0.2921996746666667 0.280544705078125 0.29034762133333336 0.27864583349609373 0.29108844266666667 0.27701822900390627 0.2936813166666667
1 0.24202473974609376 0.48073865066666666 0.24527994775390624 0.4877764513333333 0.2509765625 0.4940734313333333 0.253146701171875 0.5007408213333333 0.2509765625 0.5203725806666666 0.2523328994140625 0.530373666 0.2520616318359375 0.5374114666666667 0.253689236328125 0.544819678 0.2509765625 0.5492646046666667 0.25504557275390627 0.5507462473333333 0.2577582465820312 0.5496350153333334 0.27213541650390627 0.5363002353333333 0.2743055556640625 0.5255583286666666 0.27294921875 0.5137051906666666 0.26725260400390627 0.49370302066666666 0.261013455078125 0.48147947199999996 0.2577582465820312 0.477404956 0.2523328994140625 0.4759233133333333 0.2450086806640625 0.47036715533333334 0.24175347216796875 0.47073756533333333 0.24202473974609376 0.48073865066666666
1 0.21598307275390624 0.554079942 0.216525607421875 0.5663034906666666 0.218967013671875 0.5688963646666667 0.22086588525390624 0.5759341653333333 0.2227647568359375 0.5770453966666667 0.223849826171875 0.57223006 0.22710503466796875 0.5674147226666666 0.236599392578125 0.5611177426666667 0.239040798828125 0.548894194 0.2325303818359375 0.5455604993333333 0.231174044921875 0.5429676253333333 0.23063151025390624 0.5377818773333334 0.229275173828125 0.5374114666666667 0.224392361328125 0.54630132 0.217068142578125 0.5511166573333334 0.21598307275390624 0.554079942
1 0.23334418408203125 0.5507462473333333 0.23442925341796875 0.5548207633333333 0.23198784716796875 0.5611177426666667 0.2352430556640625 0.5640810273333333 0.238498263671875 0.5796382706666666 0.2447374130859375 0.595936336 0.248263888671875 0.6018629046666667 0.25341796875 0.5966771566666667 0.25911458349609373 0.588157714 0.2596571181640625 0.584083198 0.258572048828125 0.57889745 0.2520616318359375 0.5674147226666666 0.24934895849609376 0.5596361006666667 0.2447374130859375 0.5537095313333333 0.24039713525390624 0.551487068 0.23876953125 0.548894194 0.2314453125 0.548894194 0.23334418408203125 0.5507462473333333
1 0.17041015625 0.31072020266666667 0.17122395849609376 0.3177580033333333 0.17845784521484376 0.32689492066666664 0.1815321181640625 0.3333152466666667 0.18451605908203125 0.33553771 0.19428168408203125 0.3359081206666667 0.195095486328125 0.32220293 0.19319661474609376 0.31553554 0.18451605908203125 0.306275276 0.17583550341796875 0.30405281266666667 0.172580294921875 0.3055344546666667 0.17041015625 0.31072020266666667
1 0.22086588525390624 0.35331741733333333 0.2216796875 0.360355218 0.22412109375 0.362948092 0.22981770849609376 0.3636889133333333 0.231716580078125 0.359243986 0.2314453125 0.34887249066666665 0.22819010400390624 0.34665002733333333 0.221950955078125 0.34739084800000003 0.22086588525390624 0.35331741733333333
1 0.20024956591796875 0.317017182 0.20133463525390624 0.3192396453333333 0.20703125 0.323314162 0.2119140625 0.323684572 0.2119140625 0.3177580033333333 0.21001519091796875 0.3122018446666667 0.20404730908203125 0.310349792 0.20024956591796875 0.31072020266666667 0.20024956591796875 0.317017182
1 0.195095486328125 0.30034870666666663 0.197536892578125 0.3047936333333333 0.20052083349609376 0.3070160966666666 0.204861111328125 0.30590486533333333 0.20377604150390624 0.2988670646666667 0.199978298828125 0.2966446013333333 0.19672309033203125 0.2966446013333333 0.195095486328125 0.30034870666666663
1 0.30550130224609373 0.44851293200000003 0.304958767578125 0.449994574 0.304958767578125 0.459254838 0.30712890625 0.47184879733333335 0.31119791650390627 0.4811090613333333 0.31526692724609373 0.48444275666666664 0.31852213525390627 0.47851618733333334 0.32096354150390627 0.477404956 0.328830294921875 0.47851618733333334 0.3310004340820312 0.465551818 0.326931423828125 0.4488833426666667 0.324490017578125 0.4470312893333333 0.3076714409179688 0.4481425213333334 0.30550130224609373 0.44851293200000003
1 0.3863389755859375 0.349983722 0.38525390625 0.353687828 0.3887803818359375 0.3585031653333333 0.39176432275390627 0.37665328266666664 0.3944769965820312 0.38480231533333337 0.400173611328125 0.389247242 0.4072265625 0.38998806266666664 0.4083116318359375 0.382579852 0.4066840278320312 0.37109712399999994 0.40071614599609373 0.36072562866666663 0.397732205078125 0.35035413266666665 0.3955620659179688 0.34739084800000003 0.3920355903320312 0.3455387953333333 0.3887803818359375 0.347020438 0.3863389755859375 0.349983722
1 0.5849066840820313 0.6151976846666667 0.5821940102539063 0.620013022 0.5843641494140625 0.6266804126666666 0.5811089409179687 0.6377927293333333 0.5813802084960937 0.6470529933333333 0.587619357421875 0.6633510579999999 0.597927517578125 0.670018448 0.602267794921875 0.670018448 0.6041666665039063 0.6681663953333333 0.6044379340820313 0.6570540786666667 0.6063368056640625 0.648905046 0.6109483505859375 0.6440897086666666 0.6090494790039063 0.63149575 0.605251736328125 0.6207538433333333 0.6009114584960937 0.6155680953333333 0.5984700522460937 0.6140864533333333 0.587619357421875 0.6140864533333333 0.5849066840820313 0.6151976846666667
1 0.5472005209960937 0.6614990053333334 0.5474717880859375 0.6681663953333333 0.5501844619140625 0.6759450173333333 0.5572374130859375 0.6770562486666667 0.563205294921875 0.6755746066666667 0.5664605034179687 0.6733521433333334 0.5678168403320313 0.6703888586666666 0.568630642578125 0.655202026 0.5670030380859375 0.650016278 0.563205294921875 0.6477938146666667 0.5591362846679687 0.6481642246666667 0.5472005209960937 0.6614990053333334
1 0.4677191840820312 0.773733406 0.46500651025390627 0.780400796 0.4766710068359375 0.804107072 0.48372395849609373 0.812256104 0.490234375 0.8137377466666667 0.492404513671875 0.8100336406666667 0.4921332465820312 0.8018846086666668 0.4872504340820312 0.7818824379999999 0.48453776025390627 0.7774375113333334 0.4774848090820312 0.7718813526666666 0.4720594619140625 0.771510942 0.4677191840820312 0.773733406
1 0.236056857421875 0.7033553986666667 0.236328125 0.7155789473333333 0.2303602431640625 0.7326178333333334 0.2314453125 0.738544402 0.23470052099609376 0.7459526133333334 0.2412109375 0.755583288 0.243381076171875 0.762250678 0.2450086806640625 0.7748446373333333 0.2474500869140625 0.780400796 0.2547743056640625 0.7889202386666666 0.2626410590820312 0.7889202386666666 0.2661675346679688 0.7859569540000001 0.277560763671875 0.7681772473333334 0.27864583349609373 0.7626210886666666 0.27783203125 0.75669452 0.27620442724609373 0.751508772 0.27376302099609373 0.7485454873333333 0.270236544921875 0.7481750766666667 0.2669813369140625 0.75002713 0.2626410590820312 0.747804666 0.2618272568359375 0.7455822026666666 0.26236979150390627 0.7318770120000001 0.2601996528320312 0.7266912640000001 0.261013455078125 0.7144677159999999 0.2564019096679688 0.702984988 0.2515190971679688 0.698910472 0.24175347216796875 0.698910472 0.236056857421875 0.7033553986666667
1 0.2808159721679688 0.744841382 0.2802734375 0.747434256 0.27945963525390627 0.7537312353333333 0.280002169921875 0.762250678 0.28108723974609373 0.7681772473333334 0.28678385400390627 0.7789191533333333 0.29085286474609373 0.7926243446666668 0.294650607421875 0.7981805026666666 0.2998046875 0.8007733766666667 0.3027886284179688 0.8044774826666666 0.3082139755859375 0.8155897993333333 0.3114691840820312 0.8185530839999999 0.3204210068359375 0.820034726 0.32421875 0.817441852 0.32828776025390627 0.8081815880000001 0.3304578994140625 0.7929947546666667 0.3296440971679688 0.7800303853333334 0.32584635400390627 0.75669452 0.316623263671875 0.7511383613333334 0.3084852431640625 0.75002713 0.30224609375 0.744841382 0.2962782119140625 0.742248508 0.2911241318359375 0.7411372759999999 0.2832573784179688 0.7418780973333334 0.2808159721679688 0.744841382
1 0.270236544921875 0.6859461026666667 0.2675238715820312 0.6915022606666666 0.2667100693359375 0.6977992406666668 0.2691514755859375 0.702984988 0.2759331596679688 0.7115044313333333 0.28352864599609373 0.7137268946666666 0.28922526025390627 0.70409622 0.29085286474609373 0.6966880086666667 0.282443576171875 0.6811307653333333 0.280002169921875 0.679278712 0.27701822900390627 0.6796491226666667 0.270236544921875 0.6859461026666667
1 0.158203125 0.7874385966666667 0.15657552099609376 0.7933651653333333 0.15277777783203125 0.7907722913333334 0.1519639755859375 0.7959580393333334 0.1495225693359375 0.797810092 0.1519639755859375 0.8011437873333332 0.15250651025390624 0.80966323 0.15657552099609376 0.821145958 0.1620008681640625 0.8281837586666667 0.175021701171875 0.8355919693333334 0.1815321181640625 0.84892675 0.18505859375 0.8481859286666666 0.206759982421875 0.8637431726666667 0.2132703994140625 0.864854404 0.21489800341796875 0.863372762 0.219509548828125 0.8511492133333333 0.218967013671875 0.8467042866666667 0.209743923828125 0.832999096 0.21110026025390624 0.8285541686666668 0.21978081591796875 0.8178122626666666 0.2205946181640625 0.80966323 0.21978081591796875 0.8066999460000001 0.21245659716796875 0.8044774826666666 0.20703125 0.7970692713333333 0.20052083349609376 0.7944763973333333 0.197265625 0.797810092 0.1959092880859375 0.8159602100000001 0.19401041650390624 0.8185530839999999 0.19075520849609376 0.8196643153333333 0.180447048828125 0.8052183033333334 0.17529296875 0.7892906493333334 0.16878255224609376 0.7826232593333334 0.1666124130859375 0.78299367 0.158203125 0.7874385966666667
1 0.17203776025390624 0.7370627599999999 0.17041015625 0.7433597393333333 0.1717664931640625 0.751508772 0.18098958349609376 0.765954784 0.18560112841796875 0.7678068366666666 0.1910264755859375 0.7670660153333333 0.19292534716796875 0.7600282146666667 0.19048394091796875 0.7507679506666667 0.1812608505859375 0.7374331706666667 0.17854817724609376 0.735581118 0.1739366318359375 0.735581118 0.17203776025390624 0.7370627599999999
1 0.2854195703125 1 0.28352864599609373 0.98708989 0.275390625 0.9700510040000001 0.270779080078125 0.9648652560000001 0.2667100693359375 0.9656060773333334 0.262912326171875 0.963754024 0.2523328994140625 0.9511600653333333 0.2474500869140625 0.9493080119999999 0.2422960068359375 0.958197866 0.24039713525390624 0.9644948453333333 0.236599392578125 0.9700510040000001 0.236328125 0.975607162 0.2430604384765625 0.9788734426666666 0.25887928515625 1 0.2854195703125 1
1 0.30712890625 0.9237496833333333 0.31119791650390627 0.9470855486666666 0.3182508681640625 0.9567162233333334 0.3212348090820312 0.9589386866666667 0.32503255224609373 0.9585682766666667 0.3261176215820312 0.9537529393333333 0.32584635400390627 0.9448630853333334 0.324490017578125 0.9352324106666666 0.322048611328125 0.9278242 0.31526692724609373 0.9159710620000001 0.30875651025390627 0.9152302406666666 0.30712890625 0.9237496833333333
1 0.533908419921875 0.7600282146666667 0.5374348959960937 0.7685476579999999 0.5469292534179687 0.7763262793333333 0.551540798828125 0.774103816 0.551540798828125 0.7678068366666666 0.5501844619140625 0.7629914993333333 0.5472005209960937 0.758176162 0.541775173828125 0.7574353406666667 0.5347222221679687 0.7507679506666667 0.533908419921875 0.7518791826666668 0.533908419921875 0.7600282146666667
1 0.6030815971679687 0.8526308553333334 0.6017252602539063 0.8563349613333333 0.6019965278320313 0.86226153 0.6036241318359375 0.8655952253333333 0.607421875 0.86855851 0.6139322915039063 0.8696697413333333 0.621799044921875 0.8630023513333334 0.6231553818359375 0.8559645506666668 0.6226128471679687 0.851519624 0.619900173828125 0.8455930546666667 0.614474826171875 0.8418889493333332 0.6109483505859375 0.84225936 0.6030815971679687 0.8526308553333334
1 0.4359809028320312 0.6740929646666667 0.43733723974609373 0.6915022606666666 0.4408637153320312 0.7063186833333333 0.4452039931640625 0.7118748420000001 0.44873046875 0.7140973053333334 0.45768229150390627 0.714838126 0.4603949653320312 0.7137268946666666 0.4628363715820312 0.706689094 0.463107638671875 0.6985400613333332 0.458224826171875 0.6729817326666666 0.4457465278320312 0.6655735213333334 0.44140625 0.665943932 0.4359809028320312 0.6740929646666667
1 0.41129557275390627 0.4348077413333333 0.397732205078125 0.4425863626666667 0.39664713525390627 0.4488833426666667 0.397732205078125 0.4544395006666667 0.4018012153320312 0.456661964 0.4102105034179688 0.45592114333333333 0.4140082465820312 0.4544395006666667 0.41536458349609373 0.4507353953333333 0.4183485244140625 0.44851293200000003 0.4229600693359375 0.4488833426666667 0.4262152778320312 0.445920058 0.42757161474609373 0.43888225733333336 0.426486544921875 0.4336965093333333 0.419704861328125 0.4270291193333333 0.4150933159179688 0.4270291193333333 0.41129557275390627 0.4348077413333333
1 0.475857205078125 0.477775366 0.477756076171875 0.48703563 0.47802734375 0.495925484 0.480197482421875 0.4992591786666667 0.4867078994140625 0.5059265686666666 0.492947048828125 0.5100010853333333 0.5029839409179687 0.5085194426666667 0.5089518227539063 0.51296437 0.5116644965820313 0.510371496 0.51220703125 0.501481642 0.502712673828125 0.47184879733333335 0.4932183159179688 0.46703346 0.4867078994140625 0.4666630493333333 0.48046875 0.469626334 0.475857205078125 0.477775366
1 0.5653754340820313 0.30034870666666663 0.56591796875 0.30590486533333333 0.5694444443359375 0.306275276 0.5702582465820313 0.299978296 0.5694444443359375 0.298496654 0.566189236328125 0.2988670646666667 0.5653754340820313 0.30034870666666663
1 0.565646701171875 0.299978296 0.56591796875 0.30590486533333333 0.5694444443359375 0.3099793813333333 0.575954861328125 0.311461024 0.5792100693359375 0.30923856 0.5800238715820313 0.3055344546666667 0.5767686630859375 0.299607886 0.5697157119140625 0.29553336933333335 0.5675455727539063 0.2966446013333333 0.565646701171875 0.299978296
1 0.40071614599609373 0.25701067133333333 0.3993598090820312 0.2647892926666667 0.399631076171875 0.27071586200000003 0.4037000869140625 0.27664243066666666 0.41048177099609373 0.27664243066666666 0.4156358505859375 0.28219858933333336 0.4205186630859375 0.284050642 0.42919921875 0.27664243066666666 0.431640625 0.2718270933333333 0.429470486328125 0.267011756 0.426486544921875 0.264418882 0.4131944443359375 0.26071477666666665 0.41129557275390627 0.25701067133333333 0.407497830078125 0.2544177973333333 0.40397135400390627 0.25330656533333334 0.40234375 0.2544177973333333 0.40071614599609373 0.25701067133333333
1 0.289767794921875 0.14810996533333334 0.2889539931640625 0.15181407133333333 0.2960069443359375 0.15551817666666667 0.2992621528320312 0.15255489266666666 0.2992621528320312 0.14736914466666667 0.29736328125 0.14514668133333333 0.2938368056640625 0.14514668133333333 0.289767794921875 0.14810996533333334
1 0.6708984375 0.27664243066666666 0.670627169921875 0.284050642 0.67333984375 0.2884955686666667 0.677951388671875 0.28886597933333336 0.683376736328125 0.282569 0.6839192709960937 0.27664243066666666 0.6806640625 0.27071586200000003 0.6774088540039063 0.26923421933333336 0.67333984375 0.26997504066666667 0.6708984375 0.27664243066666666
1 0.7973090278320313 0.34146427933333334 0.802463107421875 0.352576596 0.8106011284179687 0.35813275466666666 0.812228732421875 0.3573919333333333 0.8141276040039063 0.35331741733333333 0.8138563369140625 0.34665002733333333 0.8108723959960937 0.3388714053333334 0.8038194443359375 0.33368565733333333 0.8011067709960937 0.3333152466666667 0.7986653647460937 0.3351673 0.7973090278320313 0.34146427933333334
1 0.7582465278320313 0.4477721106666667 0.7598741318359375 0.4544395006666667 0.763943142578125 0.45703237466666663 0.7696397568359375 0.45740278533333334 0.770724826171875 0.45406909 0.7696397568359375 0.4481425213333334 0.76611328125 0.44369759466666664 0.7606879340820313 0.44295677333333333 0.7582465278320313 0.4477721106666667
1 0.8401692709960937 0.329981552 0.8426106772460937 0.33701935266666666 0.8526475693359375 0.3522061853333333 0.8553602431640625 0.35331741733333333 0.8580729165039063 0.3477612586666667 0.8594292534179687 0.3477612586666667 0.8656684028320313 0.3599848073333333 0.8662109375 0.3603140613333333 0.8662109375 0.307678346 0.8651258681640625 0.30664568666666664 0.8580729165039063 0.3055344546666667 0.8548177084960937 0.30886815 0.8504774306640625 0.3199804666666667 0.8428819443359375 0.32257334066666665 0.8401692709960937 0.329981552
1 0.5244140625 0.3251662146666667 0.527126736328125 0.329981552 0.534450955078125 0.3322040153333333 0.536892361328125 0.329981552 0.534450955078125 0.32405498266666666 0.5254991318359375 0.32257334066666665 0.5244140625 0.3251662146666667
1 0.4669053818359375 0.28219858933333336 0.4671766494140625 0.28923639 0.47721354150390627 0.299978296 0.480197482421875 0.299978296 0.4815538193359375 0.29479254866666665 0.480740017578125 0.28738433733333335 0.47395833349609373 0.27886489400000003 0.470703125 0.279976126 0.4669053818359375 0.28219858933333336
1 0.5374348959960937 0.119217942 0.53662109375 0.121810816 0.5360785590820313 0.140331344 0.5382486977539063 0.14255380733333334 0.5439453125 0.143294628 0.546657986328125 0.140331344 0.5477430556640625 0.122181226 0.5472005209960937 0.11958835200000001 0.5444878471679687 0.11699547866666668 0.5398763022460937 0.11699547866666668 0.5374348959960937 0.119217942
1 0.593044705078125 0.06328594666666668 0.5927734375 0.06884210533333333 0.5946723090820313 0.07180539 0.6011827255859375 0.07550949533333333 0.607693142578125 0.07513908466666668 0.607693142578125 0.06884210533333333 0.604709201171875 0.06291553600000001 0.5946723090820313 0.061804304666666664 0.593044705078125 0.06328594666666668
1 0.13677300341796875 0.92819461 0.1337890625 0.9279549326666667 0.1337890625 0.946344728 0.1373155380859375 0.9515304760000001 0.1400282119140625 0.953012118 0.1421983505859375 0.9522712966666667 0.14436848974609376 0.9474559593333334 0.1435546875 0.938566106 0.13677300341796875 0.92819461
1 0.6869032119140625 0.7644731413333334 0.685275607421875 0.7681772473333334 0.6863606772460937 0.7863273646666666 0.687717013671875 0.7918835233333332 0.690158419921875 0.7959580393333334 0.695583767578125 0.797810092 0.700466580078125 0.7966988606666667 0.7091471352539063 0.7985509133333333 0.7162000869140625 0.7918835233333332 0.7164713540039063 0.7855865439999999 0.7140299477539063 0.7785487426666667 0.702907986328125 0.7603986253333334 0.6993815102539063 0.759287394 0.6917860244140625 0.762250678 0.6869032119140625 0.7644731413333334
1 0.5737847221679687 0.6611285946666667 0.573513455078125 0.6677959846666667 0.5789388022460937 0.673722554 0.5811089409179687 0.670018448 0.5849066840820313 0.667055164 0.5859917534179687 0.6614990053333334 0.5821940102539063 0.6559428466666667 0.57568359375 0.655202026 0.5737847221679687 0.6611285946666667
1 0.5946723090820313 0.5848240186666667 0.594943576171875 0.5903801773333333 0.597927517578125 0.5985292093333333 0.599826388671875 0.6007516726666667 0.604709201171875 0.6022333153333334 0.6093207465820313 0.5966771566666667 0.60986328125 0.590750588 0.6017252602539063 0.584083198 0.5965711806640625 0.5837127873333333 0.5946723090820313 0.5848240186666667
1 0.3516167534179688 0.9222680413333333 0.36002604150390627 0.9330099473333333 0.3646375869140625 0.9422702113333333 0.36897786474609373 0.9459743173333333 0.3725043403320312 0.9433814433333334 0.37548828125 0.9341211793333334 0.36897786474609373 0.9222680413333333 0.3619249130859375 0.92152722 0.35921223974609373 0.917452704 0.353786892578125 0.9152302406666666 0.3516167534179688 0.9159710620000001 0.3516167534179688 0.9222680413333333
1 0.4042426215820312 0.9704214146666666 0.4053276909179688 0.972643878 0.4102105034179688 0.9778296253333333 0.412380642578125 0.9767183939999999 0.4134657119140625 0.9696805933333333 0.4091254340820312 0.963754024 0.40478515625 0.963754024 0.4042426215820312 0.9704214146666666
1 0.389865451171875 0.8274429373333334 0.39013671875 0.8337399166666667 0.3944769965820312 0.8363327906666667 0.3993598090820312 0.8274429373333334 0.399631076171875 0.821145958 0.397732205078125 0.8181826733333334 0.3944769965820312 0.8178122626666666 0.39176432275390627 0.821516368 0.389865451171875 0.8274429373333334
1 0.324490017578125 0.5848240186666667 0.3247612846679688 0.5903801773333333 0.3277452255859375 0.5985292093333333 0.3304578994140625 0.6029741366666667 0.333984375 0.6037149573333334 0.33479817724609373 0.600010852 0.333984375 0.5848240186666667 0.3255750869140625 0.584083198 0.324490017578125 0.5848240186666667
1 0.248806423828125 0.6848348706666667 0.2498914931640625 0.6911318500000001 0.2547743056640625 0.6981696506666667 0.258029513671875 0.7007625246666667 0.2642686630859375 0.6926134926666667 0.26318359375 0.6859461026666667 0.2577582465820312 0.680389944 0.2547743056640625 0.678908302 0.250705294921875 0.679278712 0.248806423828125 0.6848348706666667
1 0.8162977431640625 0.6148272746666666 0.8179253471679687 0.6181609693333333 0.829861111328125 0.6274212333333333 0.8333875869140625 0.627791644 0.8363715278320313 0.6255691806666667 0.8379991318359375 0.6140864533333333 0.8363715278320313 0.6085302946666666 0.826877169921875 0.6022333153333334 0.8233506943359375 0.6022333153333334 0.8203667534179687 0.606678242 0.8173828125 0.607789474 0.8162977431640625 0.6148272746666666
1 0.717013888671875 0.8692993306666668 0.7162000869140625 0.8815228793333334 0.722439236328125 0.8915239646666667 0.731662326171875 0.8970801226666667 0.7354600693359375 0.8933760173333334 0.734103732421875 0.8881902693333333 0.7349175346679687 0.880782058 0.7327473959960937 0.8704105626666666 0.7300347221679687 0.8641135826666667 0.7256944443359375 0.8600390666666667 0.7216254340820313 0.8592982453333334 0.719997830078125 0.8604094773333333 0.717013888671875 0.8692993306666668
1 0.7262369790039063 0.6437192979999999 0.7259657119140625 0.650016278 0.732204861328125 0.6563132573333333 0.7408854165039063 0.6703888586666666 0.743869357421875 0.6718705006666666 0.7452256943359375 0.6711296800000001 0.754177517578125 0.6570540786666667 0.756618923828125 0.655572436 0.756618923828125 0.6496458673333333 0.744411892578125 0.6392743713333333 0.7384440102539063 0.6374223186666667 0.731662326171875 0.6377927293333333 0.7262369790039063 0.6437192979999999
1 0.7826605903320313 0.6874277446666667 0.7815755209960937 0.694835956 0.7851019965820313 0.7044666306666666 0.7888997397460937 0.7074299146666667 0.7921549477539063 0.7011329353333334 0.7935112846679687 0.6877981553333334 0.7918836806640625 0.6833532286666667 0.7864583334960937 0.6833532286666667 0.7826605903320313 0.6874277446666667
1 0.4981011284179688 0.623717128 0.49674479150390627 0.6322365706666667 0.4921332465820312 0.6426080666666667 0.49430338525390627 0.6585357206666667 0.4913194443359375 0.6740929646666667 0.4956597221679688 0.6877981553333334 0.4986436630859375 0.6903910293333333 0.5089518227539063 0.705577862 0.5138346352539063 0.7063186833333333 0.5184461806640625 0.70409622 0.5263129340820313 0.692243082 0.529568142578125 0.6807603546666666 0.5355360244140625 0.6677959846666667 0.5355360244140625 0.6614990053333334 0.529025607421875 0.650016278 0.5273980034179687 0.6381631400000001 0.52197265625 0.6240875386666667 0.5154622397460937 0.6207538433333333 0.5018988715820313 0.621124254 0.4981011284179688 0.623717128
1 0.8656684028320313 0.9322691266666667 0.8662109375 0.9324543319999999 0.8662109375 0.9019239533333333 0.8643120659179687 0.90152505 0.861056857421875 0.9048587446666667 0.858615451171875 0.9104149033333333 0.8583441840820313 0.9241200940000001 0.8607855903320313 0.9285650206666666 0.8656684028320313 0.9322691266666667
1 0.6600477431640625 0.027726532666666664 0.6611328125 0.03217145933333333 0.660861544921875 0.03995008133333333 0.6570638022460937 0.056988967333333335 0.6567925346679687 0.069212516 0.658420138671875 0.07476867400000001 0.6646592880859375 0.07810236933333334 0.6679144965820313 0.07773195866666667 0.6708984375 0.07476867400000001 0.6741536459960937 0.061804304666666664 0.6765950522460937 0.05810019866666667 0.6763237846679687 0.05143280866666667 0.668728298828125 0.027726532666666664 0.6646592880859375 0.022170374666666666 0.660861544921875 0.02142955333333333 0.6600477431640625 0.027726532666666664
1 0.5176323784179687 0.9256017360000001 0.5141059028320313 0.9341211793333334 0.510036892578125 0.9559754026666666 0.5105794272460937 0.9644948453333333 0.511935763671875 0.9693101826666666 0.5141059028320313 0.971532646 0.524685330078125 0.9752367519999999 0.5311957465820313 0.9822745526666666 0.5341796875 0.981904142 0.5401475693359375 0.9763479833333334 0.5428602431640625 0.9641244346666668 0.541232638671875 0.9348620006666667 0.534450955078125 0.9259721466666666 0.5206163193359375 0.9230088626666667 0.5176323784179687 0.9256017360000001
1 0.814670138671875 0.33183360466666667 0.8141276040039063 0.33553771 0.81494140625 0.3388714053333334 0.820095486328125 0.3477612586666667 0.8252495659179687 0.34887249066666665 0.8276909721679687 0.34665002733333333 0.8287760415039063 0.34294592133333335 0.826877169921875 0.329981552 0.8233506943359375 0.327388678 0.819552951171875 0.3277590886666667 0.814670138671875 0.33183360466666667