1 0.560949298828125 0.7209131073333332 0.5695792880859375 0.7172312226666666 0.5949298813476562 0.7102356406666667 0.595469255859375 0.7058173786666666 0.59061488671875 0.6855670100000001 0.5881877021484375 0.6815169366666667 0.5825242719726562 0.6807805593333334 0.57200647265625 0.6863033873333334 0.5563646171875 0.6907216493333334 0.5520496225585938 0.6929307806666667 0.554746494140625 0.701030928 0.554746494140625 0.706921944 0.5563646171875 0.71539028 0.557982740234375 0.7194403533333334 0.5604099243164062 0.7209131073333332 0.560949298828125 0.7209131073333332
1 0.6127292338867187 0.7636229746666666 0.6213592231445313 0.7632547866666667 0.623516720703125 0.7617820326666667 0.6256742177734375 0.7503681886666667 0.6256742177734375 0.74005891 0.6240560947265625 0.7378497793333333 0.6121898598632812 0.7326951399999999 0.6003236245117187 0.7323269513333333 0.5946601943359375 0.7334315166666667 0.59061488671875 0.7363770253333334 0.5771305288085937 0.7360088366666667 0.5714670981445312 0.7404270986666667 0.5698489750976562 0.7441089839999999 0.573354908203125 0.7496318113333333 0.5817152104492187 0.7518409426666667 0.5865695791015625 0.7518409426666667 0.5911542612304688 0.7577319586666668 0.5989751889648437 0.7621502206666667 0.612459546875 0.7639911633333333 0.6127292338867187 0.7636229746666666
1 0.5353290185546875 0.7452135493333334 0.5393743256835938 0.7441089839999999 0.5463861918945313 0.74005891 0.5542071196289062 0.7319587626666666 0.5533980581054687 0.7268041239999999 0.5480043149414062 0.7190721646666666 0.54045307421875 0.7190721646666666 0.5355987055664062 0.7209131073333332 0.5304746494140625 0.7238586153333334 0.5221143471679688 0.7319587626666666 0.5223840346679688 0.7363770253333334 0.5261596547851562 0.7430044179999999 0.529665587890625 0.7452135493333334 0.5339131606445312 0.7452135493333334 0.5353290185546875 0.7452135493333334
1 0.1507551240234375 0.4421944033333333 0.1569579287109375 0.4385125186666667 0.1585760517578125 0.43593519866666663 0.16558791796875 0.42083947 0.17233009716796874 0.40905743733333333 0.1725997841796875 0.40427098666666667 0.1507551240234375 0.39543446266666665 0.132955771484375 0.39064801200000004 0.12918015087890625 0.395066274 0.12540453076171876 0.40316642133333336 0.11542610595703125 0.41973490399999996 0.11434735693359376 0.4256259206666667 0.1162351669921875 0.4278350513333333 0.120280474609375 0.429675994 0.138888888671875 0.43556701 0.14644012939453124 0.441089838 0.1499460625 0.4421944033333333 0.1507551240234375 0.4421944033333333
1 0.17313915869140625 0.4444035346666667 0.18176914794921875 0.43998527266666665 0.18716289111328124 0.4385125186666667 0.18878101416015625 0.43667157600000006 0.18959007568359376 0.434094256 0.187432578125 0.42525773200000005 0.185814455078125 0.422312224 0.1725997841796875 0.42525773200000005 0.1647788564453125 0.43004418266666666 0.16450916943359375 0.434094256 0.1663969794921875 0.43777614133333337 0.167206041015625 0.44293078066666663 0.1680151025390625 0.44403534599999994 0.17179072265625 0.4444035346666667 0.17313915869140625 0.4444035346666667
1 0.24110032373046875 0.7632547866666667 0.24325782080078126 0.7577319586666668 0.24271844677734375 0.7268041239999999 0.2400215751953125 0.7242268040000001 0.22788565283203124 0.7190721646666666 0.22464940673828124 0.7179675993333333 0.22222222216796875 0.7187039766666666 0.2211434736328125 0.7223858613333334 0.220334412109375 0.7474226806666667 0.2211434736328125 0.7540500733333333 0.2241100322265625 0.7569955820000001 0.24029126220703126 0.7632547866666667 0.24110032373046875 0.7632547866666667
1 0.13322545849609374 0.8269513993333333 0.13565264306640626 0.8229013253333333 0.13646170458984375 0.8162739320000001 0.13457389404296874 0.8052282766666667 0.1305285869140625 0.7967599413333334 0.12864077685546876 0.7941826213333334 0.12055016162109375 0.7893961706666667 0.11596547998046874 0.7893961706666667 0.1132686083984375 0.7912371133333332 0.1116504853515625 0.7952871873333334 0.11192017236328125 0.8030191459999999 0.11299892138671876 0.8092783506666666 0.11515641845703126 0.8144329899999999 0.1243257822265625 0.8240058913333334 0.132955771484375 0.8269513993333333 0.13322545849609374 0.8269513993333333
1 0 0.4759153926666667 0.0118662353515625 0.47312223866666664 0.01591154248046875 0.47054491866666665 0.01591154248046875 0.4646539026666667 0.012675296875 0.4550810013333333 0.011057173828125 0.4528718706666667 0.0037756201171875 0.4491899853333334 0 0.4491899853333334 0 0.4759153926666667
1 0 0.5889828493333333 0.00755124072265625 0.5913107513333333 0.00970873779296875 0.5913107513333333 0.012405609375 0.5902061853333332 0.01348435791015625 0.587628866 0.01914778857421875 0.5681148746666667 0.0210355986328125 0.5581737846666667 0.0180690400390625 0.5537555226666667 0.012675296875 0.5519145799999999 0.0037756201171875 0.5463917526666666 0.00107874853515625 0.5482326953333334 0 0.550126236 0 0.5889828493333333
1 0.25 0.19145802666666667 0.2570118662109375 0.1859351986666667 0.2586299892578125 0.182621502 0.2586299892578125 0.17010309266666668 0.2575512407226562 0.162371134 0.2543149946289063 0.15979381466666667 0.24083063623046874 0.16273932266666666 0.2367853291015625 0.16678939599999998 0.23786407763671874 0.18851251866666666 0.24083063623046874 0.19035346066666667 0.24649406689453124 0.18998527266666668 0.24973031298828124 0.19145802666666667 0.25 0.19145802666666667
1 0.08629989208984375 0.268777614 0.09196332275390624 0.261413844 0.0930420712890625 0.2581001473333333 0.09250269677734375 0.2525773193333333 0.09007551220703125 0.24631811466666667 0.08629989208984375 0.24005891000000001 0.08144552294921875 0.23379970533333336 0.07713052880859375 0.23269514 0.07227615966796876 0.23969072133333336 0.07146709814453125 0.24558173800000002 0.0725458466796875 0.24963181133333334 0.07928802587890625 0.26178203266666666 0.0819848974609375 0.265832106 0.08549083056640625 0.268777614 0.08629989208984375 0.268777614
1 0.08629989208984375 0.14985272466666666 0.09088457373046875 0.14690721666666667 0.09951456298828125 0.136597938 0.098435814453125 0.132179676 0.09061488671875 0.125184094 0.0868392666015625 0.12371134 0.08171521044921876 0.12665684800000002 0.0725458466796875 0.136597938 0.073624595703125 0.14138438866666667 0.0811758359375 0.148011782 0.08495145654296875 0.14985272466666666 0.08629989208984375 0.14985272466666666
1 0.56580366796875 0.04344624466666666 0.570118662109375 0.041605302 0.570118662109375 0.03681885133333333 0.5674217905273438 0.030191458 0.5698489750976562 0.00736377 0.5652642934570312 0.005154639333333333 0.5617583603515625 0.0055228280000000005 0.5488133764648437 0.011413844 0.545307443359375 0.016200294666666667 0.5439590073242188 0.01988218 0.5409924487304687 0.03718704 0.5415318232421875 0.041605302 0.5444983818359375 0.04197349066666667 0.551510248046875 0.03939617066666667 0.5563646171875 0.03939617066666667 0.5647249189453125 0.04344624466666666 0.56580366796875 0.04344624466666666
1 0.5415318232421875 0.15279823266666667 0.5466558793945312 0.15058910133333334 0.548543689453125 0.14432989666666665 0.54692556640625 0.136597938 0.5409924487304687 0.12997054466666666 0.5350593310546875 0.12702503666666667 0.5261596547851562 0.12628866 0.5177993525390625 0.132179676 0.5240021577148437 0.14359352 0.5269687163085938 0.14690721666666667 0.53451995703125 0.15169366733333334 0.5401833872070313 0.15279823266666667 0.5415318232421875 0.15279823266666667
1 0.5221143471679688 0.074742268 0.5320927724609374 0.07179676 0.5353290185546875 0.067746686 0.5302049624023437 0.053755522666666666 0.5258899677734375 0.046023564 0.5221143471679688 0.04197349066666667 0.5175296655273437 0.040132548 0.5086299892578126 0.04123711333333334 0.5002696870117187 0.04418262133333333 0.4991909384765625 0.04565537533333333 0.5 0.05265095733333334 0.5086299892578126 0.06811487466666667 0.5132146708984375 0.073269514 0.5204064184570313 0.074742268 0.5221143471679688 0.074742268
1 0.5957389428710937 0.124815906 0.5987055014648438 0.12371134 0.5995145629882812 0.122238586 0.6000539375 0.11818851266666666 0.5992448759765625 0.11192930799999999 0.5949298813476562 0.10603829133333333 0.59061488671875 0.10530191466666668 0.5862998920898438 0.11008836533333334 0.5862998920898438 0.11597938133333334 0.5903451997070313 0.123343152 0.5941208198242187 0.124815906 0.5957389428710937 0.124815906
1 0.63430420703125 0.097938144 0.6380798276367188 0.09646539 0.638888888671875 0.09462444799999999 0.6380798276367188 0.084683358 0.6294498383789062 0.08578792333333334 0.6272923408203125 0.08873343133333333 0.62810140234375 0.093519882 0.6340345200195312 0.09830633266666666 0.63430420703125 0.097938144
1 0.1242718447265625 0 0.12297734619140625 0.004418262 0.12216828466796875 0.012150220666666668 0.1240560947265625 0.015832106000000002 0.1334951455078125 0.016200294666666667 0.13484358154296874 0.016200294666666667 0.137540453125 0.015832106000000002 0.14050701171875 0.013254786666666667 0.14401294482421875 0.005891016000000001 0.1459546923828125 0 0.1242718447265625 0
1 0.17206041015625 0.13843888066666668 0.17475728173828126 0.132179676 0.17502696875 0.127761414 0.1680151025390625 0.120765832 0.16370010791015624 0.12039764333333333 0.16046386181640626 0.127761414 0.16127292333984375 0.132179676 0.16774541552734376 0.138070692 0.1712513486328125 0.13843888066666668 0.17206041015625 0.13843888066666668
1 0.15102481103515625 0.12812960266666665 0.15291262158203126 0.12555228266666668 0.1539913701171875 0.11855670133333333 0.15318230859375 0.11450662733333333 0.1494066884765625 0.11303387333333334 0.14644012939453124 0.11561119266666667 0.1459007548828125 0.12371134 0.14644012939453124 0.12592047133333334 0.14967637548828125 0.12812960266666665 0.15102481103515625 0.12812960266666665
1 0.12486515625 0.11156111933333333 0.12810140234375 0.10640648000000001 0.12756202783203124 0.10125184066666666 0.12459546923828126 0.09646539 0.1210895361328125 0.09315169400000001 0.11596547998046874 0.09278350533333335 0.11299892138671876 0.09720176733333333 0.11353829541015625 0.10346097200000001 0.1162351669921875 0.10787923399999999 0.11974110009765625 0.11119293066666668 0.12333683935546876 0.11156111933333333 0.12486515625 0.11156111933333333
1 0.0946601943359375 0.06664212066666667 0.09708737841796874 0.06332842400000001 0.09735706591796875 0.058910162 0.09412081982421874 0.055964653999999996 0.086030205078125 0.05412371133333334 0.08468176904296874 0.058173784666666666 0.08495145654296875 0.06296023533333334 0.0898058251953125 0.065905744 0.0943905068359375 0.06701030933333332 0.0946601943359375 0.06664212066666667
1 0.13403452001953126 0.18446244466666667 0.14239482177734375 0.1833578793333333 0.1445523193359375 0.18078055933333334 0.14428263232421876 0.175257732 0.14104638623046875 0.169366716 0.13727076611328126 0.16605301933333333 0.13160733544921874 0.163843888 0.12486515625 0.163843888 0.12001078759765625 0.165316642 0.11920172607421875 0.16642120733333332 0.11920172607421875 0.16899852733333334 0.120280474609375 0.175257732 0.1227076591796875 0.17930780533333332 0.12702265380859376 0.182621502 0.132686083984375 0.18446244466666667 0.13403452001953126 0.18446244466666667
1 0.17286947119140625 0.30670103066666665 0.176645091796875 0.3044919 0.17934196337890626 0.29823269533333335 0.1790722763671875 0.29418262133333334 0.1742179072265625 0.28387334333333336 0.17206041015625 0.2809278353333333 0.1688241640625 0.2798232693333333 0.16370010791015624 0.28055964666666666 0.15938511328125 0.283136966 0.15749730322265626 0.287555228 0.162621359375 0.29823269533333335 0.167206041015625 0.30633284266666666 0.17116154248046875 0.30670103066666665 0.17286947119140625 0.30670103066666665
1 0.23705501611328125 0.5180412373333334 0.24568500537109375 0.5077319586666666 0.24649406689453124 0.5025773193333334 0.245415318359375 0.4988954346666667 0.2413700107421875 0.4966863033333333 0.2367853291015625 0.4981590573333334 0.229773462890625 0.50736377 0.229773462890625 0.5121502206666666 0.23247033447265625 0.515832106 0.2367853291015625 0.5180412373333334 0.23705501611328125 0.5180412373333334
1 0.22168284765625 0.4863770253333333 0.22384034521484375 0.48600883666666667 0.229503775390625 0.48011782000000003 0.23004314990234376 0.4749631813333333 0.22815533984375 0.47017673066666665 0.22384034521484375 0.4687039766666667 0.2195253505859375 0.4723858613333333 0.21601941748046874 0.4779086893333333 0.21548004296875 0.4823269513333333 0.21925566357421875 0.4863770253333333 0.22168284765625 0.4863770253333333
1 0.185814455078125 0.4594992633333333 0.19120819873046874 0.45802650933333333 0.19498381884765625 0.4550810013333333 0.1944444443359375 0.449926362 0.18932038818359376 0.4432989693333333 0.17772384033203126 0.446980854 0.17556634326171874 0.45066273933333334 0.17610571728515625 0.4528718706666667 0.18015102490234375 0.45802650933333333 0.18446601953125 0.4594992633333333 0.185814455078125 0.4594992633333333
1 0.19875943896484374 0.528718704 0.2055016181640625 0.525773196 0.20927723828125 0.5220913106666667 0.2100862998046875 0.5162002946666666 0.20900755126953124 0.5121502206666666 0.20658036669921875 0.508468336 0.20280474658203124 0.508468336 0.1976806904296875 0.511413844 0.1939050703125 0.5162002946666666 0.1947141318359375 0.5243004419999999 0.1976806904296875 0.528718704 0.19875943896484374 0.528718704
1 0.0774002158203125 0.186671576 0.079557712890625 0.18372606800000002 0.0774002158203125 0.17341678933333332 0.073624595703125 0.17010309266666668 0.0687702265625 0.17047128133333334 0.06769147802734375 0.1741531666666667 0.06850053955078125 0.1800441826666667 0.0711974111328125 0.18446244466666667 0.07632146728515625 0.186671576 0.0774002158203125 0.186671576
1 0.21574973046875 0.08689248866666666 0.2195253505859375 0.08394698066666667 0.2195253505859375 0.07584683333333334 0.2162891044921875 0.07106038266666667 0.21035598681640624 0.07142857133333334 0.2084681767578125 0.07584683333333334 0.20927723828125 0.080265096 0.21143473583984376 0.084683358 0.21521035595703125 0.08689248866666666 0.21574973046875 0.08689248866666666
1 0.19822006494140626 0.07363770266666667 0.1992988134765625 0.07179676 0.19956850048828126 0.067378498 0.19822006494140626 0.06185567 0.19714131591796874 0.060382916 0.1939050703125 0.05927835066666667 0.19255663427734376 0.06259204733333333 0.1936353828125 0.07106038266666667 0.19714131591796874 0.07363770266666667 0.19822006494140626 0.07363770266666667
1 0.37998921240234373 0.49116347600000004 0.3821467099609375 0.49005890999999996 0.38322545849609374 0.48784977933333334 0.3834951455078125 0.48159057466666666 0.37810140234375 0.47974963200000004 0.37135922314453124 0.4793814433333334 0.3678532900390625 0.48159057466666666 0.367313916015625 0.4863770253333333 0.3681229775390625 0.48821796733333334 0.3708198491210937 0.49005890999999996 0.37823624609375 0.49116347600000004 0.37998921240234373 0.49116347600000004
1 0.4314994604492188 0.5902061853333332 0.4350053935546875 0.5894698086666667 0.43716289111328127 0.587628866 0.44093851123046873 0.580265096 0.4414778857421875 0.5765832106666666 0.43716289111328127 0.5721649486666667 0.43096008642578126 0.57179676 0.42206041015625 0.5810014726666667 0.4212513486328125 0.584683358 0.42179072265625 0.586156112 0.42691477880859374 0.5894698086666667 0.43069039892578126 0.5902061853333332 0.4314994604492188 0.5902061853333332
1 0.4061488671875 0.48195876266666665 0.40938511328125 0.4804860086666667 0.411003236328125 0.4779086893333333 0.411003236328125 0.47312223866666664 0.40965480029296875 0.46944035333333334 0.40183387255859376 0.4716494846666667 0.40021574951171873 0.47312223866666664 0.3996763754882813 0.47754050066666665 0.4007551240234375 0.48195876266666665 0.404800431640625 0.48195876266666665 0.4061488671875 0.48195876266666665
1 0.6259439052734375 0.495581738 0.6324163969726563 0.49337260666666666 0.6348435815429687 0.49005890999999996 0.6348435815429687 0.47827687799999996 0.6334951455078125 0.474226804 0.626752966796875 0.474226804 0.6216289106445313 0.477172312 0.6205501616210938 0.4852724593333333 0.6210895361328125 0.494477172 0.62486515625 0.495581738 0.6259439052734375 0.495581738
1 0.595469255859375 0.453976436 0.6035598706054688 0.45139911666666666 0.6035598706054688 0.446980854 0.6011326860351562 0.44293078066666663 0.5935814453125 0.4421944033333333 0.5903451997070313 0.4436671573333333 0.5895361381835937 0.44808542 0.59061488671875 0.45213549333333336 0.595199568359375 0.45434462466666664 0.595469255859375 0.453976436
1 0.6429341962890625 0.446612666 0.6475188779296875 0.44513991133333336 0.6491370009765625 0.4421944033333333 0.6499460625 0.43814433 0.6491370009765625 0.43446244466666667 0.64697950390625 0.432621502 0.6426645092773438 0.433726068 0.6399676376953125 0.4388807066666667 0.6396979501953125 0.4432989693333333 0.6423948217773437 0.446612666 0.6429341962890625 0.446612666
1 0.6383495146484375 0.33689248866666666 0.6394282631835938 0.33394698066666667 0.6383495146484375 0.328792342 0.6340345200195312 0.32842415333333336 0.632686083984375 0.330633284 0.6337648330078125 0.33541973466666664 0.6378101401367188 0.33689248866666666 0.6383495146484375 0.33689248866666666
1 0.9803128369140625 0.9270986746666667 0.9832793959960937 0.9263622973333333 0.987594390625 0.91826215 0.9894822006835937 0.907952872 0.988942826171875 0.9039027980000001 0.9862459545898438 0.8983799706666667 0.9816612729492188 0.8910162 0.9784250268554687 0.8891752580000001 0.9743797197265625 0.8917525773333334 0.9714131606445312 0.90095729 0.9700647250976563 0.909425626 0.97168284765625 0.9171575846666666 0.9754584682617188 0.9234167893333334 0.9789644013671875 0.9270986746666667 0.9803128369140625 0.9270986746666667
1 0.8519417475585938 0.7349042706666667 0.85922330078125 0.7319587626666666 0.8619201723632812 0.727172312 0.857874865234375 0.7209131073333332 0.8543689321289063 0.7187039766666666 0.8492448759765625 0.718335788 0.845469255859375 0.7201767306666668 0.8427723842773438 0.7231222386666667 0.8411542612304688 0.728276878 0.8435814453125 0.7323269513333333 0.8505933115234375 0.7349042706666667 0.8519417475585938 0.7349042706666667
1 0.5908845737304688 0.8972754053333333 0.5925026967773438 0.8946980853333333 0.5935814453125 0.8902798233333333 0.5933117583007812 0.882179676 0.5914239482421875 0.8726067746666666 0.5871089536132813 0.8659793813333334 0.582793958984375 0.8641384386666667 0.5806364619140625 0.8645066273333334 0.5790183388671875 0.8656111926666668 0.5771305288085937 0.8733431520000001 0.57820927734375 0.8865979380000001 0.5822545844726562 0.8943298966666666 0.5892664506835937 0.8972754053333333 0.5908845737304688 0.8972754053333333
1 0.50943905078125 0.867820324 0.5121359223632812 0.8656111926666668 0.512405609375 0.8626656846666666 0.5118662353515625 0.8523564066666666 0.510787486328125 0.84904271 0.5072815532226562 0.8468335786666666 0.5002696870117187 0.8472017673333333 0.49946062548828124 0.8483063326666667 0.49946062548828124 0.853460972 0.5013484360351562 0.8645066273333334 0.5037756201171875 0.8670839466666667 0.507955771484375 0.867820324 0.50943905078125 0.867820324
1 0.47303128369140623 0.8913843886666667 0.4881337646484375 0.8862297493333334 0.4900215751953125 0.8829160533333333 0.48651564208984377 0.8744477173333333 0.4822006474609375 0.8722385859999999 0.46574973046875 0.8784977906666667 0.46601941748046877 0.8836524299999999 0.4692556635742188 0.8902798233333333 0.47154800439453126 0.8913843886666667 0.47303128369140623 0.8913843886666667
1 0.3805285869140625 0.90095729 0.38403452001953126 0.9002209133333334 0.39697950390625 0.8928571426666667 0.3996763754882813 0.8873343153333334 0.39266450927734375 0.8781296026666667 0.3878101401367188 0.8788659793333333 0.379719525390625 0.8829160533333333 0.373516720703125 0.8873343153333334 0.37162891064453124 0.8913843886666667 0.3759439052734375 0.8983799706666667 0.3791801508789063 0.90095729 0.3805285869140625 0.90095729
1 0.17691477880859374 0.8777614140000001 0.1836569580078125 0.8700294553333333 0.18392664501953124 0.8652430046666667 0.182847896484375 0.8615611193333335 0.176645091796875 0.853460972 0.17206041015625 0.8530927833333334 0.16828478955078124 0.8575110453333333 0.16693635400390625 0.8622974959999999 0.16774541552734376 0.8656111926666668 0.17206041015625 0.87371134 0.17610571728515625 0.8777614140000001 0.17691477880859374 0.8777614140000001
1 0.08171521044921876 0.915582106 0.08414239501953125 0.9130047866666667 0.0852211435546875 0.9093229013333333 0.0868392666015625 0.9001181886666667 0.0868392666015625 0.895331738 0.08549083056640625 0.891281664 0.08090614892578125 0.8901770986666667 0.07713052880859375 0.891281664 0.07524271826171874 0.8975408686666666 0.07389428271484375 0.9078501473333334 0.07443365673828126 0.9126365980000001 0.07686084130859375 0.9148457293333333 0.08009708740234375 0.915582106 0.08171521044921876 0.915582106
1 0.13861920166015626 0.902430044 0.1437432578125 0.9002209133333334 0.145361380859375 0.8976435933333334 0.1459007548828125 0.8958026506666666 0.14347357080078124 0.890648012 0.1413160732421875 0.8899116346666667 0.1367313916015625 0.8910162 0.13322545849609374 0.8950662739999999 0.13430420703125 0.9002209133333334 0.13727076611328126 0.902430044 0.13861920166015626 0.902430044
1 0.14644012939453124 0.9189985273333333 0.14724919091796876 0.9175257733333333 0.14724919091796876 0.9131075113333333 0.1459007548828125 0.9108983799999999 0.14185544775390624 0.9083210606666666 0.13781014013671875 0.9090574373333333 0.137540453125 0.9134756993333334 0.1396979501953125 0.9171575846666666 0.14185544775390624 0.9189985273333333 0.1449118125 0.9189985273333333 0.14644012939453124 0.9189985273333333
1 0.163969794921875 0.7669366713333334 0.1663969794921875 0.7647275406666666 0.16666666650390624 0.7581001473333334 0.1585760517578125 0.7577319586666668 0.1561488671875 0.7621502206666667 0.15911542626953126 0.7665684833333333 0.16208198486328124 0.7669366713333334 0.163969794921875 0.7669366713333334
1 0.18069039892578126 0.7636229746666666 0.18311758349609375 0.7665684833333333 0.19012944970703125 0.7665684833333333 0.1928263212890625 0.7621502206666667 0.19120819873046874 0.7536818853333332 0.1852750810546875 0.7441089839999999 0.1804207119140625 0.7448453606666667 0.1771844658203125 0.75 0.17691477880859374 0.754418262 0.18069039892578126 0.7636229746666666
1 0.0099784248046875 0.5150957293333334 0.0132146708984375 0.5154639173333333 0.01618122998046875 0.5125184093333334 0.01618122998046875 0.5110456553333333 0.01348435791015625 0.5069955820000001 0.00809061474609375 0.5066273933333334 0.0070118662109375 0.508468336 0.00728155322265625 0.512886598 0.0099784248046875 0.5150957293333334
1 0.19822006494140626 0.5533873340000001 0.2022653720703125 0.553019146 0.2055016181640625 0.550441826 0.2055016181640625 0.5463917526666666 0.201725998046875 0.5371870400000001 0.19741100341796874 0.5364506626666666 0.1944444443359375 0.5379234166666667 0.1936353828125 0.5427098673333334 0.1944444443359375 0.5449189986666667 0.19822006494140626 0.5533873340000001
1 0.41828478955078124 0.6251840940000001 0.4199029125976563 0.6203976433333334 0.4196332255859375 0.614874816 0.417206041015625 0.6137702506666667 0.41370010791015627 0.614874816 0.4115426103515625 0.62371134 0.41289104638671875 0.6251840940000001 0.41828478955078124 0.6251840940000001
1 0.18015102490234375 0.729749632 0.1850053935546875 0.729749632 0.185814455078125 0.7279086893333333 0.18446601953125 0.7242268040000001 0.18069039892578126 0.7223858613333334 0.176375404296875 0.7231222386666667 0.176645091796875 0.7275405006666666 0.18015102490234375 0.729749632
1 0.05124056103515625 0.48895434466666665 0.0555555556640625 0.48895434466666665 0.0571736787109375 0.48600883666666667 0.057713052734375 0.48085419733333334 0.05582524267578125 0.476804124 0.05124056103515625 0.4760677466666667 0.0490830634765625 0.477172312 0.04719525341796875 0.4804860086666667 0.04719525341796875 0.4852724593333333 0.05124056103515625 0.48895434466666665
1 0 0 0 0.003908462666666667 0.00296655859375 0.005154639333333333 0.00836030224609375 0.004786450666666667 0.011057173828125 0.0029455080000000003 0.01184171826171875 0 0 0
1 0.04341963330078125 0.241163476 0.04692556640625 0.244108984 0.05124056103515625 0.241163476 0.0509708740234375 0.23490427066666666 0.04692556640625 0.23011782 0.04180151025390625 0.22938144333333332 0.0399137001953125 0.23159057466666666 0.04018338720703125 0.23527245933333332 0.04341963330078125 0.241163476
1 0.4784250268554687 0.039027981999999996 0.482740021484375 0.037555228 0.48435814453125 0.03350515466666666 0.48435814453125 0.028718703999999998 0.482740021484375 0.027614138666666666 0.47788565283203127 0.028718703999999998 0.4754584682617187 0.032400589333333334 0.4757281552734375 0.03645066266666667 0.4784250268554687 0.039027981999999996
1 0.663969794921875 0.5983063326666667 0.6677454155273438 0.597569956 0.67206041015625 0.5938880706666666 0.6731391586914063 0.5894698086666667 0.670172599609375 0.584683358 0.6674757280273438 0.5835787926666667 0.6631607333984375 0.5857879233333333 0.6599244877929688 0.5894698086666667 0.6601941748046875 0.5935198819999999 0.663969794921875 0.5983063326666667
1 0.7955771303710938 0.8357879233333333 0.7988133764648437 0.8372606773333333 0.8028586840820312 0.8357879233333333 0.8039374326171875 0.8313696613333333 0.801510248046875 0.823269514 0.79692556640625 0.8225331366666666 0.7934196333007812 0.826215022 0.7936893203125 0.83173785 0.7955771303710938 0.8357879233333333
1 0.5 0.987113402 0.504584681640625 0.9882179673333333 0.5064724916992187 0.9823269513333333 0.5056634306640625 0.975699558 0.5 0.9738586153333334 0.4986515639648437 0.9837997053333334 0.5 0.987113402
1 0.46815444091796876 1 0.46844660205078126 0.9952135493333334 0.46521035595703125 0.9941089839999999 0.4633225458984375 0.995581738 0.46197410986328125 0.9992636226666667 0.4620190581054687 1 0.46815444091796876 1
1 0.45307443359375 0.36966126666666665 0.4555016181640625 0.36524300466666665 0.4525350595703125 0.36156111933333335 0.44822006494140626 0.3597201766666667 0.4439050703125 0.36082474200000003 0.44417475732421874 0.36561119266666664 0.45307443359375 0.36966126666666665
1 0.32766990283203123 0.8538291606666667 0.3306364619140625 0.8560382913333333 0.33629989208984373 0.857879234 0.33953613818359374 0.8545655373333334 0.34034519970703125 0.8486745213333333 0.33629989208984373 0.8442562593333334 0.3300970874023437 0.8424153166666667 0.3274002158203125 0.8438880706666667 0.3268608413085938 0.8516200293333333 0.32766990283203123 0.8538291606666667
1 0.404800431640625 0.9830633286666666 0.40938511328125 0.9812223860000001 0.4118122978515625 0.9775405006666666 0.41208198486328124 0.9731222386666667 0.40965480029296875 0.9705449186666666 0.404800431640625 0.9720176733333333 0.401564185546875 0.9775405006666666 0.40183387255859376 0.9801178199999999 0.404800431640625 0.9830633286666666
1 0.05177993505859375 0.8214285713333334 0.0563646171875 0.8229013253333333 0.0601402373046875 0.8214285713333334 0.06283710888671876 0.8184830633333333 0.0631067958984375 0.8136966126666666 0.05960086279296875 0.810382916 0.05124056103515625 0.8067010306666667 0.04692556640625 0.808910162 0.04341963330078125 0.8136966126666666 0.0453972490234375 0.8167647273333334 0.05177993505859375 0.8214285713333334
1 0.6599244877929688 0.43335787933333336 0.6637001079101562 0.4318851253333333 0.6661272924804688 0.42525773200000005 0.664239482421875 0.42304860066666666 0.6601941748046875 0.42452135466666663 0.6588457387695312 0.42746686333333334 0.6588457387695312 0.43151693666666663 0.6599244877929688 0.43335787933333336
1 0.6777238403320313 0.5033136966666667 0.6868932041015625 0.5033136966666667 0.6879719526367187 0.5022091313333333 0.6882416396484375 0.49852724600000003 0.686084142578125 0.49594992666666665 0.6801510249023438 0.495581738 0.6769147788085937 0.4974226806666666 0.676645091796875 0.5007363773333333 0.6777238403320313 0.5033136966666667
1 0.81580366796875 0.5681148746666667 0.8190399135742188 0.5706921946666667 0.8238942827148438 0.5681148746666667 0.823354908203125 0.56185567 0.8198489750976562 0.5592783506666666 0.8147249189453125 0.5592783506666666 0.8149946064453125 0.5640648013333334 0.81580366796875 0.5681148746666667
1 0.9662891044921875 0.017304860000000002 0.9714131606445312 0.015832106000000002 0.9768069038085937 0.012150220666666668 0.9816612729492188 0.006995582 0.9811218984375 0.0029455080000000003 0.9789644013671875 0.0007363773333333332 0.9743797197265625 0.0014727540000000002 0.9660194174804687 0.006995582 0.9627831713867188 0.010677466666666668 0.9627831713867188 0.015463917333333332 0.9662891044921875 0.017304860000000002