1 0.380859375 0.49133333333333334 0.382080078125 0.48933333333333334 0.3828125 0.4826666666666667 0.3837890625 0.45866666666666667 0.3828125 0.44333333333333336 0.38037109375 0.441 0.361083984375 0.44466666666666665 0.353515625 0.44733333333333336 0.3505859375 0.471 0.350830078125 0.494 0.353271484375 0.497 0.373779296875 0.495 0.380859375 0.49133333333333334
1 0.087158203125 0.24033333333333334 0.091796875 0.24266666666666667 0.09619140625 0.241 0.111328125 0.24 0.116455078125 0.23633333333333334 0.12353515625 0.225 0.13134765625 0.22133333333333333 0.1376953125 0.21566666666666667 0.14013671875 0.21233333333333335 0.143798828125 0.192 0.145751953125 0.17366666666666666 0.14501953125 0.15966666666666668 0.143310546875 0.158 0.13818359375 0.15833333333333333 0.13232421875 0.16133333333333333 0.112060546875 0.16566666666666666 0.107177734375 0.16966666666666666 0.0986328125 0.18166666666666667 0.095458984375 0.18833333333333332 0.09033203125 0.20466666666666666 0.088134765625 0.21766666666666667 0.08447265625 0.22066666666666668 0.08447265625 0.226 0.08251953125 0.228 0.083740234375 0.23566666666666666 0.087158203125 0.24033333333333334
1 0.471923828125 0.7106666666666667 0.474365234375 0.7203333333333334 0.4755859375 0.732 0.47802734375 0.7336666666666667 0.482666015625 0.7336666666666667 0.501708984375 0.73 0.5029296875 0.7283333333333334 0.503173828125 0.7226666666666667 0.499267578125 0.6813333333333333 0.4970703125 0.6676666666666666 0.49560546875 0.666 0.49267578125 0.6656666666666666 0.471923828125 0.6676666666666666 0.46875 0.67 0.46826171875 0.6853333333333333 0.470703125 0.6933333333333334 0.469970703125 0.7086666666666667 0.471923828125 0.7106666666666667
1 0.3837890625 0.7556666666666667 0.392578125 0.7526666666666667 0.40478515625 0.74 0.404296875 0.736 0.393310546875 0.7316666666666667 0.37744140625 0.734 0.3720703125 0.7373333333333333 0.364990234375 0.748 0.364990234375 0.7516666666666667 0.376708984375 0.7563333333333333 0.3837890625 0.7556666666666667
1 0.259033203125 0.7846666666666666 0.263671875 0.7846666666666666 0.2724609375 0.7816666666666666 0.2802734375 0.7763333333333333 0.281982421875 0.7716666666666666 0.27734375 0.762 0.27197265625 0.7586666666666667 0.268310546875 0.7593333333333333 0.2587890625 0.7646666666666667 0.253662109375 0.7693333333333333 0.252197265625 0.7723333333333333 0.25439453125 0.781 0.255126953125 0.783 0.259033203125 0.7846666666666666
1 0.190673828125 0.7066666666666667 0.2001953125 0.6966666666666667 0.20556640625 0.686 0.20166015625 0.6753333333333333 0.201171875 0.6726666666666666 0.2021484375 0.6693333333333333 0.201171875 0.6666666666666666 0.194091796875 0.666 0.1884765625 0.6696666666666666 0.171875 0.702 0.171630859375 0.7046666666666667 0.176025390625 0.7133333333333334 0.18115234375 0.714 0.190673828125 0.7066666666666667
1 0.259765625 0.6583333333333333 0.2646484375 0.6463333333333333 0.264404296875 0.64 0.263427734375 0.638 0.248046875 0.6306666666666667 0.244140625 0.6313333333333333 0.241455078125 0.6353333333333333 0.23974609375 0.641 0.239013671875 0.6463333333333333 0.240234375 0.651 0.255126953125 0.658 0.259765625 0.6583333333333333
1 0.290771484375 0.5186666666666667 0.294921875 0.5173333333333333 0.29638671875 0.5063333333333333 0.29638671875 0.495 0.29541015625 0.493 0.27392578125 0.483 0.268798828125 0.48233333333333334 0.267333984375 0.484 0.265869140625 0.49466666666666664 0.265625 0.5023333333333333 0.266845703125 0.5056666666666667 0.28662109375 0.5173333333333333 0.290771484375 0.5186666666666667
1 0.307373046875 0.47833333333333333 0.310302734375 0.471 0.3115234375 0.45866666666666667 0.31005859375 0.456 0.298828125 0.455 0.296630859375 0.466 0.29638671875 0.471 0.29833984375 0.47733333333333333 0.3017578125 0.479 0.307373046875 0.47833333333333333
1 0.2109375 0.10966666666666666 0.207763671875 0.115 0.208740234375 0.11633333333333333 0.212890625 0.11566666666666667 0.21630859375 0.112 0.21923828125 0.114 0.219482421875 0.119 0.22119140625 0.12166666666666667 0.228271484375 0.124 0.233154296875 0.12066666666666667 0.2373046875 0.09933333333333333 0.241455078125 0.093 0.247802734375 0.09033333333333333 0.259765625 0.09 0.261474609375 0.08766666666666667 0.2607421875 0.08366666666666667 0.255615234375 0.07233333333333333 0.248291015625 0.063 0.239013671875 0.06566666666666666 0.224609375 0.05633333333333333 0.220703125 0.06 0.201416015625 0.08766666666666667 0.201171875 0.092 0.202392578125 0.09533333333333334 0.2109375 0.10566666666666667 0.2109375 0.10966666666666666
1 0.432373046875 0.313 0.442138671875 0.315 0.44873046875 0.31433333333333335 0.45361328125 0.31066666666666665 0.45556640625 0.30633333333333335 0.45556640625 0.30233333333333334 0.4521484375 0.298 0.447265625 0.2946666666666667 0.435546875 0.291 0.42822265625 0.2906666666666667 0.423095703125 0.29233333333333333 0.42041015625 0.295 0.419921875 0.299 0.4208984375 0.30366666666666664 0.429443359375 0.31166666666666665 0.432373046875 0.313
1 0.4990234375 0.5993333333333334 0.505859375 0.601 0.513671875 0.591 0.513427734375 0.587 0.490234375 0.5653333333333334 0.485107421875 0.5646666666666667 0.48046875 0.5753333333333334 0.481689453125 0.5796666666666667 0.485107421875 0.583 0.489013671875 0.5896666666666667 0.4990234375 0.5993333333333334
1 0.708984375 0.9686666666666667 0.712158203125 0.966 0.715576171875 0.951 0.71533203125 0.947 0.712890625 0.944 0.70166015625 0.942 0.673828125 0.9423333333333334 0.6708984375 0.947 0.66845703125 0.9603333333333334 0.6689453125 0.965 0.67333984375 0.9673333333333334 0.693115234375 0.9696666666666667 0.708984375 0.9686666666666667
1 0.4072265625 0.9666666666666667 0.406982421875 0.962 0.404296875 0.9586666666666667 0.396484375 0.9566666666666667 0.392822265625 0.9576666666666667 0.38525390625 0.9786666666666667 0.385009765625 0.986 0.395263671875 0.989 0.398681640625 0.9883333333333333 0.4072265625 0.9666666666666667
1 0.476318359375 0.9926666666666667 0.477294921875 0.9936666666666667 0.47802734375 0.9996666666666667 0.480224609375 0.9996666666666667 0.489990234375 0.9823333333333333 0.490478515625 0.9793333333333333 0.489990234375 0.9776666666666667 0.482177734375 0.972 0.466796875 0.9656666666666667 0.458984375 0.967 0.452392578125 0.9773333333333334 0.4521484375 0.9783333333333334 0.454833984375 0.9816666666666667 0.46142578125 0.9863333333333333 0.476318359375 0.9926666666666667
1 0.51904296875 0.87 0.525390625 0.865 0.527099609375 0.8586666666666667 0.53564453125 0.8483333333333334 0.539306640625 0.8456666666666667 0.540283203125 0.8423333333333334 0.539794921875 0.834 0.536865234375 0.8296666666666667 0.529296875 0.826 0.525390625 0.8276666666666667 0.52197265625 0.8416666666666667 0.509765625 0.8523333333333334 0.504150390625 0.8613333333333333 0.499267578125 0.8653333333333333 0.497802734375 0.8693333333333333 0.4970703125 0.8723333333333333 0.497802734375 0.8733333333333333 0.51318359375 0.872 0.51904296875 0.87
1 0.025390625 0.7376666666666667 0.0341796875 0.7326666666666667 0.03662109375 0.7293333333333333 0.037841796875 0.72 0.036376953125 0.7166666666666667 0.029296875 0.7133333333333334 0.0146484375 0.718 0.006103515625 0.7213333333333334 0.00439453125 0.7243333333333334 0.003173828125 0.7323333333333333 0.0029296875 0.7363333333333333 0.0078125 0.7393333333333333 0.014892578125 0.7403333333333333 0.025390625 0.7376666666666667
1 0.068115234375 0.5986666666666667 0.075439453125 0.602 0.08056640625 0.6006666666666667 0.080322265625 0.5916666666666667 0.077880859375 0.587 0.0703125 0.584 0.065673828125 0.5836666666666667 0.064453125 0.584 0.064453125 0.5883333333333334 0.06591796875 0.595 0.068115234375 0.5986666666666667
1 0.05517578125 0.5263333333333333 0.060302734375 0.5316666666666666 0.064697265625 0.5323333333333333 0.0693359375 0.529 0.0712890625 0.514 0.0712890625 0.5056666666666667 0.069091796875 0.503 0.064453125 0.5003333333333333 0.060791015625 0.5013333333333333 0.057861328125 0.5056666666666667 0.056640625 0.5103333333333333 0.048828125 0.5133333333333333 0.05078125 0.516 0.0498046875 0.5213333333333333 0.0517578125 0.5246666666666666 0.05517578125 0.5263333333333333
1 0.209228515625 0.426 0.21533203125 0.41933333333333334 0.21630859375 0.4156666666666667 0.21533203125 0.41133333333333333 0.212646484375 0.4086666666666667 0.200439453125 0.4076666666666667 0.189453125 0.412 0.185302734375 0.416 0.182373046875 0.421 0.182861328125 0.42733333333333334 0.18505859375 0.43033333333333335 0.197265625 0.43166666666666664 0.209228515625 0.426
1 0.1796875 0.38233333333333336 0.189208984375 0.374 0.19384765625 0.375 0.197021484375 0.379 0.20068359375 0.38066666666666665 0.20849609375 0.37966666666666665 0.21142578125 0.377 0.21142578125 0.37266666666666665 0.209228515625 0.36866666666666664 0.19921875 0.3626666666666667 0.193603515625 0.3566666666666667 0.18505859375 0.35233333333333333 0.1796875 0.35333333333333333 0.1630859375 0.37333333333333335 0.162109375 0.37666666666666665 0.1630859375 0.378 0.176513671875 0.38333333333333336 0.1796875 0.38233333333333336
1 0.617919921875 0.029333333333333333 0.6171875 0.015333333333333332 0.614990234375 0.005333333333333333 0.6015625 0.0036666666666666666 0.5966796875 0.006333333333333333 0.57958984375 0.008 0.5771484375 0.009333333333333334 0.578369140625 0.03333333333333333 0.580078125 0.035666666666666666 0.615478515625 0.033666666666666664 0.617919921875 0.029333333333333333
1 0.732421875 0.183 0.763916015625 0.162 0.762451171875 0.15433333333333332 0.759521484375 0.14666666666666667 0.756103515625 0.13966666666666666 0.753662109375 0.13833333333333334 0.751708984375 0.13833333333333334 0.746826171875 0.14366666666666666 0.728515625 0.154 0.719970703125 0.161 0.719482421875 0.16233333333333333 0.720947265625 0.168 0.728271484375 0.18333333333333332 0.732421875 0.183
1 0.779541015625 0.07066666666666667 0.783203125 0.073 0.7890625 0.07433333333333333 0.795166015625 0.072 0.795166015625 0.056 0.791748046875 0.04133333333333333 0.793212890625 0.034666666666666665 0.79736328125 0.029333333333333333 0.794921875 0.023666666666666666 0.782958984375 0.023666666666666666 0.772705078125 0.027666666666666666 0.771240234375 0.029 0.769775390625 0.035666666666666666 0.7666015625 0.04133333333333333 0.7646484375 0.04833333333333333 0.765380859375 0.051333333333333335 0.772705078125 0.05466666666666667 0.779541015625 0.07066666666666667
1 0.904541015625 0.093 0.924072265625 0.101 0.931396484375 0.09933333333333333 0.93701171875 0.08366666666666667 0.936767578125 0.08 0.93408203125 0.07733333333333334 0.923583984375 0.07233333333333333 0.909423828125 0.068 0.904541015625 0.06866666666666667 0.9013671875 0.07566666666666666 0.8994140625 0.08366666666666667 0.8994140625 0.088 0.900634765625 0.09 0.904541015625 0.093
1 0.908447265625 0.18066666666666667 0.90966796875 0.166 0.908203125 0.16066666666666668 0.903564453125 0.15766666666666668 0.895263671875 0.16833333333333333 0.894775390625 0.17533333333333334 0.896484375 0.187 0.900146484375 0.188 0.908447265625 0.18066666666666667
1 0.769775390625 0.6833333333333333 0.787353515625 0.684 0.78857421875 0.683 0.790771484375 0.6763333333333333 0.794677734375 0.6416666666666667 0.7861328125 0.6383333333333333 0.775146484375 0.6373333333333333 0.773681640625 0.6386666666666667 0.77001953125 0.6553333333333333 0.7685546875 0.672 0.766845703125 0.6773333333333333 0.767578125 0.6816666666666666 0.769775390625 0.6833333333333333
1 0.681884765625 0.7823333333333333 0.686279296875 0.783 0.68701171875 0.7786666666666666 0.696044921875 0.7673333333333333 0.69775390625 0.7603333333333333 0.697509765625 0.7556666666666667 0.6884765625 0.7543333333333333 0.681640625 0.7563333333333333 0.6748046875 0.7633333333333333 0.6728515625 0.771 0.672607421875 0.7753333333333333 0.673583984375 0.777 0.677734375 0.7783333333333333 0.681884765625 0.7823333333333333
1 0.7421875 0.8496666666666667 0.74462890625 0.8643333333333333 0.744140625 0.867 0.74072265625 0.869 0.74365234375 0.8706666666666667 0.755859375 0.869 0.76025390625 0.867 0.76318359375 0.8646666666666667 0.764404296875 0.8606666666666667 0.766357421875 0.8583333333333333 0.775390625 0.8543333333333333 0.778076171875 0.8496666666666667 0.771728515625 0.8403333333333334 0.75634765625 0.8313333333333334 0.743896484375 0.832 0.7294921875 0.836 0.724365234375 0.8406666666666667 0.724365234375 0.8423333333333334 0.728271484375 0.8456666666666667 0.735595703125 0.846 0.7421875 0.8496666666666667
1 0.7333984375 0.8016666666666666 0.736572265625 0.795 0.737548828125 0.7816666666666666 0.736083984375 0.7793333333333333 0.732421875 0.779 0.72216796875 0.783 0.71240234375 0.795 0.708984375 0.8063333333333333 0.708740234375 0.8143333333333334 0.7119140625 0.8166666666666667 0.724609375 0.8133333333333334 0.7333984375 0.8016666666666666
1 0.628662109375 0.6773333333333333 0.63134765625 0.6696666666666666 0.63134765625 0.666 0.627197265625 0.6613333333333333 0.621826171875 0.662 0.618408203125 0.665 0.609375 0.6776666666666666 0.609130859375 0.6816666666666666 0.613525390625 0.6853333333333333 0.62158203125 0.6853333333333333 0.628662109375 0.6773333333333333
1 0.39501953125 0.5533333333333333 0.39599609375 0.546 0.39306640625 0.54 0.385498046875 0.536 0.381103515625 0.5376666666666666 0.381591796875 0.5446666666666666 0.38623046875 0.5526666666666666 0.39111328125 0.555 0.39501953125 0.5533333333333333
1 0.402099609375 0.6583333333333333 0.404052734375 0.6663333333333333 0.41162109375 0.6766666666666666 0.41650390625 0.6813333333333333 0.418701171875 0.6773333333333333 0.421875 0.6666666666666666 0.421875 0.661 0.420166015625 0.6496666666666666 0.41259765625 0.635 0.40771484375 0.6336666666666667 0.404052734375 0.6416666666666667 0.39453125 0.6506666666666666 0.393310546875 0.6543333333333333 0.39599609375 0.6566666666666666 0.398193359375 0.6563333333333333 0.402099609375 0.6583333333333333
1 0.343505859375 0.81 0.3515625 0.787 0.3515625 0.782 0.350341796875 0.7793333333333333 0.345458984375 0.7773333333333333 0.341064453125 0.7796666666666666 0.337890625 0.7873333333333333 0.333740234375 0.803 0.33349609375 0.807 0.335205078125 0.8106666666666666 0.34033203125 0.8113333333333334 0.343505859375 0.81
1 0.388427734375 0.8923333333333333 0.384033203125 0.883 0.376708984375 0.8773333333333333 0.372314453125 0.876 0.368408203125 0.8776666666666667 0.3662109375 0.881 0.366455078125 0.8966666666666666 0.36865234375 0.9003333333333333 0.38037109375 0.899 0.388427734375 0.8923333333333333
1 0.35546875 0.9373333333333334 0.35888671875 0.9463333333333334 0.36376953125 0.948 0.373291015625 0.9483333333333334 0.37646484375 0.947 0.379150390625 0.9433333333333334 0.382568359375 0.9353333333333333 0.38232421875 0.9316666666666666 0.37939453125 0.924 0.38134765625 0.9186666666666666 0.380859375 0.915 0.3740234375 0.918 0.3623046875 0.9183333333333333 0.359130859375 0.9203333333333333 0.356689453125 0.927 0.35205078125 0.9316666666666666 0.35205078125 0.9353333333333333 0.35546875 0.9373333333333334
1 0.092041015625 0.8706666666666667 0.094482421875 0.8686666666666667 0.095458984375 0.8656666666666667 0.091796875 0.859 0.081298828125 0.8556666666666667 0.07666015625 0.8566666666666667 0.076171875 0.8613333333333333 0.0771484375 0.8646666666666667 0.08447265625 0.869 0.092041015625 0.8706666666666667
1 0.191650390625 0.867 0.197265625 0.8573333333333333 0.192626953125 0.8533333333333334 0.185302734375 0.853 0.181396484375 0.8553333333333333 0.177001953125 0.8613333333333333 0.17578125 0.865 0.177490234375 0.8673333333333333 0.185546875 0.869 0.191650390625 0.867
1 0.08740234375 0.4043333333333333 0.098876953125 0.4003333333333333 0.097900390625 0.388 0.09423828125 0.373 0.091552734375 0.36666666666666664 0.0830078125 0.36866666666666664 0.07958984375 0.371 0.077880859375 0.37433333333333335 0.079345703125 0.38466666666666666 0.0791015625 0.3933333333333333 0.08154296875 0.4 0.08740234375 0.4043333333333333
1 0.110107421875 0.2946666666666667 0.11376953125 0.2793333333333333 0.1142578125 0.2703333333333333 0.11328125 0.265 0.107177734375 0.26 0.102783203125 0.25966666666666666 0.099365234375 0.26466666666666666 0.09619140625 0.2826666666666667 0.096435546875 0.2946666666666667 0.10302734375 0.2996666666666667 0.107177734375 0.301 0.110107421875 0.2946666666666667
1 0.036865234375 0.2966666666666667 0.046142578125 0.2966666666666667 0.0498046875 0.295 0.052001953125 0.29133333333333333 0.046875 0.2786666666666667 0.0380859375 0.27266666666666667 0.029296875 0.273 0.023681640625 0.275 0.02197265625 0.2773333333333333 0.022216796875 0.282 0.025146484375 0.2876666666666667 0.029296875 0.292 0.036865234375 0.2966666666666667
1 0.170654296875 0.236 0.170654296875 0.23933333333333334 0.177490234375 0.248 0.181640625 0.248 0.19384765625 0.23633333333333334 0.198974609375 0.233 0.199462890625 0.22833333333333333 0.198486328125 0.21966666666666668 0.200927734375 0.215 0.201171875 0.212 0.193359375 0.197 0.184814453125 0.196 0.17626953125 0.201 0.17431640625 0.20466666666666666 0.175048828125 0.20833333333333334 0.181884765625 0.22066666666666668 0.18017578125 0.226 0.170654296875 0.236
1 0.150634765625 0.249 0.16259765625 0.244 0.162841796875 0.23066666666666666 0.162109375 0.22766666666666666 0.146728515625 0.22 0.139404296875 0.221 0.13720703125 0.224 0.136962890625 0.23233333333333334 0.1396484375 0.244 0.141845703125 0.24666666666666667 0.150634765625 0.249
1 0.149658203125 0.341 0.1552734375 0.338 0.16015625 0.32966666666666666 0.15380859375 0.323 0.146728515625 0.322 0.14208984375 0.325 0.13818359375 0.3303333333333333 0.137451171875 0.334 0.13916015625 0.3373333333333333 0.14453125 0.3406666666666667 0.149658203125 0.341
1 0.2236328125 0.322 0.22705078125 0.31033333333333335 0.224609375 0.30333333333333334 0.22021484375 0.299 0.216552734375 0.303 0.212890625 0.311 0.212890625 0.31833333333333336 0.216552734375 0.323 0.220703125 0.32466666666666666 0.2236328125 0.322
1 0.283203125 0.3496666666666667 0.284912109375 0.3456666666666667 0.284423828125 0.34 0.28271484375 0.3363333333333333 0.267333984375 0.3373333333333333 0.264404296875 0.341 0.264892578125 0.34933333333333333 0.267578125 0.35233333333333333 0.271484375 0.3526666666666667 0.283203125 0.3496666666666667
1 0.30908203125 0.3883333333333333 0.31591796875 0.39166666666666666 0.327392578125 0.3893333333333333 0.33349609375 0.3953333333333333 0.33837890625 0.3953333333333333 0.342529296875 0.3923333333333333 0.33984375 0.373 0.330078125 0.359 0.318115234375 0.359 0.310302734375 0.36866666666666664 0.310791015625 0.37233333333333335 0.309326171875 0.379 0.306396484375 0.384 0.30908203125 0.3883333333333333
1 0.618896484375 0.43766666666666665 0.62646484375 0.441 0.639404296875 0.44366666666666665 0.651123046875 0.444 0.65625 0.44266666666666665 0.65966796875 0.43933333333333335 0.657470703125 0.43633333333333335 0.654296875 0.43566666666666665 0.6455078125 0.421 0.64208984375 0.418 0.62451171875 0.411 0.610595703125 0.411 0.606689453125 0.4126666666666667 0.6064453125 0.41633333333333333 0.60791015625 0.42 0.61572265625 0.43433333333333335 0.618896484375 0.43766666666666665
1 0.719970703125 0.537 0.724609375 0.537 0.72509765625 0.5246666666666666 0.722412109375 0.5156666666666667 0.72021484375 0.5133333333333333 0.7119140625 0.5093333333333333 0.70849609375 0.5093333333333333 0.70751953125 0.5116666666666667 0.707275390625 0.522 0.708740234375 0.5286666666666666 0.716796875 0.5353333333333333 0.719970703125 0.537
1 0.860595703125 0.8843333333333333 0.864990234375 0.8836666666666667 0.875244140625 0.8766666666666667 0.87890625 0.8693333333333333 0.87939453125 0.8653333333333333 0.875732421875 0.8573333333333333 0.87109375 0.8556666666666667 0.866455078125 0.8566666666666667 0.8583984375 0.861 0.84619140625 0.8626666666666667 0.8369140625 0.87 0.83740234375 0.8746666666666667 0.844970703125 0.882 0.849609375 0.8836666666666667 0.860595703125 0.8843333333333333
1 0.759033203125 0.9376666666666666 0.763427734375 0.9366666666666666 0.767822265625 0.9323333333333333 0.769287109375 0.928 0.76806640625 0.9193333333333333 0.762451171875 0.908 0.755859375 0.898 0.751953125 0.8986666666666666 0.74658203125 0.9056666666666666 0.746337890625 0.912 0.748046875 0.9176666666666666 0.755615234375 0.933 0.759033203125 0.9376666666666666
1 0.59521484375 0.9326666666666666 0.599853515625 0.934 0.603271484375 0.9296666666666666 0.603271484375 0.9196666666666666 0.595458984375 0.9126666666666666 0.58349609375 0.911 0.5810546875 0.912 0.5771484375 0.9163333333333333 0.57666015625 0.9196666666666666 0.579345703125 0.9226666666666666 0.58935546875 0.926 0.59521484375 0.9326666666666666
1 0.54833984375 0.973 0.550048828125 0.9716666666666667 0.551513671875 0.9666666666666667 0.552001953125 0.9586666666666667 0.548583984375 0.9523333333333334 0.541015625 0.9463333333333334 0.537841796875 0.9463333333333334 0.536376953125 0.9473333333333334 0.534912109375 0.9526666666666667 0.53466796875 0.959 0.537109375 0.964 0.545166015625 0.9716666666666667 0.54833984375 0.973
1 0.359130859375 0.037 0.369873046875 0.03666666666666667 0.376220703125 0.035 0.378662109375 0.033 0.379638671875 0.029666666666666668 0.379150390625 0.025333333333333333 0.377197265625 0.021333333333333333 0.365478515625 0.018 0.35986328125 0.020666666666666667 0.354248046875 0.026333333333333334 0.353515625 0.029666666666666668 0.354736328125 0.033666666666666664 0.357177734375 0.03666666666666667 0.359130859375 0.037
1 0.212890625 0.173 0.216552734375 0.179 0.22802734375 0.18566666666666667 0.232666015625 0.18533333333333332 0.2412109375 0.18966666666666668 0.24755859375 0.189 0.252197265625 0.18533333333333332 0.251708984375 0.18166666666666667 0.249755859375 0.179 0.244140625 0.176 0.24267578125 0.16966666666666666 0.240234375 0.166 0.237060546875 0.165 0.2294921875 0.166 0.222900390625 0.16166666666666665 0.22021484375 0.154 0.220458984375 0.14633333333333334 0.216796875 0.14733333333333334 0.21533203125 0.15133333333333332 0.2119140625 0.15333333333333332 0.2109375 0.156 0.20849609375 0.158 0.209716796875 0.159 0.212890625 0.173
1 0.474365234375 0.18766666666666668 0.47802734375 0.18233333333333332 0.478515625 0.17666666666666667 0.4775390625 0.17133333333333334 0.47509765625 0.169 0.470458984375 0.17 0.458251953125 0.18066666666666667 0.45654296875 0.18433333333333332 0.45654296875 0.18966666666666668 0.458984375 0.196 0.46630859375 0.19333333333333333 0.474365234375 0.18766666666666668
1 0.58349609375 0.145 0.587646484375 0.13833333333333334 0.58837890625 0.13066666666666665 0.5849609375 0.129 0.5771484375 0.13066666666666665 0.572021484375 0.13833333333333334 0.572265625 0.147 0.575439453125 0.14833333333333334 0.580322265625 0.14766666666666667 0.58349609375 0.145
1 0.623046875 0.10333333333333333 0.62451171875 0.09833333333333333 0.622802734375 0.08766666666666667 0.621337890625 0.08433333333333333 0.615234375 0.08066666666666666 0.6123046875 0.08366666666666667 0.6123046875 0.09133333333333334 0.614501953125 0.09933333333333333 0.61865234375 0.10266666666666667 0.623046875 0.10333333333333333
1 0.49267578125 0.22266666666666668 0.494384765625 0.22 0.4931640625 0.21666666666666667 0.489013671875 0.21466666666666667 0.481201171875 0.218 0.477783203125 0.22133333333333333 0.47802734375 0.22633333333333333 0.479736328125 0.22833333333333333 0.482666015625 0.229 0.49267578125 0.22266666666666668
1 0.67333984375 0.219 0.6728515625 0.212 0.670166015625 0.20466666666666666 0.666259765625 0.205 0.65966796875 0.21266666666666667 0.656494140625 0.21833333333333332 0.657470703125 0.236 0.662109375 0.23633333333333334 0.671142578125 0.22766666666666666 0.67333984375 0.219
1 0.60009765625 0.30666666666666664 0.60595703125 0.30266666666666664 0.603515625 0.296 0.599609375 0.2916666666666667 0.592041015625 0.293 0.58935546875 0.2946666666666667 0.588623046875 0.29733333333333334 0.58837890625 0.2986666666666667 0.591796875 0.306 0.59375 0.307 0.60009765625 0.30666666666666664
1 0.536376953125 0.305 0.5390625 0.30266666666666664 0.53466796875 0.295 0.532958984375 0.294 0.524658203125 0.29433333333333334 0.5224609375 0.29733333333333334 0.52197265625 0.2986666666666667 0.524169921875 0.30266666666666664 0.52880859375 0.306 0.536376953125 0.305
1 0.41943359375 0.346 0.42333984375 0.3453333333333333 0.431396484375 0.334 0.43310546875 0.3263333333333333 0.43115234375 0.32266666666666666 0.42529296875 0.31933333333333336 0.41650390625 0.31033333333333335 0.412109375 0.30833333333333335 0.405029296875 0.31266666666666665 0.399658203125 0.31966666666666665 0.39599609375 0.32166666666666666 0.39501953125 0.326 0.395263671875 0.33766666666666667 0.4072265625 0.346 0.414794921875 0.3446666666666667 0.41943359375 0.346
1 0.393798828125 0.2986666666666667 0.396240234375 0.29033333333333333 0.392822265625 0.28633333333333333 0.3798828125 0.2816666666666667 0.376953125 0.2823333333333333 0.3701171875 0.294 0.373046875 0.29733333333333334 0.37939453125 0.3 0.39111328125 0.30033333333333334 0.393798828125 0.2986666666666667
1 0.34326171875 0.31033333333333335 0.340576171875 0.2986666666666667 0.338623046875 0.2956666666666667 0.33349609375 0.2956666666666667 0.329345703125 0.2986666666666667 0.32958984375 0.306 0.333984375 0.315 0.34033203125 0.31433333333333335 0.34326171875 0.31033333333333335
1 0.353515625 0.287 0.352783203125 0.2793333333333333 0.34765625 0.27366666666666667 0.345703125 0.2723333333333333 0.341796875 0.27266666666666667 0.337158203125 0.275 0.33740234375 0.2823333333333333 0.341552734375 0.28933333333333333 0.34814453125 0.29 0.353515625 0.287
1 0.3681640625 0.25966666666666666 0.367431640625 0.255 0.363525390625 0.24933333333333332 0.357421875 0.24666666666666667 0.353271484375 0.24666666666666667 0.349365234375 0.24966666666666668 0.349609375 0.25633333333333336 0.3544921875 0.26166666666666666 0.364501953125 0.263 0.3681640625 0.25966666666666666
1 0.395751953125 0.19366666666666665 0.397705078125 0.18933333333333333 0.397705078125 0.18166666666666667 0.396240234375 0.18 0.392333984375 0.18 0.388427734375 0.18233333333333332 0.387451171875 0.185 0.38818359375 0.195 0.392822265625 0.19566666666666666 0.395751953125 0.19366666666666665
1 0.345703125 0.16166666666666665 0.34814453125 0.15766666666666668 0.345703125 0.15066666666666667 0.341064453125 0.145 0.336669921875 0.14733333333333334 0.327392578125 0.15666666666666668 0.32470703125 0.16133333333333333 0.325927734375 0.167 0.329833984375 0.172 0.333984375 0.174 0.345703125 0.16166666666666665
1 0.24169921875 0.4246666666666667 0.243896484375 0.421 0.246337890625 0.412 0.244140625 0.4103333333333333 0.236328125 0.4106666666666667 0.22802734375 0.415 0.224609375 0.41833333333333333 0.22021484375 0.42733333333333334 0.220703125 0.43133333333333335 0.229736328125 0.43166666666666664 0.24169921875 0.4246666666666667
1 0.199462890625 0.573 0.20703125 0.572 0.20703125 0.5673333333333334 0.20556640625 0.5616666666666666 0.200927734375 0.5556666666666666 0.1953125 0.5536666666666666 0.189208984375 0.5543333333333333 0.187744140625 0.5563333333333333 0.18798828125 0.5603333333333333 0.193603515625 0.571 0.199462890625 0.573
1 0.157958984375 0.506 0.16162109375 0.5053333333333333 0.166259765625 0.49866666666666665 0.17138671875 0.494 0.170654296875 0.491 0.16845703125 0.4886666666666667 0.166259765625 0.4806666666666667 0.16357421875 0.47833333333333333 0.158447265625 0.476 0.155029296875 0.47633333333333333 0.151611328125 0.482 0.15185546875 0.4882223333333333 0.149169921875 0.497 0.150634765625 0.5026666666666667 0.157958984375 0.506
1 0.111328125 0.44166666666666665 0.11328125 0.43866666666666665 0.1142578125 0.431 0.1171875 0.424 0.116455078125 0.42133333333333334 0.111572265625 0.4116666666666667 0.107421875 0.409 0.102783203125 0.408 0.100341796875 0.4096666666666667 0.099365234375 0.4126666666666667 0.099853515625 0.43133333333333335 0.10107421875 0.435 0.10693359375 0.44033333333333335 0.111328125 0.44166666666666665
1 0.035888671875 0.44733333333333336 0.036865234375 0.4553333333333333 0.052490234375 0.4533333333333333 0.056640625 0.45066666666666666 0.05712890625 0.44633333333333336 0.056396484375 0.44433333333333336 0.0498046875 0.43833333333333335 0.047607421875 0.43466666666666665 0.04638671875 0.42733333333333334 0.044921875 0.42533333333333334 0.032958984375 0.428 0.031982421875 0.43133333333333335 0.035400390625 0.43433333333333335 0.036376953125 0.43833333333333335 0.035888671875 0.44733333333333336
1 0.337890625 0.6206666666666667 0.338623046875 0.6186666666666667 0.337890625 0.6103333333333333 0.333740234375 0.6046666666666667 0.325927734375 0.6033333333333334 0.32275390625 0.606 0.323974609375 0.615 0.326171875 0.618 0.33154296875 0.6206666666666667 0.337890625 0.6206666666666667
1 0.349853515625 0.6446666666666667 0.353759765625 0.6416666666666667 0.353759765625 0.637 0.345947265625 0.6283333333333333 0.341552734375 0.6286666666666667 0.337646484375 0.6316666666666667 0.3369140625 0.6346666666666667 0.33837890625 0.638 0.345703125 0.645 0.349853515625 0.6446666666666667
1 0.32080078125 0.8183333333333334 0.32080078125 0.81 0.319580078125 0.8063333333333333 0.31494140625 0.8036666666666666 0.31103515625 0.8063333333333333 0.31103515625 0.813 0.31298828125 0.818 0.319091796875 0.821 0.32080078125 0.8183333333333334
1 0.206787109375 0.8843333333333333 0.204833984375 0.881 0.19921875 0.8813333333333333 0.195068359375 0.8846666666666667 0.19287109375 0.89 0.193359375 0.8973333333333333 0.200927734375 0.8976666666666666 0.204833984375 0.895 0.206787109375 0.8843333333333333
1 0.681396484375 0.674 0.682861328125 0.6656666666666666 0.680419921875 0.656 0.673828125 0.6493333333333333 0.67041015625 0.6516666666666666 0.669189453125 0.6546666666666666 0.6689453125 0.662 0.670654296875 0.6693333333333333 0.67724609375 0.6756666666666666 0.681396484375 0.674
1 0.658203125 0.663 0.659423828125 0.6616666666666666 0.65869140625 0.654 0.653076171875 0.6466666666666666 0.643798828125 0.6443333333333333 0.64111328125 0.647 0.640869140625 0.6503333333333333 0.646240234375 0.659 0.653564453125 0.6626666666666666 0.658203125 0.663
1 0.935791015625 0.4096666666666667 0.939697265625 0.404 0.937255859375 0.39966666666666667 0.92822265625 0.394 0.923828125 0.394 0.919921875 0.39566666666666667 0.910400390625 0.404 0.91015625 0.408 0.921875 0.4126666666666667 0.933349609375 0.41133333333333333 0.935791015625 0.4096666666666667
1 0.465087890625 0.6836666666666666 0.466796875 0.6746666666666666 0.46728515625 0.6613333333333333 0.466552734375 0.6583333333333333 0.458740234375 0.656 0.4560546875 0.6583333333333333 0.453857421875 0.6663333333333333 0.45361328125 0.682 0.458984375 0.6883333333333334 0.463134765625 0.6873333333333334 0.465087890625 0.6836666666666666
1 0.509765625 0.744 0.525390625 0.7373333333333333 0.52978515625 0.7283333333333334 0.529052734375 0.7223333333333334 0.5302734375 0.7103333333333334 0.52978515625 0.705 0.522705078125 0.704 0.517822265625 0.7053333333333334 0.511962890625 0.7243333333333334 0.509765625 0.727 0.505126953125 0.7283333333333334 0.503173828125 0.7363333333333333 0.503662109375 0.7436666666666667 0.505126953125 0.7446666666666667 0.509765625 0.744
1 0.088623046875 0.583 0.089599609375 0.5803333333333334 0.089111328125 0.576 0.086181640625 0.5686666666666667 0.084228515625 0.5666666666666667 0.079833984375 0.567 0.075927734375 0.572 0.075439453125 0.5773333333333334 0.079833984375 0.586 0.083984375 0.588 0.088623046875 0.583
1 0.501953125 0.6346666666666667 0.511962890625 0.6306666666666667 0.509765625 0.623 0.502197265625 0.6113333333333333 0.493896484375 0.6096666666666667 0.489013671875 0.613 0.487548828125 0.615 0.48876953125 0.6226666666666667 0.497802734375 0.633 0.501953125 0.6346666666666667
1 0.80224609375 0.8373333333333334 0.810302734375 0.8343333333333334 0.812744140625 0.8303333333333334 0.810302734375 0.8233333333333334 0.806884765625 0.821 0.798095703125 0.8216666666666667 0.790771484375 0.8256666666666667 0.79052734375 0.8296666666666667 0.792236328125 0.833 0.798095703125 0.8373333333333334 0.80224609375 0.8373333333333334
1 0.896484375 0.982 0.898193359375 0.9696666666666667 0.89404296875 0.9663333333333334 0.889892578125 0.9666666666666667 0.888427734375 0.968 0.88623046875 0.9743333333333334 0.88525390625 0.9826666666666667 0.887451171875 0.9863333333333333 0.892578125 0.9876666666666667 0.896484375 0.982
1 0.32568359375 0.7286666666666667 0.32958984375 0.7356666666666667 0.342041015625 0.7336666666666667 0.345947265625 0.7316666666666667 0.34716796875 0.7296666666666667 0.34765625 0.7283333333333334 0.345703125 0.721 0.345458984375 0.715 0.341796875 0.713 0.33837890625 0.715 0.333740234375 0.7123333333333334 0.32568359375 0.7126666666666667 0.322265625 0.7166666666666667 0.325927734375 0.7203333333333334 0.324951171875 0.723 0.32568359375 0.7286666666666667
1 0.720703125 0.313 0.724365234375 0.312 0.725341796875 0.31033333333333335 0.724853515625 0.30633333333333335 0.716796875 0.29633333333333334 0.7119140625 0.2956666666666667 0.702392578125 0.2986666666666667 0.7021484375 0.303 0.70361328125 0.306 0.708984375 0.31066666666666665 0.720703125 0.313
1 0.756103515625 0.26366666666666666 0.762939453125 0.26033333333333336 0.764404296875 0.258 0.7646484375 0.25566666666666665 0.761962890625 0.25066666666666665 0.751953125 0.24466666666666667 0.746826171875 0.24366666666666667 0.738525390625 0.24766666666666667 0.73828125 0.252 0.740966796875 0.258 0.74560546875 0.26166666666666666 0.756103515625 0.26366666666666666
1 0.551513671875 0.12033333333333333 0.55419921875 0.119 0.55712890625 0.115 0.556640625 0.111 0.55126953125 0.10666666666666667 0.5419921875 0.10566666666666667 0.538818359375 0.107 0.536865234375 0.10966666666666666 0.537109375 0.11666666666666667 0.538818359375 0.119 0.5419921875 0.12033333333333333 0.551513671875 0.12033333333333333
1 0.545166015625 0.03966666666666667 0.551025390625 0.036 0.55126953125 0.033 0.550048828125 0.030333333333333334 0.545166015625 0.024333333333333332 0.532958984375 0.022333333333333334 0.529052734375 0.027333333333333334 0.52880859375 0.029333333333333333 0.532470703125 0.037 0.536865234375 0.04 0.545166015625 0.03966666666666667
1 0.282958984375 0.6423333333333333 0.283203125 0.6386666666666667 0.2802734375 0.634 0.2763671875 0.6323333333333333 0.27099609375 0.6333333333333333 0.270751953125 0.6383333333333333 0.27392578125 0.6426666666666667 0.279052734375 0.6436666666666667 0.282958984375 0.6423333333333333
1 0.021484375 0.8026666666666666 0.024658203125 0.799 0.0263671875 0.795 0.026123046875 0.7923333333333333 0.02490234375 0.7903333333333333 0.017822265625 0.7906666666666666 0.01171875 0.7943333333333333 0.009521484375 0.7993333333333333 0.00927734375 0.8026666666666666 0.0107421875 0.804 0.017578125 0.8046666666666666 0.021484375 0.8026666666666666
1 0.16064453125 0.10333333333333333 0.160888671875 0.099 0.159423828125 0.09633333333333334 0.1474609375 0.08766666666666667 0.145263671875 0.08766666666666667 0.142333984375 0.093 0.141357421875 0.09966666666666667 0.154052734375 0.11066666666666666 0.15771484375 0.10933333333333334 0.16064453125 0.10333333333333333
1 0.240234375 0.5553333333333333 0.248046875 0.552 0.25048828125 0.547 0.25048828125 0.5446666666666666 0.247802734375 0.5403333333333333 0.243896484375 0.539 0.23583984375 0.539 0.230224609375 0.5436666666666666 0.229736328125 0.5446666666666666 0.2314453125 0.5493333333333333 0.233642578125 0.5526666666666666 0.240234375 0.5553333333333333
1 0.37451171875 0.5756666666666667 0.372802734375 0.5713333333333334 0.368896484375 0.5686666666666667 0.365234375 0.571 0.36572265625 0.576 0.3681640625 0.5793333333333334 0.3740234375 0.5796666666666667 0.37451171875 0.5756666666666667
1 0.5166015625 0.912 0.517333984375 0.908 0.51318359375 0.9013333333333333 0.509765625 0.8986666666666666 0.505126953125 0.9003333333333333 0.502685546875 0.904 0.509033203125 0.912 0.513427734375 0.915 0.5166015625 0.912
1 0.194091796875 0.9386666666666666 0.200927734375 0.939 0.20361328125 0.9283333333333333 0.203125 0.9196666666666666 0.201171875 0.918 0.193115234375 0.919 0.19091796875 0.9253333333333333 0.1875 0.9273333333333333 0.1884765625 0.9353333333333333 0.194091796875 0.9386666666666666
1 0.701416015625 0.7463333333333333 0.7041015625 0.7476666666666667 0.707763671875 0.7466666666666667 0.713623046875 0.7406666666666667 0.7138671875 0.732 0.710693359375 0.7246666666666667 0.704833984375 0.7243333333333334 0.69970703125 0.7296666666666667 0.69873046875 0.732 0.69921875 0.7393333333333333 0.699951171875 0.744 0.701416015625 0.7463333333333333
1 0.749267578125 0.662 0.748291015625 0.6576666666666666 0.743896484375 0.654 0.73779296875 0.6553333333333333 0.734375 0.66 0.73388671875 0.6656666666666666 0.739990234375 0.669 0.745361328125 0.667 0.749267578125 0.662
1 0.80029296875 0.611 0.802001953125 0.6036666666666667 0.8017578125 0.5993333333333334 0.798583984375 0.5956666666666667 0.793701171875 0.5956666666666667 0.790283203125 0.5986666666666667 0.786865234375 0.608 0.786865234375 0.615 0.790283203125 0.6183333333333333 0.794921875 0.619 0.80029296875 0.611
1 0.897216796875 0.5783333333333334 0.9052734375 0.576 0.90673828125 0.5733333333333334 0.906005859375 0.5683333333333334 0.900146484375 0.5596666666666666 0.896484375 0.557 0.892333984375 0.5556666666666666 0.8798828125 0.56 0.88037109375 0.5663333333333334 0.884765625 0.5756666666666667 0.887939453125 0.578 0.897216796875 0.5783333333333334
1 0.931640625 0.7273333333333334 0.937744140625 0.716 0.93798828125 0.7086666666666667 0.93701171875 0.7053333333333334 0.935302734375 0.703 0.931396484375 0.703 0.92578125 0.7093333333333334 0.92333984375 0.7166666666666667 0.924072265625 0.7243333333333334 0.92724609375 0.7286666666666667 0.931640625 0.7273333333333334
1 0.888427734375 0.846 0.887451171875 0.8416666666666667 0.885009765625 0.8393333333333334 0.880126953125 0.8386666666666667 0.871337890625 0.8413333333333334 0.872314453125 0.8473333333333334 0.87451171875 0.8493333333333334 0.885009765625 0.8486666666666667 0.888427734375 0.846
1 0.560302734375 0.672 0.564208984375 0.667 0.5654296875 0.6616666666666666 0.560302734375 0.656 0.556640625 0.6563333333333333 0.55126953125 0.6643333333333333 0.55078125 0.6663333333333333 0.552490234375 0.67 0.557373046875 0.6733333333333333 0.560302734375 0.672
1 0.5478515625 0.5533333333333333 0.546630859375 0.549 0.544677734375 0.547 0.541259765625 0.5453333333333333 0.537109375 0.547 0.537109375 0.553 0.539794921875 0.5556666666666666 0.544921875 0.557 0.5478515625 0.5533333333333333
1 0.513916015625 0.5673333333333334 0.516845703125 0.5643333333333334 0.516845703125 0.5603333333333333 0.512939453125 0.555 0.505615234375 0.555 0.5029296875 0.5563333333333333 0.501953125 0.5583333333333333 0.501708984375 0.5606666666666666 0.50439453125 0.5646666666666667 0.509521484375 0.567 0.513916015625 0.5673333333333334
1 0.494140625 0.5526666666666666 0.494140625 0.5456666666666666 0.489501953125 0.537 0.484130859375 0.536 0.4814453125 0.5393333333333333 0.48193359375 0.5433333333333333 0.486328125 0.5523333333333333 0.489013671875 0.5533333333333333 0.494140625 0.5526666666666666
1 0.519287109375 0.5493333333333333 0.5205078125 0.5446666666666666 0.511962890625 0.5416666666666666 0.509521484375 0.5423333333333333 0.5078125 0.546 0.507568359375 0.5486666666666666 0.509033203125 0.5503333333333333 0.517333984375 0.5513333333333333 0.519287109375 0.5493333333333333
1 0.626220703125 0.6123333333333333 0.62841796875 0.6103333333333333 0.629150390625 0.6076666666666667 0.62890625 0.6033333333333334 0.62548828125 0.5996666666666667 0.613525390625 0.5976666666666667 0.60888671875 0.598 0.605712890625 0.6003333333333334 0.60546875 0.6033333333333334 0.60791015625 0.611 0.611083984375 0.614 0.626220703125 0.6123333333333333
1 0.5830078125 0.6033333333333334 0.582763671875 0.6 0.580078125 0.5906666666666667 0.576171875 0.5906666666666667 0.57421875 0.5933333333333334 0.575927734375 0.6046666666666667 0.5791015625 0.6066666666666667 0.58203125 0.605 0.5830078125 0.6033333333333334
1 0.84765625 0.4156666666666667 0.849365234375 0.408 0.851318359375 0.4043333333333333 0.849609375 0.4023333333333333 0.841064453125 0.403 0.833984375 0.4 0.83203125 0.4023333333333333 0.833251953125 0.41133333333333333 0.84130859375 0.418 0.845947265625 0.418 0.84765625 0.4156666666666667
1 0.8984375 0.2783333333333333 0.904541015625 0.278 0.9091796875 0.2753333333333333 0.909423828125 0.2693333333333333 0.908203125 0.265 0.904052734375 0.26366666666666666 0.89794921875 0.2663333333333333 0.896484375 0.2673333333333333 0.8975830078125 0.2695 0.896484375 0.2753333333333333 0.8984375 0.2783333333333333
1 0.938720703125 0.28833333333333333 0.940673828125 0.2866666666666667 0.941650390625 0.2833333333333333 0.94091796875 0.2793333333333333 0.93603515625 0.2773333333333333 0.927490234375 0.27466666666666667 0.924723388671875 0.27777766666666664 0.923828125 0.279 0.92529296875 0.2836666666666667 0.931396484375 0.2876666666666667 0.938720703125 0.28833333333333333
1 0.988525390625 0.18333333333333332 0.9892578125 0.181 0.98681640625 0.17333333333333334 0.982421875 0.16566666666666666 0.97900390625 0.162 0.97412109375 0.16333333333333333 0.970703125 0.16633333333333333 0.970458984375 0.17066666666666666 0.978271484375 0.18633333333333332 0.982666015625 0.188 0.988525390625 0.18333333333333332
1 0.996826171875 0.12733333333333333 0.998046875 0.124 0.999755859375 0.124 0.999755859375 0.122 0.99755859375 0.12133333333333333 0.993896484375 0.112 0.989990234375 0.11166666666666666 0.986328125 0.11366666666666667 0.98388671875 0.118 0.98583984375 0.12533333333333332 0.989501953125 0.12966666666666668 0.993896484375 0.12966666666666668 0.996826171875 0.12733333333333333
1 0.4501953125 0.197 0.44921875 0.19333333333333333 0.447021484375 0.19033333333333333 0.443359375 0.19066666666666668 0.439453125 0.193 0.4404296875 0.19666666666666666 0.43994140625 0.20133333333333334 0.447265625 0.20166666666666666 0.4501953125 0.197
1 0.259765625 0.166 0.26513671875 0.15733333333333333 0.271484375 0.15 0.27490234375 0.15233333333333332 0.2763671875 0.155 0.27783203125 0.17333333333333334 0.282958984375 0.178 0.286865234375 0.177 0.288818359375 0.17366666666666666 0.29638671875 0.16633333333333333 0.302490234375 0.162 0.30322265625 0.15933333333333333 0.30078125 0.15 0.294677734375 0.13833333333333334 0.283447265625 0.13266666666666665 0.265380859375 0.12966666666666668 0.260009765625 0.13 0.251953125 0.134 0.24462890625 0.14366666666666666 0.239990234375 0.154 0.2392578125 0.158 0.240234375 0.159 0.252197265625 0.16233333333333333 0.259765625 0.166
1 0.2783203125 0.10933333333333334 0.28662109375 0.108 0.294189453125 0.10333333333333333 0.302734375 0.08866666666666667 0.304443359375 0.08366666666666667 0.302734375 0.081 0.300048828125 0.07966666666666666 0.294677734375 0.07933333333333334 0.288330078125 0.08566666666666667 0.282958984375 0.08333333333333333 0.273681640625 0.08366666666666667 0.263916015625 0.08633333333333333 0.26220703125 0.088 0.260498046875 0.09266666666666666 0.25927734375 0.09933333333333333 0.2626953125 0.10366666666666667 0.267333984375 0.10666666666666667 0.2783203125 0.10933333333333334
1 0.46875 0.107 0.4697265625 0.104 0.468994140625 0.10033333333333333 0.463134765625 0.09266666666666666 0.45849609375 0.09066666666666667 0.452880859375 0.09466666666666666 0.4541015625 0.1 0.460205078125 0.108 0.463134765625 0.10933333333333334 0.46875 0.107
1 0.177001953125 0.7313333333333333 0.181884765625 0.7306666666666667 0.18408203125 0.7283333333333334 0.181640625 0.717 0.1787109375 0.7143333333333334 0.171630859375 0.7123333333333334 0.165283203125 0.7143333333333334 0.163818359375 0.7163333333333334 0.163818359375 0.721 0.166259765625 0.727 0.177001953125 0.7313333333333333
1 0.059814453125 0.8856666666666667 0.06201171875 0.8846666666666667 0.059814453125 0.8726666666666667 0.057373046875 0.8693333333333333 0.048583984375 0.8706666666666667 0.045654296875 0.8736666666666667 0.045654296875 0.8806666666666667 0.048583984375 0.883 0.05517578125 0.8833333333333333 0.059814453125 0.8856666666666667
1 0.067626953125 0.85 0.07861328125 0.8466666666666667 0.084716796875 0.838 0.082275390625 0.834 0.076171875 0.8303333333333334 0.0732421875 0.83 0.062255859375 0.833 0.059326171875 0.8373333333333334 0.054443359375 0.8533333333333334 0.056396484375 0.8576666666666667 0.063720703125 0.8556666666666667 0.067626953125 0.85
1 0.3359375 0.5916666666666667 0.337158203125 0.576 0.33447265625 0.574 0.327880859375 0.5756666666666667 0.325927734375 0.579 0.324462890625 0.5886666666666667 0.32421875 0.592 0.325927734375 0.5946666666666667 0.333984375 0.595 0.3359375 0.5916666666666667
1 0.02978515625 0.491 0.03271484375 0.49 0.0341796875 0.488 0.038330078125 0.47833333333333333 0.0390625 0.4723333333333333 0.037109375 0.4666666666666667 0.028564453125 0.465 0.021484375 0.469 0.0185546875 0.474 0.018310546875 0.479 0.019775390625 0.4836666666666667 0.02490234375 0.48966666666666664 0.02978515625 0.491
1 0.957275390625 0.6306666666666667 0.966552734375 0.6426666666666667 0.96875 0.644 0.97265625 0.6436666666666667 0.9765625 0.6383333333333333 0.9794921875 0.6306666666666667 0.978271484375 0.6266666666666667 0.964599609375 0.6073333333333333 0.957763671875 0.601 0.954833984375 0.601 0.951416015625 0.603 0.948486328125 0.6073333333333333 0.947021484375 0.6153333333333333 0.9482421875 0.6226666666666667 0.950439453125 0.626 0.957275390625 0.6306666666666667
1 0.993896484375 0.8443333333333334 0.999755859375 0.8456666666666667 0.999755859375 0.819 0.98193359375 0.8173333333333334 0.97802734375 0.819 0.974609375 0.8226666666666667 0.973388671875 0.826 0.973876953125 0.83 0.976806640625 0.834 0.993896484375 0.8443333333333334
1 0.97705078125 0.5373333333333333 0.98486328125 0.5483333333333333 0.993408203125 0.5526666666666666 0.999755859375 0.554 0.999755859375 0.5063333333333333 0.9931640625 0.5006666666666667 0.991943359375 0.498 0.986083984375 0.492 0.98193359375 0.49166666666666664 0.975341796875 0.494 0.970458984375 0.499 0.97021484375 0.5026666666666667 0.9716796875 0.509 0.971923828125 0.5256666666666666 0.97705078125 0.5373333333333333
1 0.736083984375 0.12966666666666668 0.734375 0.13433333333333333 0.734619140625 0.13833333333333334 0.738037109375 0.14 0.746826171875 0.14 0.752848388671875 0.13733333333333334 0.76416015625 0.143 0.767578125 0.14 0.76953125 0.13466666666666666 0.76953125 0.12933333333333333 0.771240234375 0.12266666666666666 0.784912109375 0.11533333333333333 0.787109375 0.113 0.7919921875 0.10266666666666667 0.791748046875 0.09933333333333333 0.787841796875 0.09366666666666666 0.782470703125 0.09133333333333334 0.77490234375 0.093 0.7607421875 0.10233333333333333 0.75146484375 0.09866666666666667 0.74560546875 0.101 0.7431640625 0.10466666666666667 0.742431640625 0.11133333333333334 0.74462890625 0.122 0.743896484375 0.124 0.736083984375 0.12966666666666668
1 0.873046875 0.19166666666666668 0.88037109375 0.184 0.884033203125 0.17733333333333334 0.88134765625 0.17333333333333334 0.876953125 0.17166666666666666 0.873291015625 0.17433333333333334 0.86669921875 0.18233333333333332 0.865966796875 0.18533333333333332 0.86669921875 0.189 0.869140625 0.19133333333333333 0.873046875 0.19166666666666668
1 0.257568359375 0.5133333333333333 0.257568359375 0.5096666666666667 0.255615234375 0.5003333333333333 0.25146484375 0.498 0.248291015625 0.49866666666666665 0.24658203125 0.5013333333333333 0.246337890625 0.5063333333333333 0.247802734375 0.513 0.255859375 0.5163333333333333 0.257568359375 0.5133333333333333
1 0.12841796875 0.615 0.130126953125 0.6113333333333333 0.130859375 0.6033333333333334 0.126953125 0.5993333333333334 0.123046875 0.6003333333333334 0.11474609375 0.6106666666666667 0.114990234375 0.62 0.118896484375 0.6223333333333333 0.12255859375 0.6216666666666667 0.12841796875 0.615
1 0.423380615234375 0.429047 0.4107666015625 0.431824 0.3704833984375 0.4945846666666666 0.412801025390625 0.5367953333333333 0.4718017578125 0.47125766666666663 0.423380615234375 0.429047
1 0.293596923828125 0.7120829999999999 0.28964794921875 0.6989593333333334 0.265782470703125 0.6966156666666667 0.251875244140625 0.7059899999999999 0.2594296875 0.7177076666666666 0.27951806640625 0.7214573333333333 0.293596923828125 0.7120829999999999
1 0.31505859375 0.715364 0.308877685546875 0.6984903333333333 0.301065673828125 0.6935306666666667 0.297717529296875 0.7045836666666667 0.305100341796875 0.7247383333333334 0.3123115234375 0.72591 0.31505859375 0.715364
1 0.315917236328125 0.6623996666666667 0.316260498046875 0.67318 0.3308544921875 0.675055 0.332056396484375 0.6654463333333334 0.315917236328125 0.6623996666666667
1 0.12144189453125 0.11362733333333333 0.118078125 0.12784600000000002 0.1248056640625 0.13101233333333331 0.12863330078125 0.11898 0.12144189453125 0.11362733333333333
1 0.055603271484375 0.07841366666666667 0.059298095703125 0.07238166666666666 0.05821142578125 0.069316 0.056400146484375 0.06882166666666667 0.0537919921875 0.068449 0.0506044921875 0.07257933333333333 0.049227783203125 0.07683166666666667 0.051328857421875 0.07969933333333334 0.055603271484375 0.07841366666666667
1 0.09059521484375 0.048153999999999995 0.086900390625 0.04587966666666667 0.084437255859375 0.05062633333333333 0.093420654296875 0.062394 0.09675341796875 0.05675733333333333 0.09059521484375 0.048153999999999995
1 0.0724111328125 0.10769266666666666 0.0732802734375 0.10522033333333333 0.072918212890625 0.10225366666666667 0.068861083984375 0.10403366666666666 0.0670498046875 0.107297 0.06813671875 0.11016466666666667 0.0724111328125 0.10769266666666666
1 0.0482861328125 0.11362599999999999 0.048213623046875 0.10937366666666666 0.046692138671875 0.108088 0.04560546875 0.10798933333333334 0.043576904296875 0.110758 0.04386669921875 0.11501033333333334 0.04640234375 0.11738366666666666 0.0482861328125 0.11362599999999999
1 0.030319091796875 0.18907533333333335 0.032202880859375 0.20135933333333333 0.0518359375 0.20017266666666667 0.0498798828125 0.18622966666666665 0.030319091796875 0.18907533333333335
1 0.0646591796875 0.28721433333333335 0.062992919921875 0.286621 0.06139892578125 0.28136266666666665 0.05589306640625 0.2852363333333333 0.055458251953125 0.294532 0.062630615234375 0.2946306666666667 0.0646591796875 0.28721433333333335
1 0.064224365234375 0.29367766666666667 0.056762451171875 0.2984873333333333 0.06364501953125 0.31173833333333334 0.07031005859375 0.3060026666666667 0.064224365234375 0.29367766666666667
1 0.065963134765625 0.321734 0.066615234375 0.31560299999999997 0.058935791015625 0.3136253333333333 0.056979736328125 0.3154053333333333 0.056400146484375 0.320844 0.0623408203125 0.32311833333333334 0.065963134765625 0.321734
1 0.03053662109375 0.3242423333333333 0.020176513671875 0.32618400000000003 0.020973388671875 0.333106 0.03176806640625 0.33172166666666664 0.03053662109375 0.3242423333333333
1 0.06255810546875 0.35595733333333335 0.062992919921875 0.36337400000000003 0.06893359375 0.3600116666666667 0.080380126953125 0.3594183333333334 0.07929345703125 0.35368299999999997 0.07813427734375 0.350504 0.066687744140625 0.3480463333333333 0.06799169921875 0.35368299999999997 0.0638623046875 0.3530896666666667 0.06255810546875 0.35595733333333335
1 0.1032734375 0.338454 0.102549072265625 0.3459696666666667 0.11392333984375 0.349233 0.115227294921875 0.342014 0.1032734375 0.338454
1 0.076685302734375 0.3154133333333333 0.078569091796875 0.3109633333333333 0.077264892578125 0.30806966666666663 0.074439453125 0.30859 0.072338623046875 0.3118533333333333 0.072555908203125 0.31620433333333337 0.076685302734375 0.3154133333333333
1 0.036513427734375 0.6157929999999999 0.015974609375 0.6306493333333334 0.02314697265625 0.641527 0.043142333984375 0.6249136666666667 0.036513427734375 0.6157929999999999
1 0.03328955078125 0.656261 0.016481689453125 0.656459 0.015250244140625 0.66971 0.031043701171875 0.6683253333333333 0.03328955078125 0.656261
1 0.016771484375 0.656261 0.014091064453125 0.6520090000000001 0.000833251953125 0.6551733333333333 0.00822265625 0.6708966666666667 0.01619189453125 0.6675343333333333 0.016771484375 0.656261
1 0.0194521484375 0.6871263333333333 0.0186552734375 0.6940483333333334 0.026841796875 0.6985973333333333 0.026986572265625 0.6905873333333334 0.0194521484375 0.6871263333333333
1 0.05045947265625 0.7933560000000001 0.061616455078125 0.7929603333333333 0.06762939453125 0.787027 0.062703125 0.7811926666666666 0.048430908203125 0.7797093333333334 0.040896484375 0.7823793333333333 0.046330078125 0.7903893333333334 0.05045947265625 0.7933560000000001
1 0.06444189453125 0.8040356666666667 0.0623408203125 0.797707 0.058138916015625 0.798597 0.0529951171875 0.802157 0.05828369140625 0.8070023333333334 0.06444189453125 0.8040356666666667
1 0.029522216796875 0.7897959999999999 0.0303916015625 0.7980036666666667 0.0405341796875 0.796817 0.039664794921875 0.7885103333333333 0.029522216796875 0.7897959999999999
1 0.027638671875 0.829363 0.029739501953125 0.8254076666666667 0.02995703125 0.8196720000000001 0.027928466796875 0.8150566666666667 0.024668212890625 0.81809 0.023436767578125 0.8235286666666666 0.024016357421875 0.8276819999999999 0.027638671875 0.829363
1 0.01619189453125 0.8206610000000001 0.01539501953125 0.8140356666666666 0.011627685546875 0.8073413333333332 0.00800537109375 0.8084976666666667 0.008657470703125 0.8166066666666667 0.012786865234375 0.8226386666666667 0.01619189453125 0.8206610000000001
1 0.042200439453125 0.8244186666666666 0.0444462890625 0.834604 0.05045947265625 0.8315386666666666 0.048720703125 0.8229353333333334 0.042200439453125 0.8244186666666666
1 0.030246826171875 0.8690293333333334 0.03017431640625 0.8648760000000001 0.027203857421875 0.8600303333333333 0.02321923828125 0.8601293333333333 0.0225673828125 0.863986 0.0264794921875 0.8696226666666667 0.030246826171875 0.8690293333333334
1 0.09834716796875 0.9363999999999999 0.09682568359375 0.93284 0.089146240234375 0.930368 0.0856689453125 0.9327413333333334 0.085813720703125 0.93729 0.0926962890625 0.9394656666666666 0.09834716796875 0.9363999999999999
1 0.13145556640625 0.8584563333333334 0.11276416015625 0.860434 0.114575439453125 0.8723006666666667 0.131383056640625 0.8713116666666666 0.133918701171875 0.8655763333333333 0.13145556640625 0.8584563333333334
1 0.112619140625 0.7903106666666666 0.09704296875 0.7955516666666668 0.1016796875 0.8028693333333334 0.11587939453125 0.7990126666666667 0.112619140625 0.7903106666666666
1 0.14529296875 0.8204673333333333 0.147176513671875 0.8159183333333334 0.14471337890625 0.8097873333333334 0.14043896484375 0.8104796666666666 0.138410400390625 0.8134463333333333 0.140149169921875 0.8192806666666667 0.14529296875 0.8204673333333333
1 0.16304248046875 0.6738833333333334 0.164056884765625 0.6714113333333334 0.16268017578125 0.6666846666666667 0.15326220703125 0.666368 0.152972412109375 0.6695323333333333 0.155145751953125 0.6732899999999999 0.16304248046875 0.6738833333333334
1 0.075671142578125 0.6193759999999999 0.076685302734375 0.6401423333333333 0.082481201171875 0.6408346666666667 0.0817568359375 0.6190793333333333 0.075671142578125 0.6193759999999999
1 0.094000244140625 0.6322313333333334 0.094217529296875 0.6293636666666667 0.09175439453125 0.6234303333333333 0.088711669921875 0.622936 0.087697509765625 0.6262983333333333 0.089508544921875 0.632627 0.094000244140625 0.6322313333333334
1 0.090305419921875 0.652899 0.09834716796875 0.6455813333333333 0.093348388671875 0.6393513333333334 0.093782958984375 0.6390546666666667 0.076613037109375 0.638857 0.069802978515625 0.6440980000000001 0.076250732421875 0.6516133333333333 0.090305419921875 0.652899
1 0.100013427734375 0.5887046666666667 0.098274658203125 0.5842546666666666 0.0950146484375 0.5808926666666667 0.09211669921875 0.580596 0.089508544921875 0.5835626666666667 0.09385546875 0.589298 0.09675341796875 0.5925613333333333 0.100013427734375 0.5887046666666667
1 0.1168212890625 0.5441293333333334 0.1145029296875 0.552413 0.121602783203125 0.552314 0.12370361328125 0.5449963333333333 0.1168212890625 0.5441293333333334
1 0.154711181640625 0.5269866666666667 0.154348876953125 0.521548 0.14935009765625 0.5124503333333333 0.14449609375 0.5101756666666667 0.143264404296875 0.5184823333333333 0.143989013671875 0.5265909999999999 0.147901123046875 0.5281733333333333 0.154711181640625 0.5269866666666667
1 0.174634033203125 0.5516096666666667 0.17630029296875 0.5471596666666667 0.176372802734375 0.542512 0.17506884765625 0.5402716666666667 0.171518798828125 0.5406329999999999 0.1706494140625 0.5449843333333333 0.171301513671875 0.5506206666666666 0.174634033203125 0.5516096666666667
1 0.202236572265625 0.543303 0.201439453125 0.5502253333333333 0.21136474609375 0.5533896666666667 0.212741455078125 0.5464676666666667 0.202236572265625 0.543303
1 0.110518310546875 0.4796033333333333 0.111025390625 0.4932496666666667 0.117762939453125 0.4909753333333333 0.116748779296875 0.47821899999999995 0.110518310546875 0.4796033333333333
1 0.1363095703125 0.065954 0.137396240234375 0.059921666666666665 0.13616455078125 0.057054 0.132759521484375 0.058735 0.130803466796875 0.06605266666666666 0.133701416015625 0.068624 0.1363095703125 0.065954
1 0.27874072265625 0.058292000000000004 0.28460888671875 0.065313 0.28685498046875 0.06076433333333334 0.286420166015625 0.05928099999999999 0.282290771484375 0.05453433333333334 0.281566162109375 0.04741433333333333 0.27750927734375 0.04761233333333333 0.2773642578125 0.05463333333333333 0.279610107421875 0.05493 0.27874072265625 0.058292000000000004
1 0.298084228515625 0.022602 0.29620068359375 0.04909566666666667 0.308009521484375 0.05067766666666666 0.3085166015625 0.02447266666666667 0.298084228515625 0.022602
1 0.3193837890625 0.03105933333333333 0.307067626953125 0.048007666666666664 0.320108154296875 0.05799533333333333 0.330830322265625 0.040986666666666664 0.3193837890625 0.03105933333333333
1 0.30714013671875 0.05572100000000001 0.3077197265625 0.06422533333333333 0.31576123046875 0.06303866666666667 0.315471435546875 0.054831 0.30714013671875 0.05572100000000001
1 0.2875068359375 0.021209333333333334 0.2843916015625 0.024670333333333332 0.28881103515625 0.033768 0.292216064453125 0.030999 0.2875068359375 0.021209333333333334
1 0.266497314453125 0.007562666666666666 0.263744140625 0.013693666666666668 0.2742490234375 0.022198 0.275408203125 0.016067 0.266497314453125 0.007562666666666666
1 0.28533349609375 0.18163733333333335 0.284464111328125 0.19300933333333334 0.3061982421875 0.197064 0.305908447265625 0.18598833333333334 0.28533349609375 0.18163733333333335
1 0.263744140625 0.18351633333333334 0.2633095703125 0.177682 0.260701416015625 0.17619866666666667 0.256209716796875 0.18203300000000003 0.25729638671875 0.19024066666666667 0.261063720703125 0.19033966666666666 0.263744140625 0.18351633333333334
1 0.1553994140625 0.18462433333333336 0.156884521484375 0.19519299999999998 0.175575927734375 0.194303 0.17318505859375 0.18263433333333334 0.1553994140625 0.18462433333333336
1 0.163984375 0.16251666666666667 0.161955810546875 0.17057 0.165650634765625 0.170669 0.16731689453125 0.16345033333333334 0.163984375 0.16251666666666667
1 0.193905029296875 0.31881466666666664 0.188471435546875 0.316046 0.18557373046875 0.320496 0.185138916015625 0.32811033333333334 0.191224609375 0.3297913333333333 0.193905029296875 0.31881466666666664
1 0.195498779296875 0.266674 0.195498779296875 0.273623 0.19883154296875 0.2734253333333333 0.198251953125 0.26600866666666667 0.195498779296875 0.266674
1 0.24519775390625 0.33929666666666664 0.240633544921875 0.3476033333333333 0.2438935546875 0.35185533333333335 0.2485302734375 0.34523000000000004 0.24519775390625 0.33929666666666664
1 0.2262890625 0.33751666666666663 0.2196962890625 0.34127433333333335 0.221724853515625 0.3484933333333333 0.227810302734375 0.34532900000000005 0.2262890625 0.33751666666666663
1 0.22929541015625 0.37632066666666664 0.219333984375 0.37944500000000003 0.22107275390625 0.387455 0.231070556640625 0.38379599999999997 0.22929541015625 0.37632066666666664
1 0.2508486328125 0.3923126666666667 0.251138427734375 0.4006193333333333 0.25765869140625 0.40170700000000004 0.257513671875 0.39389466666666667 0.2508486328125 0.3923126666666667
1 0.186515380859375 0.39330133333333334 0.187819580078125 0.388555 0.18680517578125 0.38558833333333337 0.183617431640625 0.386676 0.18209619140625 0.3922136666666667 0.183762451171875 0.394686 0.186515380859375 0.39330133333333334
1 0.2520078125 0.4304766666666667 0.2477333984375 0.43820866666666664 0.25142822265625 0.44117533333333336 0.256572021484375 0.43484633333333333 0.2520078125 0.4304766666666667
1 0.25983203125 0.45719899999999997 0.2601943359375 0.4508703333333334 0.25649951171875 0.45047466666666663 0.2551953125 0.4451346666666667 0.249037353515625 0.44454133333333334 0.24947216796875 0.450277 0.253529052734375 0.459968 0.25983203125 0.45719899999999997
1 0.269684814453125 0.43514733333333333 0.26236767578125 0.445036 0.26780126953125 0.4517603333333333 0.27562548828125 0.4425636666666667 0.269684814453125 0.43514733333333333
1 0.272365478515625 0.4621436666666667 0.273379638671875 0.45937466666666665 0.27287255859375 0.45584800000000003 0.26932275390625 0.45680366666666666 0.267294189453125 0.459968 0.269177734375 0.46194566666666664 0.272365478515625 0.4621436666666667
1 0.2313603515625 0.5969556666666667 0.237518310546875 0.5912203333333333 0.23157763671875 0.5834079999999999 0.226578857421875 0.5820236666666666 0.217305419921875 0.5837046666666666 0.22085546875 0.5918136666666667 0.2313603515625 0.5969556666666667
1 0.244690673828125 0.5606639999999999 0.238025390625 0.5636306666666667 0.240488525390625 0.5681793333333334 0.246501708984375 0.5648173333333333 0.244690673828125 0.5606639999999999
1 0.301996337890625 0.5736183333333333 0.303155517578125 0.5707503333333334 0.30054736328125 0.5644216666666667 0.290114990234375 0.5643226666666666 0.28685498046875 0.5671906666666666 0.28924560546875 0.5741126666666666 0.301996337890625 0.5736183333333333
1 0.239112060546875 0.7302020000000001 0.23273681640625 0.7323773333333333 0.235779541015625 0.7429583333333334 0.24128564453125 0.7407830000000001 0.239112060546875 0.7302020000000001
1 0.2562822265625 0.754825 0.259759521484375 0.7500783333333334 0.25461572265625 0.7439473333333334 0.248820068359375 0.7456283333333334 0.2454150390625 0.750474 0.249979248046875 0.756407 0.2562822265625 0.754825
1 0.2010048828125 0.7954013333333334 0.19433984375 0.8035100000000001 0.211002685546875 0.8128053333333334 0.213393310546875 0.8029166666666666 0.2010048828125 0.7954013333333334
1 0.19926611328125 0.7977746666666667 0.2021640625 0.794808 0.200860107421875 0.7874903333333333 0.200932373046875 0.7870946666666667 0.189775634765625 0.7852156666666666 0.185791015625 0.786699 0.188036865234375 0.7970823333333332 0.19926611328125 0.7977746666666667
1 0.17622802734375 0.7973790000000001 0.185791015625 0.784128 0.170142333984375 0.777997 0.149712158203125 0.783238 0.139859375 0.7957966666666666 0.152827392578125 0.8042023333333334 0.17622802734375 0.7973790000000001
1 0.22998388671875 0.8084543333333333 0.2305634765625 0.8049933333333333 0.2266875 0.7936909999999999 0.22186962890625 0.7949066666666667 0.22071044921875 0.8006423333333333 0.22455029296875 0.8076633333333333 0.22998388671875 0.8084543333333333
1 0.276277587890625 0.8301106666666667 0.277001953125 0.8262543333333333 0.273814453125 0.817552 0.269684814453125 0.8155743333333333 0.26765625 0.8230896666666666 0.271423583984375 0.8310996666666667 0.276277587890625 0.8301106666666667
1 0.258165771484375 0.8629496666666667 0.25186279296875 0.8716516666666666 0.255992431640625 0.8751126666666668 0.261281005859375 0.8677950000000001 0.258165771484375 0.8629496666666667
1 0.279392822265625 0.8725416666666667 0.27287255859375 0.8729373333333333 0.27366943359375 0.8771893333333334 0.279247802734375 0.8770906666666667 0.279392822265625 0.8725416666666667
1 0.333184814453125 0.809567 0.327135498046875 0.8128136666666667 0.331409912109375 0.8257680000000001 0.337060791015625 0.8234933333333333 0.333184814453125 0.809567
1 0.318731689453125 0.8667073333333333 0.31496435546875 0.869773 0.31960107421875 0.8767940000000001 0.324020263671875 0.873926 0.318731689453125 0.8667073333333333
1 0.31257373046875 0.8844083333333334 0.30909619140625 0.8866826666666666 0.311487060546875 0.8911326666666667 0.314674560546875 0.8883636666666667 0.31257373046875 0.8844083333333334
1 0.311704345703125 0.9340579999999999 0.31068994140625 0.9411776666666666 0.320687744140625 0.9432543333333333 0.32155712890625 0.9362333333333333 0.311704345703125 0.9340579999999999
1 0.25765869140625 0.9300036666666667 0.2536015625 0.9354423333333334 0.258745361328125 0.9390023333333334 0.2625849609375 0.9335633333333333 0.25765869140625 0.9300036666666667
1 0.1834365234375 0.9285773333333334 0.178365234375 0.9293683333333334 0.17822021484375 0.938466 0.183581298828125 0.9375760000000001 0.1834365234375 0.9285773333333334
1 0.135621337890625 0.850444 0.128231689453125 0.8401596666666666 0.12402978515625 0.841742 0.12402978515625 0.846093 0.12917333984375 0.8526196666666667 0.135621337890625 0.850444
1 0.31536279296875 0.9097876666666667 0.3147109375 0.9161163333333334 0.32253515625 0.9185886666666667 0.322607666015625 0.9123586666666667 0.31536279296875 0.9097876666666667
1 0.28529736328125 0.9768546666666666 0.28421044921875 0.9726023333333332 0.280805419921875 0.9668410000000001 0.27718310546875 0.9696356666666667 0.276821044921875 0.97547 0.282326904296875 0.9805133333333333 0.28529736328125 0.9768546666666666
1 0.432510009765625 0.8976996666666667 0.4183466796875 0.9118216666666668 0.43761767578125 0.9409936666666667 0.451962158203125 0.929918 0.432510009765625 0.8976996666666667
1 0.460873046875 0.9638366666666668 0.464640380859375 0.9527613333333333 0.4487744140625 0.948608 0.445514404296875 0.9499923333333333 0.43254638671875 0.9566176666666667 0.421099609375 0.975011 0.4347197265625 0.9761976666666666 0.460873046875 0.9638366666666668
1 0.464857666015625 0.9420813333333333 0.4627568359375 0.9360493333333334 0.45826513671875 0.9407956666666667 0.45638134765625 0.9511789999999999 0.462104736328125 0.9525633333333333 0.464857666015625 0.9420813333333333
1 0.429141357421875 0.9333793333333333 0.42015771484375 0.9367413333333334 0.426460693359375 0.9439603333333333 0.435009521484375 0.942279 0.429141357421875 0.9333793333333333
1 0.426098388671875 0.9297203333333334 0.4253740234375 0.9231936666666667 0.418853759765625 0.925666 0.4175498046875 0.9306103333333334 0.421896484375 0.9318960000000001 0.426098388671875 0.9297203333333334
1 0.41740478515625 0.9331813333333333 0.417260009765625 0.9307093333333334 0.412043701171875 0.9269516666666666 0.4071171875 0.9275450000000001 0.407552001953125 0.9319946666666666 0.4144345703125 0.9351593333333333 0.41740478515625 0.9331813333333333
1 0.4495712890625 0.8815500000000001 0.45942431640625 0.8795723333333334 0.4643505859375 0.87443 0.46377099609375 0.870079 0.4616337890625 0.8680253333333333 0.4565263671875 0.8687933333333334 0.451744873046875 0.8721556666666667 0.4479775390625 0.8790776666666668 0.4495712890625 0.8815500000000001
1 0.4628291015625 0.7910393333333333 0.464712890625 0.8095313333333334 0.476087158203125 0.8073560000000001 0.473986083984375 0.7889626666666666 0.4628291015625 0.7910393333333333
1 0.389150390625 0.7750196666666668 0.383716796875 0.7775186666666667 0.3840791015625 0.7856006666666667 0.392193115234375 0.7829306666666667 0.393931884765625 0.7778873333333333 0.389150390625 0.7750196666666668
1 0.463698486328125 0.7504873333333333 0.466306640625 0.7423786666666666 0.467393310546875 0.7376320000000001 0.466741455078125 0.7354563333333334 0.46217724609375 0.7360496666666666 0.4589169921875 0.7458396666666666 0.46217724609375 0.7539483333333332 0.463698486328125 0.7504873333333333
1 0.454642578125 0.6937136666666667 0.44152978515625 0.7012293333333334 0.447905029296875 0.7069646666666666 0.45949658203125 0.7000426666666667 0.454642578125 0.6937136666666667
1 0.395380859375 0.710916 0.395525634765625 0.704983 0.394873779296875 0.7012250000000001 0.389874755859375 0.7037963333333334 0.388715576171875 0.707653 0.39009228515625 0.7150693333333333 0.395380859375 0.710916
1 0.372487548828125 0.739297 0.37806591796875 0.727826 0.369227294921875 0.7120040000000001 0.356549072265625 0.7053783333333334 0.356694091796875 0.720706 0.364952880859375 0.7368246666666667 0.372487548828125 0.739297
1 0.44623876953125 0.5833266666666667 0.439066650390625 0.5896556666666667 0.44703564453125 0.59638 0.4557294921875 0.5885676666666667 0.44623876953125 0.5833266666666667
1 0.451237548828125 0.5633513333333333 0.434067626953125 0.5741303333333334 0.440515380859375 0.583129 0.4573232421875 0.5730423333333333 0.451237548828125 0.5633513333333333
1 0.431677001953125 0.5360503333333334 0.440515380859375 0.5185473333333334 0.4339951171875 0.5140973333333333 0.42870654296875 0.5278426666666667 0.42283837890625 0.528436 0.422548583984375 0.5344683333333333 0.431677001953125 0.5360503333333334
1 0.44776025390625 0.5264583333333334 0.448267333984375 0.5321936666666667 0.45710595703125 0.5316993333333333 0.457033447265625 0.5253706666666667 0.44776025390625 0.5264583333333334
1 0.46022119140625 0.35602233333333333 0.4577578125 0.36868 0.469277099609375 0.37659099999999995 0.475145263671875 0.36749333333333334 0.46022119140625 0.35602233333333333
1 0.479781982421875 0.39122633333333334 0.50231298828125 0.39122633333333334 0.514701416015625 0.38222733333333336 0.514556640625 0.3657133333333334 0.503616943359375 0.36264766666666665 0.49847314453125 0.3604723333333333 0.486012451171875 0.3611643333333333 0.48246240234375 0.36195533333333335 0.47427587890625 0.368482 0.4682626953125 0.3775796666666667 0.468335205078125 0.38578733333333337 0.479781982421875 0.39122633333333334
1 0.4721748046875 0.35088 0.471740234375 0.347685 0.466596435546875 0.3494956666666667 0.466596435546875 0.35572566666666666 0.470436279296875 0.3556266666666667 0.4721748046875 0.35088
1 0.423707763671875 0.3698666666666666 0.417694580078125 0.37649200000000005 0.419578125 0.383612 0.42827197265625 0.37540433333333334 0.423707763671875 0.3698666666666666
1 0.3856728515625 0.42178266666666664 0.384948486328125 0.41960699999999995 0.372704833984375 0.42099133333333333 0.370458984375 0.43364899999999995 0.3802392578125 0.434539 0.3856728515625 0.42178266666666664
1 0.383716796875 0.32453899999999997 0.371183349609375 0.33000266666666667 0.373864013671875 0.34048466666666666 0.386687255859375 0.33425466666666664 0.383716796875 0.32453899999999997
1 0.369155029296875 0.34651699999999996 0.371762939453125 0.3405836666666667 0.36734375 0.32950833333333335 0.350173828125 0.336628 0.3568388671875 0.347308 0.3638662109375 0.3449346666666667 0.369155029296875 0.34651699999999996
1 0.421896484375 0.19339833333333334 0.4214619140625 0.18884933333333334 0.4175498046875 0.18242166666666665 0.4121162109375 0.18331166666666665 0.412985595703125 0.19161833333333333 0.41588330078125 0.194684 0.421896484375 0.19339833333333334
1 0.324599853515625 0.114296 0.325143310546875 0.12437266666666666 0.330214599609375 0.123878 0.329055419921875 0.11408833333333333 0.324599853515625 0.114296
1 0.367814697265625 0.125856 0.364699462890625 0.13594233333333333 0.369770751953125 0.14276566666666668 0.37303076171875 0.13080033333333332 0.367814697265625 0.125856
1 0.39969140625 0.12002133333333334 0.398967041015625 0.11270366666666666 0.393895751953125 0.11033066666666667 0.3930263671875 0.11369266666666666 0.3942578125 0.11853833333333334 0.39969140625 0.12002133333333334
1 0.382521240234375 0.05386766666666667 0.3745908203125 0.06583833333333333 0.385226806640625 0.07615333333333334 0.392970458984375 0.06265466666666666 0.382521240234375 0.05386766666666667
1 0.357703857421875 0.062545 0.3528525390625 0.06303666666666667 0.355091552734375 0.06749366666666666 0.358730224609375 0.067621 0.357703857421875 0.062545
1 0.492845947265625 0.136016 0.49116650390625 0.13295966666666667 0.4884609375 0.13155866666666666 0.48491552734375 0.139327 0.487807861328125 0.14340233333333333 0.4922861328125 0.145567 0.492845947265625 0.136016
1 0.528205810546875 0.234604 0.51999560546875 0.231675 0.518129638671875 0.23651433333333333 0.528299072265625 0.24224500000000002 0.53165771484375 0.23766033333333333 0.528205810546875 0.234604
1 0.505907470703125 0.24807766666666664 0.50534765625 0.2563806666666667 0.509732666015625 0.25523433333333334 0.51029248046875 0.249249 0.505907470703125 0.24807766666666664
1 0.510945556640625 0.314085 0.514304443359375 0.310901 0.51019921875 0.3055526666666667 0.50506787109375 0.30593466666666663 0.50002978515625 0.30988233333333337 0.504601318359375 0.3143396666666667 0.510945556640625 0.314085
1 0.54761181640625 0.2971836666666667 0.538001953125 0.3032603333333333 0.541920654296875 0.31077366666666667 0.552369873046875 0.30338766666666667 0.54761181640625 0.2971836666666667
1 0.5367890625 0.40223033333333336 0.52783251953125 0.40452266666666664 0.53007177734375 0.40987133333333337 0.538468505859375 0.4080883333333334 0.5367890625 0.40223033333333336
1 0.559507080078125 0.4252033333333333 0.553302978515625 0.42540766666666663 0.55442236328125 0.4301196666666666 0.56020703125 0.430247 0.559507080078125 0.4252033333333333
1 0.5668310546875 0.43801533333333337 0.563005859375 0.43590333333333336 0.559740478515625 0.44017999999999996 0.563005859375 0.44463733333333333 0.5668310546875 0.443109 0.5668310546875 0.43801533333333337
1 0.58726318359375 0.43546833333333335 0.58222509765625 0.436105 0.583718017578125 0.45049533333333336 0.588756103515625 0.4498586666666667 0.58726318359375 0.43546833333333335
1 0.457486083984375 0.33100399999999996 0.4531943359375 0.338047 0.457672607421875 0.340594 0.46103125 0.334354 0.457486083984375 0.33100399999999996
1 0.5338037109375 0.6043836666666667 0.535669677734375 0.600054 0.534456787109375 0.592795 0.52764599609375 0.5901206666666667 0.525593505859375 0.5954693333333333 0.52745947265625 0.601964 0.5338037109375 0.6043836666666667
1 0.545932373046875 0.681068 0.54294677734375 0.6881993333333333 0.5503173828125 0.6966043333333334 0.55320947265625 0.6902369999999999 0.545932373046875 0.681068
1 0.48127685546875 0.651817 0.481556884765625 0.658782 0.48612841796875 0.657636 0.485288818359375 0.650632 0.48127685546875 0.651817
1 0.5450927734375 0.7680673333333334 0.54075439453125 0.7611113333333333 0.531937744140625 0.7662846666666666 0.53165771484375 0.774435 0.5402412109375 0.7699776666666667 0.5450927734375 0.7680673333333334
1 0.567763916015625 0.8455659999999999 0.5640322265625 0.853926 0.57420166015625 0.8650053333333334 0.580172607421875 0.8574916666666667 0.567763916015625 0.8455659999999999
1 0.348388671875 0.8573333333333333 0.361328125 0.864 0.366943359375 0.8686666666666667 0.3759765625 0.8793333333333333 0.381103515625 0.883 0.388671875 0.8823333333333333 0.395751953125 0.8863333333333333 0.405029296875 0.8863333333333333 0.44580078125 0.8726666666666667 0.4521484375 0.869 0.452392578125 0.8673333333333333 0.451904296875 0.8646666666666667 0.440673828125 0.852 0.439208984375 0.8466666666666667 0.41796875 0.8046666666666666 0.418212890625 0.7953333333333333 0.41552734375 0.7863333333333333 0.411865234375 0.786 0.407958984375 0.7886666666666666 0.400390625 0.791 0.39208984375 0.8026666666666666 0.381591796875 0.8053333333333333 0.358642578125 0.818 0.35693359375 0.8216666666666667 0.35546875 0.83 0.3427734375 0.842 0.341064453125 0.8453333333333334 0.341064453125 0.8476666666666667 0.343017578125 0.853 0.348388671875 0.8573333333333333
1 0.648513427734375 0.8337193333333333 0.649259765625 0.8385273333333333 0.656443603515625 0.8369993333333333 0.655137451171875 0.8308863333333334 0.648513427734375 0.8337193333333333
1 0.684059814453125 0.7087570000000001 0.680141357421875 0.7120500000000001 0.6869521484375 0.723384 0.690590576171875 0.7198183333333333 0.684059814453125 0.7087570000000001
1 0.585444091796875 0.6758676666666666 0.588336181640625 0.6725566666666667 0.58567724609375 0.6676763333333333 0.5803125 0.669755 0.577886962890625 0.6748486666666667 0.580685791015625 0.6780326666666666 0.585444091796875 0.6758676666666666
1 0.6047099609375 0.5933483333333334 0.59514697265625 0.597915 0.598039306640625 0.6036456666666666 0.608115478515625 0.6010986666666667 0.6047099609375 0.5933483333333334
1 0.5785400390625 0.5130803333333334 0.57499462890625 0.5157546666666666 0.5813388671875 0.524924 0.5851640625 0.5222496666666667 0.5785400390625 0.5130803333333334
1 0.638623779296875 0.4928166666666667 0.6454345703125 0.49192500000000006 0.648419921875 0.48861400000000005 0.647766845703125 0.4858123333333333 0.63969677734375 0.48214333333333337 0.636384521484375 0.48593966666666666 0.632652587890625 0.49052433333333334 0.633119140625 0.49447199999999997 0.638623779296875 0.4928166666666667
1 0.646694091796875 0.37475966666666666 0.642728759765625 0.3771586666666667 0.644408203125 0.383526 0.6494462890625 0.38072433333333333 0.646694091796875 0.37475966666666666
1 0.624629150390625 0.3777953333333333 0.62304296875 0.3730833333333333 0.6220634765625 0.3720846666666666 0.619404296875 0.3742296666666667 0.61893798828125 0.382125 0.6232294921875 0.38225233333333336 0.624629150390625 0.3777953333333333
1 0.586376953125 0.25040566666666664 0.583204833984375 0.256773 0.588429443359375 0.258556 0.590855224609375 0.2546083333333333 0.586376953125 0.25040566666666664
1 0.578166748046875 0.19194266666666665 0.5749013671875 0.189227 0.570329833984375 0.19296133333333335 0.570516357421875 0.19614499999999999 0.57779345703125 0.196527 0.578166748046875 0.19194266666666665
1 0.578959716796875 0.08604700000000001 0.574248291015625 0.08901933333333333 0.578073486328125 0.09793366666666667 0.583298095703125 0.09704233333333334 0.578959716796875 0.08604700000000001
1 0.631533203125 0.03424933333333333 0.631533203125 0.028646 0.62817431640625 0.025462333333333333 0.6188447265625 0.028646 0.6180048828125 0.036287 0.62276318359375 0.03806966666666667 0.631533203125 0.03424933333333333
1 0.680607666015625 0.15474133333333334 0.67818212890625 0.15117566666666665 0.67463671875 0.14901066666666665 0.672864013671875 0.148146 0.664000732421875 0.15193966666666667 0.67071826171875 0.16021733333333332 0.67818212890625 0.15843433333333334 0.680607666015625 0.15474133333333334
1 0.658962646484375 0.3051756666666667 0.660268798828125 0.302756 0.660548828125 0.30062300000000003 0.656443603515625 0.3000816666666667 0.652245361328125 0.30161 0.65336474609375 0.304921 0.658962646484375 0.3051756666666667
1 0.669038818359375 0.33854100000000004 0.66810595703125 0.343762 0.6756630859375 0.34567233333333336 0.6760361328125 0.3409603333333333 0.669038818359375 0.33854100000000004
1 0.716154296875 0.3401963333333334 0.7159677734375 0.3368853333333333 0.712142578125 0.3368853333333333 0.710742919921875 0.34274333333333334 0.714195068359375 0.34439899999999996 0.716154296875 0.3401963333333334
1 0.7389189453125 0.3816383333333333 0.732294677734375 0.38236433333333336 0.733321044921875 0.3934433333333333 0.739478759765625 0.39242466666666664 0.7389189453125 0.3816383333333333
1 0.740318359375 0.39841 0.7349072265625 0.39841 0.734533935546875 0.40783366666666665 0.74153125 0.4080883333333334 0.740318359375 0.39841
1 0.67818212890625 0.545389 0.669412109375 0.546048 0.670998046875 0.551906 0.679021728515625 0.551524 0.67818212890625 0.545389
1 0.708037353515625 0.5648953333333333 0.697587890625 0.5707533333333333 0.7010400390625 0.5772483333333333 0.7127021484375 0.571645 0.708037353515625 0.5648953333333333
1 0.6786484375 0.5319123333333333 0.67314404296875 0.5330583333333333 0.67463671875 0.5373883333333334 0.678835205078125 0.536242 0.6786484375 0.5319123333333333
1 0.663907470703125 0.589909 0.659708984375 0.591532 0.660548828125 0.596626 0.6647470703125 0.5961166666666666 0.663907470703125 0.589909
1 0.68098095703125 0.5709926666666667 0.67491650390625 0.5709016666666666 0.676502685546875 0.5753586666666667 0.68200732421875 0.5749766666666667 0.68098095703125 0.5709926666666667
1 0.61548583984375 0.806969 0.61175390625 0.8203216666666667 0.6264951171875 0.8257976666666667 0.628547607421875 0.8138270000000001 0.61548583984375 0.806969
1 0.58273828125 0.8975156666666667 0.587216552734375 0.8948413333333333 0.588056396484375 0.8908933333333333 0.583951171875 0.8880916666666667 0.580499267578125 0.8897473333333334 0.57900634765625 0.894459 0.58273828125 0.8975156666666667
1 0.540194580078125 0.8952453333333333 0.534130126953125 0.8964966666666666 0.53571630859375 0.900954 0.54215380859375 0.8992983333333333 0.540194580078125 0.8952453333333333
1 0.634891845703125 0.959534 0.63685107421875 0.9641183333333333 0.6433818359375 0.9627176666666666 0.642169189453125 0.9569869999999999 0.634891845703125 0.959534
1 0.756412353515625 0.8201533333333334 0.75533935546875 0.8270673333333334 0.763642822265625 0.8296140000000001 0.76522900390625 0.8231193333333334 0.756412353515625 0.8201533333333334
1 0.777450927734375 0.5643873333333334 0.771106689453125 0.5643053333333333 0.769520751953125 0.573429 0.76905419921875 0.582216 0.774745361328125 0.583362 0.777450927734375 0.5643873333333334
1 0.76560205078125 0.5750843333333333 0.75515283203125 0.5722826666666666 0.754966064453125 0.5783953333333333 0.761310302734375 0.581197 0.767001708984375 0.579287 0.76560205078125 0.5750843333333333
1 0.795177490234375 0.23909733333333336 0.78939306640625 0.24440066666666665 0.79041943359375 0.24885766666666667 0.797603271484375 0.24440066666666665 0.795177490234375 0.23909733333333336
1 0.8449052734375 0.18110866666666667 0.84219970703125 0.17489633333333332 0.832216796875 0.1756326666666667 0.83352294921875 0.184547 0.84201318359375 0.18480166666666667 0.8449052734375 0.18110866666666667
1 0.853955078125 0.20110233333333333 0.852089111328125 0.19970166666666667 0.850223388671875 0.1994466666666667 0.842759521484375 0.212309 0.846957763671875 0.21472866666666668 0.853115478515625 0.21078066666666667 0.853955078125 0.20110233333333333
1 0.886982666015625 0.23841533333333334 0.878399169921875 0.23994333333333334 0.88147802734375 0.24809366666666666 0.893046875 0.2461836666666667 0.886982666015625 0.23841533333333334
1 0.792471923828125 0.012076333333333333 0.792565185546875 0.006855000000000001 0.787433837890625 0.005836333333333333 0.779037109375 0.009656666666666666 0.77773095703125 0.016151333333333334 0.781089599609375 0.019462666666666666 0.792471923828125 0.012076333333333333
1 0.88740234375 0.4643733333333333 0.87947216796875 0.464465 0.881617919921875 0.473252 0.88936181640625 0.473634 0.88740234375 0.4643733333333333
1 0.917724365234375 0.4339013333333333 0.912872802734375 0.4335193333333333 0.906901611328125 0.44396199999999997 0.913245849609375 0.44561733333333337 0.918283935546875 0.4386133333333333 0.917724365234375 0.4339013333333333
1 0.881524658203125 0.605226 0.880031982421875 0.6109566666666666 0.888615234375 0.6146496666666666 0.890014892578125 0.609556 0.881524658203125 0.605226
1 0.910447021484375 0.806732 0.907648193359375 0.813991 0.9186572265625 0.820995 0.920896484375 0.8145003333333334 0.910447021484375 0.806732
1 0.78477490234375 0.814726 0.784215087890625 0.8082313333333333 0.77950341796875 0.806778 0.7663017578125 0.8154899999999999 0.76723486328125 0.8263146666666666 0.7763779296875 0.8251686666666667 0.78477490234375 0.814726
1 0.90102392578125 0.8969926666666667 0.89859814453125 0.8938090000000001 0.893000244140625 0.8916439999999999 0.889268310546875 0.8958466666666667 0.8920673828125 0.899285 0.8997177734375 0.9001763333333334 0.90102392578125 0.8969926666666667
1 0.757319580078125 0.8130423333333333 0.764417724609375 0.8057406666666668 0.75310205078125 0.7984393333333334 0.742609375 0.7998436666666666 0.7353056640625 0.8043366666666667 0.74487255859375 0.8138846666666667 0.757319580078125 0.8130423333333333
1 0.685350341796875 0.9151063333333334 0.688275390625 0.911461 0.6844599609375 0.9039966666666666 0.6833154296875 0.9012193333333333 0.676193603515625 0.8987890000000001 0.672632568359375 0.9026080000000001 0.67632080078125 0.9102459999999999 0.685350341796875 0.9151063333333334
1 0.624661376953125 0.7420373333333333 0.624126708984375 0.7378673333333333 0.6209951171875 0.7367206666666666 0.61282275390625 0.7350843333333333 0.6028935546875 0.7462076666666667 0.61175341796875 0.7507946666666667 0.6195439453125 0.7507946666666667 0.624661376953125 0.7420373333333333
1 0.634590576171875 0.705364 0.6310771484375 0.7055486666666667 0.633139404296875 0.7137846666666666 0.636423583984375 0.7136803333333334 0.634590576171875 0.705364
1 0.61610693359375 0.6439133333333333 0.612746337890625 0.6429753333333333 0.61030224609375 0.6450603333333333 0.612058837890625 0.6488133333333334 0.616030517578125 0.6476666666666666 0.61610693359375 0.6439133333333333
1 0.61247900390625 0.5336113333333333 0.603886474609375 0.5396906666666667 0.610607666015625 0.5494903333333333 0.617787353515625 0.5433393333333334 0.61247900390625 0.5336113333333333
1 0.830416748046875 0.919616 0.8252900390625 0.9114506666666666 0.81654443359375 0.9222503333333334 0.8258330078125 0.9474426666666667 0.835000732421875 0.9347639999999999 0.830416748046875 0.919616
1 0.802626220703125 0.647621 0.790790771484375 0.6623503333333333 0.79670849609375 0.672566 0.80976220703125 0.6556986666666667 0.802626220703125 0.647621
1 0.746902099609375 0.781017 0.746834228515625 0.7761973333333334 0.7448310546875 0.7733566666666667 0.742556396484375 0.773695 0.740112060546875 0.7755486666666668 0.741266357421875 0.78009 0.746902099609375 0.781017