1 0 0.4503333333333333 0.005615234375 0.4513333333333333 0.011962890625 0.455 0.02587890625 0.4593333333333333 0.062744140625 0.48133333333333334 0.07275390625 0.49333333333333335 0.07666015625 0.5006666666666667 0.0791015625 0.5023333333333333 0.08544921875 0.49766666666666665 0.08642578125 0.4876666666666667 0.084716796875 0.4713333333333333 0.076904296875 0.441 0.07763671875 0.43466666666666665 0.102783203125 0.427 0.107421875 0.423 0.11083984375 0.422 0.127197265625 0.402 0.13134765625 0.3993333333333333 0.140869140625 0.39666666666666667 0.142333984375 0.393 0.134765625 0.38866666666666666 0.126220703125 0.38666666666666666 0.123291015625 0.38433333333333336 0.110107421875 0.38066666666666665 0.099853515625 0.37566666666666665 0.095458984375 0.37566666666666665 0.0859375 0.37866666666666665 0.08056640625 0.37633333333333335 0.079833984375 0.374 0.076416015625 0.381 0.07177734375 0.38133333333333336 0.068603515625 0.38533333333333336 0.060302734375 0.3873333333333333 0.056884765625 0.385 0.057861328125 0.381 0.057373046875 0.377 0.05224609375 0.37066666666666664 0.05126953125 0.3636666666666667 0.04736328125 0.35733333333333334 0.046142578125 0.3506666666666667 0.043701171875 0.3456666666666667 0.03515625 0.3426666666666667 0.029052734375 0.338 0.026123046875 0.33766666666666667 0.021484375 0.33766666666666667 0.015625 0.342 0.005615234375 0.3453333333333333 0 0.3496666666666667 0.0029296875 0.3566666666666667 0.003173828125 0.36433333333333334 0.00732421875 0.37533333333333335 0.007568359375 0.38166666666666665 0.010009765625 0.38466666666666666 0.01025390625 0.39266666666666666 0.012451171875 0.39766666666666667 0.007568359375 0.40166666666666667 0.005859375 0.4013333333333333 0.00537109375 0.404 0.0029296875 0.4063333333333333 0 0.407 0 0.4503333333333333
1 0.318359375 0.472 0.32177734375 0.4706666666666667 0.323974609375 0.4666666666666667 0.32470703125 0.45666666666666667 0.326904296875 0.447 0.3291015625 0.441 0.33349609375 0.435 0.334228515625 0.431 0.333251953125 0.42766666666666664 0.32470703125 0.4236666666666667 0.287109375 0.4103333333333333 0.279052734375 0.4103333333333333 0.27734375 0.41233333333333333 0.2705078125 0.43133333333333335 0.265869140625 0.448 0.265625 0.4513333333333333 0.267578125 0.455 0.29150390625 0.462 0.318359375 0.472
1 0.083740234375 0.2776666666666667 0.087158203125 0.2763333333333333 0.09912109375 0.26566666666666666 0.1162109375 0.24766666666666667 0.1171875 0.24 0.115234375 0.23833333333333334 0.114013671875 0.23366666666666666 0.114990234375 0.22833333333333333 0.111572265625 0.227 0.10693359375 0.22733333333333333 0.103515625 0.22466666666666665 0.099365234375 0.225 0.090576171875 0.23233333333333334 0.08837890625 0.23733333333333334 0.07666015625 0.249 0.0712890625 0.25766666666666665 0.07080078125 0.25966666666666666 0.072021484375 0.26266666666666666 0.08203125 0.276 0.083740234375 0.2776666666666667
1 0.575927734375 0.08 0.581787109375 0.06866666666666667 0.590087890625 0.056666666666666664 0.58740234375 0.05266666666666667 0.562744140625 0.035 0.557373046875 0.029333333333333333 0.552734375 0.028 0.5478515625 0.029333333333333333 0.548583984375 0.034 0.5419921875 0.05266666666666667 0.541259765625 0.056666666666666664 0.546142578125 0.06133333333333333 0.57177734375 0.081 0.575927734375 0.08
1 0.556396484375 0.4126666666666667 0.56396484375 0.409 0.576171875 0.4 0.579345703125 0.3963333333333333 0.575927734375 0.3913333333333333 0.56689453125 0.38466666666666666 0.55517578125 0.38066666666666665 0.5517578125 0.38066666666666665 0.544921875 0.38333333333333336 0.52880859375 0.396 0.529052734375 0.401 0.543212890625 0.4106666666666667 0.5517578125 0.413 0.556396484375 0.4126666666666667
1 0.45263671875 0.4046666666666667 0.46484375 0.40066666666666667 0.469482421875 0.39666666666666667 0.483154296875 0.37733333333333335 0.488037109375 0.37333333333333335 0.488525390625 0.369 0.486083984375 0.36566666666666664 0.462646484375 0.36666666666666664 0.45556640625 0.369 0.449951171875 0.37233333333333335 0.440185546875 0.38466666666666666 0.43505859375 0.3963333333333333 0.434326171875 0.4003333333333333 0.435791015625 0.4023333333333333 0.443115234375 0.4043333333333333 0.45263671875 0.4046666666666667
1 0 0.7736666666666666 0.008056640625 0.7756666666666666 0.02197265625 0.7726666666666666 0.02783203125 0.7696666666666667 0.03857421875 0.7596666666666667 0.039794921875 0.7556666666666667 0.032470703125 0.7523333333333333 0.029296875 0.7443333333333333 0.0244140625 0.7446666666666667 0.0185546875 0.7486666666666667 0 0.7553333333333333 0 0.7736666666666666
1 0.1650390625 0.9876666666666667 0.173583984375 0.9663333333333334 0.176513671875 0.9553333333333334 0.176513671875 0.951 0.166259765625 0.945 0.163330078125 0.947 0.151123046875 0.9753333333333334 0.150146484375 0.9783333333333334 0.150634765625 0.9826666666666667 0.161376953125 0.989 0.1650390625 0.9876666666666667
1 0.196044921875 0.8923333333333333 0.200439453125 0.8806666666666667 0.200927734375 0.8766666666666667 0.193359375 0.8726666666666667 0.186279296875 0.8713333333333333 0.181640625 0.8723333333333333 0.178466796875 0.8813333333333333 0.17236328125 0.8926666666666667 0.171142578125 0.8983333333333333 0.173583984375 0.9033333333333333 0.189208984375 0.9033333333333333 0.196044921875 0.8923333333333333
1 0.137939453125 0.8666666666666667 0.142333984375 0.8653333333333333 0.14697265625 0.861 0.15185546875 0.859 0.1552734375 0.854 0.15380859375 0.8493333333333334 0.14501953125 0.8446666666666667 0.142578125 0.8413333333333334 0.134521484375 0.8416666666666667 0.127685546875 0.8456666666666667 0.12744140625 0.8493333333333334 0.134765625 0.8553333333333333 0.135498046875 0.865 0.137939453125 0.8666666666666667
1 0.102294921875 0.8643333333333333 0.108154296875 0.8656666666666667 0.114990234375 0.861 0.113525390625 0.8533333333333334 0.10693359375 0.8433333333333334 0.103515625 0.841 0.095458984375 0.8436666666666667 0.093505859375 0.847 0.0927734375 0.85 0.095458984375 0.857 0.099365234375 0.8623333333333333 0.102294921875 0.8643333333333333
1 0.0888671875 0.8116666666666666 0.08984375 0.8063333333333333 0.087890625 0.7963333333333333 0.082275390625 0.7856666666666666 0.080322265625 0.784 0.076171875 0.7846666666666666 0.072021484375 0.793 0.0712890625 0.7993333333333333 0.072265625 0.8016666666666666 0.0849609375 0.8113333333333334 0.0888671875 0.8116666666666666
1 0.166015625 0.5096666666666667 0.177978515625 0.512 0.189208984375 0.5076666666666667 0.19091796875 0.5056666666666667 0.189208984375 0.49733333333333335 0.17529296875 0.488 0.161865234375 0.48633333333333334 0.152099609375 0.49 0.1513671875 0.49133333333333334 0.1513671875 0.49466666666666664 0.15478515625 0.49833333333333335 0.158935546875 0.5056666666666667 0.166015625 0.5096666666666667
1 0.189453125 0.47433333333333333 0.19384765625 0.471 0.1953125 0.4666666666666667 0.19189453125 0.46266666666666667 0.183837890625 0.45866666666666667 0.175048828125 0.4603333333333333 0.16845703125 0.4656666666666667 0.168701171875 0.4703333333333333 0.17041015625 0.473 0.17724609375 0.476 0.189453125 0.47433333333333333
1 0.204833984375 0.444 0.20947265625 0.44433333333333336 0.2177734375 0.44233333333333336 0.229248046875 0.44333333333333336 0.232666015625 0.43966666666666665 0.22509765625 0.424 0.222900390625 0.423 0.212890625 0.4236666666666667 0.204345703125 0.42733333333333334 0.200439453125 0.43 0.198974609375 0.43266666666666664 0.198486328125 0.43566666666666665 0.199462890625 0.44066666666666665 0.201416015625 0.443 0.204833984375 0.444
1 0.17333984375 0.4003333333333333 0.181396484375 0.40166666666666667 0.188232421875 0.3983333333333333 0.19140625 0.395 0.191650390625 0.3923333333333333 0.18896484375 0.388 0.185302734375 0.385 0.177490234375 0.38233333333333336 0.16943359375 0.382 0.164306640625 0.38433333333333336 0.1630859375 0.3863333333333333 0.162841796875 0.38866666666666666 0.16650390625 0.3953333333333333 0.169921875 0.399 0.17333984375 0.4003333333333333
1 0.06298828125 0.06066666666666667 0.063232421875 0.05266666666666667 0.058349609375 0.049666666666666665 0.044921875 0.04666666666666667 0.04052734375 0.047 0.038818359375 0.048666666666666664 0.036865234375 0.056 0.03662109375 0.061 0.03857421875 0.064 0.060791015625 0.06833333333333333 0.06298828125 0.06066666666666667
1 0.080078125 0.10633333333333334 0.0859375 0.09933333333333333 0.09228515625 0.08866666666666667 0.092529296875 0.086 0.08935546875 0.08 0.083984375 0.076 0.070556640625 0.09166666666666666 0.069580078125 0.095 0.06982421875 0.09966666666666667 0.076171875 0.106 0.080078125 0.10633333333333334
1 0.10693359375 0.09166666666666666 0.109130859375 0.09066666666666667 0.1103515625 0.08833333333333333 0.111328125 0.076 0.111083984375 0.056666666666666664 0.107177734375 0.05466666666666667 0.10009765625 0.05466666666666667 0.09814453125 0.05566666666666667 0.095947265625 0.06 0.09619140625 0.06933333333333333 0.093994140625 0.08766666666666667 0.0986328125 0.09066666666666667 0.10693359375 0.09166666666666666
1 0.095947265625 0.11333333333333333 0.107421875 0.11033333333333334 0.109619140625 0.107 0.109619140625 0.09866666666666667 0.107177734375 0.09466666666666666 0.100341796875 0.096 0.0927734375 0.099 0.087646484375 0.10333333333333333 0.087646484375 0.11 0.088623046875 0.11233333333333333 0.091552734375 0.11366666666666667 0.095947265625 0.11333333333333333
1 0.035888671875 0.24333333333333335 0.044921875 0.24 0.048583984375 0.23233333333333334 0.04833984375 0.22833333333333333 0.046875 0.22633333333333333 0.041748046875 0.22333333333333333 0.033447265625 0.22666666666666666 0.028076171875 0.227 0.02294921875 0.23 0.021484375 0.232 0.021484375 0.23466666666666666 0.024169921875 0.239 0.035888671875 0.24333333333333335
1 0.0457939453125 0.2629843333333333 0.0462822265625 0.2549843333333333 0.0450615234375 0.2519843333333333 0.0409111328125 0.251651 0.0343193359375 0.25431766666666666 0.0252861328125 0.2619843333333333 0.0255302734375 0.2703176666666667 0.0267509765625 0.271651 0.0401787109375 0.2709843333333333 0.0457939453125 0.2629843333333333
1 0.061767578125 0.25966666666666666 0.065673828125 0.25566666666666665 0.065185546875 0.24833333333333332 0.060302734375 0.24233333333333335 0.052734375 0.24233333333333335 0.050048828125 0.24566666666666667 0.049560546875 0.24833333333333332 0.05078125 0.25266666666666665 0.056396484375 0.26033333333333336 0.061767578125 0.25966666666666666
1 0.052490234375 0.31133333333333335 0.056640625 0.312 0.058349609375 0.31066666666666665 0.061767578125 0.2976666666666667 0.066162109375 0.2946666666666667 0.065673828125 0.291 0.06103515625 0.29033333333333333 0.056396484375 0.2876666666666667 0.05224609375 0.282 0.049560546875 0.2806666666666667 0.04443359375 0.2813333333333333 0.041748046875 0.2866666666666667 0.040771484375 0.2946666666666667 0.044921875 0.3 0.04931640625 0.30866666666666664 0.052490234375 0.31133333333333335
1 0.017333984375 0.3273333333333333 0.0166015625 0.31766666666666665 0.01220703125 0.31633333333333336 0.008056640625 0.31833333333333336 0.007080078125 0.32366666666666666 0.008544921875 0.331 0.013427734375 0.331 0.017333984375 0.3273333333333333
1 0.102783203125 0.37566666666666665 0.10546875 0.375 0.107666015625 0.36966666666666664 0.10595703125 0.3496666666666667 0.103759765625 0.34833333333333333 0.0947265625 0.3486666666666667 0.092041015625 0.353 0.092529296875 0.365 0.097412109375 0.36733333333333335 0.099609375 0.374 0.102783203125 0.37566666666666665
1 0.103515625 0.31033333333333335 0.103515625 0.30233333333333334 0.10205078125 0.298 0.0986328125 0.296 0.095458984375 0.29633333333333334 0.092529296875 0.2986666666666667 0.092041015625 0.30666666666666664 0.093505859375 0.31033333333333335 0.099365234375 0.31266666666666665 0.103515625 0.31033333333333335
1 0.07666015625 0.569 0.079833984375 0.5663333333333334 0.080078125 0.5583333333333333 0.0791015625 0.5526666666666666 0.075927734375 0.5493333333333333 0.07177734375 0.5493333333333333 0.068603515625 0.5476666666666666 0.064697265625 0.5426666666666666 0.062744140625 0.543 0.062255859375 0.5446666666666666 0.059326171875 0.5466666666666666 0.056640625 0.543 0.052001953125 0.547 0.04150390625 0.551 0.0400390625 0.554 0.0400390625 0.5643333333333334 0.04443359375 0.5706666666666667 0.060791015625 0.5713333333333334 0.07666015625 0.569
1 0.11572265625 0.533 0.118896484375 0.529 0.1240234375 0.5166666666666667 0.123046875 0.5136666666666667 0.115234375 0.5106666666666667 0.10693359375 0.5116666666666667 0.0986328125 0.5156666666666667 0.086181640625 0.528 0.082763671875 0.533 0.103759765625 0.5396666666666666 0.11083984375 0.537 0.11572265625 0.533
1 0.4619140625 0.5356666666666666 0.462890625 0.5333333333333333 0.46240234375 0.5303333333333333 0.465087890625 0.525 0.464599609375 0.5216666666666666 0.45263671875 0.5196666666666667 0.442138671875 0.5203333333333333 0.435302734375 0.5186666666666667 0.431640625 0.5223333333333333 0.424560546875 0.5376666666666666 0.424560546875 0.541 0.434814453125 0.5453333333333333 0.4482421875 0.5426666666666666 0.4619140625 0.5356666666666666
1 0.423583984375 0.5096666666666667 0.430908203125 0.5113333333333333 0.435302734375 0.512 0.438232421875 0.5106666666666667 0.43896484375 0.505 0.435546875 0.47833333333333333 0.42431640625 0.47533333333333333 0.419921875 0.475 0.4189453125 0.47633333333333333 0.41845703125 0.4826666666666667 0.41943359375 0.496 0.421875 0.5076666666666667 0.423583984375 0.5096666666666667
1 0.404296875 0.845 0.419189453125 0.8483333333333334 0.435546875 0.8483333333333334 0.43701171875 0.8463333333333334 0.438720703125 0.834 0.4384765625 0.8273333333333334 0.43701171875 0.8243333333333334 0.435546875 0.8233333333333334 0.4189453125 0.8243333333333334 0.411376953125 0.8233333333333334 0.40478515625 0.8206666666666667 0.402099609375 0.8213333333333334 0.401123046875 0.822 0.40234375 0.827 0.402099609375 0.8416666666666667 0.404296875 0.845
1 0.494140625 0.792 0.49658203125 0.7766666666666666 0.494140625 0.7626666666666667 0.490234375 0.758 0.478515625 0.7493333333333333 0.4755859375 0.7523333333333333 0.474853515625 0.7646666666666667 0.47802734375 0.7793333333333333 0.489990234375 0.7906666666666666 0.494140625 0.792
1 0.774169921875 0.9196666666666666 0.7802734375 0.918 0.78271484375 0.9156666666666666 0.782470703125 0.904 0.781494140625 0.901 0.78369140625 0.896 0.781982421875 0.8943333333333333 0.77734375 0.8816666666666667 0.775390625 0.8806666666666667 0.77099609375 0.8813333333333333 0.759521484375 0.8843333333333333 0.75830078125 0.886 0.757568359375 0.889 0.761474609375 0.9166666666666666 0.7626953125 0.92 0.774169921875 0.9196666666666666
1 0.712890625 0.6963333333333334 0.716552734375 0.697 0.71923828125 0.693 0.71923828125 0.6853333333333333 0.7177734375 0.676 0.714111328125 0.669 0.70849609375 0.6606666666666666 0.703125 0.6563333333333333 0.69677734375 0.6536666666666666 0.693359375 0.6576666666666666 0.693359375 0.6676666666666666 0.696533203125 0.685 0.70458984375 0.6916666666666667 0.712890625 0.6963333333333334
1 0.65380859375 0.6406666666666667 0.658447265625 0.638 0.6611328125 0.6346666666666667 0.657958984375 0.6193333333333333 0.654541015625 0.617 0.634033203125 0.6276666666666667 0.6298828125 0.6306666666666667 0.62841796875 0.6336666666666667 0.63037109375 0.6443333333333333 0.63427734375 0.6483333333333333 0.638671875 0.648 0.65380859375 0.6406666666666667
1 0.662109375 0.712 0.673583984375 0.7133333333333334 0.68310546875 0.7066666666666667 0.687744140625 0.7003333333333334 0.688720703125 0.697 0.686279296875 0.6933333333333334 0.68310546875 0.6913333333333334 0.673583984375 0.6886666666666666 0.666748046875 0.6933333333333334 0.660400390625 0.701 0.658203125 0.705 0.658447265625 0.7086666666666667 0.65966796875 0.7103333333333334 0.662109375 0.712
1 0.556396484375 0.7563333333333333 0.560546875 0.757 0.564453125 0.7526666666666667 0.564453125 0.7473333333333333 0.56298828125 0.7443333333333333 0.55419921875 0.735 0.546875 0.7323333333333333 0.544921875 0.733 0.543212890625 0.737 0.54248046875 0.74 0.544677734375 0.7463333333333333 0.551513671875 0.7533333333333333 0.556396484375 0.7563333333333333
1 0.79345703125 0.282 0.794677734375 0.2876666666666667 0.79345703125 0.295 0.79541015625 0.2986666666666667 0.79931640625 0.302 0.806396484375 0.304 0.814453125 0.303 0.819580078125 0.2986666666666667 0.82080078125 0.295 0.8203125 0.291 0.8115234375 0.2846666666666667 0.810791015625 0.2793333333333333 0.821533203125 0.26266666666666666 0.8251953125 0.255 0.819091796875 0.24933333333333332 0.8095703125 0.245 0.801350830078125 0.25 0.7939453125 0.25166666666666665 0.791015625 0.25566666666666665 0.788330078125 0.26266666666666666 0.7900390625 0.269 0.787109375 0.27566666666666667 0.789306640625 0.2793333333333333 0.79345703125 0.282
1 0.34716796875 0.08 0.347412109375 0.07633333333333334 0.33447265625 0.06533333333333333 0.33251953125 0.06166666666666667 0.330078125 0.051333333333333335 0.326171875 0.052333333333333336 0.324951171875 0.057 0.31689453125 0.060333333333333336 0.313232421875 0.065 0.310302734375 0.06666666666666667 0.30615234375 0.07333333333333333 0.306640625 0.07766666666666666 0.33740234375 0.095 0.341552734375 0.092 0.34716796875 0.08
1 0.466552734375 0.241 0.474365234375 0.24166666666666667 0.48583984375 0.24033333333333334 0.494384765625 0.23666666666666666 0.4970703125 0.23266666666666666 0.494140625 0.22366666666666668 0.4912109375 0.21933333333333332 0.48828125 0.21766666666666667 0.481201171875 0.21633333333333332 0.46435546875 0.21966666666666668 0.456298828125 0.225 0.45751953125 0.23033333333333333 0.462890625 0.23866666666666667 0.466552734375 0.241
1 0.55517578125 0.31866666666666665 0.55712890625 0.31466666666666665 0.553955078125 0.307 0.54833984375 0.30266666666666664 0.540771484375 0.301 0.533935546875 0.30266666666666664 0.53271484375 0.30433333333333334 0.53271484375 0.308 0.536865234375 0.31433333333333335 0.548095703125 0.32 0.55517578125 0.31866666666666665
1 0.50244140625 0.29733333333333334 0.506103515625 0.29333333333333333 0.51171875 0.2833333333333333 0.511962890625 0.278 0.509765625 0.26866666666666666 0.505615234375 0.2683333333333333 0.498046875 0.275 0.49462890625 0.2796666666666667 0.49169921875 0.287 0.4912109375 0.2916666666666667 0.493896484375 0.30233333333333334 0.498046875 0.301 0.50244140625 0.29733333333333334
1 0.668701171875 0.4573333333333333 0.67626953125 0.45466666666666666 0.67724609375 0.453 0.67626953125 0.44766666666666666 0.671142578125 0.439 0.662109375 0.43333333333333335 0.654296875 0.432 0.646240234375 0.43533333333333335 0.64501953125 0.438 0.6455078125 0.44133333333333336 0.65087890625 0.45 0.657470703125 0.4543333333333333 0.668701171875 0.4573333333333333
1 0.606201171875 0.4196666666666667 0.611572265625 0.42633333333333334 0.6142578125 0.42766666666666664 0.615966796875 0.427 0.626708984375 0.413 0.628662109375 0.4036666666666667 0.63037109375 0.4003333333333333 0.625 0.383 0.615234375 0.369 0.611328125 0.37 0.607177734375 0.37533333333333335 0.601806640625 0.384 0.60009765625 0.393 0.599365234375 0.40066666666666667 0.600341796875 0.4053333333333333 0.604248046875 0.412 0.606201171875 0.4196666666666667
1 0.66650390625 0.3963333333333333 0.689208984375 0.3923333333333333 0.690673828125 0.38866666666666666 0.687255859375 0.373 0.685791015625 0.37166666666666665 0.658203125 0.374 0.653076171875 0.37933333333333336 0.652587890625 0.381 0.65478515625 0.3923333333333333 0.658203125 0.3963333333333333 0.66650390625 0.3963333333333333
1 0.63330078125 0.35433333333333333 0.63525390625 0.357 0.638671875 0.3586666666666667 0.642333984375 0.35633333333333334 0.64404296875 0.353 0.64404296875 0.3406666666666667 0.64208984375 0.334 0.634765625 0.32033333333333336 0.630859375 0.31633333333333336 0.628173828125 0.318 0.612548828125 0.334 0.6181640625 0.346 0.624267578125 0.35033333333333333 0.63330078125 0.35433333333333333
1 0.80810546875 0.304 0.8154296875 0.302 0.81884765625 0.29933333333333334 0.821044921875 0.295 0.820068359375 0.291 0.81494140625 0.287 0.810302734375 0.2853333333333333 0.806396484375 0.285 0.798583984375 0.28733333333333333 0.79443359375 0.2916666666666667 0.7939453125 0.295 0.796142578125 0.2986666666666667 0.802490234375 0.303 0.80810546875 0.304
1 0.763916015625 0.19533333333333333 0.765869140625 0.193 0.767822265625 0.18533333333333332 0.767333984375 0.18033333333333335 0.763916015625 0.17233333333333334 0.76025390625 0.16566666666666666 0.755615234375 0.162 0.751953125 0.16066666666666668 0.74951171875 0.16566666666666666 0.74853515625 0.175 0.751220703125 0.185 0.755126953125 0.191 0.763916015625 0.19533333333333333
1 0.896728515625 0.201 0.907958984375 0.201 0.9140625 0.197 0.909423828125 0.186 0.904541015625 0.18166666666666667 0.900146484375 0.181 0.887451171875 0.18566666666666667 0.88720703125 0.18966666666666668 0.888427734375 0.19333333333333333 0.892578125 0.19833333333333333 0.896728515625 0.201
1 0.912353515625 0.11333333333333333 0.91796875 0.111 0.921142578125 0.10766666666666666 0.920654296875 0.09933333333333333 0.917724609375 0.09366666666666666 0.908935546875 0.09133333333333334 0.904541015625 0.087 0.90087890625 0.08766666666666667 0.898681640625 0.09 0.898193359375 0.09166666666666666 0.899658203125 0.09633333333333334 0.89404296875 0.102 0.895263671875 0.11266666666666666 0.896240234375 0.11533333333333333 0.899169921875 0.11633333333333333 0.912353515625 0.11333333333333333
1 0.892578125 0.31733333333333336 0.905517578125 0.311 0.908935546875 0.30666666666666664 0.908447265625 0.301 0.905029296875 0.291 0.902099609375 0.289 0.89990234375 0.2886666666666667 0.88818359375 0.2936666666666667 0.883056640625 0.298 0.885009765625 0.31 0.887939453125 0.31633333333333336 0.889404296875 0.31733333333333336 0.892578125 0.31733333333333336
1 0.845703125 0.4553333333333333 0.853515625 0.453 0.85791015625 0.44866666666666666 0.861083984375 0.44333333333333336 0.86328125 0.43466666666666665 0.861572265625 0.432 0.853759765625 0.42766666666666664 0.849365234375 0.42766666666666664 0.84130859375 0.432 0.835205078125 0.438 0.834228515625 0.43933333333333335 0.834716796875 0.44366666666666665 0.842041015625 0.45366666666666666 0.845703125 0.4553333333333333
1 0.799560546875 0.4083333333333333 0.80322265625 0.4063333333333333 0.8046875 0.4033333333333333 0.803955078125 0.3963333333333333 0.798583984375 0.39366666666666666 0.7861328125 0.3933333333333333 0.78076171875 0.3963333333333333 0.779541015625 0.4 0.77978515625 0.404 0.786865234375 0.4093333333333333 0.799560546875 0.4083333333333333
1 0.947998046875 0.5313333333333333 0.956787109375 0.5263333333333333 0.962646484375 0.5183333333333333 0.963623046875 0.5133333333333333 0.96142578125 0.5096666666666667 0.95703125 0.508 0.95068359375 0.508 0.944091796875 0.51 0.93505859375 0.5146666666666667 0.929443359375 0.5243333333333333 0.930419921875 0.529 0.934814453125 0.5316666666666666 0.94384765625 0.5326666666666666 0.947998046875 0.5313333333333333
1 0.958740234375 0.576 0.95947265625 0.573 0.958984375 0.5646666666666667 0.95654296875 0.553 0.947021484375 0.5516666666666666 0.9443359375 0.5543333333333333 0.9443359375 0.5596666666666666 0.947265625 0.574 0.9501953125 0.576 0.958740234375 0.576
1 0.8583984375 0.615 0.864013671875 0.615 0.86865234375 0.6133333333333333 0.871826171875 0.6103333333333333 0.874755859375 0.604 0.872802734375 0.5993333333333334 0.869384765625 0.5973333333333334 0.857177734375 0.5976666666666667 0.853515625 0.6006666666666667 0.851806640625 0.6033333333333334 0.85205078125 0.6073333333333333 0.855712890625 0.6133333333333333 0.8583984375 0.615
1 0.704345703125 0.816 0.712158203125 0.8143333333333334 0.720703125 0.8103333333333333 0.719970703125 0.8023333333333333 0.716796875 0.7976666666666666 0.700927734375 0.8036666666666666 0.7001953125 0.8056666666666666 0.700927734375 0.812 0.7021484375 0.8146666666666667 0.704345703125 0.816
1 0.776123046875 0.8353333333333334 0.777587890625 0.832 0.777587890625 0.8296666666666667 0.775390625 0.8263333333333334 0.771728515625 0.8246666666666667 0.747314453125 0.8243333333333334 0.744140625 0.826 0.744140625 0.8336666666666667 0.753662109375 0.8393333333333334 0.76953125 0.8406666666666667 0.776123046875 0.8353333333333334
1 0.833984375 0.9373333333333334 0.8408203125 0.9313333333333333 0.840576171875 0.9273333333333333 0.837890625 0.9196666666666666 0.830810546875 0.908 0.825439453125 0.908 0.820068359375 0.912 0.81884765625 0.9163333333333333 0.826171875 0.9333333333333333 0.828857421875 0.9366666666666666 0.833984375 0.9373333333333334
1 0.822021484375 0.9673333333333334 0.822998046875 0.9603333333333334 0.822265625 0.9493333333333334 0.820556640625 0.9446666666666667 0.81787109375 0.941 0.814453125 0.9406666666666667 0.811767578125 0.9433333333333334 0.810302734375 0.947 0.810791015625 0.9666666666666667 0.814208984375 0.9713333333333334 0.81982421875 0.9706666666666667 0.822021484375 0.9673333333333334
1 0.8681640625 0.9353333333333333 0.878173828125 0.9266666666666666 0.879638671875 0.9236666666666666 0.879638671875 0.9166666666666666 0.873291015625 0.912 0.86865234375 0.9116666666666666 0.866455078125 0.9176666666666666 0.860595703125 0.925 0.860107421875 0.9323333333333333 0.86083984375 0.935 0.86376953125 0.9363333333333334 0.8681640625 0.9353333333333333
1 0.33544921875 0.7966666666666666 0.33935546875 0.7993333333333333 0.344970703125 0.7993333333333333 0.348876953125 0.7976666666666666 0.349609375 0.7956666666666666 0.348388671875 0.7876666666666666 0.348876953125 0.7833333333333333 0.354248046875 0.7803333333333333 0.35693359375 0.7756666666666666 0.354736328125 0.7713333333333333 0.349365234375 0.7693333333333333 0.328369140625 0.774 0.327392578125 0.775 0.327392578125 0.7793333333333333 0.32958984375 0.7866666666666666 0.33544921875 0.7966666666666666
1 0.302734375 0.7333333333333333 0.304931640625 0.7323333333333333 0.305908203125 0.7303333333333333 0.307861328125 0.719 0.302734375 0.7106666666666667 0.283203125 0.7103333333333334 0.281005859375 0.7153333333333334 0.280029296875 0.7253333333333334 0.281494140625 0.7283333333333334 0.296630859375 0.733 0.302734375 0.7333333333333333
1 0.180908203125 0.8233333333333334 0.18505859375 0.8123333333333334 0.186767578125 0.8103333333333333 0.1875 0.8023333333333333 0.1845703125 0.798 0.177490234375 0.7936666666666666 0.17138671875 0.7986666666666666 0.166015625 0.8096666666666666 0.1689453125 0.8166666666666667 0.169677734375 0.8216666666666667 0.17822265625 0.8263333333333334 0.180908203125 0.8233333333333334
1 0.2421875 0.8506666666666667 0.24658203125 0.845 0.24755859375 0.8413333333333334 0.244140625 0.8363333333333334 0.237548828125 0.836 0.228515625 0.8386666666666667 0.222900390625 0.8456666666666667 0.222412109375 0.8493333333333334 0.224853515625 0.853 0.233154296875 0.854 0.2421875 0.8506666666666667
1 0.380859375 0.9196666666666666 0.38720703125 0.91 0.38916015625 0.9036666666666666 0.381591796875 0.891 0.376708984375 0.8893333333333333 0.37060546875 0.8996666666666666 0.3701171875 0.9066666666666666 0.3642578125 0.9116666666666666 0.361083984375 0.9116666666666666 0.35693359375 0.919 0.357177734375 0.9253333333333333 0.361572265625 0.9343333333333333 0.365234375 0.938 0.380859375 0.9196666666666666
1 0.41259765625 0.9783333333333334 0.416748046875 0.9763333333333334 0.418701171875 0.9736666666666667 0.4189453125 0.955 0.416015625 0.951 0.412353515625 0.9496666666666667 0.392822265625 0.951 0.3896484375 0.9536666666666667 0.388671875 0.9603333333333334 0.388427734375 0.967 0.3896484375 0.9743333333333334 0.395263671875 0.9783333333333334 0.41259765625 0.9783333333333334
1 0.364990234375 0.9526666666666667 0.36474609375 0.9463333333333334 0.361572265625 0.9446666666666667 0.357421875 0.9446666666666667 0.355712890625 0.951 0.35546875 0.959 0.361083984375 0.962 0.363525390625 0.96 0.364990234375 0.9526666666666667
1 0.314208984375 0.984 0.31689453125 0.974 0.314453125 0.9713333333333334 0.310302734375 0.9716666666666667 0.30810546875 0.9746666666666667 0.306640625 0.9803333333333333 0.306396484375 0.9826666666666667 0.3076171875 0.984 0.31005859375 0.985 0.314208984375 0.984
1 0.15283203125 0.4826666666666667 0.1591796875 0.4766666666666667 0.162109375 0.47 0.158447265625 0.4666666666666667 0.153076171875 0.4666666666666667 0.145751953125 0.472 0.142578125 0.4766666666666667 0.142333984375 0.482 0.14306640625 0.4826666666666667 0.14599609375 0.4836666666666667 0.15283203125 0.4826666666666667
1 0.32958984375 0.318 0.347900390625 0.2966666666666667 0.3505859375 0.291 0.343017578125 0.283 0.341796875 0.2786666666666667 0.337646484375 0.28 0.326416015625 0.29233333333333333 0.320068359375 0.303 0.319091796875 0.307 0.32080078125 0.31266666666666665 0.325927734375 0.319 0.32958984375 0.318
1 0.43212890625 0.3416666666666667 0.42822265625 0.3363333333333333 0.426025390625 0.3353333333333333 0.421875 0.336 0.413330078125 0.3416666666666667 0.412109375 0.3456666666666667 0.41943359375 0.35333333333333333 0.4326171875 0.3456666666666667 0.43212890625 0.3416666666666667
1 0.7490234375 0.4643333333333333 0.75146484375 0.455 0.748779296875 0.453 0.7431640625 0.452 0.73583984375 0.4553333333333333 0.736083984375 0.46266666666666667 0.739501953125 0.4666666666666667 0.744384765625 0.4673333333333333 0.7490234375 0.4643333333333333
1 0.999755859375 0.23766666666666666 0.999755859375 0.224 0.986083984375 0.22433333333333333 0.976806640625 0.22833333333333333 0.97705078125 0.23366666666666666 0.9814453125 0.23866666666666667 0.987060546875 0.23933333333333334 0.999755859375 0.23766666666666666
1 0.248291015625 0.112 0.249755859375 0.10633333333333334 0.249755859375 0.10133333333333333 0.248046875 0.09766666666666667 0.2431640625 0.09633333333333334 0.235595703125 0.09833333333333333 0.23193359375 0.104 0.232177734375 0.111 0.236328125 0.115 0.239013671875 0.115 0.248291015625 0.112
1 0.277099609375 0.106 0.278564453125 0.10366666666666667 0.2783203125 0.1 0.27587890625 0.09466666666666666 0.271484375 0.09466666666666666 0.261474609375 0.09933333333333333 0.259521484375 0.10633333333333334 0.259765625 0.115 0.263671875 0.11466666666666667 0.26806640625 0.113 0.277099609375 0.106
1 0.325927734375 0.13933333333333334 0.328790771484375 0.13209100000000001 0.340087890625 0.116 0.34033203125 0.11133333333333334 0.33740234375 0.10666666666666667 0.333740234375 0.10433333333333333 0.328125 0.10966666666666666 0.3203125 0.12 0.318359375 0.12266666666666666 0.31884765625 0.13 0.322509765625 0.13866666666666666 0.325927734375 0.13933333333333334
1 0.455078125 0.082 0.456298828125 0.08 0.456298828125 0.071 0.454833984375 0.05633333333333333 0.45166015625 0.05433333333333333 0.44287109375 0.055 0.44091796875 0.05633333333333333 0.44189453125 0.077 0.443115234375 0.083 0.451171875 0.08333333333333333 0.455078125 0.082
1 0.459228515625 0.15066666666666667 0.466796875 0.13866666666666666 0.467529296875 0.13066666666666665 0.46240234375 0.119 0.458740234375 0.11866666666666667 0.4521484375 0.12566666666666668 0.45166015625 0.13566666666666666 0.45263671875 0.14166666666666666 0.455322265625 0.14733333333333334 0.459228515625 0.15066666666666667
1 0.439453125 0.04933333333333333 0.44384765625 0.05 0.447265625 0.048666666666666664 0.446533203125 0.047 0.444580078125 0.04633333333333333 0.443603515625 0.042333333333333334 0.44677734375 0.03766666666666667 0.447265625 0.029 0.446533203125 0.027333333333333334 0.443115234375 0.025333333333333333 0.4296875 0.023666666666666666 0.427001953125 0.025 0.426513671875 0.028333333333333332 0.426025390625 0.033 0.427001953125 0.036333333333333336 0.43701171875 0.03966666666666667 0.439453125 0.04933333333333333
1 0.393798828125 0.064 0.401611328125 0.06366666666666666 0.405029296875 0.060333333333333336 0.405517578125 0.05466666666666667 0.404541015625 0.049 0.40234375 0.041666666666666664 0.400390625 0.03966666666666667 0.388427734375 0.043 0.38623046875 0.045 0.38525390625 0.048 0.384521484375 0.05433333333333333 0.385498046875 0.059333333333333335 0.388916015625 0.06266666666666666 0.393798828125 0.064
1 0.419921875 0.07333333333333333 0.4208984375 0.072 0.421630859375 0.068 0.419677734375 0.064 0.416259765625 0.062 0.412109375 0.06133333333333333 0.406982421875 0.064 0.40673828125 0.06833333333333333 0.4130859375 0.073 0.416259765625 0.074 0.419921875 0.07333333333333333
1 0.674072265625 0 0.669677734375 0.014333333333333333 0.667724609375 0.021 0.667724609375 0.025 0.6767578125 0.03 0.681396484375 0.030333333333333334 0.6865234375 0.021333333333333333 0.689208984375 0.012 0.686767578125 0.005666666666666667 0.678955078125 0.002 0.6787109375 0 0.674072265625 0
1 0.70068359375 0 0.6962890625 0.013333333333333334 0.6943359375 0.026 0.695556640625 0.029666666666666668 0.698486328125 0.03133333333333333 0.701171875 0.03133333333333333 0.70751953125 0.025333333333333333 0.710693359375 0.014 0.708740234375 0.005 0.704345703125 0 0.70068359375 0
1 0.6640625 0.13833333333333334 0.665771484375 0.14033333333333334 0.677490234375 0.146 0.6806640625 0.14533333333333334 0.695068359375 0.10333333333333333 0.693603515625 0.09933333333333333 0.6904296875 0.09566666666666666 0.682861328125 0.09133333333333334 0.67431640625 0.092 0.667236328125 0.09566666666666666 0.664306640625 0.09933333333333333 0.667724609375 0.10566666666666667 0.669189453125 0.11233333333333333 0.6640625 0.13466666666666666 0.6640625 0.13833333333333334
1 0.673583984375 0.17566666666666667 0.6767578125 0.17433333333333334 0.677978515625 0.17066666666666666 0.677978515625 0.16533333333333333 0.675048828125 0.15966666666666668 0.670166015625 0.15433333333333332 0.665771484375 0.154 0.664306640625 0.156 0.663818359375 0.16266666666666665 0.66552734375 0.16966666666666666 0.66943359375 0.17366666666666666 0.673583984375 0.17566666666666667
1 0.580078125 0.12933333333333333 0.583740234375 0.124 0.583740234375 0.119 0.580810546875 0.115 0.575927734375 0.11233333333333333 0.5673828125 0.111 0.563720703125 0.11433333333333333 0.5634765625 0.118 0.5654296875 0.12166666666666667 0.574462890625 0.12833333333333333 0.580078125 0.12933333333333333
1 0.55687109375 0.17314833333333335 0.561021484375 0.17248166666666667 0.570787109375 0.16648166666666667 0.57249609375 0.16514833333333334 0.573716796875 0.161815 0.572984375 0.156815 0.567857421875 0.150815 0.564927734375 0.14848166666666665 0.548814453125 0.15614833333333333 0.548326171875 0.162815 0.549302734375 0.16614833333333334 0.55296484375 0.17081500000000002 0.55687109375 0.17314833333333335
1 0.57958984375 0.285 0.5810546875 0.28 0.580322265625 0.271 0.575927734375 0.26766666666666666 0.5732421875 0.269 0.572021484375 0.2713333333333333 0.571533203125 0.28 0.572265625 0.2823333333333333 0.575927734375 0.28633333333333333 0.57958984375 0.285
1 0.567138671875 0.279 0.566162109375 0.27066666666666667 0.564208984375 0.2673333333333333 0.559326171875 0.2683333333333333 0.555908203125 0.272 0.55615234375 0.279 0.5576171875 0.283 0.56298828125 0.2833333333333333 0.567138671875 0.279
1 0.322509765625 0.8553333333333333 0.329833984375 0.8566666666666667 0.333740234375 0.8563333333333333 0.340087890625 0.8456666666666667 0.339599609375 0.8413333333333334 0.333984375 0.8383333333333334 0.3251953125 0.842 0.322998046875 0.8386666666666667 0.31787109375 0.8376666666666667 0.314208984375 0.841 0.314208984375 0.8496666666666667 0.317138671875 0.8493333333333334 0.3212890625 0.8523333333333334 0.322509765625 0.8553333333333333
1 0.294677734375 0.903 0.3017578125 0.9 0.302734375 0.8886666666666667 0.29833984375 0.886 0.287841796875 0.8923333333333333 0.282958984375 0.904 0.287109375 0.907 0.291015625 0.907 0.294677734375 0.903
1 0.65771484375 0.94 0.661376953125 0.9383333333333334 0.666259765625 0.938 0.669677734375 0.9396666666666667 0.67333984375 0.939 0.680908203125 0.9316666666666666 0.682861328125 0.928 0.6796875 0.92 0.677734375 0.918 0.66015625 0.9136666666666666 0.646728515625 0.916 0.639404296875 0.9243333333333333 0.640625 0.937 0.64306640625 0.94 0.6474609375 0.941 0.65771484375 0.94
1 0.613525390625 0.8773333333333333 0.615234375 0.8776666666666667 0.6171875 0.8746666666666667 0.620361328125 0.873 0.6220703125 0.8696666666666667 0.622802734375 0.8613333333333333 0.621826171875 0.857 0.616943359375 0.8496666666666667 0.609375 0.8493333333333334 0.60498046875 0.852 0.60302734375 0.856 0.603271484375 0.8593333333333333 0.607421875 0.8693333333333333 0.611083984375 0.8726666666666667 0.613525390625 0.8773333333333333
1 0.60535986328125 0.8214259999999999 0.60706884765625 0.8187593333333333 0.60658056640625 0.814426 0.60389501953125 0.8127593333333333 0.59730322265625 0.8130926666666666 0.59583837890625 0.815426 0.59559423828125 0.8180926666666666 0.59681494140625 0.8200926666666666 0.60047705078125 0.8214259999999999 0.60535986328125 0.8214259999999999
1 0.7119140625 0.8146666666666667 0.720703125 0.8103333333333333 0.72021484375 0.8026666666666666 0.716796875 0.7976666666666666 0.7021484375 0.8023333333333333 0.7001953125 0.8053333333333333 0.700927734375 0.8123333333333334 0.70166015625 0.8143333333333334 0.7041015625 0.816 0.7119140625 0.8146666666666667
1 0.551025390625 0.908 0.548583984375 0.9043333333333333 0.5439453125 0.9026666666666666 0.541015625 0.9036666666666666 0.540283203125 0.9053333333333333 0.540771484375 0.916 0.54931640625 0.918 0.55224609375 0.9156666666666666 0.551025390625 0.908
1 0.236328125 0.5213333333333333 0.2392578125 0.519 0.2412109375 0.5136666666666667 0.239990234375 0.5113333333333333 0.2333984375 0.51 0.228515625 0.5103333333333333 0.225830078125 0.5126666666666667 0.225830078125 0.5173333333333333 0.228271484375 0.5206666666666667 0.234375 0.5213333333333333 0.236328125 0.5213333333333333
1 0.214111328125 0.361 0.218017578125 0.357 0.2177734375 0.35333333333333333 0.2158203125 0.35233333333333333 0.2119140625 0.35433333333333333 0.20849609375 0.353 0.203857421875 0.357 0.202880859375 0.35933333333333334 0.204833984375 0.37266666666666665 0.208984375 0.376 0.213623046875 0.37266666666666665 0.214111328125 0.361
1 0.255859375 0.39766666666666667 0.259521484375 0.39666666666666667 0.259521484375 0.39066666666666666 0.262451171875 0.38133333333333336 0.26220703125 0.37633333333333335 0.260986328125 0.37333333333333335 0.255615234375 0.37033333333333335 0.25 0.372 0.246826171875 0.37533333333333335 0.24267578125 0.38466666666666666 0.244140625 0.3913333333333333 0.24609375 0.3933333333333333 0.255859375 0.39766666666666667
1 0.258544921875 0.424 0.256591796875 0.42033333333333334 0.25244140625 0.41833333333333333 0.247802734375 0.4186666666666667 0.243408203125 0.4226666666666667 0.243896484375 0.42766666666666664 0.24951171875 0.43133333333333335 0.255615234375 0.42933333333333334 0.258544921875 0.424
1 0.426025390625 0.26766666666666666 0.426025390625 0.263 0.423828125 0.25866666666666666 0.4169921875 0.25933333333333336 0.413818359375 0.261 0.4130859375 0.26266666666666666 0.413330078125 0.26766666666666666 0.416748046875 0.27366666666666667 0.419921875 0.274 0.426025390625 0.26766666666666666
1 0.22216796875 0.03 0.228271484375 0.037 0.247802734375 0.04566666666666667 0.251953125 0.04633333333333333 0.25732421875 0.044333333333333336 0.263916015625 0.028 0.263916015625 0.022 0.262451171875 0.019333333333333334 0.240478515625 0.010666666666666666 0.2314453125 0.01 0.21826171875 0.014 0.216064453125 0.018333333333333333 0.212890625 0.021333333333333333 0.216064453125 0.025333333333333333 0.22216796875 0.03
1 0.17724609375 0.09366666666666666 0.176513671875 0.08766666666666667 0.173828125 0.08533333333333333 0.161865234375 0.08733333333333333 0.162109375 0.09566666666666666 0.164306640625 0.097 0.17578125 0.09566666666666666 0.17724609375 0.09366666666666666
1 0.130126953125 0.05466666666666667 0.1337890625 0.05466666666666667 0.13671875 0.050666666666666665 0.14111328125 0.037333333333333336 0.140380859375 0.024666666666666667 0.13916015625 0.021333333333333333 0.13671875 0.02033333333333333 0.130615234375 0.02 0.12939453125 0.021333333333333333 0.128662109375 0.03266666666666666 0.1240234375 0.04066666666666666 0.1240234375 0.045 0.130126953125 0.05466666666666667
1 0.030029296875 0.16933333333333334 0.026123046875 0.157 0.02490234375 0.15566666666666668 0.016845703125 0.158 0.0166015625 0.16233333333333333 0.021240234375 0.175 0.029296875 0.17733333333333334 0.030029296875 0.16933333333333334
1 0.013427734375 0.10166666666666667 0.019287109375 0.09933333333333333 0.025146484375 0.09533333333333334 0.026611328125 0.09166666666666666 0.025146484375 0.08666666666666667 0.016845703125 0.08066666666666666 0.009033203125 0.079 0.005859375 0.07966666666666666 0.003173828125 0.08266666666666667 0.0068359375 0.09633333333333334 0.005859375 0.09966666666666667 0.007568359375 0.10166666666666667 0.013427734375 0.10166666666666667
1 0.033203125 0.214 0.038330078125 0.201 0.037841796875 0.19733333333333333 0.033203125 0.19433333333333333 0.028564453125 0.19366666666666665 0.02685546875 0.19533333333333333 0.02392578125 0.20533333333333334 0.023681640625 0.209 0.025146484375 0.21133333333333335 0.029296875 0.21366666666666667 0.033203125 0.214
1 0.1083984375 0.19233333333333333 0.119140625 0.18066666666666667 0.121337890625 0.17366666666666666 0.120849609375 0.16933333333333334 0.119384765625 0.16766666666666666 0.111572265625 0.168 0.103271484375 0.17233333333333334 0.098876953125 0.17766666666666667 0.095703125 0.18766666666666668 0.095703125 0.191 0.09814453125 0.193 0.10400390625 0.194 0.1083984375 0.19233333333333333
1 0.12744140625 0.282 0.128662109375 0.2803333333333333 0.12841796875 0.27566666666666667 0.12646484375 0.269 0.122802734375 0.268 0.114990234375 0.271 0.114013671875 0.27266666666666667 0.11376953125 0.27666666666666667 0.115234375 0.2836666666666667 0.119384765625 0.2843333333333333 0.12744140625 0.282
1 0.13037109375 0.248 0.1318359375 0.24466666666666667 0.13037109375 0.23733333333333334 0.12353515625 0.23466666666666666 0.1171875 0.237 0.116943359375 0.24433333333333335 0.119140625 0.24933333333333332 0.128173828125 0.249 0.13037109375 0.248
1 0.052490234375 0.745 0.05419921875 0.7406666666666667 0.056640625 0.7396666666666667 0.05908203125 0.7326666666666667 0.05908203125 0.7283333333333334 0.056640625 0.7236666666666667 0.052001953125 0.7236666666666667 0.044189453125 0.7306666666666667 0.04345703125 0.7366666666666667 0.04443359375 0.7436666666666667 0.0498046875 0.7456666666666667 0.052490234375 0.745
1 0.070068359375 0.7563333333333333 0.070068359375 0.7506666666666667 0.068115234375 0.745 0.064208984375 0.7436666666666667 0.0615234375 0.7466666666666667 0.06103515625 0.752 0.06298828125 0.756 0.068115234375 0.7583333333333333 0.070068359375 0.7563333333333333
1 0.10888671875 0.768 0.1103515625 0.763 0.108154296875 0.75 0.102783203125 0.748 0.098876953125 0.7516666666666667 0.099365234375 0.764 0.103515625 0.7686666666666667 0.107177734375 0.7693333333333333 0.10888671875 0.768
1 0.060302734375 0.8846666666666667 0.0634765625 0.8806666666666667 0.064453125 0.8773333333333333 0.064208984375 0.8726666666666667 0.052490234375 0.865 0.048583984375 0.866 0.04248046875 0.8703333333333333 0.04052734375 0.873 0.044677734375 0.8786666666666667 0.05615234375 0.886 0.060302734375 0.8846666666666667
1 0.0537109375 0.9653333333333334 0.054443359375 0.9586666666666667 0.0517578125 0.955 0.048095703125 0.9533333333333334 0.045166015625 0.955 0.04345703125 0.9606666666666667 0.041748046875 0.9666666666666667 0.045166015625 0.969 0.048583984375 0.9693333333333334 0.0537109375 0.9653333333333334
1 0.1328125 0.9236666666666666 0.130615234375 0.9153333333333333 0.125 0.9163333333333333 0.122802734375 0.9233333333333333 0.122802734375 0.932 0.130615234375 0.9313333333333333 0.132080078125 0.9286666666666666 0.1328125 0.9236666666666666
1 0.20068359375 0.813 0.201904296875 0.8106666666666666 0.201904296875 0.8063333333333333 0.198974609375 0.8026666666666666 0.193115234375 0.8013333333333333 0.190673828125 0.8036666666666666 0.188232421875 0.8106666666666666 0.187744140625 0.8143333333333334 0.18896484375 0.8176666666666667 0.190185546875 0.818 0.20068359375 0.813
1 0.2021484375 0.856 0.200927734375 0.851 0.193115234375 0.8483333333333334 0.189453125 0.8506666666666667 0.189453125 0.8573333333333333 0.191650390625 0.8606666666666667 0.201416015625 0.8613333333333333 0.2021484375 0.856
1 0.181640625 0.8593333333333333 0.184326171875 0.8533333333333334 0.18212890625 0.85 0.178955078125 0.8493333333333334 0.174560546875 0.8496666666666667 0.171875 0.852 0.1708984375 0.8533333333333334 0.171875 0.8576666666666667 0.1767578125 0.8606666666666667 0.181640625 0.8593333333333333
1 0.244384765625 0.716 0.2490234375 0.709 0.246337890625 0.7046666666666667 0.24169921875 0.7006666666666667 0.236572265625 0.6983333333333334 0.232421875 0.7 0.229736328125 0.704 0.229248046875 0.705 0.231201171875 0.709 0.23974609375 0.716 0.244384765625 0.716
1 0.156982421875 0.5806666666666667 0.162109375 0.5726666666666667 0.162109375 0.569 0.158203125 0.5636666666666666 0.153564453125 0.5636666666666666 0.150390625 0.5656666666666667 0.143798828125 0.5733333333333334 0.142578125 0.576 0.1435546875 0.58 0.154541015625 0.5823333333333334 0.156982421875 0.5806666666666667
1 0.286865234375 0.5463333333333333 0.299560546875 0.5463333333333333 0.30224609375 0.5453333333333333 0.303466796875 0.5413333333333333 0.302734375 0.537 0.301513671875 0.536 0.290771484375 0.5336666666666666 0.27880859375 0.5336666666666666 0.275390625 0.536 0.274658203125 0.538 0.274169921875 0.5406666666666666 0.275146484375 0.5423333333333333 0.279052734375 0.5446666666666666 0.286865234375 0.5463333333333333
1 0.376708984375 0.5673333333333334 0.384521484375 0.565 0.3876953125 0.557 0.384765625 0.5523333333333333 0.380859375 0.549 0.373291015625 0.546 0.365478515625 0.5463333333333333 0.36279296875 0.5503333333333333 0.363037109375 0.5563333333333333 0.365234375 0.561 0.369140625 0.5643333333333334 0.376708984375 0.5673333333333334
1 0.349609375 0.47433333333333333 0.3544921875 0.4666666666666667 0.35693359375 0.455 0.355712890625 0.451 0.349853515625 0.44266666666666665 0.345703125 0.44233333333333336 0.341552734375 0.4503333333333333 0.33984375 0.4603333333333333 0.339599609375 0.46266666666666667 0.341064453125 0.466 0.345458984375 0.472 0.349609375 0.47433333333333333
1 0.336181640625 0.7476666666666667 0.337646484375 0.744 0.336181640625 0.74 0.329833984375 0.736 0.325927734375 0.7363333333333333 0.322998046875 0.74 0.32275390625 0.744 0.329345703125 0.7486666666666667 0.333984375 0.7493333333333333 0.336181640625 0.7476666666666667
1 0.610107421875 0.6543333333333333 0.6103515625 0.6473333333333333 0.609130859375 0.6293333333333333 0.607177734375 0.6273333333333333 0.59619140625 0.628 0.594482421875 0.6303333333333333 0.59375 0.6346666666666667 0.59326171875 0.658 0.59912109375 0.6596666666666666 0.608642578125 0.6586666666666666 0.610107421875 0.6543333333333333
1 0.599853515625 0.6776666666666666 0.599365234375 0.6736666666666666 0.59765625 0.6703333333333333 0.59228515625 0.665 0.584716796875 0.6656666666666666 0.58251953125 0.6686666666666666 0.58349609375 0.6743333333333333 0.591552734375 0.6813333333333333 0.59619140625 0.6816666666666666 0.599853515625 0.6776666666666666
1 0.734130859375 0.6366666666666667 0.740478515625 0.635 0.7451171875 0.6306666666666667 0.74609375 0.627 0.74072265625 0.6193333333333333 0.73681640625 0.6173333333333333 0.724853515625 0.6186666666666667 0.720947265625 0.622 0.720947265625 0.6266666666666667 0.722900390625 0.6306666666666667 0.729248046875 0.6363333333333333 0.734130859375 0.6366666666666667
1 0.7919921875 0.3253333333333333 0.798583984375 0.3243333333333333 0.801025390625 0.322 0.80078125 0.31766666666666665 0.79833984375 0.312 0.794921875 0.308 0.785888671875 0.30233333333333334 0.779052734375 0.3006666666666667 0.77197265625 0.30266666666666664 0.770263671875 0.30533333333333335 0.77099609375 0.31033333333333335 0.774169921875 0.31566666666666665 0.783935546875 0.32366666666666666 0.7919921875 0.3253333333333333
1 0.999755859375 0.15066666666666667 0.999755859375 0.13633333333333333 0.98681640625 0.131 0.982177734375 0.131 0.9794921875 0.13433333333333333 0.979248046875 0.139 0.981689453125 0.14633333333333334 0.99072265625 0.15066666666666667 0.999755859375 0.15066666666666667
1 0.174072265625 0.2946666666666667 0.16943359375 0.294 0.168212890625 0.295 0.169921875 0.2976666666666667 0.173828125 0.2976666666666667 0.174072265625 0.2946666666666667
1 0.181640625 0.31833333333333336 0.185302734375 0.31033333333333335 0.18359375 0.30666666666666664 0.173828125 0.299 0.172119140625 0.3 0.169921875 0.30866666666666664 0.169677734375 0.31033333333333335 0.171630859375 0.31466666666666665 0.177490234375 0.31833333333333336 0.181640625 0.31833333333333336
1 0.329833984375 0.6893333333333334 0.32958984375 0.6853333333333333 0.312744140625 0.6736666666666666 0.310302734375 0.6726666666666666 0.302490234375 0.6733333333333333 0.302001953125 0.675 0.302490234375 0.6846666666666666 0.3037109375 0.6876666666666666 0.318359375 0.7026666666666667 0.329833984375 0.6893333333333334
1 0.45361328125 0.6386666666666667 0.451416015625 0.6336666666666667 0.44677734375 0.631 0.443115234375 0.6353333333333333 0.443359375 0.642 0.447265625 0.6463333333333333 0.451171875 0.6463333333333333 0.45361328125 0.6386666666666667
1 0.525146484375 0.4676666666666667 0.525146484375 0.459 0.52099609375 0.45766666666666667 0.514892578125 0.462 0.513427734375 0.4643333333333333 0.513916015625 0.4713333333333333 0.5166015625 0.4726666666666667 0.519775390625 0.472 0.525146484375 0.4676666666666667
1 0.121337890625 0.04466666666666667 0.12255859375 0.037 0.119140625 0.03133333333333333 0.114501953125 0.030666666666666665 0.11083984375 0.034666666666666665 0.111083984375 0.04133333333333333 0.114990234375 0.04666666666666667 0.119140625 0.047 0.121337890625 0.04466666666666667
1 0.31396484375 0.10933333333333334 0.3193359375 0.092 0.31884765625 0.08766666666666667 0.308837890625 0.087 0.306640625 0.088 0.30126953125 0.10433333333333333 0.301025390625 0.108 0.302490234375 0.11133333333333334 0.310546875 0.11166666666666666 0.31396484375 0.10933333333333334
1 0.262005615234375 0.08087000000000001 0.261761474609375 0.07687000000000001 0.256390380859375 0.07420333333333334 0.250531005859375 0.07887000000000001 0.250531005859375 0.08620333333333334 0.255902099609375 0.08887 0.260052490234375 0.08520333333333334 0.262005615234375 0.08087000000000001
1 0.265625 0.049 0.26416015625 0.04566666666666667 0.25927734375 0.044333333333333336 0.256103515625 0.04833333333333333 0.255859375 0.052333333333333336 0.257080078125 0.054 0.263671875 0.05633333333333333 0.265625 0.049
1 0.149658203125 0.17033333333333334 0.1533203125 0.176 0.15673828125 0.17666666666666667 0.159423828125 0.17566666666666667 0.1630859375 0.16966666666666666 0.1669921875 0.15433333333333332 0.1669921875 0.15033333333333335 0.166015625 0.14533333333333334 0.161865234375 0.143 0.1513671875 0.14933333333333335 0.145751953125 0.15033333333333335 0.14208984375 0.15266666666666667 0.14208984375 0.15866666666666668 0.149169921875 0.16033333333333333 0.151611328125 0.165 0.149658203125 0.17033333333333334
1 0.331787109375 0.6266666666666667 0.3330078125 0.6243333333333333 0.33349609375 0.619 0.330810546875 0.616 0.329833984375 0.607 0.32666015625 0.6023333333333334 0.32421875 0.6026666666666667 0.322021484375 0.605 0.317626953125 0.6163333333333333 0.3173828125 0.622 0.318603515625 0.624 0.328369140625 0.6273333333333333 0.331787109375 0.6266666666666667
1 0.41748046875 0.6763333333333333 0.419677734375 0.678 0.423583984375 0.6783333333333333 0.425537109375 0.6766666666666666 0.427001953125 0.6703333333333333 0.426025390625 0.6663333333333333 0.420166015625 0.6636666666666666 0.4111328125 0.6656666666666666 0.41064453125 0.6736666666666666 0.412841796875 0.6743333333333333 0.41650390625 0.673 0.41748046875 0.6763333333333333
1 0.417724609375 0.676 0.41943359375 0.6776666666666666 0.423828125 0.678 0.426513671875 0.6736666666666666 0.42529296875 0.6683333333333333 0.427001953125 0.6666666666666666 0.431884765625 0.6673333333333333 0.4375 0.666 0.4404296875 0.662 0.441650390625 0.654 0.435791015625 0.652 0.421630859375 0.6533333333333333 0.4189453125 0.6546666666666666 0.415283203125 0.661 0.4150390625 0.663 0.4169921875 0.6656666666666666 0.416259765625 0.6696666666666666 0.417724609375 0.676
1 0.50439453125 0.66 0.509521484375 0.6613333333333333 0.515869140625 0.6466666666666666 0.515869140625 0.6423333333333333 0.513671875 0.64 0.51123046875 0.6396666666666667 0.509765625 0.6396666666666667 0.508056640625 0.642 0.5068359375 0.6483333333333333 0.501953125 0.6546666666666666 0.50244140625 0.658 0.50439453125 0.66
1 0.627685546875 0.7856666666666666 0.63232421875 0.7843333333333333 0.63525390625 0.783 0.63671875 0.78 0.63623046875 0.7776666666666666 0.63330078125 0.7743333333333333 0.630859375 0.7673333333333333 0.617919921875 0.77 0.61328125 0.7743333333333333 0.613525390625 0.7766666666666666 0.615234375 0.779 0.622314453125 0.7853333333333333 0.627685546875 0.7856666666666666
1 0.419677734375 0.9233333333333333 0.4248046875 0.9116666666666666 0.422119140625 0.9063333333333333 0.415771484375 0.9046666666666666 0.412109375 0.9086666666666666 0.4091796875 0.9153333333333333 0.4091796875 0.919 0.410888671875 0.9213333333333333 0.415771484375 0.9236666666666666 0.419677734375 0.9233333333333333
1 0.415771484375 0.9383333333333334 0.416259765625 0.9316666666666666 0.414794921875 0.9286666666666666 0.412109375 0.927 0.407470703125 0.9283333333333333 0.406494140625 0.9313333333333333 0.407470703125 0.9386666666666666 0.412109375 0.9406666666666667 0.415771484375 0.9383333333333334
1 0.646240234375 0.41733333333333333 0.650146484375 0.41733333333333333 0.657958984375 0.4116666666666667 0.66015625 0.408 0.660400390625 0.4036666666666667 0.658203125 0.39866666666666667 0.654296875 0.39866666666666667 0.646240234375 0.403 0.643798828125 0.4063333333333333 0.642822265625 0.408 0.642822265625 0.412 0.64453125 0.4156666666666667 0.646240234375 0.41733333333333333
1 0.649658203125 0.46266666666666667 0.6494140625 0.4593333333333333 0.64697265625 0.458 0.64208984375 0.458 0.6396484375 0.461 0.639404296875 0.464 0.641357421875 0.4666666666666667 0.647216796875 0.4666666666666667 0.649658203125 0.46266666666666667
1 0.664794921875 0.5173333333333333 0.669921875 0.5273333333333333 0.69677734375 0.5213333333333333 0.701171875 0.5173333333333333 0.700439453125 0.505 0.70751953125 0.49 0.708740234375 0.48633333333333334 0.70849609375 0.48233333333333334 0.698486328125 0.4693333333333333 0.6923828125 0.4683333333333333 0.689208984375 0.4703333333333333 0.67529296875 0.505 0.66748046875 0.5096666666666667 0.664306640625 0.5133333333333333 0.664794921875 0.5173333333333333
1 0.315185546875 0.27266666666666667 0.317626953125 0.26766666666666666 0.314697265625 0.2633333333333333 0.312744140625 0.263 0.30419921875 0.2643333333333333 0.30078125 0.26666666666666666 0.302490234375 0.2733333333333333 0.306396484375 0.276 0.310546875 0.27566666666666667 0.315185546875 0.27266666666666667
1 0.033203125 0.74 0.03271484375 0.734 0.029052734375 0.729 0.025634765625 0.7276666666666667 0.021484375 0.7283333333333334 0.021240234375 0.7326666666666667 0.02294921875 0.736 0.02880859375 0.7406666666666667 0.033203125 0.74
1 0.34326171875 0.3416666666666667 0.343505859375 0.337 0.341552734375 0.3333333333333333 0.337158203125 0.3323333333333333 0.33349609375 0.3353333333333333 0.3330078125 0.338 0.334716796875 0.3423333333333333 0.338623046875 0.3433333333333333 0.34326171875 0.3416666666666667
1 0.355712890625 0.318 0.356689453125 0.31 0.35546875 0.30766666666666664 0.349609375 0.30433333333333334 0.345947265625 0.30466666666666664 0.3447265625 0.30633333333333335 0.3447265625 0.314 0.345703125 0.31633333333333336 0.352783203125 0.31866666666666665 0.355712890625 0.318
1 0.388916015625 0.2866666666666667 0.38916015625 0.2826666666666667 0.385498046875 0.27566666666666667 0.380615234375 0.275 0.379150390625 0.277 0.379150390625 0.283 0.38134765625 0.288 0.385009765625 0.2896666666666667 0.388916015625 0.2866666666666667
1 0.428955078125 0.22133333333333333 0.42919921875 0.21733333333333332 0.427734375 0.21266666666666667 0.42333984375 0.212 0.42138671875 0.21533333333333332 0.421875 0.22033333333333333 0.423583984375 0.223 0.427490234375 0.22333333333333333 0.428955078125 0.22133333333333333
1 0.162353515625 0.231 0.168212890625 0.22833333333333333 0.169921875 0.225 0.16845703125 0.21766666666666667 0.162109375 0.21433333333333332 0.15771484375 0.21433333333333332 0.1533203125 0.217 0.14599609375 0.21833333333333332 0.142822265625 0.22166666666666668 0.1435546875 0.229 0.144775390625 0.23066666666666666 0.150390625 0.233 0.162353515625 0.231
1 0.2451171875 0.17033333333333334 0.244140625 0.16533333333333333 0.2412109375 0.162 0.23974609375 0.16133333333333333 0.235595703125 0.16266666666666665 0.234619140625 0.16633333333333333 0.23876953125 0.172 0.240234375 0.173 0.2451171875 0.17033333333333334
1 0.241943359375 0.264 0.243408203125 0.26 0.243408203125 0.25566666666666665 0.242431640625 0.254 0.240478515625 0.25133333333333335 0.2392578125 0.25133333333333335 0.236083984375 0.25433333333333336 0.23583984375 0.26 0.23681640625 0.2623333333333333 0.239990234375 0.2653333333333333 0.241943359375 0.264
1 0.278564453125 0.2856666666666667 0.28076171875 0.283 0.281494140625 0.279 0.27880859375 0.276 0.271240234375 0.274 0.269287109375 0.2763333333333333 0.268798828125 0.279 0.27197265625 0.284 0.275146484375 0.2856666666666667 0.278564453125 0.2856666666666667
1 0.310546875 0.16066666666666668 0.312744140625 0.158 0.312744140625 0.15433333333333332 0.309326171875 0.147 0.30615234375 0.14566666666666667 0.302490234375 0.148 0.3017578125 0.15133333333333332 0.302978515625 0.15933333333333333 0.3056640625 0.16066666666666668 0.310546875 0.16066666666666668
1 0.587890625 0.216 0.583740234375 0.21166666666666667 0.5791015625 0.22 0.579345703125 0.22433333333333333 0.583984375 0.22666666666666666 0.585693359375 0.22466666666666665 0.587890625 0.216
1 0.659423828125 0.24766666666666667 0.6591796875 0.24466666666666667 0.657958984375 0.243 0.652587890625 0.24433333333333335 0.64990234375 0.247 0.649658203125 0.25233333333333335 0.650390625 0.254 0.657958984375 0.253 0.659423828125 0.24766666666666667
1 0.576171875 0.25966666666666666 0.576416015625 0.25533333333333336 0.574951171875 0.25333333333333335 0.572021484375 0.25233333333333335 0.5673828125 0.254 0.566650390625 0.25933333333333336 0.568115234375 0.2613333333333333 0.572509765625 0.262 0.576171875 0.25966666666666666
1 0.632568359375 0.30633333333333335 0.632568359375 0.30266666666666664 0.630859375 0.3006666666666667 0.626953125 0.3 0.62451171875 0.3016666666666667 0.6240234375 0.30366666666666664 0.625732421875 0.30666666666666664 0.630859375 0.30733333333333335 0.632568359375 0.30633333333333335
1 0.724609375 0.38133333333333336 0.724365234375 0.376 0.720947265625 0.374 0.713623046875 0.37666666666666665 0.712890625 0.378 0.712890625 0.38266666666666665 0.715576171875 0.385 0.722412109375 0.38333333333333336 0.724609375 0.38133333333333336
1 0.775390625 0.532 0.7763671875 0.5253333333333333 0.767333984375 0.525 0.76416015625 0.529 0.764404296875 0.5333333333333333 0.7666015625 0.5343333333333333 0.772705078125 0.5336666666666666 0.775390625 0.532
1 0.867431640625 0.49433333333333335 0.86669921875 0.49 0.8681640625 0.486 0.8623046875 0.4846666666666667 0.860107421875 0.48633333333333334 0.85986328125 0.494 0.861328125 0.496 0.865234375 0.49666666666666665 0.867431640625 0.49433333333333335
1 0.84375 0.5023333333333333 0.85009765625 0.5006666666666667 0.851806640625 0.49833333333333335 0.848388671875 0.49 0.845458984375 0.4856666666666667 0.841796875 0.48333333333333334 0.8330078125 0.485 0.82861328125 0.48933333333333334 0.8291015625 0.49333333333333335 0.83203125 0.5 0.833984375 0.502 0.84375 0.5023333333333333
1 0.941650390625 0.736 0.943359375 0.726 0.943115234375 0.7176666666666667 0.934814453125 0.718 0.931396484375 0.7166666666666667 0.926025390625 0.7206666666666667 0.92626953125 0.74 0.931884765625 0.7403333333333333 0.939208984375 0.7383333333333333 0.941650390625 0.736
1 0.944091796875 0.9846666666666667 0.9580078125 0.9846666666666667 0.97021484375 0.9773333333333334 0.9736328125 0.9703333333333334 0.97509765625 0.962 0.97412109375 0.959 0.970458984375 0.955 0.958740234375 0.9526666666666667 0.9501953125 0.9553333333333334 0.939208984375 0.955 0.932373046875 0.9666666666666667 0.93115234375 0.9756666666666667 0.931884765625 0.9783333333333334 0.933837890625 0.9803333333333333 0.944091796875 0.9846666666666667
1 0.504638671875 0.8426666666666667 0.501953125 0.836 0.49365234375 0.8363333333333334 0.4912109375 0.84 0.490966796875 0.8453333333333334 0.494873046875 0.8483333333333334 0.501708984375 0.848 0.504638671875 0.8426666666666667
1 0.43212890625 0.7996666666666666 0.43115234375 0.7963333333333333 0.42529296875 0.7933333333333333 0.422119140625 0.7943333333333333 0.420654296875 0.7976666666666666 0.423095703125 0.8066666666666666 0.42724609375 0.8086666666666666 0.429931640625 0.8063333333333333 0.43212890625 0.7996666666666666
1 0.478515625 0.7986666666666666 0.47900390625 0.7943333333333333 0.47412109375 0.792 0.4697265625 0.7946666666666666 0.46875 0.7966666666666666 0.46826171875 0.7986666666666666 0.4697265625 0.8003333333333333 0.474853515625 0.8016666666666666 0.478515625 0.7986666666666666
1 0.436767578125 0.9706666666666667 0.4384765625 0.967 0.435302734375 0.9636666666666667 0.431884765625 0.9626666666666667 0.4267578125 0.9656666666666667 0.42626953125 0.9666666666666667 0.427490234375 0.9703333333333334 0.431396484375 0.972 0.436767578125 0.9706666666666667
1 0.536865234375 0.9826666666666667 0.540283203125 0.9786666666666667 0.539794921875 0.9743333333333334 0.537109375 0.972 0.531982421875 0.9723333333333334 0.529296875 0.9706666666666667 0.525146484375 0.9706666666666667 0.5244140625 0.9723333333333334 0.525146484375 0.9776666666666667 0.529296875 0.983 0.533935546875 0.9836666666666667 0.536865234375 0.9826666666666667
1 0.052734375 0.6893333333333334 0.05078125 0.687 0.04833984375 0.6786666666666666 0.044189453125 0.6773333333333333 0.041015625 0.6783333333333333 0.039794921875 0.6803333333333333 0.03955078125 0.6856666666666666 0.044677734375 0.695 0.0517578125 0.693 0.052734375 0.6893333333333334
1 0.232421875 0.9553333333333334 0.235107421875 0.951 0.234130859375 0.9433333333333334 0.232177734375 0.942 0.223876953125 0.943 0.216552734375 0.9473333333333334 0.2158203125 0.951 0.216796875 0.9536666666666667 0.22021484375 0.956 0.232421875 0.9553333333333334
1 0.1064453125 0.453 0.11083984375 0.45166666666666666 0.1123046875 0.44366666666666665 0.111572265625 0.43533333333333335 0.105224609375 0.433 0.099609375 0.43366666666666664 0.09814453125 0.43533333333333335 0.102294921875 0.451 0.103515625 0.45266666666666666 0.1064453125 0.453
1 0.333251953125 0.5866666666666667 0.333251953125 0.5833333333333334 0.327880859375 0.5783333333333334 0.318115234375 0.5773333333333334 0.31591796875 0.5803333333333334 0.315673828125 0.5836666666666667 0.31982421875 0.5883333333333334 0.330078125 0.5896666666666667 0.333251953125 0.5866666666666667
1 0.293701171875 0.564 0.294921875 0.5566666666666666 0.29150390625 0.5546666666666666 0.2861328125 0.5546666666666666 0.282958984375 0.5553333333333333 0.281494140625 0.558 0.28125 0.5636666666666666 0.281982421875 0.565 0.291015625 0.5666666666666667 0.293701171875 0.564
1 0.45166015625 0.5913333333333334 0.4501953125 0.5886666666666667 0.4453125 0.588 0.443359375 0.5886666666666667 0.4423828125 0.5906666666666667 0.4423828125 0.5953333333333334 0.443359375 0.5966666666666667 0.451171875 0.596 0.45166015625 0.5913333333333334
1 0.41162109375 0.5726666666666667 0.41357421875 0.565 0.41259765625 0.5606666666666666 0.40771484375 0.5603333333333333 0.40576171875 0.562 0.404052734375 0.5643333333333334 0.404541015625 0.572 0.40771484375 0.574 0.41162109375 0.5726666666666667
1 0.367431640625 0.635 0.366455078125 0.627 0.365478515625 0.626 0.361083984375 0.6266666666666667 0.359619140625 0.6306666666666667 0.35546875 0.6346666666666667 0.355224609375 0.6386666666666667 0.357177734375 0.6413333333333333 0.365234375 0.639 0.367431640625 0.635
1 0.365966796875 0.7126666666666667 0.365478515625 0.7093333333333334 0.361328125 0.7063333333333334 0.35693359375 0.705 0.352294921875 0.7076666666666667 0.352294921875 0.7123333333333334 0.355712890625 0.7153333333333334 0.361572265625 0.7156666666666667 0.365966796875 0.7126666666666667
1 0.322265625 0.721 0.3232421875 0.7173333333333334 0.322265625 0.7033333333333334 0.31787109375 0.7033333333333334 0.3125 0.71 0.305419921875 0.7153333333333334 0.30517578125 0.7166666666666667 0.31396484375 0.7223333333333334 0.318603515625 0.7226666666666667 0.322265625 0.721
1 0.35205078125 0.25233333333333335 0.35009765625 0.248 0.3466796875 0.24533333333333332 0.341552734375 0.24666666666666667 0.341796875 0.25233333333333335 0.345703125 0.25533333333333336 0.349609375 0.256 0.35205078125 0.25233333333333335
1 0.45947265625 0.232 0.459716796875 0.22466666666666665 0.458984375 0.22366666666666668 0.454833984375 0.224 0.448486328125 0.23 0.44775390625 0.23233333333333334 0.4501953125 0.23633333333333334 0.455078125 0.236 0.45947265625 0.232
1 0.654541015625 0.06233333333333333 0.659423828125 0.06 0.66064453125 0.05633333333333333 0.65869140625 0.050333333333333334 0.65625 0.047 0.654052734375 0.04533333333333334 0.6484375 0.04766666666666667 0.646484375 0.048666666666666664 0.646728515625 0.05266666666666667 0.650390625 0.061 0.654541015625 0.06233333333333333
1 0.776123046875 0.4043333333333333 0.778076171875 0.4003333333333333 0.771484375 0.396 0.767333984375 0.39766666666666667 0.766845703125 0.40066666666666667 0.767578125 0.402 0.773193359375 0.4046666666666667 0.776123046875 0.4043333333333333
1 0.875732421875 0.369 0.874267578125 0.36533333333333334 0.870849609375 0.36433333333333334 0.86474609375 0.36533333333333334 0.861083984375 0.36833333333333335 0.861328125 0.37266666666666665 0.86474609375 0.37466666666666665 0.87353515625 0.37233333333333335 0.875732421875 0.369
1 0.822509765625 0.36233333333333334 0.833740234375 0.351 0.83447265625 0.348 0.834228515625 0.3456666666666667 0.830078125 0.3406666666666667 0.825439453125 0.3393333333333333 0.8154296875 0.3496666666666667 0.813232421875 0.35333333333333333 0.814208984375 0.357 0.818115234375 0.3616666666666667 0.822509765625 0.36233333333333334
1 0.82666015625 0.3923333333333333 0.8330078125 0.3883333333333333 0.832763671875 0.381 0.8291015625 0.37733333333333335 0.82861328125 0.373 0.822265625 0.36533333333333334 0.8173828125 0.36433333333333334 0.81494140625 0.365 0.81298828125 0.36733333333333335 0.81201171875 0.36933333333333335 0.813232421875 0.37666666666666665 0.821044921875 0.39 0.82666015625 0.3923333333333333
1 0.843017578125 0.37966666666666665 0.845703125 0.377 0.8486328125 0.369 0.85009765625 0.361 0.84912109375 0.358 0.844482421875 0.357 0.830322265625 0.3606666666666667 0.827880859375 0.365 0.82763671875 0.37466666666666665 0.83251953125 0.38066666666666665 0.838623046875 0.381 0.843017578125 0.37966666666666665
1 0.654052734375 0.677 0.657470703125 0.6743333333333333 0.658935546875 0.6703333333333333 0.657958984375 0.6683333333333333 0.654052734375 0.666 0.64599609375 0.6666666666666666 0.64306640625 0.6686666666666666 0.64306640625 0.674 0.645263671875 0.6766666666666666 0.64794921875 0.6776666666666666 0.654052734375 0.677
1 0.77490234375 0.6823333333333333 0.7763671875 0.6776666666666666 0.775146484375 0.6736666666666666 0.7724609375 0.6726666666666666 0.768798828125 0.6736666666666666 0.765380859375 0.6776666666666666 0.764404296875 0.6816666666666666 0.767578125 0.6853333333333333 0.7705078125 0.6856666666666666 0.77490234375 0.6823333333333333
1 0.712890625 0.7176666666666667 0.7138671875 0.7093333333333334 0.712890625 0.706 0.708740234375 0.7053333333333334 0.704833984375 0.708 0.703857421875 0.7103333333333334 0.701904296875 0.7163333333333334 0.70361328125 0.7203333333333334 0.706787109375 0.7206666666666667 0.712890625 0.7176666666666667
1 0.76708984375 0.813 0.771484375 0.8066666666666666 0.773681640625 0.7946666666666666 0.771484375 0.7923333333333333 0.76806640625 0.7913333333333333 0.761962890625 0.7923333333333333 0.760009765625 0.795 0.755126953125 0.8083333333333333 0.7548828125 0.8103333333333333 0.75634765625 0.813 0.761962890625 0.814 0.76708984375 0.813
1 0.761474609375 0.963 0.76025390625 0.9586666666666667 0.75634765625 0.9576666666666667 0.751220703125 0.9573333333333334 0.748046875 0.96 0.747802734375 0.964 0.75244140625 0.9663333333333334 0.759765625 0.9663333333333334 0.761474609375 0.963
1 0.857177734375 0.7416666666666667 0.859375 0.736 0.857666015625 0.7333333333333333 0.852783203125 0.7333333333333333 0.849365234375 0.7343333333333333 0.848388671875 0.7366666666666667 0.84814453125 0.74 0.849365234375 0.742 0.85400390625 0.7426666666666667 0.857177734375 0.7416666666666667
1 0.92138671875 0.7446666666666667 0.922119140625 0.7406666666666667 0.921630859375 0.732 0.919677734375 0.7283333333333334 0.912109375 0.7286666666666667 0.909912109375 0.7326666666666667 0.908447265625 0.7436666666666667 0.909912109375 0.7463333333333333 0.91748046875 0.747 0.92138671875 0.7446666666666667
1 0.519287109375 0.38466666666666666 0.517333984375 0.37533333333333335 0.5126953125 0.374 0.506103515625 0.37633333333333335 0.505859375 0.38066666666666665 0.508056640625 0.38433333333333336 0.5166015625 0.38666666666666666 0.519287109375 0.38466666666666666
1 0.517333984375 0.4126666666666667 0.518798828125 0.408 0.517822265625 0.4013333333333333 0.513427734375 0.39966666666666667 0.51123046875 0.402 0.510498046875 0.404 0.510986328125 0.408 0.5126953125 0.4116666666666667 0.517333984375 0.4126666666666667
1 0.430419921875 0.36966666666666664 0.429443359375 0.365 0.427490234375 0.3636666666666667 0.423095703125 0.3636666666666667 0.42041015625 0.36533333333333334 0.420166015625 0.36966666666666664 0.4228515625 0.37233333333333335 0.42822265625 0.37233333333333335 0.430419921875 0.36966666666666664
1 0.035400390625 0 0.03125 0.01 0.0283203125 0.013666666666666667 0.02685546875 0.021666666666666667 0.02685546875 0.026 0.028076171875 0.028666666666666667 0.03662109375 0.034333333333333334 0.040771484375 0.033666666666666664 0.0419921875 0.033 0.04248046875 0.029333333333333333 0.045654296875 0.022 0.054931640625 0.010666666666666666 0.05517578125 0.005666666666666667 0.050048828125 0.002 0.0498046875 0 0.035400390625 0
1 0.137451171875 0 0.137939453125 0.009666666666666667 0.146240234375 0.009666666666666667 0.14697265625 0 0.137451171875 0
1 0.198974609375 0.04466666666666667 0.19970703125 0.041 0.197509765625 0.03666666666666667 0.193603515625 0.035666666666666666 0.191162109375 0.03666666666666667 0.190673828125 0.041666666666666664 0.19189453125 0.044333333333333336 0.193603515625 0.04566666666666667 0.198974609375 0.04466666666666667
1 0.170166015625 0.08 0.174072265625 0.076 0.173828125 0.07033333333333333 0.169677734375 0.06633333333333333 0.16357421875 0.06633333333333333 0.160400390625 0.068 0.16015625 0.072 0.161376953125 0.07566666666666666 0.164794921875 0.07966666666666666 0.170166015625 0.08
1 0.157470703125 0.06833333333333333 0.153564453125 0.06533333333333333 0.146240234375 0.07133333333333333 0.146484375 0.07433333333333333 0.15087890625 0.07633333333333334 0.156005859375 0.073 0.157470703125 0.06833333333333333
1 0.071533203125 0.498 0.068359375 0.493 0.064453125 0.494 0.0615234375 0.497 0.0615234375 0.501 0.063720703125 0.503 0.06787109375 0.502 0.071533203125 0.498
1 0.099609375 0.5076666666666667 0.10546875 0.5016666666666667 0.105712890625 0.49766666666666665 0.095458984375 0.4836666666666667 0.091552734375 0.4816666666666667 0.0869140625 0.487 0.08642578125 0.49033333333333334 0.087646484375 0.49466666666666664 0.095703125 0.5053333333333333 0.099609375 0.5076666666666667
1 0.111083984375 0.488 0.114013671875 0.48233333333333334 0.114013671875 0.479 0.113037109375 0.47733333333333333 0.1044921875 0.4736666666666667 0.099365234375 0.473 0.097412109375 0.475 0.096435546875 0.4786666666666667 0.095703125 0.48233333333333334 0.0966796875 0.48433333333333334 0.107421875 0.48966666666666664 0.111083984375 0.488
1 0.133544921875 0.8816666666666667 0.134521484375 0.879 0.13427734375 0.8756666666666667 0.13134765625 0.8736666666666667 0.12646484375 0.8733333333333333 0.1220703125 0.876 0.1220703125 0.8806666666666667 0.123779296875 0.8823333333333333 0.130615234375 0.8833333333333333 0.133544921875 0.8816666666666667
1 0.180908203125 0.7126666666666667 0.181640625 0.7096666666666667 0.18115234375 0.7036666666666667 0.17724609375 0.7026666666666667 0.173583984375 0.7066666666666667 0.17333984375 0.7123333333333334 0.17431640625 0.714 0.177978515625 0.7153333333333334 0.180908203125 0.7126666666666667
1 0.207763671875 0.776 0.20703125 0.7713333333333333 0.20361328125 0.77 0.20068359375 0.7716666666666666 0.201171875 0.779 0.205322265625 0.78 0.20703125 0.7786666666666666 0.207763671875 0.776
1 0.299072265625 0.7997026666666667 0.29736328125 0.7963693333333334 0.29443359375 0.7947026666666668 0.290771484375 0.7977026666666667 0.290771484375 0.8023693333333334 0.2939453125 0.8067026666666667 0.298828125 0.8053693333333334 0.299072265625 0.7997026666666667
1 0.48193359375 0.12566666666666668 0.48291015625 0.119 0.48095703125 0.115 0.478271484375 0.11266666666666666 0.474365234375 0.113 0.473876953125 0.11933333333333333 0.474609375 0.12266666666666666 0.478271484375 0.12633333333333333 0.48193359375 0.12566666666666668
1 0.57177734375 0.19333333333333333 0.57177734375 0.189 0.568603515625 0.18333333333333332 0.56591796875 0.18433333333333332 0.564453125 0.18666666666666668 0.564453125 0.19066666666666668 0.56689453125 0.19466666666666665 0.56884765625 0.19566666666666666 0.57177734375 0.19333333333333333
1 0.868896484375 0.057 0.87060546875 0.052 0.86865234375 0.04733333333333333 0.864990234375 0.046 0.861083984375 0.04733333333333333 0.854248046875 0.05566666666666667 0.856201171875 0.06233333333333333 0.857177734375 0.06333333333333334 0.861083984375 0.06266666666666666 0.868896484375 0.057
1 0.353271484375 0.37666666666666665 0.353515625 0.37166666666666665 0.351806640625 0.36833333333333335 0.3486328125 0.36733333333333335 0.345458984375 0.369 0.34521484375 0.373 0.346923828125 0.37666666666666665 0.349365234375 0.378 0.353271484375 0.37666666666666665
1 0.324951171875 0.357 0.32470703125 0.35333333333333333 0.322265625 0.351 0.318359375 0.351 0.316162109375 0.3536666666666667 0.315673828125 0.357 0.318603515625 0.3596666666666667 0.322509765625 0.36 0.324951171875 0.357
1 0.135755126953125 0.2834716666666667 0.130959228515625 0.282686 0.13 0.28259866666666666 0.127761962890625 0.2880103333333333 0.133453125 0.28931966666666664 0.13633056640625 0.28574099999999997 0.135755126953125 0.2834716666666667
1 0.147137451171875 0.31550433333333333 0.1478408203125 0.3208283333333333 0.154810791015625 0.320043 0.1537236328125 0.31471866666666665 0.147137451171875 0.31550433333333333
1 0.1352470703125 0.117339 0.13565380859375 0.11271233333333333 0.1321962890625 0.11014633333333335 0.128128662109375 0.11206466666666667 0.126840576171875 0.116136 0.129010009765625 0.11761666666666667 0.1352470703125 0.117339
1 0.22344580078125 0.06958266666666667 0.2272421875 0.06921233333333333 0.227445556640625 0.065511 0.22588623046875 0.06319766666666667 0.223581298828125 0.05746066666666667 0.21958154296875 0.057553 0.218361328125 0.063938 0.220666259765625 0.06662133333333334 0.22344580078125 0.06958266666666667
1 0.291442138671875 0.015179999999999999 0.289408203125 0.02728533333333333 0.294357177734375 0.025434666666666668 0.294831787109375 0.016274 0.291442138671875 0.015179999999999999
1 0.549631591796875 0.081055 0.54990283203125 0.077631 0.5491572265625 0.073282 0.54488623046875 0.07661333333333334 0.545021728515625 0.082443 0.546241943359375 0.08410833333333333 0.549631591796875 0.081055
1 0.589697265625 0.35200566666666666 0.58942626953125 0.35762533333333335 0.596747802734375 0.357718 0.5970869140625 0.35253599999999996 0.589697265625 0.35200566666666666
1 0.62132275390625 0.9685943333333333 0.615526611328125 0.9707463333333334 0.616678955078125 0.9750953333333333 0.623051513671875 0.9732446666666666 0.62132275390625 0.9685943333333333
1 0.62867822265625 0.9651016666666666 0.62962744140625 0.971394 0.634440673828125 0.9707463333333334 0.6326103515625 0.964639 0.62867822265625 0.9651016666666666
1 0.7013525390625 0.9583466666666667 0.703521728515625 0.9559406666666667 0.7034541015625 0.9507586666666666 0.7004033203125 0.9517766666666666 0.6973525390625 0.953905 0.698437255859375 0.958069 0.7013525390625 0.9583466666666667
1 0.508955810546875 0.8327803333333333 0.520073974609375 0.8190850000000001 0.51881982421875 0.8105946666666667 0.5046171875 0.8139956666666667 0.503125732421875 0.8217686666666667 0.503600341796875 0.8321323333333334 0.508955810546875 0.8327803333333333
1 0.53858154296875 0.8363889999999999 0.540140625 0.8313923333333334 0.538310302734375 0.8276906666666667 0.533157958984375 0.8250996666666667 0.531124267578125 0.824267 0.52868359375 0.8262103333333333 0.52746337890625 0.8306520000000001 0.53037841796875 0.8341683333333334 0.53858154296875 0.8363889999999999
1 0.529022705078125 0.8120523333333334 0.526107421875 0.8077033333333333 0.527598876953125 0.8027063333333334 0.52753125 0.7983573333333334 0.5252939453125 0.7979869999999999 0.523056884765625 0.8027063333333334 0.51939599609375 0.8055749999999999 0.525565185546875 0.8162163333333333 0.529022705078125 0.8120523333333334
1 0.545428466796875 0.829264 0.54603857421875 0.8275983333333333 0.546784423828125 0.821676 0.5449541015625 0.8184373333333334 0.5423779296875 0.8164016666666667 0.54020849609375 0.8233416666666667 0.540818603515625 0.8288936666666666 0.54183544921875 0.8302816666666666 0.545428466796875 0.829264
1 0.533971435546875 0.8433293333333333 0.53132763671875 0.8380850000000001 0.5278701171875 0.8399053333333333 0.530310791015625 0.848326 0.535395263671875 0.8484186666666667 0.533971435546875 0.8433293333333333
1 0.4089423828125 0.5202953333333333 0.381325439453125 0.5269646666666666 0.3828125 0.543638 0.411703857421875 0.5360986666666667 0.4089423828125 0.5202953333333333
1 0.38398095703125 0.5006229999999999 0.352009033203125 0.5094216666666667 0.356151611328125 0.535229 0.389185546875 0.526095 0.38398095703125 0.5006229999999999
1 0.356576416015625 0.5100016666666667 0.3635869140625 0.506087 0.363693115234375 0.5037673333333333 0.355620361328125 0.49985266666666667 0.35508935546875 0.4944883333333333 0.342661865234375 0.4984026666666667 0.344679931640625 0.505507 0.349990966796875 0.505072 0.356576416015625 0.5100016666666667
1 0.31886865234375 0.48564433333333334 0.3154697265625 0.4833243333333333 0.30750341796875 0.48709399999999997 0.309840087890625 0.4933283333333333 0.318974853515625 0.49071866666666664 0.31886865234375 0.48564433333333334
1 0.32481689453125 0.26143299999999997 0.324710693359375 0.2685373333333333 0.330021728515625 0.26839233333333334 0.33034033203125 0.260998 0.32481689453125 0.26143299999999997
1 0.3026171875 0.31435233333333334 0.292739013671875 0.3144973333333333 0.293801025390625 0.327256 0.304635498046875 0.32696600000000003 0.3026171875 0.31435233333333334
1 0.372190673828125 0.150067 0.368897705078125 0.15644633333333333 0.372615478515625 0.15862133333333334 0.375164794921875 0.15325666666666665 0.372190673828125 0.150067
1 0.4042685546875 0.20385633333333333 0.396939453125 0.208061 0.398426513671875 0.21458533333333332 0.4061806640625 0.21023566666666665 0.4042685546875 0.20385633333333333
1 0.39991357421875 0.18519566666666668 0.400126220703125 0.18877799999999997 0.408092529296875 0.18877799999999997 0.407880126953125 0.1838483333333333 0.39991357421875 0.18519566666666668
1 0.461201904296875 0.19312733333333332 0.4615205078125 0.1897926666666667 0.45838720703125 0.18715366666666666 0.452279541015625 0.19124266666666664 0.452704345703125 0.19559233333333334 0.4559970703125 0.19675199999999998 0.461201904296875 0.19312733333333332
1 0.492111572265625 0.160494 0.48287060546875 0.162379 0.4858447265625 0.16716333333333333 0.493917236328125 0.16600333333333334 0.492111572265625 0.160494
1 0.512877197265625 0.157351 0.509000244140625 0.16585866666666668 0.51356787109375 0.16701833333333332 0.515692138671875 0.15904433333333332 0.512877197265625 0.157351
1 0.301130126953125 0.07421633333333333 0.291251953125 0.077841 0.296562744140625 0.08813499999999999 0.306441162109375 0.08480033333333334 0.301130126953125 0.07421633333333333
1 0.718475341796875 0.719631 0.711205810546875 0.720457 0.713123046875 0.7361586666666667 0.722229736328125 0.7368126666666667 0.718475341796875 0.719631
1 0.22314453125 0.3413333333333333 0.224853515625 0.3416666666666667 0.228271484375 0.3396666666666667 0.230712890625 0.334 0.23046875 0.33 0.228271484375 0.3263333333333333 0.220947265625 0.31966666666666665 0.21630859375 0.32233333333333336 0.2138671875 0.327 0.213623046875 0.3303333333333333 0.214599609375 0.333 0.219970703125 0.3393333333333333 0.22314453125 0.3413333333333333
1 0.211669921875 0.3273333333333333 0.213134765625 0.32166666666666666 0.212158203125 0.31266666666666665 0.209716796875 0.311 0.2080078125 0.31133333333333335 0.20458984375 0.31633333333333336 0.203369140625 0.32266666666666666 0.204833984375 0.3293333333333333 0.208984375 0.3293333333333333 0.211669921875 0.3273333333333333
1 0.14111328125 0.58 0.141357421875 0.5756666666666667 0.138671875 0.5703333333333334 0.13427734375 0.5703333333333334 0.1318359375 0.5726666666666667 0.130859375 0.5756666666666667 0.130615234375 0.5796666666666667 0.135009765625 0.5833333333333334 0.138671875 0.5836666666666667 0.14111328125 0.58
1 0.155591796875 0.6470543333333333 0.150517578125 0.6694306666666666 0.161446533203125 0.673693 0.16622802734375 0.6527816666666667 0.155591796875 0.6470543333333333
1 0.154030517578125 0.6374643333333333 0.1443701171875 0.6479866666666667 0.147687744140625 0.6535806666666667 0.15803125 0.643991 0.154030517578125 0.6374643333333333
1 0.155884521484375 0.6974123333333334 0.155299072265625 0.6934163333333333 0.154518310546875 0.6903530000000001 0.150322509765625 0.6895539999999999 0.149737060546875 0.693017 0.1518837890625 0.6974123333333334 0.155884521484375 0.6974123333333334
1 0.137636962890625 0.5110256666666667 0.133245849609375 0.5150216666666667 0.135782958984375 0.519417 0.140564453125 0.5151546666666666 0.137636962890625 0.5110256666666667
1 0.0940185546875 0.6890266666666667 0.094506591796875 0.6874283333333333 0.092652587890625 0.685733 0.0889443359375 0.6896926666666666 0.090017822265625 0.6928893333333334 0.09226220703125 0.692756 0.0940185546875 0.6890266666666667
1 0.046594482421875 0.7636256666666666 0.052546875 0.7584313333333332 0.05264453125 0.7553676666666667 0.052546875 0.75388 0.049229248046875 0.752704 0.043569580078125 0.7572323333333334 0.04337451171875 0.7629596666666666 0.046594482421875 0.7636256666666666
1 0.059280029296875 0.844235 0.058011474609375 0.840772 0.0540107421875 0.8414379999999999 0.051668701171875 0.8433026666666666 0.052254150390625 0.8457 0.05713330078125 0.8464993333333334 0.059280029296875 0.844235
1 0.03566552734375 0.8702076666666667 0.03273828125 0.8672773333333333 0.029810791015625 0.867677 0.02824951171875 0.86781 0.02688330078125 0.8731380000000001 0.030201171875 0.8744696666666667 0.033714111328125 0.8740703333333333 0.03566552734375 0.8702076666666667
1 0.081967529296875 0.8957693333333333 0.06972119140625 0.9403 0.086114501953125 0.946427 0.0991904296875 0.902473 0.081967529296875 0.8957693333333333
1 0.060450927734375 0.8967456666666667 0.05849951171875 0.906602 0.063573486328125 0.907934 0.066208251953125 0.8987436666666667 0.060450927734375 0.8967456666666667
1 0.110509765625 0.9770723333333333 0.117047607421875 0.9766726666666666 0.1228046875 0.97281 0.1242685546875 0.9672160000000001 0.122511962890625 0.963117 0.11851123046875 0.9633533333333333 0.111485595703125 0.9657506666666666 0.10972900390625 0.972677 0.110509765625 0.9770723333333333
1 0.1228046875 0.9767063333333333 0.108948486328125 0.9996666666666667 0.13236767578125 0.9996666666666667 0.137149169921875 0.9891926666666666 0.1228046875 0.9767063333333333
1 0.234241455078125 0.9399113333333333 0.239218017578125 0.9405773333333334 0.24770751953125 0.9360486666666668 0.25170849609375 0.932053 0.2522939453125 0.9280569999999999 0.253269775390625 0.9184673333333333 0.2545380859375 0.910358 0.246731689453125 0.9102093333333334 0.237364013671875 0.9176679999999999 0.23394873046875 0.93152 0.234241455078125 0.9399113333333333
1 0.266394287109375 0.9113573333333334 0.251122802734375 0.9220633333333333 0.2572705078125 0.932053 0.27278564453125 0.9212643333333334 0.266394287109375 0.9113573333333334
1 0.308754638671875 0.779876 0.308497802734375 0.7901293333333334 0.312927978515625 0.789954 0.312671142578125 0.7802266666666666 0.308754638671875 0.779876
1 0.55934423828125 0.3678793333333333 0.556427734375 0.3620086666666667 0.55264697265625 0.36286599999999997 0.55232275390625 0.36714199999999997 0.55567138671875 0.3702383333333333 0.55934423828125 0.3678793333333333
1 0.531042236328125 0.000202 0.52898974609375 0.019960000000000002 0.542708740234375 0.025563 0.54724560546875 0 0.531042236328125 0.000202
1 0.681303955078125 0.35885999999999996 0.68123193359375 0.35600099999999996 0.681376220703125 0.3547196666666667 0.681303955078125 0.35444200000000003 0.6785595703125 0.3547196666666667 0.67790966796875 0.35777566666666666 0.67942626953125 0.3604373333333333 0.681303955078125 0.35885999999999996
1 0.643026611328125 0.37059099999999995 0.63428759765625 0.3697036666666667 0.6368154296875 0.3764073333333333 0.643026611328125 0.37729433333333334 0.64403759765625 0.37285833333333335 0.643026611328125 0.37059099999999995