1 0.646484375 0.44733333333333336 0.638916015625 0.44466666666666665 0.61962890625 0.441 0.6171875 0.44333333333333336 0.6162109375 0.45866666666666667 0.6171875 0.4826666666666667 0.617919921875 0.48933333333333334 0.619140625 0.49133333333333334 0.626220703125 0.495 0.646728515625 0.497 0.649169921875 0.494 0.6494140625 0.471 0.646484375 0.44733333333333336
1 0.911865234375 0.21766666666666667 0.90966796875 0.20466666666666666 0.904541015625 0.18833333333333332 0.9013671875 0.18166666666666667 0.892822265625 0.16966666666666666 0.887939453125 0.16566666666666666 0.86767578125 0.16133333333333333 0.86181640625 0.15833333333333333 0.856689453125 0.158 0.85498046875 0.15966666666666668 0.854248046875 0.17366666666666666 0.856201171875 0.192 0.85986328125 0.21233333333333335 0.8623046875 0.21566666666666667 0.86865234375 0.22133333333333333 0.87646484375 0.225 0.883544921875 0.23633333333333334 0.888671875 0.24 0.90380859375 0.241 0.908203125 0.24266666666666667 0.912841796875 0.24033333333333334 0.916259765625 0.23566666666666666 0.91748046875 0.228 0.91552734375 0.226 0.91552734375 0.22066666666666668 0.911865234375 0.21766666666666667
1 0.528076171875 0.6676666666666666 0.50732421875 0.6656666666666666 0.50439453125 0.666 0.5029296875 0.6676666666666666 0.500732421875 0.6813333333333333 0.496826171875 0.7226666666666667 0.4970703125 0.7283333333333334 0.498291015625 0.73 0.517333984375 0.7336666666666667 0.52197265625 0.7336666666666667 0.5244140625 0.732 0.525634765625 0.7203333333333334 0.528076171875 0.7106666666666667 0.530029296875 0.7086666666666667 0.529296875 0.6933333333333334 0.53173828125 0.6853333333333333 0.53125 0.67 0.528076171875 0.6676666666666666
1 0.62255859375 0.734 0.606689453125 0.7316666666666667 0.595703125 0.736 0.59521484375 0.74 0.607421875 0.7526666666666667 0.6162109375 0.7556666666666667 0.623291015625 0.7563333333333333 0.635009765625 0.7516666666666667 0.635009765625 0.748 0.6279296875 0.7373333333333333 0.62255859375 0.734
1 0.7412109375 0.7646666666666667 0.731689453125 0.7593333333333333 0.72802734375 0.7586666666666667 0.72265625 0.762 0.718017578125 0.7716666666666666 0.7197265625 0.7763333333333333 0.7275390625 0.7816666666666666 0.736328125 0.7846666666666666 0.740966796875 0.7846666666666666 0.744873046875 0.783 0.74560546875 0.781 0.747802734375 0.7723333333333333 0.746337890625 0.7693333333333333 0.7412109375 0.7646666666666667
1 0.8115234375 0.6696666666666666 0.805908203125 0.666 0.798828125 0.6666666666666666 0.7978515625 0.6693333333333333 0.798828125 0.6726666666666666 0.79833984375 0.6753333333333333 0.79443359375 0.686 0.7998046875 0.6966666666666667 0.809326171875 0.7066666666666667 0.81884765625 0.714 0.823974609375 0.7133333333333334 0.828369140625 0.7046666666666667 0.828125 0.702 0.8115234375 0.6696666666666666
1 0.758544921875 0.6353333333333333 0.755859375 0.6313333333333333 0.751953125 0.6306666666666667 0.736572265625 0.638 0.735595703125 0.64 0.7353515625 0.6463333333333333 0.740234375 0.6583333333333333 0.744873046875 0.658 0.759765625 0.651 0.760986328125 0.6463333333333333 0.76025390625 0.641 0.758544921875 0.6353333333333333
1 0.732666015625 0.484 0.731201171875 0.48233333333333334 0.72607421875 0.483 0.70458984375 0.493 0.70361328125 0.495 0.70361328125 0.5063333333333333 0.705078125 0.5173333333333333 0.709228515625 0.5186666666666667 0.71337890625 0.5173333333333333 0.733154296875 0.5056666666666667 0.734375 0.5023333333333333 0.734130859375 0.49466666666666664 0.732666015625 0.484
1 0.701171875 0.455 0.68994140625 0.456 0.6884765625 0.45866666666666667 0.689697265625 0.471 0.692626953125 0.47833333333333333 0.6982421875 0.479 0.70166015625 0.47733333333333333 0.70361328125 0.471 0.703369140625 0.466 0.701171875 0.455
1 0.779296875 0.06 0.775390625 0.05633333333333333 0.760986328125 0.06566666666666666 0.751708984375 0.063 0.744384765625 0.07233333333333333 0.7392578125 0.08366666666666667 0.738525390625 0.08766666666666667 0.740234375 0.09 0.752197265625 0.09033333333333333 0.758544921875 0.093 0.7626953125 0.09933333333333333 0.766845703125 0.12066666666666667 0.771728515625 0.124 0.77880859375 0.12166666666666667 0.780517578125 0.119 0.78076171875 0.114 0.78369140625 0.112 0.787109375 0.11566666666666667 0.791259765625 0.11633333333333333 0.792236328125 0.115 0.7890625 0.10966666666666666 0.7890625 0.10566666666666667 0.797607421875 0.09533333333333334 0.798828125 0.092 0.798583984375 0.08766666666666667 0.779296875 0.06
1 0.576904296875 0.29233333333333333 0.57177734375 0.2906666666666667 0.564453125 0.291 0.552734375 0.2946666666666667 0.5478515625 0.298 0.54443359375 0.30233333333333334 0.54443359375 0.30633333333333335 0.54638671875 0.31066666666666665 0.55126953125 0.31433333333333335 0.557861328125 0.315 0.567626953125 0.313 0.570556640625 0.31166666666666665 0.5791015625 0.30366666666666664 0.580078125 0.299 0.57958984375 0.295 0.576904296875 0.29233333333333333
1 0.514892578125 0.5646666666666667 0.509765625 0.5653333333333334 0.486572265625 0.587 0.486328125 0.591 0.494140625 0.601 0.5009765625 0.5993333333333334 0.510986328125 0.5896666666666667 0.514892578125 0.583 0.518310546875 0.5796666666666667 0.51953125 0.5753333333333334 0.514892578125 0.5646666666666667
1 0.3291015625 0.947 0.326171875 0.9423333333333334 0.29833984375 0.942 0.287109375 0.944 0.28466796875 0.947 0.284423828125 0.951 0.287841796875 0.966 0.291015625 0.9686666666666667 0.306884765625 0.9696666666666667 0.32666015625 0.9673333333333334 0.3310546875 0.965 0.33154296875 0.9603333333333334 0.3291015625 0.947
1 0.607177734375 0.9576666666666667 0.603515625 0.9566666666666667 0.595703125 0.9586666666666667 0.593017578125 0.962 0.5927734375 0.9666666666666667 0.601318359375 0.9883333333333333 0.604736328125 0.989 0.614990234375 0.986 0.61474609375 0.9786666666666667 0.607177734375 0.9576666666666667
1 0.541015625 0.967 0.533203125 0.9656666666666667 0.517822265625 0.972 0.510009765625 0.9776666666666667 0.509521484375 0.9793333333333333 0.510009765625 0.9823333333333333 0.519775390625 0.9996666666666667 0.52197265625 0.9996666666666667 0.522705078125 0.9936666666666667 0.523681640625 0.9926666666666667 0.53857421875 0.9863333333333333 0.545166015625 0.9816666666666667 0.5478515625 0.9783333333333334 0.547607421875 0.9773333333333334 0.541015625 0.967
1 0.500732421875 0.8653333333333333 0.495849609375 0.8613333333333333 0.490234375 0.8523333333333334 0.47802734375 0.8416666666666667 0.474609375 0.8276666666666667 0.470703125 0.826 0.463134765625 0.8296666666666667 0.460205078125 0.834 0.459716796875 0.8423333333333334 0.460693359375 0.8456666666666667 0.46435546875 0.8483333333333334 0.472900390625 0.8586666666666667 0.474609375 0.865 0.48095703125 0.87 0.48681640625 0.872 0.502197265625 0.8733333333333333 0.5029296875 0.8723333333333333 0.502197265625 0.8693333333333333 0.500732421875 0.8653333333333333
1 0.99560546875 0.7243333333333334 0.993896484375 0.7213333333333334 0.9853515625 0.718 0.970703125 0.7133333333333334 0.963623046875 0.7166666666666667 0.962158203125 0.72 0.96337890625 0.7293333333333333 0.9658203125 0.7326666666666667 0.974609375 0.7376666666666667 0.985107421875 0.7403333333333333 0.9921875 0.7393333333333333 0.9970703125 0.7363333333333333 0.996826171875 0.7323333333333333 0.99560546875 0.7243333333333334
1 0.9296875 0.584 0.922119140625 0.587 0.919677734375 0.5916666666666667 0.91943359375 0.6006666666666667 0.924560546875 0.602 0.931884765625 0.5986666666666667 0.93408203125 0.595 0.935546875 0.5883333333333334 0.935546875 0.584 0.934326171875 0.5836666666666667 0.9296875 0.584
1 0.943359375 0.5103333333333333 0.942138671875 0.5056666666666667 0.939208984375 0.5013333333333333 0.935546875 0.5003333333333333 0.930908203125 0.503 0.9287109375 0.5056666666666667 0.9287109375 0.514 0.9306640625 0.529 0.935302734375 0.5323333333333333 0.939697265625 0.5316666666666666 0.94482421875 0.5263333333333333 0.9482421875 0.5246666666666666 0.9501953125 0.5213333333333333 0.94921875 0.516 0.951171875 0.5133333333333333 0.943359375 0.5103333333333333
1 0.814697265625 0.416 0.810546875 0.412 0.799560546875 0.4076666666666667 0.787353515625 0.4086666666666667 0.78466796875 0.41133333333333333 0.78369140625 0.4156666666666667 0.78466796875 0.41933333333333334 0.790771484375 0.426 0.802734375 0.43166666666666664 0.81494140625 0.43033333333333335 0.817138671875 0.42733333333333334 0.817626953125 0.421 0.814697265625 0.416
1 0.8203125 0.35333333333333333 0.81494140625 0.35233333333333333 0.806396484375 0.3566666666666667 0.80078125 0.3626666666666667 0.790771484375 0.36866666666666664 0.78857421875 0.37266666666666665 0.78857421875 0.377 0.79150390625 0.37966666666666665 0.79931640625 0.38066666666666665 0.802978515625 0.379 0.80615234375 0.375 0.810791015625 0.374 0.8203125 0.38233333333333336 0.823486328125 0.38333333333333336 0.8369140625 0.378 0.837890625 0.37666666666666665 0.8369140625 0.37333333333333335 0.8203125 0.35333333333333333
1 0.42041015625 0.008 0.4033203125 0.006333333333333333 0.3984375 0.0036666666666666666 0.385009765625 0.005333333333333333 0.3828125 0.015333333333333332 0.382080078125 0.029333333333333333 0.384521484375 0.033666666666666664 0.419921875 0.035666666666666666 0.421630859375 0.03333333333333333 0.4228515625 0.009333333333333334 0.42041015625 0.008
1 0.271484375 0.154 0.253173828125 0.14366666666666666 0.248291015625 0.13833333333333334 0.246337890625 0.13833333333333334 0.243896484375 0.13966666666666666 0.240478515625 0.14666666666666667 0.237548828125 0.15433333333333332 0.236083984375 0.162 0.267578125 0.183 0.271728515625 0.18333333333333332 0.279052734375 0.168 0.280517578125 0.16233333333333333 0.280029296875 0.161 0.271484375 0.154
1 0.230224609375 0.035666666666666666 0.228759765625 0.029 0.227294921875 0.027666666666666666 0.217041015625 0.023666666666666666 0.205078125 0.023666666666666666 0.20263671875 0.029333333333333333 0.206787109375 0.034666666666666665 0.208251953125 0.04133333333333333 0.204833984375 0.056 0.204833984375 0.072 0.2109375 0.07433333333333333 0.216796875 0.073 0.220458984375 0.07066666666666667 0.227294921875 0.05466666666666667 0.234619140625 0.051333333333333335 0.2353515625 0.04833333333333333 0.2333984375 0.04133333333333333 0.230224609375 0.035666666666666666
1 0.095458984375 0.06866666666666667 0.090576171875 0.068 0.076416015625 0.07233333333333333 0.06591796875 0.07733333333333334 0.063232421875 0.08 0.06298828125 0.08366666666666667 0.068603515625 0.09933333333333333 0.075927734375 0.101 0.095458984375 0.093 0.099365234375 0.09 0.1005859375 0.088 0.1005859375 0.08366666666666667 0.0986328125 0.07566666666666666 0.095458984375 0.06866666666666667
1 0.096435546875 0.15766666666666668 0.091796875 0.16066666666666668 0.09033203125 0.166 0.091552734375 0.18066666666666667 0.099853515625 0.188 0.103515625 0.187 0.105224609375 0.17533333333333334 0.104736328125 0.16833333333333333 0.096435546875 0.15766666666666668
1 0.226318359375 0.6386666666666667 0.224853515625 0.6373333333333333 0.2138671875 0.6383333333333333 0.205322265625 0.6416666666666667 0.209228515625 0.6763333333333333 0.21142578125 0.683 0.212646484375 0.684 0.230224609375 0.6833333333333333 0.232421875 0.6816666666666666 0.233154296875 0.6773333333333333 0.2314453125 0.672 0.22998046875 0.6553333333333333 0.226318359375 0.6386666666666667
1 0.3251953125 0.7633333333333333 0.318359375 0.7563333333333333 0.3115234375 0.7543333333333333 0.302490234375 0.7556666666666667 0.30224609375 0.7603333333333333 0.303955078125 0.7673333333333333 0.31298828125 0.7786666666666666 0.313720703125 0.783 0.318115234375 0.7823333333333333 0.322265625 0.7783333333333333 0.326416015625 0.777 0.327392578125 0.7753333333333333 0.3271484375 0.771 0.3251953125 0.7633333333333333
1 0.2705078125 0.836 0.256103515625 0.832 0.24365234375 0.8313333333333334 0.228271484375 0.8403333333333334 0.221923828125 0.8496666666666667 0.224609375 0.8543333333333333 0.233642578125 0.8583333333333333 0.235595703125 0.8606666666666667 0.23681640625 0.8646666666666667 0.23974609375 0.867 0.244140625 0.869 0.25634765625 0.8706666666666667 0.25927734375 0.869 0.255859375 0.867 0.25537109375 0.8643333333333333 0.2578125 0.8496666666666667 0.264404296875 0.846 0.271728515625 0.8456666666666667 0.275634765625 0.8423333333333334 0.275634765625 0.8406666666666667 0.2705078125 0.836
1 0.28759765625 0.795 0.27783203125 0.783 0.267578125 0.779 0.263916015625 0.7793333333333333 0.262451171875 0.7816666666666666 0.263427734375 0.795 0.2666015625 0.8016666666666666 0.275390625 0.8133333333333334 0.2880859375 0.8166666666666667 0.291259765625 0.8143333333333334 0.291015625 0.8063333333333333 0.28759765625 0.795
1 0.381591796875 0.665 0.378173828125 0.662 0.372802734375 0.6613333333333333 0.36865234375 0.666 0.36865234375 0.6696666666666666 0.371337890625 0.6773333333333333 0.37841796875 0.6853333333333333 0.386474609375 0.6853333333333333 0.390869140625 0.6816666666666666 0.390625 0.6776666666666666 0.381591796875 0.665
1 0.614501953125 0.536 0.60693359375 0.54 0.60400390625 0.546 0.60498046875 0.5533333333333333 0.60888671875 0.555 0.61376953125 0.5526666666666666 0.618408203125 0.5446666666666666 0.618896484375 0.5376666666666666 0.614501953125 0.536
1 0.595947265625 0.6416666666666667 0.59228515625 0.6336666666666667 0.58740234375 0.635 0.579833984375 0.6496666666666666 0.578125 0.661 0.578125 0.6666666666666666 0.581298828125 0.6773333333333333 0.58349609375 0.6813333333333333 0.58837890625 0.6766666666666666 0.595947265625 0.6663333333333333 0.597900390625 0.6583333333333333 0.601806640625 0.6563333333333333 0.60400390625 0.6566666666666666 0.606689453125 0.6543333333333333 0.60546875 0.6506666666666666 0.595947265625 0.6416666666666667
1 0.662109375 0.7873333333333333 0.658935546875 0.7796666666666666 0.654541015625 0.7773333333333333 0.649658203125 0.7793333333333333 0.6484375 0.782 0.6484375 0.787 0.656494140625 0.81 0.65966796875 0.8113333333333334 0.664794921875 0.8106666666666666 0.66650390625 0.807 0.666259765625 0.803 0.662109375 0.7873333333333333
1 0.631591796875 0.8776666666666667 0.627685546875 0.876 0.623291015625 0.8773333333333333 0.615966796875 0.883 0.611572265625 0.8923333333333333 0.61962890625 0.899 0.63134765625 0.9003333333333333 0.633544921875 0.8966666666666666 0.6337890625 0.881 0.631591796875 0.8776666666666667
1 0.6376953125 0.9183333333333333 0.6259765625 0.918 0.619140625 0.915 0.61865234375 0.9186666666666666 0.62060546875 0.924 0.61767578125 0.9316666666666666 0.617431640625 0.9353333333333333 0.620849609375 0.9433333333333334 0.62353515625 0.947 0.626708984375 0.9483333333333334 0.63623046875 0.948 0.64111328125 0.9463333333333334 0.64453125 0.9373333333333334 0.64794921875 0.9353333333333333 0.64794921875 0.9316666666666666 0.643310546875 0.927 0.640869140625 0.9203333333333333 0.6376953125 0.9183333333333333
1 0.918701171875 0.8556666666666667 0.908203125 0.859 0.904541015625 0.8656666666666667 0.905517578125 0.8686666666666667 0.907958984375 0.8706666666666667 0.91552734375 0.869 0.9228515625 0.8646666666666667 0.923828125 0.8613333333333333 0.92333984375 0.8566666666666667 0.918701171875 0.8556666666666667
1 0.818603515625 0.8553333333333333 0.814697265625 0.853 0.807373046875 0.8533333333333334 0.802734375 0.8573333333333333 0.808349609375 0.867 0.814453125 0.869 0.822509765625 0.8673333333333333 0.82421875 0.865 0.822998046875 0.8613333333333333 0.818603515625 0.8553333333333333
1 0.92041015625 0.371 0.9169921875 0.36866666666666664 0.908447265625 0.36666666666666664 0.90576171875 0.373 0.902099609375 0.388 0.901123046875 0.4003333333333333 0.91259765625 0.4043333333333333 0.91845703125 0.4 0.9208984375 0.3933333333333333 0.920654296875 0.38466666666666666 0.922119140625 0.37433333333333335 0.92041015625 0.371
1 0.900634765625 0.26466666666666666 0.897216796875 0.25966666666666666 0.892822265625 0.26 0.88671875 0.265 0.8857421875 0.2703333333333333 0.88623046875 0.2793333333333333 0.889892578125 0.2946666666666667 0.892822265625 0.301 0.89697265625 0.2996666666666667 0.903564453125 0.2946666666666667 0.90380859375 0.2826666666666667 0.900634765625 0.26466666666666666
1 0.976318359375 0.275 0.970703125 0.273 0.9619140625 0.27266666666666667 0.953125 0.2786666666666667 0.947998046875 0.29133333333333333 0.9501953125 0.295 0.953857421875 0.2966666666666667 0.963134765625 0.2966666666666667 0.970703125 0.292 0.974853515625 0.2876666666666667 0.977783203125 0.282 0.97802734375 0.2773333333333333 0.976318359375 0.275
1 0.82373046875 0.201 0.815185546875 0.196 0.806640625 0.197 0.798828125 0.212 0.799072265625 0.215 0.801513671875 0.21966666666666668 0.800537109375 0.22833333333333333 0.801025390625 0.233 0.80615234375 0.23633333333333334 0.818359375 0.248 0.822509765625 0.248 0.829345703125 0.23933333333333334 0.829345703125 0.236 0.81982421875 0.226 0.818115234375 0.22066666666666668 0.824951171875 0.20833333333333334 0.82568359375 0.20466666666666666 0.82373046875 0.201
1 0.860595703125 0.221 0.853271484375 0.22 0.837890625 0.22766666666666666 0.837158203125 0.23066666666666666 0.83740234375 0.244 0.849365234375 0.249 0.858154296875 0.24666666666666667 0.8603515625 0.244 0.863037109375 0.23233333333333334 0.86279296875 0.224 0.860595703125 0.221
1 0.85791015625 0.325 0.853271484375 0.322 0.84619140625 0.323 0.83984375 0.32966666666666666 0.8447265625 0.338 0.850341796875 0.341 0.85546875 0.3406666666666667 0.86083984375 0.3373333333333333 0.862548828125 0.334 0.86181640625 0.3303333333333333 0.85791015625 0.325
1 0.783447265625 0.303 0.77978515625 0.299 0.775390625 0.30333333333333334 0.77294921875 0.31033333333333335 0.7763671875 0.322 0.779296875 0.32466666666666666 0.783447265625 0.323 0.787109375 0.31833333333333336 0.787109375 0.311 0.783447265625 0.303
1 0.732666015625 0.3373333333333333 0.71728515625 0.3363333333333333 0.715576171875 0.34 0.715087890625 0.3456666666666667 0.716796875 0.3496666666666667 0.728515625 0.3526666666666667 0.732421875 0.35233333333333333 0.735107421875 0.34933333333333333 0.735595703125 0.341 0.732666015625 0.3373333333333333
1 0.681884765625 0.359 0.669921875 0.359 0.66015625 0.373 0.657470703125 0.3923333333333333 0.66162109375 0.3953333333333333 0.66650390625 0.3953333333333333 0.672607421875 0.3893333333333333 0.68408203125 0.39166666666666666 0.69091796875 0.3883333333333333 0.693603515625 0.384 0.690673828125 0.379 0.689208984375 0.37233333333333335 0.689697265625 0.36866666666666664 0.681884765625 0.359
1 0.389404296875 0.411 0.37548828125 0.411 0.35791015625 0.418 0.3544921875 0.421 0.345703125 0.43566666666666665 0.342529296875 0.43633333333333335 0.34033203125 0.43933333333333335 0.34375 0.44266666666666665 0.348876953125 0.444 0.360595703125 0.44366666666666665 0.37353515625 0.441 0.381103515625 0.43766666666666665 0.38427734375 0.43433333333333335 0.39208984375 0.42 0.3935546875 0.41633333333333333 0.393310546875 0.4126666666666667 0.389404296875 0.411
1 0.29150390625 0.5093333333333333 0.2880859375 0.5093333333333333 0.27978515625 0.5133333333333333 0.277587890625 0.5156666666666667 0.27490234375 0.5246666666666666 0.275390625 0.537 0.280029296875 0.537 0.283203125 0.5353333333333333 0.291259765625 0.5286666666666666 0.292724609375 0.522 0.29248046875 0.5116666666666667 0.29150390625 0.5093333333333333
1 0.15380859375 0.8626666666666667 0.1416015625 0.861 0.133544921875 0.8566666666666667 0.12890625 0.8556666666666667 0.124267578125 0.8573333333333333 0.12060546875 0.8653333333333333 0.12109375 0.8693333333333333 0.124755859375 0.8766666666666667 0.135009765625 0.8836666666666667 0.139404296875 0.8843333333333333 0.150390625 0.8836666666666667 0.155029296875 0.882 0.16259765625 0.8746666666666667 0.1630859375 0.87 0.15380859375 0.8626666666666667
1 0.248046875 0.8986666666666666 0.244140625 0.898 0.237548828125 0.908 0.23193359375 0.9193333333333333 0.230712890625 0.928 0.232177734375 0.9323333333333333 0.236572265625 0.9366666666666666 0.240966796875 0.9376666666666666 0.244384765625 0.933 0.251953125 0.9176666666666666 0.253662109375 0.912 0.25341796875 0.9056666666666666 0.248046875 0.8986666666666666
1 0.4189453125 0.912 0.41650390625 0.911 0.404541015625 0.9126666666666666 0.396728515625 0.9196666666666666 0.396728515625 0.9296666666666666 0.400146484375 0.934 0.40478515625 0.9326666666666666 0.41064453125 0.926 0.420654296875 0.9226666666666666 0.42333984375 0.9196666666666666 0.4228515625 0.9163333333333333 0.4189453125 0.912
1 0.463623046875 0.9473333333333334 0.462158203125 0.9463333333333334 0.458984375 0.9463333333333334 0.451416015625 0.9523333333333334 0.447998046875 0.9586666666666667 0.448486328125 0.9666666666666667 0.449951171875 0.9716666666666667 0.45166015625 0.973 0.454833984375 0.9716666666666667 0.462890625 0.964 0.46533203125 0.959 0.465087890625 0.9526666666666667 0.463623046875 0.9473333333333334
1 0.64013671875 0.020666666666666667 0.634521484375 0.018 0.622802734375 0.021333333333333333 0.620849609375 0.025333333333333333 0.620361328125 0.029666666666666668 0.621337890625 0.033 0.623779296875 0.035 0.630126953125 0.03666666666666667 0.640869140625 0.037 0.642822265625 0.03666666666666667 0.645263671875 0.033666666666666664 0.646484375 0.029666666666666668 0.645751953125 0.026333333333333334 0.64013671875 0.020666666666666667
1 0.78466796875 0.15133333333333332 0.783203125 0.14733333333333334 0.779541015625 0.14633333333333334 0.77978515625 0.154 0.777099609375 0.16166666666666665 0.7705078125 0.166 0.762939453125 0.165 0.759765625 0.166 0.75732421875 0.16966666666666666 0.755859375 0.176 0.750244140625 0.179 0.748291015625 0.18166666666666667 0.747802734375 0.18533333333333332 0.75244140625 0.189 0.7587890625 0.18966666666666668 0.767333984375 0.18533333333333332 0.77197265625 0.18566666666666667 0.783447265625 0.179 0.787109375 0.173 0.790283203125 0.159 0.79150390625 0.158 0.7890625 0.156 0.7880859375 0.15333333333333332 0.78466796875 0.15133333333333332
1 0.541748046875 0.18066666666666667 0.529541015625 0.17 0.52490234375 0.169 0.5224609375 0.17133333333333334 0.521484375 0.17666666666666667 0.52197265625 0.18233333333333332 0.525634765625 0.18766666666666668 0.53369140625 0.19333333333333333 0.541015625 0.196 0.54345703125 0.18966666666666668 0.54345703125 0.18433333333333332 0.541748046875 0.18066666666666667
1 0.4228515625 0.13066666666666665 0.4150390625 0.129 0.41162109375 0.13066666666666665 0.412353515625 0.13833333333333334 0.41650390625 0.145 0.419677734375 0.14766666666666667 0.424560546875 0.14833333333333334 0.427734375 0.147 0.427978515625 0.13833333333333334 0.4228515625 0.13066666666666665
1 0.384765625 0.08066666666666666 0.378662109375 0.08433333333333333 0.377197265625 0.08766666666666667 0.37548828125 0.09833333333333333 0.376953125 0.10333333333333333 0.38134765625 0.10266666666666667 0.385498046875 0.09933333333333333 0.3876953125 0.09133333333333334 0.3876953125 0.08366666666666667 0.384765625 0.08066666666666666
1 0.518798828125 0.218 0.510986328125 0.21466666666666667 0.5068359375 0.21666666666666667 0.505615234375 0.22 0.50732421875 0.22266666666666668 0.517333984375 0.229 0.520263671875 0.22833333333333333 0.52197265625 0.22633333333333333 0.522216796875 0.22133333333333333 0.518798828125 0.218
1 0.34033203125 0.21266666666666667 0.333740234375 0.205 0.329833984375 0.20466666666666666 0.3271484375 0.212 0.32666015625 0.219 0.328857421875 0.22766666666666666 0.337890625 0.23633333333333334 0.342529296875 0.236 0.343505859375 0.21833333333333332 0.34033203125 0.21266666666666667
1 0.41064453125 0.2946666666666667 0.407958984375 0.293 0.400390625 0.2916666666666667 0.396484375 0.296 0.39404296875 0.30266666666666664 0.39990234375 0.30666666666666664 0.40625 0.307 0.408203125 0.306 0.41162109375 0.2986666666666667 0.411376953125 0.29733333333333334 0.41064453125 0.2946666666666667
1 0.475341796875 0.29433333333333334 0.467041015625 0.294 0.46533203125 0.295 0.4609375 0.30266666666666664 0.463623046875 0.305 0.47119140625 0.306 0.475830078125 0.30266666666666664 0.47802734375 0.2986666666666667 0.4775390625 0.29733333333333334 0.475341796875 0.29433333333333334
1 0.60400390625 0.32166666666666666 0.600341796875 0.31966666666666665 0.594970703125 0.31266666666666665 0.587890625 0.30833333333333335 0.58349609375 0.31033333333333335 0.57470703125 0.31933333333333336 0.56884765625 0.32266666666666666 0.56689453125 0.3263333333333333 0.568603515625 0.334 0.57666015625 0.3453333333333333 0.58056640625 0.346 0.585205078125 0.3446666666666667 0.5927734375 0.346 0.604736328125 0.33766666666666667 0.60498046875 0.326 0.60400390625 0.32166666666666666
1 0.623046875 0.2823333333333333 0.6201171875 0.2816666666666667 0.607177734375 0.28633333333333333 0.603759765625 0.29033333333333333 0.606201171875 0.2986666666666667 0.60888671875 0.30033333333333334 0.62060546875 0.3 0.626953125 0.29733333333333334 0.6298828125 0.294 0.623046875 0.2823333333333333
1 0.66650390625 0.2956666666666667 0.661376953125 0.2956666666666667 0.659423828125 0.2986666666666667 0.65673828125 0.31033333333333335 0.65966796875 0.31433333333333335 0.666015625 0.315 0.67041015625 0.306 0.670654296875 0.2986666666666667 0.66650390625 0.2956666666666667
1 0.658203125 0.27266666666666667 0.654296875 0.2723333333333333 0.65234375 0.27366666666666667 0.647216796875 0.2793333333333333 0.646484375 0.287 0.65185546875 0.29 0.658447265625 0.28933333333333333 0.66259765625 0.2823333333333333 0.662841796875 0.275 0.658203125 0.27266666666666667
1 0.646728515625 0.24666666666666667 0.642578125 0.24666666666666667 0.636474609375 0.24933333333333332 0.632568359375 0.255 0.6318359375 0.25966666666666666 0.635498046875 0.263 0.6455078125 0.26166666666666666 0.650390625 0.25633333333333336 0.650634765625 0.24966666666666668 0.646728515625 0.24666666666666667
1 0.607666015625 0.18 0.603759765625 0.18 0.602294921875 0.18166666666666667 0.602294921875 0.18933333333333333 0.604248046875 0.19366666666666665 0.607177734375 0.19566666666666666 0.61181640625 0.195 0.612548828125 0.185 0.611572265625 0.18233333333333332 0.607666015625 0.18
1 0.672607421875 0.15666666666666668 0.663330078125 0.14733333333333334 0.658935546875 0.145 0.654296875 0.15066666666666667 0.65185546875 0.15766666666666668 0.654296875 0.16166666666666665 0.666015625 0.174 0.670166015625 0.172 0.674072265625 0.167 0.67529296875 0.16133333333333333 0.672607421875 0.15666666666666668
1 0.77197265625 0.415 0.763671875 0.4106666666666667 0.755859375 0.4103333333333333 0.753662109375 0.412 0.756103515625 0.421 0.75830078125 0.4246666666666667 0.770263671875 0.43166666666666664 0.779296875 0.43133333333333335 0.77978515625 0.42733333333333334 0.775390625 0.41833333333333333 0.77197265625 0.415
1 0.8046875 0.5536666666666666 0.799072265625 0.5556666666666666 0.79443359375 0.5616666666666666 0.79296875 0.5673333333333334 0.79296875 0.572 0.800537109375 0.573 0.806396484375 0.571 0.81201171875 0.5603333333333333 0.812255859375 0.5563333333333333 0.810791015625 0.5543333333333333 0.8046875 0.5536666666666666
1 0.844970703125 0.47633333333333333 0.841552734375 0.476 0.83642578125 0.47833333333333333 0.833740234375 0.4806666666666667 0.83154296875 0.4886666666666667 0.829345703125 0.491 0.82861328125 0.494 0.833740234375 0.49866666666666665 0.83837890625 0.5053333333333333 0.842041015625 0.506 0.849365234375 0.5026666666666667 0.850830078125 0.497 0.84814453125 0.4882223333333333 0.848388671875 0.482 0.844970703125 0.47633333333333333
1 0.899658203125 0.4096666666666667 0.897216796875 0.408 0.892578125 0.409 0.888427734375 0.4116666666666667 0.883544921875 0.42133333333333334 0.8828125 0.424 0.8857421875 0.431 0.88671875 0.43866666666666665 0.888671875 0.44166666666666665 0.89306640625 0.44033333333333335 0.89892578125 0.435 0.900146484375 0.43133333333333335 0.900634765625 0.4126666666666667 0.899658203125 0.4096666666666667
1 0.955078125 0.42533333333333334 0.95361328125 0.42733333333333334 0.952392578125 0.43466666666666665 0.9501953125 0.43833333333333335 0.943603515625 0.44433333333333336 0.94287109375 0.44633333333333336 0.943359375 0.45066666666666666 0.947509765625 0.4533333333333333 0.963134765625 0.4553333333333333 0.964111328125 0.44733333333333336 0.963623046875 0.43833333333333335 0.964599609375 0.43433333333333335 0.968017578125 0.43133333333333335 0.967041015625 0.428 0.955078125 0.42533333333333334
1 0.674072265625 0.6033333333333334 0.666259765625 0.6046666666666667 0.662109375 0.6103333333333333 0.661376953125 0.6186666666666667 0.662109375 0.6206666666666667 0.66845703125 0.6206666666666667 0.673828125 0.618 0.676025390625 0.615 0.67724609375 0.606 0.674072265625 0.6033333333333334
1 0.658447265625 0.6286666666666667 0.654052734375 0.6283333333333333 0.646240234375 0.637 0.646240234375 0.6416666666666667 0.650146484375 0.6446666666666667 0.654296875 0.645 0.66162109375 0.638 0.6630859375 0.6346666666666667 0.662353515625 0.6316666666666667 0.658447265625 0.6286666666666667
1 0.68505859375 0.8036666666666666 0.680419921875 0.8063333333333333 0.67919921875 0.81 0.67919921875 0.8183333333333334 0.680908203125 0.821 0.68701171875 0.818 0.68896484375 0.813 0.68896484375 0.8063333333333333 0.68505859375 0.8036666666666666
1 0.804931640625 0.8846666666666667 0.80078125 0.8813333333333333 0.795166015625 0.881 0.793212890625 0.8843333333333333 0.795166015625 0.895 0.799072265625 0.8976666666666666 0.806640625 0.8973333333333333 0.80712890625 0.89 0.804931640625 0.8846666666666667
1 0.32958984375 0.6516666666666666 0.326171875 0.6493333333333333 0.319580078125 0.656 0.317138671875 0.6656666666666666 0.318603515625 0.674 0.32275390625 0.6756666666666666 0.329345703125 0.6693333333333333 0.3310546875 0.662 0.330810546875 0.6546666666666666 0.32958984375 0.6516666666666666
1 0.356201171875 0.6443333333333333 0.346923828125 0.6466666666666666 0.34130859375 0.654 0.340576171875 0.6616666666666666 0.341796875 0.663 0.346435546875 0.6626666666666666 0.353759765625 0.659 0.359130859375 0.6503333333333333 0.35888671875 0.647 0.356201171875 0.6443333333333333
1 0.080078125 0.39566666666666667 0.076171875 0.394 0.07177734375 0.394 0.062744140625 0.39966666666666667 0.060302734375 0.404 0.064208984375 0.4096666666666667 0.066650390625 0.41133333333333333 0.078125 0.4126666666666667 0.08984375 0.408 0.089599609375 0.404 0.080078125 0.39566666666666667
1 0.5439453125 0.6583333333333333 0.541259765625 0.656 0.533447265625 0.6583333333333333 0.53271484375 0.6613333333333333 0.533203125 0.6746666666666666 0.534912109375 0.6836666666666666 0.536865234375 0.6873333333333334 0.541015625 0.6883333333333334 0.54638671875 0.682 0.546142578125 0.6663333333333333 0.5439453125 0.6583333333333333
1 0.490234375 0.727 0.488037109375 0.7243333333333334 0.482177734375 0.7053333333333334 0.477294921875 0.704 0.47021484375 0.705 0.4697265625 0.7103333333333334 0.470947265625 0.7223333333333334 0.47021484375 0.7283333333333334 0.474609375 0.7373333333333333 0.490234375 0.744 0.494873046875 0.7446666666666667 0.496337890625 0.7436666666666667 0.496826171875 0.7363333333333333 0.494873046875 0.7283333333333334 0.490234375 0.727
1 0.920166015625 0.567 0.915771484375 0.5666666666666667 0.913818359375 0.5686666666666667 0.910888671875 0.576 0.910400390625 0.5803333333333334 0.911376953125 0.583 0.916015625 0.588 0.920166015625 0.586 0.924560546875 0.5773333333333334 0.924072265625 0.572 0.920166015625 0.567
1 0.506103515625 0.6096666666666667 0.497802734375 0.6113333333333333 0.490234375 0.623 0.488037109375 0.6306666666666667 0.498046875 0.6346666666666667 0.502197265625 0.633 0.51123046875 0.6226666666666667 0.512451171875 0.615 0.510986328125 0.613 0.506103515625 0.6096666666666667
1 0.201904296875 0.8216666666666667 0.193115234375 0.821 0.189697265625 0.8233333333333334 0.187255859375 0.8303333333333334 0.189697265625 0.8343333333333334 0.19775390625 0.8373333333333334 0.201904296875 0.8373333333333334 0.207763671875 0.833 0.20947265625 0.8296666666666667 0.209228515625 0.8256666666666667 0.201904296875 0.8216666666666667
1 0.111572265625 0.968 0.110107421875 0.9666666666666667 0.10595703125 0.9663333333333334 0.101806640625 0.9696666666666667 0.103515625 0.982 0.107421875 0.9876666666666667 0.112548828125 0.9863333333333333 0.11474609375 0.9826666666666667 0.11376953125 0.9743333333333334 0.111572265625 0.968
1 0.666259765625 0.7123333333333334 0.66162109375 0.715 0.658203125 0.713 0.654541015625 0.715 0.654296875 0.721 0.65234375 0.7283333333333334 0.65283203125 0.7296666666666667 0.654052734375 0.7316666666666667 0.657958984375 0.7336666666666667 0.67041015625 0.7356666666666667 0.67431640625 0.7286666666666667 0.675048828125 0.723 0.674072265625 0.7203333333333334 0.677734375 0.7166666666666667 0.67431640625 0.7126666666666667 0.666259765625 0.7123333333333334
1 0.2880859375 0.2956666666666667 0.283203125 0.29633333333333334 0.275146484375 0.30633333333333335 0.274658203125 0.31033333333333335 0.275634765625 0.312 0.279296875 0.313 0.291015625 0.31066666666666665 0.29638671875 0.306 0.2978515625 0.303 0.297607421875 0.2986666666666667 0.2880859375 0.2956666666666667
1 0.253173828125 0.24366666666666667 0.248046875 0.24466666666666667 0.238037109375 0.25066666666666665 0.2353515625 0.25566666666666665 0.235595703125 0.258 0.237060546875 0.26033333333333336 0.243896484375 0.26366666666666666 0.25439453125 0.26166666666666666 0.259033203125 0.258 0.26171875 0.252 0.261474609375 0.24766666666666667 0.253173828125 0.24366666666666667
1 0.461181640625 0.107 0.4580078125 0.10566666666666667 0.44873046875 0.10666666666666667 0.443359375 0.111 0.44287109375 0.115 0.44580078125 0.119 0.448486328125 0.12033333333333333 0.4580078125 0.12033333333333333 0.461181640625 0.119 0.462890625 0.11666666666666667 0.463134765625 0.10966666666666666 0.461181640625 0.107
1 0.467041015625 0.022333333333333334 0.454833984375 0.024333333333333332 0.449951171875 0.030333333333333334 0.44873046875 0.033 0.448974609375 0.036 0.454833984375 0.03966666666666667 0.463134765625 0.04 0.467529296875 0.037 0.47119140625 0.029333333333333333 0.470947265625 0.027333333333333334 0.467041015625 0.022333333333333334
1 0.7236328125 0.6323333333333333 0.7197265625 0.634 0.716796875 0.6386666666666667 0.717041015625 0.6423333333333333 0.720947265625 0.6436666666666667 0.72607421875 0.6426666666666667 0.729248046875 0.6383333333333333 0.72900390625 0.6333333333333333 0.7236328125 0.6323333333333333
1 0.98828125 0.7943333333333333 0.982177734375 0.7906666666666666 0.97509765625 0.7903333333333333 0.973876953125 0.7923333333333333 0.9736328125 0.795 0.975341796875 0.799 0.978515625 0.8026666666666666 0.982421875 0.8046666666666666 0.9892578125 0.804 0.99072265625 0.8026666666666666 0.990478515625 0.7993333333333333 0.98828125 0.7943333333333333
1 0.854736328125 0.08766666666666667 0.8525390625 0.08766666666666667 0.840576171875 0.09633333333333334 0.839111328125 0.099 0.83935546875 0.10333333333333333 0.84228515625 0.10933333333333334 0.845947265625 0.11066666666666666 0.858642578125 0.09966666666666667 0.857666015625 0.093 0.854736328125 0.08766666666666667
1 0.76416015625 0.539 0.756103515625 0.539 0.752197265625 0.5403333333333333 0.74951171875 0.5446666666666666 0.74951171875 0.547 0.751953125 0.552 0.759765625 0.5553333333333333 0.766357421875 0.5526666666666666 0.7685546875 0.5493333333333333 0.770263671875 0.5446666666666666 0.769775390625 0.5436666666666666 0.76416015625 0.539
1 0.631103515625 0.5686666666666667 0.627197265625 0.5713333333333334 0.62548828125 0.5756666666666667 0.6259765625 0.5796666666666667 0.6318359375 0.5793333333333334 0.63427734375 0.576 0.634765625 0.571 0.631103515625 0.5686666666666667
1 0.490234375 0.8986666666666666 0.48681640625 0.9013333333333333 0.482666015625 0.908 0.4833984375 0.912 0.486572265625 0.915 0.490966796875 0.912 0.497314453125 0.904 0.494873046875 0.9003333333333333 0.490234375 0.8986666666666666
1 0.798828125 0.918 0.796875 0.9196666666666666 0.79638671875 0.9283333333333333 0.799072265625 0.939 0.805908203125 0.9386666666666666 0.8115234375 0.9353333333333333 0.8125 0.9273333333333333 0.80908203125 0.9253333333333333 0.806884765625 0.919 0.798828125 0.918
1 0.295166015625 0.7243333333333334 0.289306640625 0.7246666666666667 0.2861328125 0.732 0.286376953125 0.7406666666666667 0.292236328125 0.7466666666666667 0.2958984375 0.7476666666666667 0.298583984375 0.7463333333333333 0.300048828125 0.744 0.30078125 0.7393333333333333 0.30126953125 0.732 0.30029296875 0.7296666666666667 0.295166015625 0.7243333333333334
1 0.26220703125 0.6553333333333333 0.256103515625 0.654 0.251708984375 0.6576666666666666 0.250732421875 0.662 0.254638671875 0.667 0.260009765625 0.669 0.26611328125 0.6656666666666666 0.265625 0.66 0.26220703125 0.6553333333333333
1 0.209716796875 0.5986666666666667 0.206298828125 0.5956666666666667 0.201416015625 0.5956666666666667 0.1982421875 0.5993333333333334 0.197998046875 0.6036666666666667 0.19970703125 0.611 0.205078125 0.619 0.209716796875 0.6183333333333333 0.213134765625 0.615 0.213134765625 0.608 0.209716796875 0.5986666666666667
1 0.107666015625 0.5556666666666666 0.103515625 0.557 0.099853515625 0.5596666666666666 0.093994140625 0.5683333333333334 0.09326171875 0.5733333333333334 0.0947265625 0.576 0.102783203125 0.5783333333333334 0.112060546875 0.578 0.115234375 0.5756666666666667 0.11962890625 0.5663333333333334 0.1201171875 0.56 0.107666015625 0.5556666666666666
1 0.068603515625 0.703 0.064697265625 0.703 0.06298828125 0.7053333333333334 0.06201171875 0.7086666666666667 0.062255859375 0.716 0.068359375 0.7273333333333334 0.07275390625 0.7286666666666667 0.075927734375 0.7243333333333334 0.07666015625 0.7166666666666667 0.07421875 0.7093333333333334 0.068603515625 0.703
1 0.119873046875 0.8386666666666667 0.114990234375 0.8393333333333334 0.112548828125 0.8416666666666667 0.111572265625 0.846 0.114990234375 0.8486666666666667 0.12548828125 0.8493333333333334 0.127685546875 0.8473333333333334 0.128662109375 0.8413333333333334 0.119873046875 0.8386666666666667
1 0.443359375 0.6563333333333333 0.439697265625 0.656 0.4345703125 0.6616666666666666 0.435791015625 0.667 0.439697265625 0.672 0.442626953125 0.6733333333333333 0.447509765625 0.67 0.44921875 0.6663333333333333 0.44873046875 0.6643333333333333 0.443359375 0.6563333333333333
1 0.458740234375 0.5453333333333333 0.455322265625 0.547 0.453369140625 0.549 0.4521484375 0.5533333333333333 0.455078125 0.557 0.460205078125 0.5556666666666666 0.462890625 0.553 0.462890625 0.547 0.458740234375 0.5453333333333333
1 0.4970703125 0.5563333333333333 0.494384765625 0.555 0.487060546875 0.555 0.483154296875 0.5603333333333333 0.483154296875 0.5643333333333334 0.486083984375 0.5673333333333334 0.490478515625 0.567 0.49560546875 0.5646666666666667 0.498291015625 0.5606666666666666 0.498046875 0.5583333333333333 0.4970703125 0.5563333333333333
1 0.515869140625 0.536 0.510498046875 0.537 0.505859375 0.5456666666666666 0.505859375 0.5526666666666666 0.510986328125 0.5533333333333333 0.513671875 0.5523333333333333 0.51806640625 0.5433333333333333 0.5185546875 0.5393333333333333 0.515869140625 0.536
1 0.490478515625 0.5423333333333333 0.488037109375 0.5416666666666666 0.4794921875 0.5446666666666666 0.480712890625 0.5493333333333333 0.482666015625 0.5513333333333333 0.490966796875 0.5503333333333333 0.492431640625 0.5486666666666666 0.4921875 0.546 0.490478515625 0.5423333333333333
1 0.39111328125 0.598 0.386474609375 0.5976666666666667 0.37451171875 0.5996666666666667 0.37109375 0.6033333333333334 0.370849609375 0.6076666666666667 0.37158203125 0.6103333333333333 0.373779296875 0.6123333333333333 0.388916015625 0.614 0.39208984375 0.611 0.39453125 0.6033333333333334 0.394287109375 0.6003333333333334 0.39111328125 0.598
1 0.423828125 0.5906666666666667 0.419921875 0.5906666666666667 0.417236328125 0.6 0.4169921875 0.6033333333333334 0.41796875 0.605 0.4208984375 0.6066666666666667 0.424072265625 0.6046666666666667 0.42578125 0.5933333333333334 0.423828125 0.5906666666666667
1 0.166015625 0.4 0.158935546875 0.403 0.150390625 0.4023333333333333 0.148681640625 0.4043333333333333 0.150634765625 0.408 0.15234375 0.4156666666666667 0.154052734375 0.418 0.15869140625 0.418 0.166748046875 0.41133333333333333 0.16796875 0.4023333333333333 0.166015625 0.4
1 0.095947265625 0.26366666666666666 0.091796875 0.265 0.090576171875 0.2693333333333333 0.0908203125 0.2753333333333333 0.095458984375 0.278 0.1015625 0.2783333333333333 0.103515625 0.2753333333333333 0.1024169921875 0.2695 0.103515625 0.2673333333333333 0.10205078125 0.2663333333333333 0.095947265625 0.26366666666666666
1 0.072509765625 0.27466666666666667 0.06396484375 0.2773333333333333 0.05908203125 0.2793333333333333 0.058349609375 0.2833333333333333 0.059326171875 0.2866666666666667 0.061279296875 0.28833333333333333 0.068603515625 0.2876666666666667 0.07470703125 0.2836666666666667 0.076171875 0.279 0.075276611328125 0.27777766666666664 0.072509765625 0.27466666666666667
1 0.02587890625 0.16333333333333333 0.02099609375 0.162 0.017578125 0.16566666666666666 0.01318359375 0.17333333333333334 0.0107421875 0.181 0.011474609375 0.18333333333333332 0.017333984375 0.188 0.021728515625 0.18633333333333332 0.029541015625 0.17066666666666666 0.029296875 0.16633333333333333 0.02587890625 0.16333333333333333
1 0.013671875 0.11366666666666667 0.010009765625 0.11166666666666666 0.006103515625 0.112 0.00244140625 0.12133333333333333 0.000244140625 0.122 0.000244140625 0.124 0.001953125 0.124 0.003173828125 0.12733333333333333 0.006103515625 0.12966666666666668 0.010498046875 0.12966666666666668 0.01416015625 0.12533333333333332 0.01611328125 0.118 0.013671875 0.11366666666666667
1 0.556640625 0.19066666666666668 0.552978515625 0.19033333333333333 0.55078125 0.19333333333333333 0.5498046875 0.197 0.552734375 0.20166666666666666 0.56005859375 0.20133333333333334 0.5595703125 0.19666666666666666 0.560546875 0.193 0.556640625 0.19066666666666668
1 0.75537109375 0.14366666666666666 0.748046875 0.134 0.739990234375 0.13 0.734619140625 0.12966666666666668 0.716552734375 0.13266666666666665 0.705322265625 0.13833333333333334 0.69921875 0.15 0.69677734375 0.15933333333333333 0.697509765625 0.162 0.70361328125 0.16633333333333333 0.711181640625 0.17366666666666666 0.713134765625 0.177 0.717041015625 0.178 0.72216796875 0.17333333333333334 0.7236328125 0.155 0.72509765625 0.15233333333333332 0.728515625 0.15 0.73486328125 0.15733333333333333 0.740234375 0.166 0.747802734375 0.16233333333333333 0.759765625 0.159 0.7607421875 0.158 0.760009765625 0.154 0.75537109375 0.14366666666666666
1 0.73779296875 0.088 0.736083984375 0.08633333333333333 0.726318359375 0.08366666666666667 0.717041015625 0.08333333333333333 0.711669921875 0.08566666666666667 0.705322265625 0.07933333333333334 0.699951171875 0.07966666666666666 0.697265625 0.081 0.695556640625 0.08366666666666667 0.697265625 0.08866666666666667 0.705810546875 0.10333333333333333 0.71337890625 0.108 0.7216796875 0.10933333333333334 0.732666015625 0.10666666666666667 0.7373046875 0.10366666666666667 0.74072265625 0.09933333333333333 0.739501953125 0.09266666666666666 0.73779296875 0.088
1 0.54150390625 0.09066666666666667 0.536865234375 0.09266666666666666 0.531005859375 0.10033333333333333 0.5302734375 0.104 0.53125 0.107 0.536865234375 0.10933333333333334 0.539794921875 0.108 0.5458984375 0.1 0.547119140625 0.09466666666666666 0.54150390625 0.09066666666666667
1 0.828369140625 0.7123333333333334 0.8212890625 0.7143333333333334 0.818359375 0.717 0.81591796875 0.7283333333333334 0.818115234375 0.7306666666666667 0.822998046875 0.7313333333333333 0.833740234375 0.727 0.836181640625 0.721 0.836181640625 0.7163333333333334 0.834716796875 0.7143333333333334 0.828369140625 0.7123333333333334
1 0.951416015625 0.8706666666666667 0.942626953125 0.8693333333333333 0.940185546875 0.8726666666666667 0.93798828125 0.8846666666666667 0.940185546875 0.8856666666666667 0.94482421875 0.8833333333333333 0.951416015625 0.883 0.954345703125 0.8806666666666667 0.954345703125 0.8736666666666667 0.951416015625 0.8706666666666667
1 0.937744140625 0.833 0.9267578125 0.83 0.923828125 0.8303333333333334 0.917724609375 0.834 0.915283203125 0.838 0.92138671875 0.8466666666666667 0.932373046875 0.85 0.936279296875 0.8556666666666667 0.943603515625 0.8576666666666667 0.945556640625 0.8533333333333334 0.940673828125 0.8373333333333334 0.937744140625 0.833
1 0.674072265625 0.579 0.672119140625 0.5756666666666667 0.66552734375 0.574 0.662841796875 0.576 0.6640625 0.5916666666666667 0.666015625 0.595 0.674072265625 0.5946666666666667 0.67578125 0.592 0.675537109375 0.5886666666666667 0.674072265625 0.579
1 0.978515625 0.469 0.971435546875 0.465 0.962890625 0.4666666666666667 0.9609375 0.4723333333333333 0.961669921875 0.47833333333333333 0.9658203125 0.488 0.96728515625 0.49 0.97021484375 0.491 0.97509765625 0.48966666666666664 0.980224609375 0.4836666666666667 0.981689453125 0.479 0.9814453125 0.474 0.978515625 0.469
1 0.048583984375 0.603 0.045166015625 0.601 0.042236328125 0.601 0.035400390625 0.6073333333333333 0.021728515625 0.6266666666666667 0.0205078125 0.6306666666666667 0.0234375 0.6383333333333333 0.02734375 0.6436666666666667 0.03125 0.644 0.033447265625 0.6426666666666667 0.042724609375 0.6306666666666667 0.049560546875 0.626 0.0517578125 0.6226666666666667 0.052978515625 0.6153333333333333 0.051513671875 0.6073333333333333 0.048583984375 0.603
1 0.02197265625 0.819 0.01806640625 0.8173333333333334 0.000244140625 0.819 0.000244140625 0.8456666666666667 0.006103515625 0.8443333333333334 0.023193359375 0.834 0.026123046875 0.83 0.026611328125 0.826 0.025390625 0.8226666666666667 0.02197265625 0.819
1 0.024658203125 0.494 0.01806640625 0.49166666666666664 0.013916015625 0.492 0.008056640625 0.498 0.0068359375 0.5006666666666667 0.000244140625 0.5063333333333333 0.000244140625 0.554 0.006591796875 0.5526666666666666 0.01513671875 0.5483333333333333 0.02294921875 0.5373333333333333 0.028076171875 0.5256666666666666 0.0283203125 0.509 0.02978515625 0.5026666666666667 0.029541015625 0.499 0.024658203125 0.494
1 0.25439453125 0.101 0.24853515625 0.09866666666666667 0.2392578125 0.10233333333333333 0.22509765625 0.093 0.217529296875 0.09133333333333334 0.212158203125 0.09366666666666666 0.208251953125 0.09933333333333333 0.2080078125 0.10266666666666667 0.212890625 0.113 0.215087890625 0.11533333333333333 0.228759765625 0.12266666666666666 0.23046875 0.12933333333333333 0.23046875 0.13466666666666666 0.232421875 0.14 0.23583984375 0.143 0.247151611328125 0.13733333333333334 0.253173828125 0.14 0.261962890625 0.14 0.265380859375 0.13833333333333334 0.265625 0.13433333333333333 0.263916015625 0.12966666666666668 0.256103515625 0.124 0.25537109375 0.122 0.257568359375 0.11133333333333334 0.2568359375 0.10466666666666667 0.25439453125 0.101
1 0.126708984375 0.17433333333333334 0.123046875 0.17166666666666666 0.11865234375 0.17333333333333334 0.115966796875 0.17733333333333334 0.11962890625 0.184 0.126953125 0.19166666666666668 0.130859375 0.19133333333333333 0.13330078125 0.189 0.134033203125 0.18533333333333332 0.13330078125 0.18233333333333332 0.126708984375 0.17433333333333334
1 0.751708984375 0.49866666666666665 0.74853515625 0.498 0.744384765625 0.5003333333333333 0.742431640625 0.5096666666666667 0.742431640625 0.5133333333333333 0.744140625 0.5163333333333333 0.752197265625 0.513 0.753662109375 0.5063333333333333 0.75341796875 0.5013333333333333 0.751708984375 0.49866666666666665
1 0.876953125 0.6003333333333334 0.873046875 0.5993333333333334 0.869140625 0.6033333333333334 0.869873046875 0.6113333333333333 0.87158203125 0.615 0.87744140625 0.6216666666666667 0.881103515625 0.6223333333333333 0.885009765625 0.62 0.88525390625 0.6106666666666667 0.876953125 0.6003333333333334
1 0.576619384765625 0.429047 0.5281982421875 0.47125766666666663 0.587198974609375 0.5367953333333333 0.6295166015625 0.4945846666666666 0.5892333984375 0.431824 0.576619384765625 0.429047
1 0.71035205078125 0.6989593333333334 0.706403076171875 0.7120829999999999 0.72048193359375 0.7214573333333333 0.7405703125 0.7177076666666666 0.748124755859375 0.7059899999999999 0.734217529296875 0.6966156666666667 0.71035205078125 0.6989593333333334
1 0.691122314453125 0.6984903333333333 0.68494140625 0.715364 0.6876884765625 0.72591 0.694899658203125 0.7247383333333334 0.702282470703125 0.7045836666666667 0.698934326171875 0.6935306666666667 0.691122314453125 0.6984903333333333
1 0.667943603515625 0.6654463333333334 0.6691455078125 0.675055 0.683739501953125 0.67318 0.684082763671875 0.6623996666666667 0.667943603515625 0.6654463333333334
1 0.87136669921875 0.11898 0.8751943359375 0.13101233333333331 0.881921875 0.12784600000000002 0.87855810546875 0.11362733333333333 0.87136669921875 0.11898
1 0.943599853515625 0.06882166666666667 0.94178857421875 0.069316 0.940701904296875 0.07238166666666666 0.944396728515625 0.07841366666666667 0.948671142578125 0.07969933333333334 0.950772216796875 0.07683166666666667 0.9493955078125 0.07257933333333333 0.9462080078125 0.068449 0.943599853515625 0.06882166666666667
1 0.90940478515625 0.048153999999999995 0.90324658203125 0.05675733333333333 0.906579345703125 0.062394 0.915562744140625 0.05062633333333333 0.913099609375 0.04587966666666667 0.90940478515625 0.048153999999999995
1 0.9267197265625 0.10522033333333333 0.9275888671875 0.10769266666666666 0.93186328125 0.11016466666666667 0.9329501953125 0.107297 0.931138916015625 0.10403366666666666 0.927081787109375 0.10225366666666667 0.9267197265625 0.10522033333333333
1 0.953307861328125 0.108088 0.951786376953125 0.10937366666666666 0.9517138671875 0.11362599999999999 0.95359765625 0.11738366666666666 0.95613330078125 0.11501033333333334 0.956423095703125 0.110758 0.95439453125 0.10798933333333334 0.953307861328125 0.108088
1 0.9501201171875 0.18622966666666665 0.9481640625 0.20017266666666667 0.967797119140625 0.20135933333333333 0.969680908203125 0.18907533333333335 0.9501201171875 0.18622966666666665
1 0.937007080078125 0.286621 0.9353408203125 0.28721433333333335 0.937369384765625 0.2946306666666667 0.944541748046875 0.294532 0.94410693359375 0.2852363333333333 0.93860107421875 0.28136266666666665 0.937007080078125 0.286621
1 0.92968994140625 0.3060026666666667 0.93635498046875 0.31173833333333334 0.943237548828125 0.2984873333333333 0.935775634765625 0.29367766666666667 0.92968994140625 0.3060026666666667
1 0.933384765625 0.31560299999999997 0.934036865234375 0.321734 0.9376591796875 0.32311833333333334 0.943599853515625 0.320844 0.943020263671875 0.3154053333333333 0.941064208984375 0.3136253333333333 0.933384765625 0.31560299999999997
1 0.96823193359375 0.33172166666666664 0.979026611328125 0.333106 0.979823486328125 0.32618400000000003 0.96946337890625 0.3242423333333333 0.96823193359375 0.33172166666666664
1 0.92070654296875 0.35368299999999997 0.919619873046875 0.3594183333333334 0.93106640625 0.3600116666666667 0.937007080078125 0.36337400000000003 0.93744189453125 0.35595733333333335 0.9361376953125 0.3530896666666667 0.93200830078125 0.35368299999999997 0.933312255859375 0.3480463333333333 0.92186572265625 0.350504 0.92070654296875 0.35368299999999997
1 0.884772705078125 0.342014 0.88607666015625 0.349233 0.897450927734375 0.3459696666666667 0.8967265625 0.338454 0.884772705078125 0.342014
1 0.921430908203125 0.3109633333333333 0.923314697265625 0.3154133333333333 0.927444091796875 0.31620433333333337 0.927661376953125 0.3118533333333333 0.925560546875 0.30859 0.922735107421875 0.30806966666666663 0.921430908203125 0.3109633333333333
1 0.956857666015625 0.6249136666666667 0.97685302734375 0.641527 0.984025390625 0.6306493333333334 0.963486572265625 0.6157929999999999 0.956857666015625 0.6249136666666667
1 0.968956298828125 0.6683253333333333 0.984749755859375 0.66971 0.983518310546875 0.656459 0.96671044921875 0.656261 0.968956298828125 0.6683253333333333
1 0.983228515625 0.656261 0.98380810546875 0.6675343333333333 0.99177734375 0.6708966666666667 0.999166748046875 0.6551733333333333 0.985908935546875 0.6520090000000001 0.983228515625 0.656261
1 0.973013427734375 0.6905873333333334 0.973158203125 0.6985973333333333 0.9813447265625 0.6940483333333334 0.9805478515625 0.6871263333333333 0.973013427734375 0.6905873333333334
1 0.93237060546875 0.787027 0.938383544921875 0.7929603333333333 0.94954052734375 0.7933560000000001 0.953669921875 0.7903893333333334 0.959103515625 0.7823793333333333 0.951569091796875 0.7797093333333334 0.937296875 0.7811926666666666 0.93237060546875 0.787027
1 0.93555810546875 0.8040356666666667 0.94171630859375 0.8070023333333334 0.9470048828125 0.802157 0.941861083984375 0.798597 0.9376591796875 0.797707 0.93555810546875 0.8040356666666667
1 0.960335205078125 0.7885103333333333 0.9594658203125 0.796817 0.9696083984375 0.7980036666666667 0.970477783203125 0.7897959999999999 0.960335205078125 0.7885103333333333
1 0.97004296875 0.8196720000000001 0.970260498046875 0.8254076666666667 0.972361328125 0.829363 0.975983642578125 0.8276819999999999 0.976563232421875 0.8235286666666666 0.975331787109375 0.81809 0.972071533203125 0.8150566666666667 0.97004296875 0.8196720000000001
1 0.98460498046875 0.8140356666666666 0.98380810546875 0.8206610000000001 0.987213134765625 0.8226386666666667 0.991342529296875 0.8166066666666667 0.99199462890625 0.8084976666666667 0.988372314453125 0.8073413333333332 0.98460498046875 0.8140356666666666
1 0.951279296875 0.8229353333333334 0.94954052734375 0.8315386666666666 0.9555537109375 0.834604 0.957799560546875 0.8244186666666666 0.951279296875 0.8229353333333334
1 0.96982568359375 0.8648760000000001 0.969753173828125 0.8690293333333334 0.9735205078125 0.8696226666666667 0.9774326171875 0.863986 0.97678076171875 0.8601293333333333 0.972796142578125 0.8600303333333333 0.96982568359375 0.8648760000000001
1 0.90317431640625 0.93284 0.90165283203125 0.9363999999999999 0.9073037109375 0.9394656666666666 0.914186279296875 0.93729 0.9143310546875 0.9327413333333334 0.910853759765625 0.930368 0.90317431640625 0.93284
1 0.86854443359375 0.8584563333333334 0.866081298828125 0.8655763333333333 0.868616943359375 0.8713116666666666 0.885424560546875 0.8723006666666667 0.88723583984375 0.860434 0.86854443359375 0.8584563333333334
1 0.88412060546875 0.7990126666666667 0.8983203125 0.8028693333333334 0.90295703125 0.7955516666666668 0.887380859375 0.7903106666666666 0.88412060546875 0.7990126666666667
1 0.852823486328125 0.8159183333333334 0.85470703125 0.8204673333333333 0.859850830078125 0.8192806666666667 0.861589599609375 0.8134463333333333 0.85956103515625 0.8104796666666666 0.85528662109375 0.8097873333333334 0.852823486328125 0.8159183333333334
1 0.835943115234375 0.6714113333333334 0.83695751953125 0.6738833333333334 0.844854248046875 0.6732899999999999 0.847027587890625 0.6695323333333333 0.84673779296875 0.666368 0.83731982421875 0.6666846666666667 0.835943115234375 0.6714113333333334
1 0.9182431640625 0.6190793333333333 0.917518798828125 0.6408346666666667 0.923314697265625 0.6401423333333333 0.924328857421875 0.6193759999999999 0.9182431640625 0.6190793333333333
1 0.905782470703125 0.6293636666666667 0.905999755859375 0.6322313333333334 0.910491455078125 0.632627 0.912302490234375 0.6262983333333333 0.911288330078125 0.622936 0.90824560546875 0.6234303333333333 0.905782470703125 0.6293636666666667
1 0.906651611328125 0.6393513333333334 0.90165283203125 0.6455813333333333 0.909694580078125 0.652899 0.923749267578125 0.6516133333333333 0.930197021484375 0.6440980000000001 0.923386962890625 0.638857 0.906217041015625 0.6390546666666667 0.906651611328125 0.6393513333333334
1 0.9049853515625 0.5808926666666667 0.901725341796875 0.5842546666666666 0.899986572265625 0.5887046666666667 0.90324658203125 0.5925613333333333 0.90614453125 0.589298 0.910491455078125 0.5835626666666667 0.90788330078125 0.580596 0.9049853515625 0.5808926666666667
1 0.87629638671875 0.5449963333333333 0.878397216796875 0.552314 0.8854970703125 0.552413 0.8831787109375 0.5441293333333334 0.87629638671875 0.5449963333333333
1 0.85064990234375 0.5124503333333333 0.845651123046875 0.521548 0.845288818359375 0.5269866666666667 0.852098876953125 0.5281733333333333 0.856010986328125 0.5265909999999999 0.856735595703125 0.5184823333333333 0.85550390625 0.5101756666666667 0.85064990234375 0.5124503333333333
1 0.823627197265625 0.542512 0.82369970703125 0.5471596666666667 0.825365966796875 0.5516096666666667 0.828698486328125 0.5506206666666666 0.8293505859375 0.5449843333333333 0.828481201171875 0.5406329999999999 0.82493115234375 0.5402716666666667 0.823627197265625 0.542512
1 0.787258544921875 0.5464676666666667 0.78863525390625 0.5533896666666667 0.798560546875 0.5502253333333333 0.797763427734375 0.543303 0.787258544921875 0.5464676666666667
1 0.883251220703125 0.47821899999999995 0.882237060546875 0.4909753333333333 0.888974609375 0.4932496666666667 0.889481689453125 0.4796033333333333 0.883251220703125 0.47821899999999995
1 0.862603759765625 0.059921666666666665 0.8636904296875 0.065954 0.866298583984375 0.068624 0.869196533203125 0.06605266666666666 0.867240478515625 0.058735 0.86383544921875 0.057054 0.862603759765625 0.059921666666666665
1 0.717709228515625 0.05453433333333334 0.713579833984375 0.05928099999999999 0.71314501953125 0.06076433333333334 0.71539111328125 0.065313 0.72125927734375 0.058292000000000004 0.720389892578125 0.05493 0.7226357421875 0.05463333333333333 0.72249072265625 0.04761233333333333 0.718433837890625 0.04741433333333333 0.717709228515625 0.05453433333333334
1 0.6914833984375 0.02447266666666667 0.691990478515625 0.05067766666666666 0.70379931640625 0.04909566666666667 0.701915771484375 0.022602 0.6914833984375 0.02447266666666667
1 0.669169677734375 0.040986666666666664 0.679891845703125 0.05799533333333333 0.692932373046875 0.048007666666666664 0.6806162109375 0.03105933333333333 0.669169677734375 0.040986666666666664
1 0.684528564453125 0.054831 0.68423876953125 0.06303866666666667 0.6922802734375 0.06422533333333333 0.69285986328125 0.05572100000000001 0.684528564453125 0.054831
1 0.707783935546875 0.030999 0.71118896484375 0.033768 0.7156083984375 0.024670333333333332 0.7124931640625 0.021209333333333334 0.707783935546875 0.030999
1 0.724591796875 0.016067 0.7257509765625 0.022198 0.736255859375 0.013693666666666668 0.733502685546875 0.007562666666666666 0.724591796875 0.016067
1 0.694091552734375 0.18598833333333334 0.6938017578125 0.197064 0.715535888671875 0.19300933333333334 0.71466650390625 0.18163733333333335 0.694091552734375 0.18598833333333334
1 0.7366904296875 0.177682 0.736255859375 0.18351633333333334 0.738936279296875 0.19033966666666666 0.74270361328125 0.19024066666666667 0.743790283203125 0.18203300000000003 0.739298583984375 0.17619866666666667 0.7366904296875 0.177682
1 0.82681494140625 0.18263433333333334 0.824424072265625 0.194303 0.843115478515625 0.19519299999999998 0.8446005859375 0.18462433333333336 0.82681494140625 0.18263433333333334
1 0.83268310546875 0.16345033333333334 0.834349365234375 0.170669 0.838044189453125 0.17057 0.836015625 0.16251666666666667 0.83268310546875 0.16345033333333334
1 0.806094970703125 0.31881466666666664 0.808775390625 0.3297913333333333 0.814861083984375 0.32811033333333334 0.81442626953125 0.320496 0.811528564453125 0.316046 0.806094970703125 0.31881466666666664
1 0.801748046875 0.26600866666666667 0.80116845703125 0.2734253333333333 0.804501220703125 0.273623 0.804501220703125 0.266674 0.801748046875 0.26600866666666667
1 0.7514697265625 0.34523000000000004 0.7561064453125 0.35185533333333335 0.759366455078125 0.3476033333333333 0.75480224609375 0.33929666666666664 0.7514697265625 0.34523000000000004
1 0.772189697265625 0.34532900000000005 0.778275146484375 0.3484933333333333 0.7803037109375 0.34127433333333335 0.7737109375 0.33751666666666663 0.772189697265625 0.34532900000000005
1 0.768929443359375 0.38379599999999997 0.77892724609375 0.387455 0.780666015625 0.37944500000000003 0.77070458984375 0.37632066666666664 0.768929443359375 0.38379599999999997
1 0.742486328125 0.39389466666666667 0.74234130859375 0.40170700000000004 0.748861572265625 0.4006193333333333 0.7491513671875 0.3923126666666667 0.742486328125 0.39389466666666667
1 0.812180419921875 0.388555 0.813484619140625 0.39330133333333334 0.816237548828125 0.394686 0.81790380859375 0.3922136666666667 0.816382568359375 0.386676 0.81319482421875 0.38558833333333337 0.812180419921875 0.388555
1 0.743427978515625 0.43484633333333333 0.74857177734375 0.44117533333333336 0.7522666015625 0.43820866666666664 0.7479921875 0.4304766666666667 0.743427978515625 0.43484633333333333
1 0.74350048828125 0.45047466666666663 0.7398056640625 0.4508703333333334 0.74016796875 0.45719899999999997 0.746470947265625 0.459968 0.75052783203125 0.450277 0.750962646484375 0.44454133333333334 0.7448046875 0.4451346666666667 0.74350048828125 0.45047466666666663
1 0.72437451171875 0.4425636666666667 0.73219873046875 0.4517603333333333 0.73763232421875 0.445036 0.730315185546875 0.43514733333333333 0.72437451171875 0.4425636666666667
1 0.726620361328125 0.45937466666666665 0.727634521484375 0.4621436666666667 0.730822265625 0.46194566666666664 0.732705810546875 0.459968 0.73067724609375 0.45680366666666666 0.72712744140625 0.45584800000000003 0.726620361328125 0.45937466666666665
1 0.762481689453125 0.5912203333333333 0.7686396484375 0.5969556666666667 0.77914453125 0.5918136666666667 0.782694580078125 0.5837046666666666 0.773421142578125 0.5820236666666666 0.76842236328125 0.5834079999999999 0.762481689453125 0.5912203333333333
1 0.753498291015625 0.5648173333333333 0.759511474609375 0.5681793333333334 0.761974609375 0.5636306666666667 0.755309326171875 0.5606639999999999 0.753498291015625 0.5648173333333333
1 0.696844482421875 0.5707503333333334 0.698003662109375 0.5736183333333333 0.71075439453125 0.5741126666666666 0.71314501953125 0.5671906666666666 0.709885009765625 0.5643226666666666 0.69945263671875 0.5644216666666667 0.696844482421875 0.5707503333333334
1 0.75871435546875 0.7407830000000001 0.764220458984375 0.7429583333333334 0.76726318359375 0.7323773333333333 0.760887939453125 0.7302020000000001 0.75871435546875 0.7407830000000001
1 0.740240478515625 0.7500783333333334 0.7437177734375 0.754825 0.750020751953125 0.756407 0.7545849609375 0.750474 0.751179931640625 0.7456283333333334 0.74538427734375 0.7439473333333334 0.740240478515625 0.7500783333333334
1 0.786606689453125 0.8029166666666666 0.788997314453125 0.8128053333333334 0.80566015625 0.8035100000000001 0.7989951171875 0.7954013333333334 0.786606689453125 0.8029166666666666
1 0.799139892578125 0.7874903333333333 0.7978359375 0.794808 0.80073388671875 0.7977746666666667 0.811963134765625 0.7970823333333332 0.814208984375 0.786699 0.810224365234375 0.7852156666666666 0.799067626953125 0.7870946666666667 0.799139892578125 0.7874903333333333
1 0.814208984375 0.784128 0.82377197265625 0.7973790000000001 0.847172607421875 0.8042023333333334 0.860140625 0.7957966666666666 0.850287841796875 0.783238 0.829857666015625 0.777997 0.814208984375 0.784128
1 0.7694365234375 0.8049933333333333 0.77001611328125 0.8084543333333333 0.77544970703125 0.8076633333333333 0.77928955078125 0.8006423333333333 0.77813037109375 0.7949066666666667 0.7733125 0.7936909999999999 0.7694365234375 0.8049933333333333
1 0.722998046875 0.8262543333333333 0.723722412109375 0.8301106666666667 0.728576416015625 0.8310996666666667 0.73234375 0.8230896666666666 0.730315185546875 0.8155743333333333 0.726185546875 0.817552 0.722998046875 0.8262543333333333
1 0.738718994140625 0.8677950000000001 0.744007568359375 0.8751126666666668 0.74813720703125 0.8716516666666666 0.741834228515625 0.8629496666666667 0.738718994140625 0.8677950000000001
1 0.720752197265625 0.8770906666666667 0.72633056640625 0.8771893333333334 0.72712744140625 0.8729373333333333 0.720607177734375 0.8725416666666667 0.720752197265625 0.8770906666666667
1 0.662939208984375 0.8234933333333333 0.668590087890625 0.8257680000000001 0.672864501953125 0.8128136666666667 0.666815185546875 0.809567 0.662939208984375 0.8234933333333333
1 0.675979736328125 0.873926 0.68039892578125 0.8767940000000001 0.68503564453125 0.869773 0.681268310546875 0.8667073333333333 0.675979736328125 0.873926
1 0.685325439453125 0.8883636666666667 0.688512939453125 0.8911326666666667 0.69090380859375 0.8866826666666666 0.68742626953125 0.8844083333333334 0.685325439453125 0.8883636666666667
1 0.67844287109375 0.9362333333333333 0.679312255859375 0.9432543333333333 0.68931005859375 0.9411776666666666 0.688295654296875 0.9340579999999999 0.67844287109375 0.9362333333333333
1 0.7374150390625 0.9335633333333333 0.741254638671875 0.9390023333333334 0.7463984375 0.9354423333333334 0.74234130859375 0.9300036666666667 0.7374150390625 0.9335633333333333
1 0.816418701171875 0.9375760000000001 0.82177978515625 0.938466 0.821634765625 0.9293683333333334 0.8165634765625 0.9285773333333334 0.816418701171875 0.9375760000000001
1 0.864378662109375 0.850444 0.87082666015625 0.8526196666666667 0.87597021484375 0.846093 0.87597021484375 0.841742 0.871768310546875 0.8401596666666666 0.864378662109375 0.850444
1 0.677392333984375 0.9123586666666667 0.67746484375 0.9185886666666667 0.6852890625 0.9161163333333334 0.68463720703125 0.9097876666666667 0.677392333984375 0.9123586666666667
1 0.71578955078125 0.9726023333333332 0.71470263671875 0.9768546666666666 0.717673095703125 0.9805133333333333 0.723178955078125 0.97547 0.72281689453125 0.9696356666666667 0.719194580078125 0.9668410000000001 0.71578955078125 0.9726023333333332
1 0.548037841796875 0.929918 0.56238232421875 0.9409936666666667 0.5816533203125 0.9118216666666668 0.567489990234375 0.8976996666666667 0.548037841796875 0.929918
1 0.5512255859375 0.948608 0.535359619140625 0.9527613333333333 0.539126953125 0.9638366666666668 0.5652802734375 0.9761976666666666 0.578900390625 0.975011 0.56745361328125 0.9566176666666667 0.554485595703125 0.9499923333333333 0.5512255859375 0.948608
1 0.535142333984375 0.9420813333333333 0.537895263671875 0.9525633333333333 0.54361865234375 0.9511789999999999 0.54173486328125 0.9407956666666667 0.5372431640625 0.9360493333333334 0.535142333984375 0.9420813333333333
1 0.564990478515625 0.942279 0.573539306640625 0.9439603333333333 0.57984228515625 0.9367413333333334 0.570858642578125 0.9333793333333333 0.564990478515625 0.942279
1 0.573901611328125 0.9297203333333334 0.578103515625 0.9318960000000001 0.5824501953125 0.9306103333333334 0.581146240234375 0.925666 0.5746259765625 0.9231936666666667 0.573901611328125 0.9297203333333334
1 0.582739990234375 0.9307093333333334 0.58259521484375 0.9331813333333333 0.5855654296875 0.9351593333333333 0.592447998046875 0.9319946666666666 0.5928828125 0.9275450000000001 0.587956298828125 0.9269516666666666 0.582739990234375 0.9307093333333334
1 0.53622900390625 0.870079 0.5356494140625 0.87443 0.54057568359375 0.8795723333333334 0.5504287109375 0.8815500000000001 0.5520224609375 0.8790776666666668 0.548255126953125 0.8721556666666667 0.5434736328125 0.8687933333333334 0.5383662109375 0.8680253333333333 0.53622900390625 0.870079
1 0.526013916015625 0.7889626666666666 0.523912841796875 0.8073560000000001 0.535287109375 0.8095313333333334 0.5371708984375 0.7910393333333333 0.526013916015625 0.7889626666666666
1 0.610849609375 0.7750196666666668 0.606068115234375 0.7778873333333333 0.607806884765625 0.7829306666666667 0.6159208984375 0.7856006666666667 0.616283203125 0.7775186666666667 0.610849609375 0.7750196666666668
1 0.532606689453125 0.7376320000000001 0.533693359375 0.7423786666666666 0.536301513671875 0.7504873333333333 0.53782275390625 0.7539483333333332 0.5410830078125 0.7458396666666666 0.53782275390625 0.7360496666666666 0.533258544921875 0.7354563333333334 0.532606689453125 0.7376320000000001
1 0.54050341796875 0.7000426666666667 0.552094970703125 0.7069646666666666 0.55847021484375 0.7012293333333334 0.545357421875 0.6937136666666667 0.54050341796875 0.7000426666666667
1 0.604474365234375 0.704983 0.604619140625 0.710916 0.60990771484375 0.7150693333333333 0.611284423828125 0.707653 0.610125244140625 0.7037963333333334 0.605126220703125 0.7012250000000001 0.604474365234375 0.704983
1 0.62193408203125 0.727826 0.627512451171875 0.739297 0.635047119140625 0.7368246666666667 0.643305908203125 0.720706 0.643450927734375 0.7053783333333334 0.630772705078125 0.7120040000000001 0.62193408203125 0.727826
1 0.5442705078125 0.5885676666666667 0.55296435546875 0.59638 0.560933349609375 0.5896556666666667 0.55376123046875 0.5833266666666667 0.5442705078125 0.5885676666666667
1 0.5426767578125 0.5730423333333333 0.559484619140625 0.583129 0.565932373046875 0.5741303333333334 0.548762451171875 0.5633513333333333 0.5426767578125 0.5730423333333333
1 0.559484619140625 0.5185473333333334 0.568322998046875 0.5360503333333334 0.577451416015625 0.5344683333333333 0.57716162109375 0.528436 0.57129345703125 0.5278426666666667 0.5660048828125 0.5140973333333333 0.559484619140625 0.5185473333333334
1 0.542966552734375 0.5253706666666667 0.54289404296875 0.5316993333333333 0.551732666015625 0.5321936666666667 0.55223974609375 0.5264583333333334 0.542966552734375 0.5253706666666667
1 0.524854736328125 0.36749333333333334 0.530722900390625 0.37659099999999995 0.5422421875 0.36868 0.53977880859375 0.35602233333333333 0.524854736328125 0.36749333333333334
1 0.513987548828125 0.3611643333333333 0.50152685546875 0.3604723333333333 0.496383056640625 0.36264766666666665 0.485443359375 0.3657133333333334 0.485298583984375 0.38222733333333336 0.49768701171875 0.39122633333333334 0.520218017578125 0.39122633333333334 0.531664794921875 0.38578733333333337 0.5317373046875 0.3775796666666667 0.52572412109375 0.368482 0.51753759765625 0.36195533333333335 0.513987548828125 0.3611643333333333
1 0.5278251953125 0.35088 0.529563720703125 0.3556266666666667 0.533403564453125 0.35572566666666666 0.533403564453125 0.3494956666666667 0.528259765625 0.347685 0.5278251953125 0.35088
1 0.57172802734375 0.37540433333333334 0.580421875 0.383612 0.582305419921875 0.37649200000000005 0.576292236328125 0.3698666666666666 0.57172802734375 0.37540433333333334
1 0.6143271484375 0.42178266666666664 0.6197607421875 0.434539 0.629541015625 0.43364899999999995 0.627295166015625 0.42099133333333333 0.615051513671875 0.41960699999999995 0.6143271484375 0.42178266666666664
1 0.613312744140625 0.33425466666666664 0.626135986328125 0.34048466666666666 0.628816650390625 0.33000266666666667 0.616283203125 0.32453899999999997 0.613312744140625 0.33425466666666664
1 0.628237060546875 0.3405836666666667 0.630844970703125 0.34651699999999996 0.6361337890625 0.3449346666666667 0.6431611328125 0.347308 0.649826171875 0.336628 0.63265625 0.32950833333333335 0.628237060546875 0.3405836666666667
1 0.5785380859375 0.18884933333333334 0.578103515625 0.19339833333333334 0.58411669921875 0.194684 0.587014404296875 0.19161833333333333 0.5878837890625 0.18331166666666665 0.5824501953125 0.18242166666666665 0.5785380859375 0.18884933333333334
1 0.670944580078125 0.11408833333333333 0.669785400390625 0.123878 0.674856689453125 0.12437266666666666 0.675400146484375 0.114296 0.670944580078125 0.11408833333333333
1 0.62696923828125 0.13080033333333332 0.630229248046875 0.14276566666666668 0.635300537109375 0.13594233333333333 0.632185302734375 0.125856 0.62696923828125 0.13080033333333332
1 0.60030859375 0.12002133333333334 0.6057421875 0.11853833333333334 0.6069736328125 0.11369266666666666 0.606104248046875 0.11033066666666667 0.601032958984375 0.11270366666666666 0.60030859375 0.12002133333333334
1 0.607029541015625 0.06265466666666666 0.614773193359375 0.07615333333333334 0.6254091796875 0.06583833333333333 0.617478759765625 0.05386766666666667 0.607029541015625 0.06265466666666666
1 0.641269775390625 0.067621 0.644908447265625 0.06749366666666666 0.6471474609375 0.06303666666666667 0.642296142578125 0.062545 0.641269775390625 0.067621
1 0.50883349609375 0.13295966666666667 0.507154052734375 0.136016 0.5077138671875 0.145567 0.512192138671875 0.14340233333333333 0.51508447265625 0.139327 0.5115390625 0.13155866666666666 0.50883349609375 0.13295966666666667
1 0.471794189453125 0.234604 0.46834228515625 0.23766033333333333 0.471700927734375 0.24224500000000002 0.481870361328125 0.23651433333333333 0.48000439453125 0.231675 0.471794189453125 0.234604
1 0.48970751953125 0.249249 0.490267333984375 0.25523433333333334 0.49465234375 0.2563806666666667 0.494092529296875 0.24807766666666664 0.48970751953125 0.249249
1 0.485695556640625 0.310901 0.489054443359375 0.314085 0.495398681640625 0.3143396666666667 0.49997021484375 0.30988233333333337 0.49493212890625 0.30593466666666663 0.48980078125 0.3055526666666667 0.485695556640625 0.310901
1 0.447630126953125 0.30338766666666667 0.458079345703125 0.31077366666666667 0.461998046875 0.3032603333333333 0.45238818359375 0.2971836666666667 0.447630126953125 0.30338766666666667
1 0.461531494140625 0.4080883333333334 0.46992822265625 0.40987133333333337 0.47216748046875 0.40452266666666664 0.4632109375 0.40223033333333336 0.461531494140625 0.4080883333333334
1 0.43979296875 0.430247 0.44557763671875 0.4301196666666666 0.446697021484375 0.42540766666666663 0.440492919921875 0.4252033333333333 0.43979296875 0.430247
1 0.4331689453125 0.43801533333333337 0.4331689453125 0.443109 0.436994140625 0.44463733333333333 0.440259521484375 0.44017999999999996 0.436994140625 0.43590333333333336 0.4331689453125 0.43801533333333337
1 0.411243896484375 0.4498586666666667 0.416281982421875 0.45049533333333336 0.41777490234375 0.436105 0.41273681640625 0.43546833333333335 0.411243896484375 0.4498586666666667
1 0.53896875 0.334354 0.542327392578125 0.340594 0.5468056640625 0.338047 0.542513916015625 0.33100399999999996 0.53896875 0.334354
1 0.464330322265625 0.600054 0.4661962890625 0.6043836666666667 0.47254052734375 0.601964 0.474406494140625 0.5954693333333333 0.47235400390625 0.5901206666666667 0.465543212890625 0.592795 0.464330322265625 0.600054
1 0.44679052734375 0.6902369999999999 0.4496826171875 0.6966043333333334 0.45705322265625 0.6881993333333333 0.454067626953125 0.681068 0.44679052734375 0.6902369999999999
1 0.514711181640625 0.650632 0.51387158203125 0.657636 0.518443115234375 0.658782 0.51872314453125 0.651817 0.514711181640625 0.650632
1 0.4549072265625 0.7680673333333334 0.4597587890625 0.7699776666666667 0.46834228515625 0.774435 0.468062255859375 0.7662846666666666 0.45924560546875 0.7611113333333333 0.4549072265625 0.7680673333333334
1 0.419827392578125 0.8574916666666667 0.42579833984375 0.8650053333333334 0.4359677734375 0.853926 0.432236083984375 0.8455659999999999 0.419827392578125 0.8574916666666667
1 0.64453125 0.83 0.64306640625 0.8216666666666667 0.641357421875 0.818 0.618408203125 0.8053333333333333 0.60791015625 0.8026666666666666 0.599609375 0.791 0.592041015625 0.7886666666666666 0.588134765625 0.786 0.58447265625 0.7863333333333333 0.581787109375 0.7953333333333333 0.58203125 0.8046666666666666 0.560791015625 0.8466666666666667 0.559326171875 0.852 0.548095703125 0.8646666666666667 0.547607421875 0.8673333333333333 0.5478515625 0.869 0.55419921875 0.8726666666666667 0.594970703125 0.8863333333333333 0.604248046875 0.8863333333333333 0.611328125 0.8823333333333333 0.618896484375 0.883 0.6240234375 0.8793333333333333 0.633056640625 0.8686666666666667 0.638671875 0.864 0.651611328125 0.8573333333333333 0.656982421875 0.853 0.658935546875 0.8476666666666667 0.658935546875 0.8453333333333334 0.6572265625 0.842 0.64453125 0.83
1 0.344862548828125 0.8308863333333334 0.343556396484375 0.8369993333333333 0.350740234375 0.8385273333333333 0.351486572265625 0.8337193333333333 0.344862548828125 0.8308863333333334
1 0.309409423828125 0.7198183333333333 0.3130478515625 0.723384 0.319858642578125 0.7120500000000001 0.315940185546875 0.7087570000000001 0.309409423828125 0.7198183333333333
1 0.411663818359375 0.6725566666666667 0.414555908203125 0.6758676666666666 0.419314208984375 0.6780326666666666 0.422113037109375 0.6748486666666667 0.4196875 0.669755 0.41432275390625 0.6676763333333333 0.411663818359375 0.6725566666666667
1 0.391884521484375 0.6010986666666667 0.401960693359375 0.6036456666666666 0.40485302734375 0.597915 0.3952900390625 0.5933483333333334 0.391884521484375 0.6010986666666667
1 0.4148359375 0.5222496666666667 0.4186611328125 0.524924 0.42500537109375 0.5157546666666666 0.4214599609375 0.5130803333333334 0.4148359375 0.5222496666666667
1 0.352233154296875 0.4858123333333333 0.351580078125 0.48861400000000005 0.3545654296875 0.49192500000000006 0.361376220703125 0.4928166666666667 0.366880859375 0.49447199999999997 0.367347412109375 0.49052433333333334 0.363615478515625 0.48593966666666666 0.36030322265625 0.48214333333333337 0.352233154296875 0.4858123333333333
1 0.3505537109375 0.38072433333333333 0.355591796875 0.383526 0.357271240234375 0.3771586666666667 0.353305908203125 0.37475966666666666 0.3505537109375 0.38072433333333333
1 0.37695703125 0.3730833333333333 0.375370849609375 0.3777953333333333 0.3767705078125 0.38225233333333336 0.38106201171875 0.382125 0.380595703125 0.3742296666666667 0.3779365234375 0.3720846666666666 0.37695703125 0.3730833333333333
1 0.409144775390625 0.2546083333333333 0.411570556640625 0.258556 0.416795166015625 0.256773 0.413623046875 0.25040566666666664 0.409144775390625 0.2546083333333333
1 0.421833251953125 0.19194266666666665 0.42220654296875 0.196527 0.429483642578125 0.19614499999999999 0.429670166015625 0.19296133333333335 0.4250986328125 0.189227 0.421833251953125 0.19194266666666665
1 0.416701904296875 0.09704233333333334 0.421926513671875 0.09793366666666667 0.425751708984375 0.08901933333333333 0.421040283203125 0.08604700000000001 0.416701904296875 0.09704233333333334
1 0.368466796875 0.028646 0.368466796875 0.03424933333333333 0.37723681640625 0.03806966666666667 0.3819951171875 0.036287 0.3811552734375 0.028646 0.37182568359375 0.025462333333333333 0.368466796875 0.028646
1 0.32536328125 0.14901066666666665 0.32181787109375 0.15117566666666665 0.319392333984375 0.15474133333333334 0.32181787109375 0.15843433333333334 0.32928173828125 0.16021733333333332 0.335999267578125 0.15193966666666667 0.327135986328125 0.148146 0.32536328125 0.14901066666666665
1 0.339731201171875 0.302756 0.341037353515625 0.3051756666666667 0.34663525390625 0.304921 0.347754638671875 0.30161 0.343556396484375 0.3000816666666667 0.339451171875 0.30062300000000003 0.339731201171875 0.302756
1 0.3239638671875 0.3409603333333333 0.3243369140625 0.34567233333333336 0.33189404296875 0.343762 0.330961181640625 0.33854100000000004 0.3239638671875 0.3409603333333333
1 0.283845703125 0.3401963333333334 0.285804931640625 0.34439899999999996 0.289257080078125 0.34274333333333334 0.287857421875 0.3368853333333333 0.2840322265625 0.3368853333333333 0.283845703125 0.3401963333333334
1 0.260521240234375 0.39242466666666664 0.266678955078125 0.3934433333333333 0.267705322265625 0.38236433333333336 0.2610810546875 0.3816383333333333 0.260521240234375 0.39242466666666664
1 0.25846875 0.4080883333333334 0.265466064453125 0.40783366666666665 0.2650927734375 0.39841 0.259681640625 0.39841 0.25846875 0.4080883333333334
1 0.320978271484375 0.551524 0.329001953125 0.551906 0.330587890625 0.546048 0.32181787109375 0.545389 0.320978271484375 0.551524
1 0.2872978515625 0.571645 0.2989599609375 0.5772483333333333 0.302412109375 0.5707533333333333 0.291962646484375 0.5648953333333333 0.2872978515625 0.571645
1 0.321164794921875 0.536242 0.32536328125 0.5373883333333334 0.32685595703125 0.5330583333333333 0.3213515625 0.5319123333333333 0.321164794921875 0.536242
1 0.3352529296875 0.5961166666666666 0.339451171875 0.596626 0.340291015625 0.591532 0.336092529296875 0.589909 0.3352529296875 0.5961166666666666
1 0.31799267578125 0.5749766666666667 0.323497314453125 0.5753586666666667 0.32508349609375 0.5709016666666666 0.31901904296875 0.5709926666666667 0.31799267578125 0.5749766666666667
1 0.371452392578125 0.8138270000000001 0.3735048828125 0.8257976666666667 0.38824609375 0.8203216666666667 0.38451416015625 0.806969 0.371452392578125 0.8138270000000001
1 0.412783447265625 0.8948413333333333 0.41726171875 0.8975156666666667 0.42099365234375 0.894459 0.419500732421875 0.8897473333333334 0.416048828125 0.8880916666666667 0.411943603515625 0.8908933333333333 0.412783447265625 0.8948413333333333
1 0.45784619140625 0.8992983333333333 0.46428369140625 0.900954 0.465869873046875 0.8964966666666666 0.459805419921875 0.8952453333333333 0.45784619140625 0.8992983333333333
1 0.357830810546875 0.9569869999999999 0.3566181640625 0.9627176666666666 0.36314892578125 0.9641183333333333 0.365108154296875 0.959534 0.357830810546875 0.9569869999999999
1 0.23477099609375 0.8231193333333334 0.236357177734375 0.8296140000000001 0.24466064453125 0.8270673333333334 0.243587646484375 0.8201533333333334 0.23477099609375 0.8231193333333334
1 0.222549072265625 0.5643873333333334 0.225254638671875 0.583362 0.23094580078125 0.582216 0.230479248046875 0.573429 0.228893310546875 0.5643053333333333 0.222549072265625 0.5643873333333334
1 0.23439794921875 0.5750843333333333 0.232998291015625 0.579287 0.238689697265625 0.581197 0.245033935546875 0.5783953333333333 0.24484716796875 0.5722826666666666 0.23439794921875 0.5750843333333333
1 0.202396728515625 0.24440066666666665 0.20958056640625 0.24885766666666667 0.21060693359375 0.24440066666666665 0.204822509765625 0.23909733333333336 0.202396728515625 0.24440066666666665
1 0.1550947265625 0.18110866666666667 0.15798681640625 0.18480166666666667 0.16647705078125 0.184547 0.167783203125 0.1756326666666667 0.15780029296875 0.17489633333333332 0.1550947265625 0.18110866666666667
1 0.147910888671875 0.19970166666666667 0.146044921875 0.20110233333333333 0.146884521484375 0.21078066666666667 0.153042236328125 0.21472866666666668 0.157240478515625 0.212309 0.149776611328125 0.1994466666666667 0.147910888671875 0.19970166666666667
1 0.106953125 0.2461836666666667 0.11852197265625 0.24809366666666666 0.121600830078125 0.23994333333333334 0.113017333984375 0.23841533333333334 0.106953125 0.2461836666666667
1 0.207434814453125 0.006855000000000001 0.207528076171875 0.012076333333333333 0.218910400390625 0.019462666666666666 0.22226904296875 0.016151333333333334 0.220962890625 0.009656666666666666 0.212566162109375 0.005836333333333333 0.207434814453125 0.006855000000000001
1 0.11063818359375 0.473634 0.118382080078125 0.473252 0.12052783203125 0.464465 0.11259765625 0.4643733333333333 0.11063818359375 0.473634
1 0.082275634765625 0.4339013333333333 0.081716064453125 0.4386133333333333 0.086754150390625 0.44561733333333337 0.093098388671875 0.44396199999999997 0.087127197265625 0.4335193333333333 0.082275634765625 0.4339013333333333
1 0.109985107421875 0.609556 0.111384765625 0.6146496666666666 0.119968017578125 0.6109566666666666 0.118475341796875 0.605226 0.109985107421875 0.609556
1 0.079103515625 0.8145003333333334 0.0813427734375 0.820995 0.092351806640625 0.813991 0.089552978515625 0.806732 0.079103515625 0.8145003333333334
1 0.215784912109375 0.8082313333333333 0.21522509765625 0.814726 0.2236220703125 0.8251686666666667 0.23276513671875 0.8263146666666666 0.2336982421875 0.8154899999999999 0.22049658203125 0.806778 0.215784912109375 0.8082313333333333
1 0.10140185546875 0.8938090000000001 0.09897607421875 0.8969926666666667 0.1002822265625 0.9001763333333334 0.1079326171875 0.899285 0.110731689453125 0.8958466666666667 0.106999755859375 0.8916439999999999 0.10140185546875 0.8938090000000001
1 0.235582275390625 0.8057406666666668 0.242680419921875 0.8130423333333333 0.25512744140625 0.8138846666666667 0.2646943359375 0.8043366666666667 0.257390625 0.7998436666666666 0.24689794921875 0.7984393333333334 0.235582275390625 0.8057406666666668
1 0.3155400390625 0.9039966666666666 0.311724609375 0.911461 0.314649658203125 0.9151063333333334 0.32367919921875 0.9102459999999999 0.327367431640625 0.9026080000000001 0.323806396484375 0.8987890000000001 0.3166845703125 0.9012193333333333 0.3155400390625 0.9039966666666666
1 0.3790048828125 0.7367206666666666 0.375873291015625 0.7378673333333333 0.375338623046875 0.7420373333333333 0.3804560546875 0.7507946666666667 0.38824658203125 0.7507946666666667 0.3971064453125 0.7462076666666667 0.38717724609375 0.7350843333333333 0.3790048828125 0.7367206666666666
1 0.363576416015625 0.7136803333333334 0.366860595703125 0.7137846666666666 0.3689228515625 0.7055486666666667 0.365409423828125 0.705364 0.363576416015625 0.7136803333333334
1 0.38389306640625 0.6439133333333333 0.383969482421875 0.6476666666666666 0.387941162109375 0.6488133333333334 0.38969775390625 0.6450603333333333 0.387253662109375 0.6429753333333333 0.38389306640625 0.6439133333333333
1 0.382212646484375 0.5433393333333334 0.389392333984375 0.5494903333333333 0.396113525390625 0.5396906666666667 0.38752099609375 0.5336113333333333 0.382212646484375 0.5433393333333334
1 0.169583251953125 0.919616 0.164999267578125 0.9347639999999999 0.1741669921875 0.9474426666666667 0.18345556640625 0.9222503333333334 0.1747099609375 0.9114506666666666 0.169583251953125 0.919616
1 0.19023779296875 0.6556986666666667 0.20329150390625 0.672566 0.209209228515625 0.6623503333333333 0.197373779296875 0.647621 0.19023779296875 0.6556986666666667
1 0.253165771484375 0.7761973333333334 0.253097900390625 0.781017 0.258733642578125 0.78009 0.259887939453125 0.7755486666666668 0.257443603515625 0.773695 0.2551689453125 0.7733566666666667 0.253165771484375 0.7761973333333334