1 0.438232421875 0.5136666666666667 0.4462890625 0.519 0.459228515625 0.5256666666666666 0.463623046875 0.5266666666666666 0.466796875 0.5253333333333333 0.472900390625 0.514 0.474365234375 0.5096666666666667 0.47021484375 0.5056666666666667 0.450927734375 0.495 0.44970703125 0.495 0.447021484375 0.49533333333333335 0.445068359375 0.498 0.438232421875 0.5096666666666667 0.438232421875 0.5136666666666667
1 0.322265625 0.9056666666666666 0.330322265625 0.9163333333333333 0.333251953125 0.9136666666666666 0.337158203125 0.9043333333333333 0.337158203125 0.897 0.336181640625 0.889 0.333984375 0.8806666666666667 0.330322265625 0.8736666666666667 0.326171875 0.8683333333333333 0.325927734375 0.8683333333333333 0.322998046875 0.873 0.320068359375 0.8846666666666667 0.320068359375 0.8926666666666667 0.322265625 0.9056666666666666
1 0.3642578125 0.721 0.36865234375 0.7246666666666667 0.376220703125 0.7276666666666667 0.381591796875 0.7276666666666667 0.384765625 0.7253333333333334 0.38525390625 0.7163333333333334 0.382568359375 0.7116666666666667 0.378662109375 0.709 0.369140625 0.706 0.367919921875 0.706 0.364013671875 0.7063333333333334 0.361328125 0.709 0.361083984375 0.7163333333333334 0.3642578125 0.721
1 0.626708984375 0.9436666666666667 0.628662109375 0.947 0.630859375 0.95 0.635498046875 0.9516666666666667 0.63818359375 0.9486666666666667 0.639892578125 0.9443333333333334 0.640625 0.9376666666666666 0.638427734375 0.9283333333333333 0.635986328125 0.923 0.634521484375 0.921 0.630859375 0.9193333333333333 0.630615234375 0.9193333333333333 0.62744140625 0.9223333333333333 0.62451171875 0.931 0.624267578125 0.9353333333333333 0.626708984375 0.9436666666666667
1 0.556396484375 0.913 0.560546875 0.917 0.56884765625 0.9163333333333333 0.578369140625 0.9036666666666666 0.58056640625 0.8983333333333333 0.5810546875 0.8956666666666667 0.579833984375 0.8923333333333333 0.57666015625 0.888 0.570556640625 0.8856666666666667 0.569091796875 0.8856666666666667 0.56201171875 0.8886666666666667 0.552978515625 0.904 0.552978515625 0.908 0.556396484375 0.913
1 0.019287109375 0.043 0.020263671875 0.047 0.02197265625 0.048666666666666664 0.03759765625 0.049666666666666665 0.043701171875 0.052333333333333336 0.048583984375 0.050666666666666665 0.050048828125 0.04833333333333333 0.051025390625 0.042 0.05078125 0.028333333333333332 0.046875 0.025666666666666667 0.034912109375 0.024333333333333332 0.03369140625 0.024333333333333332 0.021484375 0.024333333333333332 0.020751953125 0.025333333333333333 0.019287109375 0.034333333333333334 0.019287109375 0.043
1 0.005615234375 0.07133333333333333 0.013916015625 0.08066666666666666 0.01708984375 0.08233333333333333 0.021728515625 0.08233333333333333 0.0244140625 0.07966666666666666 0.028564453125 0.07233333333333333 0.029052734375 0.068 0.02587890625 0.061 0.017578125 0.05366666666666667 0.013916015625 0.051666666666666666 0.01318359375 0.051666666666666666 0.009765625 0.05333333333333334 0.005859375 0.06066666666666667 0.0048828125 0.06433333333333334 0.005615234375 0.07133333333333333
1 0.231201171875 0.08633333333333333 0.232666015625 0.095 0.240234375 0.10833333333333334 0.24365234375 0.112 0.24560546875 0.11033333333333334 0.2470703125 0.10333333333333333 0.251953125 0.09266666666666666 0.25390625 0.086 0.25439453125 0.081 0.251708984375 0.06866666666666667 0.249267578125 0.06533333333333333 0.248046875 0.06166666666666667 0.244384765625 0.057666666666666665 0.24365234375 0.057666666666666665 0.2392578125 0.061 0.238525390625 0.06466666666666666 0.232177734375 0.08133333333333333 0.231201171875 0.08633333333333333
1 0.33056640625 0.07633333333333334 0.329833984375 0.08066666666666666 0.333251953125 0.089 0.337890625 0.091 0.34912109375 0.082 0.353759765625 0.08 0.358154296875 0.08333333333333333 0.36083984375 0.08766666666666667 0.361328125 0.09166666666666666 0.36376953125 0.09233333333333334 0.365234375 0.09533333333333334 0.368896484375 0.09666666666666666 0.37060546875 0.09566666666666666 0.37158203125 0.09166666666666666 0.370361328125 0.088 0.370361328125 0.084 0.373291015625 0.076 0.372802734375 0.072 0.369140625 0.06766666666666667 0.361083984375 0.06266666666666666 0.35888671875 0.06233333333333333 0.356689453125 0.06233333333333333 0.351318359375 0.064 0.345458984375 0.06366666666666666 0.33154296875 0.075 0.33056640625 0.07633333333333334
1 0.67724609375 0.119 0.6796875 0.12666666666666668 0.683837890625 0.13066666666666665 0.686279296875 0.13166666666666665 0.689453125 0.13066666666666665 0.692138671875 0.127 0.694091796875 0.123 0.694580078125 0.11766666666666667 0.693115234375 0.11133333333333334 0.69091796875 0.10633333333333334 0.689208984375 0.104 0.685546875 0.10166666666666667 0.685302734375 0.10166666666666667 0.681640625 0.10333333333333333 0.67919921875 0.10733333333333334 0.677734375 0.112 0.67724609375 0.119
1 0.08349609375 0.26166666666666666 0.0859375 0.264 0.09912109375 0.2693333333333333 0.10791015625 0.2703333333333333 0.115234375 0.268 0.118896484375 0.26366666666666666 0.119140625 0.25933333333333336 0.11474609375 0.25566666666666665 0.10107421875 0.25033333333333335 0.091796875 0.248 0.090250732421875 0.248 0.087158203125 0.248 0.083740234375 0.252 0.082763671875 0.25966666666666666 0.08349609375 0.26166666666666666
1 0.186279296875 0.25133333333333335 0.1875 0.25633333333333336 0.19287109375 0.26066666666666666 0.197265625 0.261 0.202392578125 0.25566666666666665 0.20703125 0.249 0.2080078125 0.245 0.2060546875 0.24033333333333334 0.204833984375 0.23333333333333334 0.203531982421875 0.23333333333333334 0.200927734375 0.23333333333333334 0.19873046875 0.23466666666666666 0.190185546875 0.24466666666666667 0.186279296875 0.25133333333333335
1 0.294921875 0.213 0.298828125 0.21433333333333332 0.3076171875 0.20533333333333334 0.308349609375 0.20033333333333334 0.306396484375 0.19633333333333333 0.302734375 0.19333333333333333 0.30224609375 0.19333333333333333 0.29736328125 0.196 0.29248046875 0.20266666666666666 0.2919921875 0.20666666666666667 0.294921875 0.213
1 0.235595703125 0.7866666666666666 0.23486328125 0.7903333333333333 0.235107421875 0.7946666666666666 0.23974609375 0.798 0.249755859375 0.7983333333333333 0.251708984375 0.798 0.2578125 0.793 0.26318359375 0.7833333333333333 0.2685546875 0.7793333333333333 0.27099609375 0.7753333333333333 0.267578125 0.7713333333333333 0.25927734375 0.767 0.257893798828125 0.767 0.252197265625 0.7683333333333333 0.24267578125 0.775 0.24072265625 0.7773333333333333 0.235595703125 0.7866666666666666
1 0.270751953125 0.815 0.276123046875 0.8183333333333334 0.279541015625 0.818 0.283203125 0.8146666666666667 0.28271484375 0.8103333333333333 0.279296875 0.806 0.271484375 0.8 0.271240234375 0.8 0.26904296875 0.8023333333333333 0.268310546875 0.8083333333333333 0.268310546875 0.8106666666666666 0.270751953125 0.815
1 0.7890625 0.8576666666666667 0.791015625 0.861 0.794921875 0.8636666666666667 0.806884765625 0.864 0.808837890625 0.863 0.814697265625 0.8573333333333333 0.81494140625 0.853 0.810546875 0.848 0.8056640625 0.8463333333333334 0.804280517578125 0.8463333333333334 0.79833984375 0.8466666666666667 0.793701171875 0.8483333333333334 0.789794921875 0.8533333333333334 0.7890625 0.8576666666666667
1 0.943359375 0.799 0.945068359375 0.8023333333333333 0.947265625 0.8043333333333333 0.951416015625 0.805 0.954833984375 0.804 0.963134765625 0.799 0.96435546875 0.7963333333333333 0.964599609375 0.791 0.962646484375 0.787 0.959716796875 0.7863333333333333 0.95843505859375 0.7863333333333333 0.9521484375 0.787 0.946533203125 0.79 0.943359375 0.7956666666666666 0.943359375 0.799
1 0.827880859375 0.5543333333333333 0.83349609375 0.562 0.837890625 0.5626666666666666 0.841064453125 0.5613333333333334 0.854248046875 0.5486666666666666 0.85400390625 0.5436666666666666 0.849365234375 0.5363333333333333 0.846435546875 0.535 0.844970703125 0.535 0.84130859375 0.537 0.828369140625 0.5486666666666666 0.827392578125 0.5516666666666666 0.827880859375 0.5543333333333333
1 0.674560546875 0.32766666666666666 0.674560546875 0.33 0.676025390625 0.3313333333333333 0.68212890625 0.33266666666666667 0.69091796875 0.3323333333333333 0.697021484375 0.33 0.69873046875 0.32666666666666666 0.699951171875 0.322 0.7001953125 0.314 0.7021484375 0.31033333333333335 0.700439453125 0.307 0.69482421875 0.303 0.693359375 0.2986666666666667 0.68994140625 0.29433333333333334 0.6884765625 0.29433333333333334 0.6845703125 0.2976666666666667 0.683349609375 0.302 0.67724609375 0.31133333333333335 0.674560546875 0.32766666666666666
1 0.774658203125 0.2986666666666667 0.78369140625 0.2986666666666667 0.792724609375 0.294 0.796875 0.287 0.79736328125 0.2806666666666667 0.7958984375 0.278 0.792236328125 0.27666666666666667 0.7900390625 0.27666666666666667 0.7841796875 0.2786666666666667 0.77880859375 0.283 0.7734375 0.29433333333333334 0.774658203125 0.2986666666666667
1 0.80224609375 0.2776666666666667 0.806396484375 0.281 0.810302734375 0.2806666666666667 0.816650390625 0.2753333333333333 0.8193359375 0.27066666666666667 0.818115234375 0.267 0.814697265625 0.2653333333333333 0.813232421875 0.2653333333333333 0.810302734375 0.266 0.8046875 0.271 0.801513671875 0.275 0.80224609375 0.2776666666666667
1 0.63427734375 0.7096666666666667 0.638671875 0.711 0.64306640625 0.708 0.648681640625 0.7006666666666667 0.650146484375 0.6973333333333334 0.650390625 0.693 0.646728515625 0.6883333333333334 0.6435546875 0.6873333333333334 0.64208984375 0.6873333333333334 0.63818359375 0.691 0.63037109375 0.7043333333333334 0.631591796875 0.7076666666666667 0.63427734375 0.7096666666666667
1 0.630859375 0.7296666666666667 0.633544921875 0.7283333333333334 0.63525390625 0.7246666666666667 0.634521484375 0.721 0.6318359375 0.7183333333333334 0.627685546875 0.7173333333333334 0.626708984375 0.7173333333333334 0.623046875 0.7196666666666667 0.622802734375 0.7246666666666667 0.626953125 0.729 0.630859375 0.7296666666666667
1 0.533935546875 0.7753333333333333 0.535400390625 0.7773333333333333 0.536865234375 0.7783333333333333 0.54248046875 0.778 0.54541015625 0.7763333333333333 0.548583984375 0.7716666666666666 0.5498046875 0.7676666666666667 0.5498046875 0.7636666666666667 0.545166015625 0.7603333333333333 0.544677734375 0.7603333333333333 0.53857421875 0.7626666666666667 0.535400390625 0.766 0.533447265625 0.7713333333333333 0.533935546875 0.7753333333333333
1 0.459228515625 0.8736666666666667 0.462158203125 0.8756666666666667 0.466796875 0.8753333333333333 0.47265625 0.8716666666666667 0.474365234375 0.869 0.472900390625 0.864 0.470458984375 0.8616666666666667 0.466796875 0.8603333333333333 0.46630859375 0.8603333333333333 0.462890625 0.861 0.45654296875 0.8646666666666667 0.45556640625 0.869 0.459228515625 0.8736666666666667
1 0.4443359375 0.908 0.451171875 0.9086666666666666 0.4521484375 0.9076666666666666 0.453369140625 0.9043333333333333 0.453125 0.9026666666666666 0.4521484375 0.9003333333333333 0.449951171875 0.8996666666666666 0.448486328125 0.8996666666666666 0.44482421875 0.9003333333333333 0.443359375 0.902 0.443359375 0.9063333333333333 0.4443359375 0.908
1 0.53271484375 0.9493333333333334 0.537841796875 0.95 0.547607421875 0.9466666666666667 0.5498046875 0.9433333333333334 0.55029296875 0.9353333333333333 0.549072265625 0.9336666666666666 0.547119140625 0.933 0.5455322265625 0.933 0.531494140625 0.9366666666666666 0.529296875 0.94 0.52978515625 0.947 0.53271484375 0.9493333333333334
1 0.40283203125 0.9653333333333334 0.40771484375 0.965 0.40869140625 0.964 0.409912109375 0.9596666666666667 0.408935546875 0.9536666666666667 0.407958984375 0.952 0.405029296875 0.951 0.40380859375 0.951 0.400146484375 0.951 0.39599609375 0.9546666666666667 0.3974609375 0.9626666666666667 0.40283203125 0.9653333333333334
1 0.2158203125 0.7533333333333333 0.216796875 0.7556666666666667 0.219970703125 0.7566666666666667 0.224609375 0.7563333333333333 0.225830078125 0.7506666666666667 0.224365234375 0.737 0.220947265625 0.7333333333333333 0.21728515625 0.733 0.216796875 0.733 0.214599609375 0.7353333333333333 0.2138671875 0.739 0.21435546875 0.7476666666666667 0.2158203125 0.7533333333333333
1 0.26318359375 0.9386666666666666 0.2666015625 0.9393333333333334 0.271240234375 0.938 0.27392578125 0.936 0.275390625 0.9326666666666666 0.275634765625 0.9276666666666666 0.271484375 0.9256666666666666 0.271240234375 0.9256666666666666 0.263671875 0.9293333333333333 0.261962890625 0.9316666666666666 0.260986328125 0.936 0.26318359375 0.9386666666666666
1 0.0595703125 0.839 0.064208984375 0.8376666666666667 0.064453125 0.834 0.060546875 0.8313333333333334 0.0592041015625 0.8313333333333334 0.056396484375 0.8316666666666667 0.054931640625 0.8336666666666667 0.05615234375 0.8376666666666667 0.0595703125 0.839
1 0.12548828125 0.7243333333333334 0.126953125 0.7253333333333334 0.131103515625 0.7253333333333334 0.138427734375 0.7226666666666667 0.13916015625 0.7203333333333334 0.138916015625 0.7126666666666667 0.135009765625 0.7106666666666667 0.1336669921875 0.7106666666666667 0.126708984375 0.7116666666666667 0.123779296875 0.7153333333333334 0.123291015625 0.7203333333333334 0.12548828125 0.7243333333333334
1 0.185791015625 0.533 0.18994140625 0.5343333333333333 0.192138671875 0.533 0.192626953125 0.5316666666666666 0.193115234375 0.5246666666666666 0.189453125 0.5163333333333333 0.185546875 0.5133333333333333 0.184163330078125 0.5133333333333333 0.18115234375 0.5136666666666667 0.1796875 0.5213333333333333 0.18310546875 0.5296666666666666 0.185791015625 0.533
1 0.20458984375 0.47633333333333333 0.209228515625 0.47733333333333333 0.212158203125 0.47533333333333333 0.21728515625 0.467 0.216796875 0.46166666666666667 0.212646484375 0.4593333333333333 0.209228515625 0.4593333333333333 0.208984375 0.459 0.204833984375 0.46366666666666667 0.20166015625 0.4703333333333333 0.202880859375 0.4746666666666667 0.20458984375 0.47633333333333333
1 0.269775390625 0.497 0.272216796875 0.49833333333333335 0.27587890625 0.49833333333333335 0.27880859375 0.49666666666666665 0.28173828125 0.49066666666666664 0.281005859375 0.4866666666666667 0.279052734375 0.485 0.277750732421875 0.485 0.273681640625 0.4856666666666667 0.26953125 0.48966666666666664 0.268310546875 0.494 0.269775390625 0.497
1 0.47265625 0.42733333333333334 0.470458984375 0.431 0.46923828125 0.43533333333333335 0.469482421875 0.43933333333333335 0.4775390625 0.443 0.47998046875 0.443 0.482421875 0.441 0.491455078125 0.41733333333333333 0.49072265625 0.4136666666666667 0.48291015625 0.4093333333333333 0.480712890625 0.4093333333333333 0.477783203125 0.411 0.4755859375 0.42 0.4736328125 0.423 0.47265625 0.42733333333333334
1 0.372802734375 0.418 0.38330078125 0.41933333333333334 0.385986328125 0.41933333333333334 0.388427734375 0.418 0.389404296875 0.412 0.38818359375 0.4076666666666667 0.3857421875 0.4063333333333333 0.376953125 0.4053333333333333 0.376708984375 0.4053333333333333 0.373046875 0.406 0.371826171875 0.4083333333333333 0.371337890625 0.4156666666666667 0.372802734375 0.418
1 0.447265625 0.264 0.45751953125 0.2663333333333333 0.462646484375 0.266 0.4697265625 0.26166666666666666 0.47412109375 0.25566666666666665 0.472900390625 0.25166666666666665 0.4677734375 0.24766666666666667 0.459228515625 0.24566666666666667 0.45849609375 0.24566666666666667 0.45166015625 0.249 0.447021484375 0.25533333333333336 0.44580078125 0.26 0.447265625 0.264
1 0.505615234375 0.34 0.512451171875 0.34 0.515869140625 0.33866666666666667 0.516845703125 0.33766666666666667 0.51708984375 0.333 0.516357421875 0.3303333333333333 0.51416015625 0.329 0.51287841796875 0.329 0.505126953125 0.3303333333333333 0.50341796875 0.3333333333333333 0.50390625 0.3383333333333333 0.505615234375 0.34
1 0.598876953125 0.32966666666666666 0.6044921875 0.3323333333333333 0.607177734375 0.3313333333333333 0.608642578125 0.3293333333333333 0.611328125 0.3243333333333333 0.61181640625 0.32133333333333336 0.6103515625 0.318 0.603759765625 0.314 0.602294921875 0.314 0.59912109375 0.315 0.595458984375 0.322 0.59521484375 0.326 0.598876953125 0.32966666666666666
1 0.63232421875 0.33 0.637451171875 0.3323333333333333 0.640625 0.332 0.643798828125 0.33 0.646484375 0.32566666666666666 0.647216796875 0.32166666666666666 0.64501953125 0.31833333333333336 0.642578125 0.317 0.641194580078125 0.317 0.636474609375 0.318 0.63232421875 0.322 0.630859375 0.32566666666666666 0.63232421875 0.33
1 0.5703125 0.18866666666666668 0.572265625 0.19366666666666665 0.5791015625 0.19333333333333333 0.5810546875 0.19033333333333333 0.579345703125 0.178 0.576416015625 0.17566666666666667 0.5751953125 0.17566666666666667 0.570068359375 0.177 0.569091796875 0.17866666666666667 0.56884765625 0.18166666666666667 0.5703125 0.18866666666666668
1 0.650146484375 0.226 0.65380859375 0.222 0.65380859375 0.21666666666666667 0.650146484375 0.207 0.646728515625 0.20466666666666666 0.64599609375 0.20466666666666666 0.641845703125 0.207 0.6396484375 0.21266666666666667 0.6455078125 0.225 0.650146484375 0.226
1 0.77587890625 0.057 0.78125 0.06433333333333334 0.785888671875 0.06533333333333333 0.789306640625 0.06466666666666666 0.7900390625 0.06 0.78857421875 0.055 0.784423828125 0.048 0.779296875 0.044333333333333336 0.777750732421875 0.044333333333333336 0.77392578125 0.04466666666666667 0.77294921875 0.04766666666666667 0.773681640625 0.05266666666666667 0.77587890625 0.057
1 0.10498046875 0.13466666666666666 0.10693359375 0.137 0.111083984375 0.13933333333333334 0.116943359375 0.14 0.11962890625 0.139 0.123291015625 0.13466666666666666 0.1240234375 0.13033333333333333 0.120361328125 0.12666666666666668 0.1162109375 0.12566666666666668 0.114990234375 0.12566666666666668 0.11083984375 0.12633333333333333 0.107421875 0.12833333333333333 0.10546875 0.131 0.10498046875 0.13466666666666666
1 0.353515625 0.15666666666666668 0.35498046875 0.15033333333333335 0.353515625 0.14833333333333334 0.35205078125 0.14833333333333334 0.349365234375 0.14866666666666667 0.3466796875 0.154 0.349609375 0.15733333333333333 0.353515625 0.15666666666666668
1 0.169677734375 0.229 0.169677734375 0.21966666666666668 0.166259765625 0.217 0.165771484375 0.217 0.16455078125 0.22066666666666668 0.16552734375 0.228 0.166015625 0.229 0.169677734375 0.229
1 0.177978515625 0.275 0.180908203125 0.276 0.183349609375 0.2753333333333333 0.184326171875 0.27266666666666667 0.18408203125 0.27 0.181640625 0.2663333333333333 0.180338623046875 0.2663333333333333 0.177734375 0.2663333333333333 0.177001953125 0.2673333333333333 0.177001953125 0.272 0.177978515625 0.275
1 0.23193359375 0.326 0.232421875 0.321 0.230224609375 0.31933333333333336 0.22900390625 0.31933333333333336 0.224365234375 0.32066666666666666 0.22265625 0.32233333333333336 0.224365234375 0.3273333333333333 0.23193359375 0.326
1 0.251708984375 0.36466666666666664 0.256591796875 0.359 0.257080078125 0.356 0.256103515625 0.3526666666666667 0.252685546875 0.35133333333333333 0.25146484375 0.35133333333333333 0.248046875 0.35333333333333333 0.246826171875 0.3566666666666667 0.248046875 0.364 0.251708984375 0.36466666666666664
1 0.521484375 0.5896666666666667 0.525390625 0.5886666666666667 0.5263671875 0.5873333333333334 0.52734375 0.5806666666666667 0.527099609375 0.576 0.525146484375 0.5716666666666667 0.521728515625 0.5706666666666667 0.521484375 0.5703333333333334 0.505859375 0.58 0.506103515625 0.5836666666666667 0.509521484375 0.59 0.521484375 0.5896666666666667
1 0.333740234375 0.5896666666666667 0.341552734375 0.592 0.34423828125 0.591 0.34521484375 0.5893333333333334 0.345947265625 0.5836666666666667 0.341552734375 0.5796666666666667 0.340250732421875 0.5796666666666667 0.337646484375 0.5796666666666667 0.33544921875 0.5816666666666667 0.333251953125 0.5866666666666667 0.333740234375 0.5896666666666667
1 0.417236328125 0.5613333333333334 0.420166015625 0.5603333333333333 0.4208984375 0.5556666666666666 0.41943359375 0.553 0.415771484375 0.551 0.41357421875 0.551 0.408935546875 0.5526666666666666 0.408935546875 0.5576666666666666 0.412841796875 0.561 0.417236328125 0.5613333333333334
1 0.438232421875 0.4503333333333333 0.443359375 0.45 0.44580078125 0.44766666666666666 0.447998046875 0.44366666666666665 0.447021484375 0.438 0.443359375 0.435 0.44287109375 0.435 0.438720703125 0.437 0.435302734375 0.443 0.435302734375 0.44766666666666666 0.438232421875 0.4503333333333333
1 0.396484375 0.43433333333333335 0.398193359375 0.43533333333333335 0.40380859375 0.43566666666666665 0.404541015625 0.43433333333333335 0.40478515625 0.42766666666666664 0.403564453125 0.42533333333333334 0.401123046875 0.424 0.399658203125 0.424 0.396484375 0.42533333333333334 0.39501953125 0.42733333333333334 0.39501953125 0.43133333333333335 0.396484375 0.43433333333333335
1 0.765869140625 0.688 0.765869140625 0.6896666666666667 0.76806640625 0.6933333333333334 0.771240234375 0.695 0.77978515625 0.695 0.78515625 0.692 0.78759765625 0.6893333333333334 0.789794921875 0.6853333333333333 0.791259765625 0.6773333333333333 0.789794921875 0.6736666666666666 0.787841796875 0.6713333333333333 0.7841796875 0.6703333333333333 0.782470703125 0.6703333333333333 0.774169921875 0.6713333333333333 0.771484375 0.6733333333333333 0.76806640625 0.6783333333333333 0.765869140625 0.688
1 0.770751953125 0.6076666666666667 0.7734375 0.6103333333333333 0.77587890625 0.611 0.7783203125 0.6083333333333333 0.77978515625 0.6033333333333334 0.775146484375 0.5933333333333334 0.773844482421875 0.5933333333333334 0.771240234375 0.5933333333333334 0.770263671875 0.5943333333333334 0.76904296875 0.601 0.770751953125 0.6076666666666667
1 0.721923828125 0.51 0.724365234375 0.513 0.732666015625 0.5153333333333333 0.734619140625 0.5133333333333333 0.734375 0.51 0.7314453125 0.5076666666666667 0.728271484375 0.502 0.726887939453125 0.502 0.72412109375 0.502 0.72265625 0.5033333333333333 0.7216796875 0.5053333333333333 0.721923828125 0.51
1 0.291015625 0.141 0.296875 0.14166666666666666 0.298583984375 0.14133333333333334 0.300048828125 0.13933333333333334 0.2998046875 0.133 0.298828125 0.131 0.29638671875 0.13033333333333333 0.294921875 0.13033333333333333 0.29052734375 0.13066666666666665 0.28857421875 0.134 0.289306640625 0.13866666666666666 0.291015625 0.141
1 0.20068359375 0.19466666666666665 0.203125 0.19766666666666666 0.208740234375 0.2 0.216796875 0.2 0.22021484375 0.19633333333333333 0.220703125 0.193 0.219970703125 0.18933333333333333 0.21826171875 0.185 0.2119140625 0.183 0.210530517578125 0.183 0.204833984375 0.18366666666666667 0.2021484375 0.18533333333333332 0.200439453125 0.18933333333333333 0.20068359375 0.19466666666666665
1 0.220947265625 0.11833333333333333 0.223876953125 0.11666666666666667 0.224365234375 0.11133333333333334 0.220947265625 0.11066666666666666 0.219482421875 0.11066666666666666 0.216064453125 0.11133333333333334 0.215087890625 0.11533333333333333 0.216552734375 0.11833333333333333 0.220947265625 0.11833333333333333
1 0.021728515625 0.26666666666666666 0.0234375 0.26366666666666666 0.023681640625 0.25966666666666666 0.021484375 0.25733333333333336 0.021240234375 0.25733333333333336 0.01904296875 0.25866666666666666 0.0185546875 0.26033333333333336 0.019287109375 0.26366666666666666 0.021728515625 0.26666666666666666
1 0.069091796875 0.268 0.07080078125 0.2673333333333333 0.071533203125 0.2633333333333333 0.068603515625 0.25833333333333336 0.067626953125 0.25833333333333336 0.065673828125 0.25966666666666666 0.065673828125 0.26366666666666666 0.067626953125 0.26766666666666666 0.069091796875 0.268
1 0.075927734375 0.287 0.075927734375 0.282 0.07373046875 0.2813333333333333 0.072021484375 0.2813333333333333 0.070556640625 0.285 0.070556640625 0.28733333333333333 0.072021484375 0.2896666666666667 0.075927734375 0.287
1 0.75341796875 0.846 0.755615234375 0.8543333333333333 0.7578125 0.8576666666666667 0.75927734375 0.8586666666666667 0.763916015625 0.8586666666666667 0.77685546875 0.849 0.7783203125 0.8426666666666667 0.778076171875 0.8403333333333334 0.77587890625 0.8336666666666667 0.771484375 0.8306666666666667 0.77099609375 0.8306666666666667 0.762939453125 0.8336666666666667 0.756103515625 0.838 0.75439453125 0.8403333333333334 0.75341796875 0.846