1 0.5927734375 0.5696666666666667 0.60205078125 0.5626666666666666 0.609130859375 0.5546666666666666 0.613037109375 0.5453333333333333 0.613037109375 0.541 0.611083984375 0.5393333333333333 0.598388671875 0.54 0.591796875 0.5423333333333333 0.58740234375 0.5463333333333333 0.5830078125 0.5576666666666666 0.5810546875 0.5643333333333334 0.58251953125 0.569 0.583740234375 0.57 0.5927734375 0.5696666666666667
1 0.669677734375 0.6043333333333333 0.675537109375 0.602 0.677490234375 0.6 0.67333984375 0.5903333333333334 0.664794921875 0.584 0.656005859375 0.5816666666666667 0.6416015625 0.5833333333333334 0.64111328125 0.5876666666666667 0.646484375 0.5966666666666667 0.657470703125 0.6043333333333333 0.669677734375 0.6043333333333333
1 0.811767578125 0.5523333333333333 0.812744140625 0.545 0.8115234375 0.5213333333333333 0.810302734375 0.5193333333333333 0.798828125 0.517 0.786865234375 0.517 0.78466796875 0.5286666666666666 0.782958984375 0.548 0.783935546875 0.5526666666666666 0.810302734375 0.556 0.811767578125 0.5523333333333333
1 0.18896484375 0.44966666666666666 0.204345703125 0.453 0.208984375 0.453 0.2119140625 0.45066666666666666 0.217041015625 0.43266666666666664 0.21630859375 0.43033333333333335 0.212646484375 0.428 0.196044921875 0.42333333333333334 0.18896484375 0.4236666666666667 0.18603515625 0.42633333333333334 0.184814453125 0.42966666666666664 0.18310546875 0.43533333333333335 0.18310546875 0.444 0.184326171875 0.44733333333333336 0.18896484375 0.44966666666666666
1 0.422119140625 0.123 0.419677734375 0.13466666666666666 0.420654296875 0.13666666666666666 0.422119140625 0.13866666666666666 0.429443359375 0.14233333333333334 0.43994140625 0.144 0.443115234375 0.14233333333333334 0.450927734375 0.13 0.467529296875 0.12233333333333334 0.46728515625 0.11833333333333333 0.454833984375 0.106 0.451416015625 0.10333333333333333 0.443115234375 0.10033333333333333 0.4326171875 0.09766666666666667 0.427490234375 0.09766666666666667 0.410888671875 0.10333333333333333 0.40869140625 0.106 0.408203125 0.10733333333333334 0.41064453125 0.11266666666666666 0.4189453125 0.11866666666666667 0.422119140625 0.123
1 0.430908203125 0.07633333333333334 0.447265625 0.07666666666666666 0.452392578125 0.071 0.464111328125 0.06566666666666666 0.473388671875 0.04466666666666667 0.470947265625 0.04066666666666666 0.45751953125 0.035 0.454833984375 0.034333333333333334 0.446533203125 0.036 0.439697265625 0.03866666666666667 0.42529296875 0.04733333333333333 0.419677734375 0.065 0.419189453125 0.06866666666666667 0.419921875 0.07066666666666667 0.42431640625 0.07433333333333333 0.430908203125 0.07633333333333334
1 0.26806640625 0.13266666666666665 0.271240234375 0.14033333333333334 0.290283203125 0.16533333333333333 0.294677734375 0.165 0.297119140625 0.163 0.308349609375 0.151 0.311279296875 0.14633333333333334 0.308349609375 0.139 0.282958984375 0.101 0.26708984375 0.108 0.265380859375 0.114 0.26220703125 0.11866666666666667 0.263916015625 0.12666666666666668 0.26806640625 0.13266666666666665
1 0.378173828125 0.9253333333333333 0.392578125 0.928 0.396484375 0.9233333333333333 0.39892578125 0.916 0.404052734375 0.908 0.40966796875 0.896 0.406494140625 0.8923333333333333 0.39697265625 0.8863333333333333 0.39306640625 0.885 0.388671875 0.8856666666666667 0.383056640625 0.896 0.37890625 0.9 0.375732421875 0.908 0.372802734375 0.9123333333333333 0.37158203125 0.9156666666666666 0.37158203125 0.92 0.374267578125 0.923 0.378173828125 0.9253333333333333
1 0.4521484375 0.7766666666666666 0.453125 0.7753333333333333 0.453369140625 0.7713333333333333 0.43896484375 0.757 0.427001953125 0.757 0.40771484375 0.769 0.39892578125 0.7783333333333333 0.400146484375 0.7813333333333333 0.415283203125 0.795 0.427734375 0.7956666666666666 0.4521484375 0.7766666666666666
1 0.447265625 0.8516666666666667 0.448974609375 0.8533333333333334 0.462646484375 0.8586666666666667 0.47802734375 0.853 0.486572265625 0.842 0.486328125 0.8376666666666667 0.474609375 0.8346666666666667 0.455810546875 0.839 0.450927734375 0.8383333333333334 0.448486328125 0.8403333333333334 0.445556640625 0.8443333333333334 0.443359375 0.8453333333333334 0.44482421875 0.8463333333333334 0.447265625 0.8516666666666667
1 0.593505859375 0.8893333333333333 0.599609375 0.8883333333333333 0.60498046875 0.8733333333333333 0.603515625 0.869 0.583984375 0.856 0.576171875 0.8526666666666667 0.572998046875 0.8563333333333333 0.568359375 0.8683333333333333 0.5693359375 0.873 0.5849609375 0.8823333333333333 0.58935546875 0.8876666666666667 0.593505859375 0.8893333333333333
1 0.869140625 0.787 0.870361328125 0.7836666666666666 0.87646484375 0.7753333333333333 0.8759765625 0.7713333333333333 0.8720703125 0.764 0.861572265625 0.7526666666666667 0.8564453125 0.7476666666666667 0.84423828125 0.7426666666666667 0.834228515625 0.743 0.82861328125 0.7466666666666667 0.822021484375 0.753 0.818603515625 0.7606666666666667 0.81884765625 0.7673333333333333 0.82470703125 0.7713333333333333 0.861083984375 0.787 0.869140625 0.787
1 0.798095703125 0.8066666666666666 0.802490234375 0.8063333333333333 0.80810546875 0.8023333333333333 0.811767578125 0.794 0.812255859375 0.7866666666666666 0.81103515625 0.7853333333333333 0.79248046875 0.7783333333333333 0.7880859375 0.7773333333333333 0.78125 0.7783333333333333 0.775390625 0.7826666666666666 0.775146484375 0.7873333333333333 0.779052734375 0.7996666666666666 0.79150390625 0.805 0.798095703125 0.8066666666666666
1 0.719970703125 0.9073333333333333 0.72705078125 0.9073333333333333 0.7353515625 0.9043333333333333 0.742431640625 0.9003333333333333 0.742919921875 0.8973333333333333 0.738525390625 0.8876666666666667 0.727783203125 0.883 0.716552734375 0.8836666666666667 0.70556640625 0.8906666666666667 0.704345703125 0.8923333333333333 0.708984375 0.899 0.71630859375 0.906 0.719970703125 0.9073333333333333
1 0.469970703125 0.289 0.478759765625 0.29233333333333333 0.48828125 0.295 0.491943359375 0.29433333333333334 0.49267578125 0.29133333333333333 0.491943359375 0.279 0.48779296875 0.2713333333333333 0.47607421875 0.2643333333333333 0.467041015625 0.262 0.463134765625 0.26266666666666666 0.462158203125 0.265 0.46337890625 0.279 0.467041015625 0.28633333333333333 0.469970703125 0.289
1 0.544677734375 0.37466666666666665 0.550048828125 0.37433333333333335 0.552001953125 0.37533333333333335 0.552490234375 0.377 0.560302734375 0.37666666666666665 0.561279296875 0.37333333333333335 0.560302734375 0.369 0.552001953125 0.3626666666666667 0.53564453125 0.3546666666666667 0.529296875 0.353 0.520751953125 0.356 0.50634765625 0.36866666666666664 0.51025390625 0.37266666666666665 0.5322265625 0.38066666666666665 0.53857421875 0.379 0.544677734375 0.37466666666666665
1 0.64599609375 0.23966666666666667 0.647216796875 0.23766666666666666 0.650634765625 0.22833333333333333 0.651611328125 0.22066666666666668 0.64697265625 0.217 0.622802734375 0.20733333333333334 0.620849609375 0.209 0.61572265625 0.222 0.61669921875 0.22833333333333333 0.621337890625 0.23266666666666666 0.642822265625 0.24033333333333334 0.64599609375 0.23966666666666667
1 0.681640625 0.252 0.70068359375 0.24666666666666667 0.70654296875 0.244 0.70751953125 0.24133333333333334 0.70556640625 0.231 0.70263671875 0.22966666666666666 0.6923828125 0.23233333333333334 0.677978515625 0.23866666666666667 0.677001953125 0.24 0.677490234375 0.24466666666666667 0.679443359375 0.25033333333333335 0.681640625 0.252
1 0.825439453125 0.44433333333333336 0.842529296875 0.44266666666666665 0.85693359375 0.43166666666666664 0.858642578125 0.428 0.84521484375 0.416 0.833984375 0.41433333333333333 0.818115234375 0.4156666666666667 0.806640625 0.4266666666666667 0.805908203125 0.42966666666666664 0.806884765625 0.43233333333333335 0.81787109375 0.44166666666666665 0.825439453125 0.44433333333333336
1 0.79541015625 0.41433333333333333 0.799072265625 0.413 0.80908203125 0.404 0.812255859375 0.4003333333333333 0.812255859375 0.39866666666666667 0.811279296875 0.396 0.8056640625 0.393 0.804443359375 0.3903333333333333 0.796630859375 0.389 0.784423828125 0.3913333333333333 0.7734375 0.402 0.773193359375 0.4043333333333333 0.7841796875 0.412 0.7900390625 0.41433333333333333 0.79541015625 0.41433333333333333
1 0.52490234375 0.556 0.552978515625 0.5466666666666666 0.560791015625 0.5433333333333333 0.563232421875 0.541 0.563232421875 0.5376666666666666 0.56005859375 0.5266666666666666 0.556640625 0.5203333333333333 0.54443359375 0.523 0.531982421875 0.5296666666666666 0.51953125 0.534 0.516357421875 0.537 0.515869140625 0.541 0.517822265625 0.5416666666666666 0.521484375 0.5526666666666666 0.52490234375 0.556
1 0.70068359375 0 0.70068359375 0.0016666666666666668 0.697265625 0.005666666666666667 0.69580078125 0.017333333333333333 0.693603515625 0.022333333333333334 0.689208984375 0.024666666666666667 0.6826171875 0.026 0.6767578125 0.024666666666666667 0.673828125 0.02666666666666667 0.671630859375 0.031 0.6689453125 0.03333333333333333 0.6689453125 0.037 0.672607421875 0.04733333333333333 0.67578125 0.051 0.67919921875 0.06373333333333334 0.67822265625 0.08233333333333333 0.67919921875 0.08766666666666667 0.700439453125 0.087 0.71630859375 0.09466666666666666 0.724853515625 0.095 0.728271484375 0.09266666666666666 0.73193359375 0.08633333333333333 0.73486328125 0.084 0.740234375 0.07466666666666667 0.742431640625 0.06233333333333333 0.745361328125 0.05333333333333334 0.746337890625 0.044 0.7490234375 0.03666666666666667 0.751220703125 0.019666666666666666 0.749755859375 0.014 0.748046875 0.011666666666666667 0.738525390625 0.010666666666666666 0.735107421875 0.007333333333333333 0.72021484375 0.0026666666666666666 0.718017578125 0 0.70068359375 0
1 0.654296875 0.12433333333333334 0.661865234375 0.12533333333333332 0.666259765625 0.123 0.6669921875 0.111 0.6630859375 0.10333333333333333 0.661865234375 0.09566666666666666 0.659423828125 0.092 0.653564453125 0.088 0.646240234375 0.08566666666666667 0.635498046875 0.08366666666666667 0.632080078125 0.08566666666666667 0.63134765625 0.08766666666666667 0.633544921875 0.09933333333333333 0.642578125 0.118 0.654296875 0.12433333333333334
1 0.396240234375 0.6843333333333333 0.39892578125 0.67 0.3984375 0.6663333333333333 0.397216796875 0.665 0.387939453125 0.663 0.382568359375 0.659 0.38232421875 0.6573333333333333 0.385009765625 0.654 0.381103515625 0.65 0.374267578125 0.654 0.3740234375 0.6593333333333333 0.3662109375 0.661 0.364013671875 0.6693333333333333 0.363525390625 0.678 0.365234375 0.68 0.391357421875 0.6856666666666666 0.396240234375 0.6843333333333333
1 0.451416015625 0.6473333333333333 0.457763671875 0.644 0.46630859375 0.6353333333333333 0.4677734375 0.6303333333333333 0.46533203125 0.6263333333333333 0.454833984375 0.6223333333333333 0.4501953125 0.6223333333333333 0.4423828125 0.6256666666666667 0.43310546875 0.635 0.4326171875 0.6386666666666667 0.435546875 0.642 0.447021484375 0.647 0.451416015625 0.6473333333333333
1 0.529296875 0.657 0.538330078125 0.6533333333333333 0.540283203125 0.6513333333333333 0.5419921875 0.6463333333333333 0.533203125 0.6316666666666667 0.521240234375 0.6353333333333333 0.518798828125 0.6373333333333333 0.518310546875 0.6386666666666667 0.521484375 0.6493333333333333 0.52587890625 0.6566666666666666 0.529296875 0.657
1 0.334716796875 0.97 0.337890625 0.9686666666666667 0.338623046875 0.9656666666666667 0.337646484375 0.9586666666666667 0.333984375 0.9466666666666667 0.332194091796875 0.9442223333333333 0.330078125 0.9423333333333334 0.325439453125 0.942 0.32275390625 0.9433333333333334 0.32177734375 0.9466666666666667 0.321533203125 0.952 0.325927734375 0.9666666666666667 0.329833984375 0.9696666666666667 0.334716796875 0.97
1 0.294189453125 0.8106666666666666 0.298828125 0.81 0.303955078125 0.7986666666666666 0.298583984375 0.794 0.290771484375 0.793 0.2802734375 0.7976666666666666 0.27294921875 0.8056666666666666 0.27294921875 0.8103333333333333 0.2744140625 0.8143333333333334 0.286865234375 0.8143333333333334 0.294189453125 0.8106666666666666
1 0.18603515625 0.9333333333333333 0.197021484375 0.9303333333333333 0.1982421875 0.9286666666666666 0.197021484375 0.92 0.193359375 0.911 0.169921875 0.9096666666666666 0.165771484375 0.9126666666666666 0.165771484375 0.9196666666666666 0.16748046875 0.9273333333333333 0.169921875 0.9313333333333333 0.18603515625 0.9333333333333333
1 0.199951171875 0.8923333333333333 0.20947265625 0.892 0.212646484375 0.8896666666666667 0.212158203125 0.8806666666666667 0.20947265625 0.8753333333333333 0.203125 0.8723333333333333 0.196533203125 0.8713333333333333 0.189208984375 0.8653333333333333 0.185302734375 0.8666666666666667 0.18115234375 0.8726666666666667 0.18212890625 0.8846666666666667 0.184326171875 0.8876666666666667 0.199951171875 0.8923333333333333
1 0.095947265625 0.8736666666666667 0.101806640625 0.8723333333333333 0.10498046875 0.8696666666666667 0.103759765625 0.861 0.097412109375 0.851 0.095703125 0.8496666666666667 0.090087890625 0.8496666666666667 0.084228515625 0.8523333333333334 0.083740234375 0.8546666666666667 0.084716796875 0.8583333333333333 0.09130859375 0.8713333333333333 0.095947265625 0.8736666666666667
1 0.26025390625 0.5836666666666667 0.260009765625 0.576 0.25634765625 0.574 0.25 0.5736666666666667 0.248046875 0.5723333333333334 0.245849609375 0.5736666666666667 0.240234375 0.5736666666666667 0.237060546875 0.5786666666666667 0.237060546875 0.5843333333333334 0.244140625 0.5876666666666667 0.25830078125 0.5876666666666667 0.26025390625 0.5836666666666667
1 0.056396484375 0.605 0.064453125 0.6053333333333333 0.069091796875 0.6033333333333334 0.07275390625 0.6 0.073974609375 0.5943333333333334 0.073974609375 0.5913333333333334 0.071044921875 0.5876666666666667 0.06494140625 0.5823333333333334 0.056884765625 0.579 0.04931640625 0.579 0.041015625 0.5813333333333334 0.034912109375 0.5893333333333334 0.034423828125 0.5916666666666667 0.036376953125 0.5993333333333334 0.0478515625 0.601 0.056396484375 0.605
1 0.225341796875 0.537 0.231201171875 0.5346666666666666 0.236572265625 0.53 0.23828125 0.5256666666666666 0.23779296875 0.5176666666666667 0.232421875 0.5086666666666667 0.2275390625 0.508 0.224365234375 0.509 0.2158203125 0.5176666666666667 0.214111328125 0.5213333333333333 0.214599609375 0.5253333333333333 0.220703125 0.5366666666666666 0.225341796875 0.537
1 0.385009765625 0.4693333333333333 0.386474609375 0.4683333333333333 0.388427734375 0.463 0.38720703125 0.45766666666666667 0.385009765625 0.455 0.369384765625 0.45 0.365234375 0.45166666666666666 0.365234375 0.462 0.367919921875 0.4643333333333333 0.380615234375 0.469 0.385009765625 0.4693333333333333
1 0.829958984375 0.907069 0.82940185546875 0.9211409999999999 0.83678369140625 0.9209506666666666 0.837062255859375 0.9064986666666667 0.829958984375 0.907069
1 0.8108779296875 0.8969906666666667 0.80558544921875 0.8933773333333334 0.802103515625 0.8960396666666667 0.8027998046875 0.8987020000000001 0.807117431640625 0.8996526666666667 0.8108779296875 0.8969906666666667
1 0.85001513671875 0.7286976666666666 0.856561279296875 0.7423893333333333 0.88009912109375 0.7317403333333333 0.874388916015625 0.7161473333333334 0.85001513671875 0.7286976666666666
1 0.839987060546875 0.7079703333333334 0.845279541015625 0.6925673333333334 0.8351123046875 0.676023 0.827173583984375 0.6940883333333333 0.815752685546875 0.6836296666666667 0.80154638671875 0.701695 0.834137451171875 0.7355436666666666 0.844583251953125 0.7132946666666666 0.839987060546875 0.7079703333333334
1 0.809763671875 0.6716493333333333 0.812270751953125 0.6672756666666667 0.8126884765625 0.658148 0.80851025390625 0.6596693333333333 0.806003173828125 0.6602396666666667 0.803774658203125 0.6608103333333334 0.801267822265625 0.6659446666666667 0.802103515625 0.67222 0.803217529296875 0.673551 0.809763671875 0.6716493333333333
1 0.799875 0.5961553333333333 0.8023818359375 0.606234 0.8234130859375 0.5974866666666667 0.818677490234375 0.5868376666666666 0.799875 0.5961553333333333
1 0.87062841796875 0.5526086666666666 0.86282861328125 0.5702936666666667 0.87202099609375 0.5752376666666666 0.87940283203125 0.556792 0.87062841796875 0.5526086666666666
1 0.845697509765625 0.8156016666666666 0.854611328125 0.8087556666666667 0.854471923828125 0.793733 0.843329833984375 0.7975363333333333 0.841240478515625 0.8081853333333333 0.845697509765625 0.8156016666666666
1 0.877452880859375 0.7931623333333334 0.8714638671875 0.7899296666666668 0.8656142578125 0.7910706666666667 0.8674248046875 0.799818 0.87299609375 0.803241 0.880934814453125 0.8021 0.877452880859375 0.7931623333333334
1 0.89848388671875 0.765589 0.897648193359375 0.752658 0.887202392578125 0.7467630000000001 0.884834716796875 0.7557006666666666 0.886923828125 0.765589 0.895141357421875 0.7739563333333334 0.89848388671875 0.765589
1 0.8167275390625 0.902125 0.815056396484375 0.9072593333333333 0.820488037109375 0.9082100000000001 0.821463134765625 0.9025053333333334 0.8167275390625 0.902125
1 0.7516845703125 0.6009093333333334 0.755445068359375 0.6066143333333334 0.760459228515625 0.6018603333333333 0.76477685546875 0.5934933333333333 0.762687744140625 0.5906406666666667 0.769651611328125 0.581513 0.7579521484375 0.5759983333333333 0.75154541015625 0.584936 0.76031982421875 0.588549 0.752381103515625 0.5965356666666667 0.7516845703125 0.6009093333333334
1 0.724107666015625 0.6290533333333334 0.716029541015625 0.618024 0.709204833984375 0.6161223333333333 0.708647705078125 0.62525 0.7175615234375 0.63685 0.726614501953125 0.639322 0.724107666015625 0.6290533333333334
1 0.74694921875 0.7427696666666668 0.7539130859375 0.7347830000000001 0.743885009765625 0.7155766666666666 0.736921142578125 0.725465 0.72689306640625 0.7281273333333333 0.723132568359375 0.7344026666666666 0.735110595703125 0.738396 0.744442138671875 0.7378256666666666 0.74694921875 0.7427696666666668
1 0.778286865234375 0.8968003333333333 0.777451171875 0.8928069999999999 0.7722978515625 0.8924266666666667 0.770208740234375 0.8956593333333334 0.765055419921875 0.89623 0.766865966796875 0.9074493333333333 0.77577978515625 0.9110623333333333 0.783579345703125 0.910682 0.778286865234375 0.8968003333333333
1 0.7319072265625 0.7865070000000001 0.731767822265625 0.794874 0.73761767578125 0.7952543333333333 0.736781982421875 0.787838 0.7319072265625 0.7865070000000001
1 0.903776611328125 0.8167423333333332 0.901130126953125 0.8201653333333334 0.891102294921875 0.8205456666666667 0.89263427734375 0.8296733333333334 0.9019658203125 0.8294833333333332 0.910183349609375 0.8273916666666667 0.9140830078125 0.8216866666666667 0.916450927734375 0.8106573333333335 0.913804443359375 0.799628 0.906840576171875 0.7939229999999999 0.896533935546875 0.7922116666666668 0.89486279296875 0.7908806666666666 0.887202392578125 0.798297 0.895837646484375 0.8081853333333333 0.90071240234375 0.8085656666666667 0.903776611328125 0.8167423333333332
1 0.77800830078125 0.4991733333333333 0.767980224609375 0.4904256666666667 0.76477685546875 0.488334 0.761573486328125 0.4879536666666667 0.751406005859375 0.49346833333333334 0.751963134765625 0.502406 0.768676513671875 0.5086813333333333 0.77800830078125 0.4991733333333333
1 0.99918212890625 0.44573799999999997 0.9993212890625 0.4274823333333333 0.991382568359375 0.4242496666666667 0.990268310546875 0.41664333333333337 0.973136962890625 0.418545 0.972440673828125 0.42405966666666667 0.975783447265625 0.426912 0.95990576171875 0.43642 0.972580078125 0.4476396666666667 0.99291455078125 0.449541 0.99918212890625 0.44573799999999997
1 0.93817822265625 0.4276726666666667 0.93594970703125 0.477875 0.950016845703125 0.4755933333333333 0.95140966796875 0.4274823333333333 0.93817822265625 0.4276726666666667
1 0.990546875 0.3734766666666667 0.98414013671875 0.367962 0.979265380859375 0.368152 0.968958740234375 0.3765193333333333 0.97968310546875 0.3837453333333334 0.9876220703125 0.38070266666666663 0.990546875 0.3734766666666667
1 0.876338623046875 0.291327 0.876895751953125 0.28695333333333334 0.8741103515625 0.2823893333333333 0.8700712890625 0.28162866666666664 0.867146240234375 0.2844813333333333 0.86617138671875 0.2894253333333333 0.86909619140625 0.29189733333333334 0.87202099609375 0.29475 0.876338623046875 0.291327
1 0.914779541015625 0.5687723333333333 0.903219482421875 0.6104176666666666 0.918261474609375 0.6140306666666667 0.92717529296875 0.5735263333333334 0.914779541015625 0.5687723333333333
1 0.95781640625 0.5864573333333334 0.959627197265625 0.580372 0.95767724609375 0.5759983333333333 0.955031005859375 0.5750476666666666 0.951131103515625 0.5758083333333334 0.946395751953125 0.5794213333333333 0.944167236328125 0.5858866666666667 0.950016845703125 0.588549 0.95781640625 0.5864573333333334
1 0.775919189453125 0.687433 0.781768798828125 0.6887639999999999 0.78427587890625 0.6838196666666666 0.78427587890625 0.6809673333333334 0.784554443359375 0.6765936666666666 0.781072265625 0.6762133333333333 0.7781474609375 0.6773543333333334 0.775362060546875 0.6830590000000001 0.775919189453125 0.687433
1 0.495789306640625 0.4387613333333334 0.479142333984375 0.4516076666666667 0.508455322265625 0.462231 0.531978271484375 0.4649486666666667 0.5403017578125 0.4597603333333333 0.55893896484375 0.4387613333333334 0.54319677734375 0.43233799999999994 0.53559716796875 0.4264086666666667 0.5265498046875 0.4264086666666667 0.52112158203125 0.42542033333333334 0.505922119140625 0.4303613333333334 0.498684326171875 0.4214676666666667 0.490722900390625 0.42616166666666666 0.495789306640625 0.4387613333333334
1 0.435715576171875 0.44222 0.4295634765625 0.427644 0.42612548828125 0.42517333333333335 0.42178271484375 0.4288793333333333 0.428477783203125 0.4516076666666667 0.4346298828125 0.448396 0.435715576171875 0.44222
1 0.574138427734375 0.4634663333333333 0.5748623046875 0.453337 0.566900634765625 0.44666666666666666 0.55893896484375 0.44567866666666667 0.556767822265625 0.44790199999999997 0.550796630859375 0.452596 0.552244140625 0.4612426666666667 0.563824462890625 0.46470133333333336 0.574138427734375 0.4634663333333333
1 0.503388916015625 0.6030496666666666 0.505198486328125 0.6124373333333333 0.519492919921875 0.610214 0.51732177734375 0.6010733333333333 0.503388916015625 0.6030496666666666
1 0.46448583984375 0.6825996666666666 0.457248046875 0.673459 0.448019775390625 0.673706 0.4384296875 0.6806233333333332 0.444943603515625 0.6902583333333334 0.4579716796875 0.6905053333333333 0.46448583984375 0.6825996666666666
1 0.404954833984375 0.629731 0.40296435546875 0.6430716666666666 0.41418310546875 0.6428246666666666 0.415268798828125 0.630225 0.404954833984375 0.629731
1 0.51424560546875 0.7539973333333334 0.51551220703125 0.7480680000000001 0.51171240234375 0.7448563333333333 0.50483642578125 0.74708 0.5026650390625 0.7485620000000001 0.50031298828125 0.752268 0.502484130859375 0.7562206666666667 0.50755078125 0.757209 0.51424560546875 0.7539973333333334
1 0.56635791015625 0.7468326666666667 0.55984375 0.7389273333333334 0.555320068359375 0.7359626666666667 0.547720458984375 0.743374 0.559119873046875 0.7544913333333334 0.56491015625 0.7497973333333333 0.56635791015625 0.7468326666666667
1 0.58589990234375 0.7250923333333333 0.581738037109375 0.7221276666666666 0.579747802734375 0.7201513333333334 0.576671630859375 0.7263276666666667 0.583185791015625 0.732504 0.58716650390625 0.7300333333333333 0.58589990234375 0.7250923333333333
1 0.562196044921875 0.6623416666666667 0.5585771484375 0.6623416666666667 0.558396240234375 0.6729646666666667 0.565995849609375 0.6779056666666667 0.567443359375 0.6677766666666667 0.562196044921875 0.6623416666666667
1 0.594585205078125 0.7011286666666666 0.599289794921875 0.6981640000000001 0.606527587890625 0.6838350000000001 0.5982041015625 0.6816116666666667 0.59277587890625 0.6811173333333334 0.588794921875 0.6813643333333333 0.5819189453125 0.6853173333333334 0.577214599609375 0.6971756666666666 0.58716650390625 0.7018696666666666 0.594585205078125 0.7011286666666666
1 0.632040771484375 0.723116 0.624441162109375 0.7196573333333334 0.61485107421875 0.7268216666666667 0.626431640625 0.7367036666666666 0.638373779296875 0.7300333333333333 0.632040771484375 0.723116
1 0.712847900390625 0.7375476666666667 0.72076416015625 0.718247 0.7088896484375 0.6961153333333333 0.69889990234375 0.669609 0.666857666015625 0.6974023333333333 0.680051513671875 0.7185043333333333 0.703989013671875 0.7187616666666666 0.704365966796875 0.730857 0.712847900390625 0.7375476666666667
1 0.635380859375 0.9156299999999999 0.6357578125 0.912027 0.634249755859375 0.908939 0.62746435546875 0.9125416666666667 0.62557958984375 0.9194899999999999 0.62859521484375 0.9228353333333333 0.635380859375 0.9156299999999999
1 0.65234423828125 0.9248943333333334 0.64932861328125 0.922578 0.646312744140625 0.9297836666666667 0.64970556640625 0.9357026666666667 0.654229248046875 0.9266956666666667 0.65234423828125 0.9248943333333334
1 0.67552783203125 0.9007040000000001 0.67288916015625 0.9117696666666667 0.679297607421875 0.9138283333333334 0.681559326171875 0.9025053333333334 0.67552783203125 0.9007040000000001
1 0.6138935546875 0.3399513333333333 0.62350634765625 0.3363486666666667 0.632741943359375 0.329915 0.6370771484375 0.3229666666666667 0.633684326171875 0.31344500000000003 0.62557958984375 0.315761 0.609558349609375 0.30701133333333336 0.60164208984375 0.317305 0.6142705078125 0.32348133333333334 0.608804443359375 0.3288856666666667 0.6138935546875 0.3399513333333333
1 0.568845703125 0.2823063333333333 0.565830078125 0.291056 0.573557861328125 0.302894 0.57845849609375 0.2944016666666667 0.568845703125 0.2823063333333333
1 0.514750732421875 0.244734 0.4945830078125 0.2555426666666667 0.49891796875 0.26918166666666665 0.518708984375 0.25605733333333336 0.514750732421875 0.244734
1 0.50985009765625 0.2794756666666667 0.50626904296875 0.27510066666666666 0.4981640625 0.27510066666666666 0.4960908203125 0.27921833333333335 0.501179931640625 0.283593 0.50834228515625 0.28256366666666666 0.50985009765625 0.2794756666666667
1 0.59956884765625 0.34664233333333333 0.5914638671875 0.34123800000000004 0.57713916015625 0.343297 0.571861572265625 0.3528186666666666 0.57958935546875 0.35899499999999995 0.594291259765625 0.3564213333333333 0.59956884765625 0.34664233333333333
1 0.53416455078125 0.168303 0.538499755859375 0.15723733333333334 0.534918701171875 0.154149 0.52945263671875 0.14797266666666667 0.526625244140625 0.155693 0.52888720703125 0.16418533333333332 0.53039501953125 0.168303 0.53416455078125 0.168303
1 0.5450966796875 0.23675633333333335 0.537934326171875 0.23135233333333333 0.53039501953125 0.231095 0.5185205078125 0.23984466666666665 0.527756103515625 0.245506 0.539819091796875 0.244734 0.5450966796875 0.23675633333333335
1 0.47196484375 0.24293266666666666 0.464614013671875 0.22697733333333334 0.45820556640625 0.23238166666666665 0.45764013671875 0.23444033333333333 0.464425537109375 0.24705033333333332 0.47196484375 0.24293266666666666
1 0.454435791015625 0.269439 0.455943603515625 0.25966 0.4508544921875 0.25631466666666664 0.455566650390625 0.24782233333333334 0.4508544921875 0.24319000000000002 0.4463310546875 0.25091033333333335 0.441807373046875 0.24988100000000002 0.43954541015625 0.258888 0.454435791015625 0.269439
1 0.43690673828125 0.2545133333333333 0.432383056640625 0.25682933333333335 0.432571533203125 0.268667 0.43634130859375 0.27046866666666664 0.43803759765625 0.26660833333333334 0.43690673828125 0.2545133333333333
1 0.477242431640625 0.334547 0.4706455078125 0.34947300000000003 0.49741015625 0.359767 0.500237548828125 0.3458703333333334 0.477242431640625 0.334547
1 0.57751611328125 0.5115996666666667 0.58034326171875 0.5074823333333333 0.589767578125 0.5097983333333334 0.592783203125 0.5077396666666667 0.5933486328125 0.49899 0.589767578125 0.496674 0.587317138671875 0.49899 0.58128564453125 0.49564433333333335 0.57657373046875 0.49564433333333335 0.574123291015625 0.49564433333333335 0.570730712890625 0.5031073333333334 0.57638525390625 0.504909 0.573557861328125 0.5097983333333334 0.57751611328125 0.5115996666666667
1 0.65064794921875 0.4886963333333333 0.643862548828125 0.494615 0.64989404296875 0.510313 0.656679443359375 0.5061956666666667 0.65064794921875 0.4886963333333333
1 0.6627109375 0.4441756666666667 0.654794677734375 0.4343966666666667 0.646124267578125 0.431566 0.6367001953125 0.43697 0.642354736328125 0.44777866666666666 0.655360107421875 0.4500946666666667 0.6627109375 0.4441756666666667
1 0.644239501953125 0.40840499999999996 0.6355693359375 0.414581 0.6393388671875 0.4305363333333333 0.660826171875 0.41766933333333334 0.656679443359375 0.40377266666666667 0.644239501953125 0.40840499999999996
1 0.595799072265625 0.2964603333333333 0.5908984375 0.29157066666666664 0.587505615234375 0.2923426666666667 0.583359130859375 0.2964603333333333 0.589390625 0.300835 0.59316015625 0.30186433333333335 0.595799072265625 0.2964603333333333
1 0.618040283203125 0.217713 0.6161552734375 0.2061326666666667 0.60484619140625 0.20150033333333334 0.594102783203125 0.20484566666666668 0.59938037109375 0.2156543333333333 0.611443359375 0.22054366666666667 0.618040283203125 0.217713
1 0.184733154296875 0.8260740000000001 0.156983642578125 0.8472020000000001 0.162193359375 0.8614176666666667 0.190845703125 0.8442406666666668 0.184733154296875 0.8260740000000001
1 0.533203125 0.8626666666666667 0.5439453125 0.8696666666666667 0.552978515625 0.869 0.55419921875 0.8653333333333333 0.55419921875 0.861 0.556640625 0.858 0.556396484375 0.8556666666666667 0.55126953125 0.8516666666666667 0.550537109375 0.8486666666666667 0.55615234375 0.8336666666666667 0.555908203125 0.8296666666666667 0.553955078125 0.8273333333333334 0.541748046875 0.822 0.53662109375 0.8213333333333334 0.525146484375 0.8266666666666667 0.512451171875 0.8396666666666667 0.51171875 0.8416666666666667 0.512939453125 0.8456666666666667 0.52197265625 0.8603333333333333 0.533203125 0.8626666666666667
1 0.11474609375 0.916 0.11865234375 0.9176666666666666 0.123779296875 0.9166666666666666 0.126953125 0.9183333333333333 0.131591796875 0.9223333333333333 0.142578125 0.937 0.146240234375 0.94 0.154296875 0.941 0.156494140625 0.9393333333333334 0.15673828125 0.935 0.1552734375 0.9273333333333333 0.156005859375 0.923 0.160888671875 0.92 0.158935546875 0.9113333333333333 0.159423828125 0.904 0.152587890625 0.8913333333333333 0.147705078125 0.886 0.146484375 0.8806666666666667 0.147705078125 0.8763333333333333 0.15087890625 0.8726666666666667 0.15087890625 0.864 0.150390625 0.861 0.145751953125 0.8533333333333334 0.142578125 0.8513333333333334 0.13818359375 0.8523333333333334 0.125732421875 0.8646666666666667 0.11865234375 0.874 0.111083984375 0.88 0.108642578125 0.884 0.107421875 0.8906666666666667 0.103759765625 0.8963333333333333 0.10400390625 0.9 0.11474609375 0.916
1 0.10009765625 0.30266666666666664 0.104736328125 0.301 0.10693359375 0.29733333333333334 0.109619140625 0.2866666666666667 0.109619140625 0.279 0.107421875 0.2773333333333333 0.094482421875 0.2783333333333333 0.072265625 0.2833333333333333 0.0703125 0.2866666666666667 0.068115234375 0.2986666666666667 0.068115234375 0.30333333333333334 0.071044921875 0.305 0.083984375 0.30466666666666664 0.10009765625 0.30266666666666664
1 0.2822265625 0.27666666666666667 0.28564453125 0.268 0.2841796875 0.25566666666666665 0.283203125 0.25466666666666665 0.274658203125 0.255 0.260498046875 0.25333333333333335 0.258056640625 0.25566666666666665 0.256103515625 0.2633333333333333 0.25537109375 0.2673333333333333 0.257568359375 0.27066666666666667 0.278564453125 0.2776666666666667 0.2822265625 0.27666666666666667
1 0.075927734375 0.7123333333333334 0.07958984375 0.722 0.09130859375 0.7206666666666667 0.093994140625 0.7163333333333334 0.095947265625 0.7043333333333334 0.09228515625 0.6966666666666667 0.0888671875 0.6926666666666667 0.076904296875 0.685 0.068359375 0.683 0.064208984375 0.685 0.0625 0.6893333333333334 0.062255859375 0.6936666666666667 0.064208984375 0.699 0.068359375 0.7056666666666667 0.075927734375 0.7123333333333334
1 0.122802734375 0.7126666666666667 0.126953125 0.713 0.129150390625 0.7103333333333334 0.1318359375 0.6973333333333334 0.1298828125 0.6933333333333334 0.107666015625 0.6823333333333333 0.103271484375 0.683 0.099609375 0.686 0.095458984375 0.693 0.095947265625 0.697 0.097900390625 0.7013333333333334 0.122802734375 0.7126666666666667
1 0.269919189453125 0.062153 0.292392333984375 0.06875 0.29384228515625 0.05836 0.29118408203125 0.059679333333333334 0.298796142578125 0.046321 0.283934814453125 0.039889 0.291063232421875 0.027355333333333336 0.30085009765625 0.02752 0.302904052734375 0.007565 0.2797060546875 0.006410666666666666 0.281518310546875 0.0011330000000000001 0.289130126953125 0.0012980000000000001 0.2875595703125 0 0.225275146484375 0.0023093333333333334 0.21881103515625 0.020923333333333335 0.20479541015625 0.051927999999999995 0.26508642578125 0.066276 0.269919189453125 0.062153
1 0.1121240234375 0.10882533333333333 0.12758935546875 0.111464 0.127710205078125 0.12152400000000001 0.113332275390625 0.13884066666666667 0.119494140625 0.14923033333333333 0.162386474609375 0.151869 0.186792724609375 0.14180900000000002 0.199720947265625 0.12498733333333333 0.175072998046875 0.103383 0.20008349609375 0.06875 0.18437646484375 0.036095999999999996 0.153687255859375 0.045991000000000004 0.13193896484375 0.05278866666666667 0.106324462890625 0.08012933333333333 0.09883349609375 0.08936466666666666 0.106486083984375 0.10414366666666666 0.1121240234375 0.10882533333333333
1 0.05255810546875 0.154489 0.05086669921875 0.175301 0.084938720703125 0.173322 0.086751220703125 0.15650033333333332 0.05255810546875 0.154489
1 0.11586962890625 0.25150733333333336 0.115990478515625 0.2553003333333333 0.123118896484375 0.26057766666666665 0.12916015625 0.26057766666666665 0.1321806640625 0.260083 0.13508056640625 0.26321666666666665 0.13677197265625 0.26288666666666666 0.139913330078125 0.25051766666666664 0.140396728515625 0.24458066666666664 0.1391884765625 0.2371593333333333 0.134476318359375 0.23880833333333332 0.128314453125 0.239633 0.120944091796875 0.23633466666666667 0.116352783203125 0.23006766666666667 0.105478759765625 0.22709933333333335 0.10402880859375 0.22971233333333332 0.10668701171875 0.24210700000000002 0.113090576171875 0.24491033333333334 0.11514453125 0.24721933333333335 0.11586962890625 0.25150733333333336
1 0.025191650390625 0.261138 0.024527099609375 0.2765883333333333 0.054008056640625 0.2699916666666667 0.054853759765625 0.255314 0.025191650390625 0.261138
1 0.0815556640625 0.271641 0.090859130859375 0.27180566666666667 0.097866943359375 0.26471433333333333 0.10934521484375 0.25943700000000003 0.09750439453125 0.2502506666666667 0.082401611328125 0.2564683333333333 0.08373046875 0.26224033333333335 0.077810302734375 0.2685073333333334 0.0815556640625 0.271641
1 0.1418466796875 0.27807266666666663 0.121789794921875 0.27177833333333334 0.115265380859375 0.2825256666666667 0.13109326171875 0.289947 0.13810107421875 0.2864836666666667 0.1418466796875 0.27807266666666663
1 0.19827099609375 0.298193 0.198029296875 0.291596 0.186430419921875 0.28400966666666666 0.183591064453125 0.28241866666666665 0.174227294921875 0.28549399999999997 0.178335205078125 0.29621366666666665 0.191625732421875 0.3024806666666667 0.19827099609375 0.298193
1 0.15078759765625 0.22512033333333334 0.14462548828125 0.21176166666666665 0.16033251953125 0.19559966666666667 0.14897509765625 0.18834333333333333 0.143417236328125 0.19147666666666666 0.137557373046875 0.192348 0.1391884765625 0.199228 0.134718017578125 0.209453 0.142088134765625 0.22808866666666666 0.15078759765625 0.22512033333333334
1 0.21530712890625 0.145286 0.21144091796875 0.12417633333333333 0.20225830078125 0.12875433333333333 0.20262060546875 0.13819433333333334 0.207091064453125 0.15039833333333333 0.21530712890625 0.145286
1 0.250708251953125 0.26059133333333334 0.2491376953125 0.25448933333333335 0.2360888671875 0.24311000000000002 0.228899658203125 0.24530166666666667 0.22968505859375 0.25317 0.24152587890625 0.26257033333333335 0.250708251953125 0.26059133333333334
1 0.19960009765625 0.238492 0.185705322265625 0.250861 0.191625732421875 0.258942 0.20419140625 0.24855233333333335 0.19960009765625 0.238492
1 0.23560546875 0.22150533333333333 0.23935107421875 0.2178773333333333 0.241767333984375 0.210291 0.237296875 0.20765233333333333 0.232464111328125 0.20880666666666664 0.22968505859375 0.20847700000000002 0.2264228515625 0.20913666666666667 0.22050244140625 0.21556833333333333 0.224610595703125 0.22348466666666664 0.22859765625 0.22134066666666669 0.23560546875 0.22150533333333333
1 0.08795947265625 0.429674 0.087234375 0.42324200000000006 0.09097998046875 0.40773966666666667 0.079985107421875 0.402627 0.073822998046875 0.4036166666666666 0.070319091796875 0.403667 0.062707275390625 0.4342916666666667 0.070681640625 0.43824966666666665 0.08445556640625 0.4408883333333333 0.08795947265625 0.429674
1 0.0405966796875 0.209123 0.037576171875 0.20005233333333336 0.028031005859375 0.194775 0.019935791015625 0.19630733333333333 0.024527099609375 0.20780366666666664 0.03201806640625 0.21027733333333334 0.0405966796875 0.209123
1 0.3946669921875 0.6183183333333333 0.377360107421875 0.6300816666666667 0.385388916015625 0.642185 0.399484375 0.629521 0.3946669921875 0.6183183333333333
1 0.370580078125 0.7033526666666666 0.376646484375 0.6996996666666667 0.3741484375 0.6882533333333334 0.366298095703125 0.6872793333333334 0.354879150390625 0.6894710000000001 0.348812744140625 0.6970206666666666 0.3495263671875 0.704327 0.357555419921875 0.7055446666666667 0.370580078125 0.7033526666666666
1 0.33251953125 0.852 0.338623046875 0.846 0.33740234375 0.837 0.333984375 0.8333333333333334 0.314453125 0.8416666666666667 0.313720703125 0.843 0.31298828125 0.8463333333333334 0.31494140625 0.856 0.318115234375 0.859 0.33251953125 0.852
1 0.4150390625 0.8496666666666667 0.419677734375 0.8536666666666667 0.423828125 0.8546666666666667 0.427734375 0.8533333333333334 0.42822265625 0.835 0.42138671875 0.826 0.422119140625 0.8173333333333334 0.420166015625 0.8126666666666666 0.411376953125 0.8126666666666666 0.409912109375 0.8136666666666666 0.407958984375 0.8186666666666667 0.406005859375 0.83 0.40478515625 0.838 0.4072265625 0.842 0.41259765625 0.844 0.4150390625 0.8496666666666667
1 0.0408857421875 0.8562456666666667 0.0365625 0.8702489999999999 0.05686865234375 0.8767480000000001 0.06113037109375 0.8623820000000001 0.0408857421875 0.8562456666666667
1 0.02678564453125 0.8962443333333334 0.024780029296875 0.8818786666666667 0.017858154296875 0.8742116666666667 0.013248291015625 0.8856409999999999 0.015755126953125 0.901717 0.02152099609375 0.909242 0.02678564453125 0.8962443333333334
1 0.34991064453125 0.09283666666666666 0.362685791015625 0.09621033333333333 0.3797880859375 0.08974433333333333 0.387205810546875 0.07737433333333334 0.385106201171875 0.06933299999999999 0.3723701171875 0.06725366666666667 0.35341357421875 0.07568766666666667 0.34908642578125 0.08243466666666667 0.34991064453125 0.09283666666666666
1 0.3781396484375 0.06275533333333333 0.365776611328125 0.051791 0.346407958984375 0.05432133333333333 0.331801513671875 0.06669599999999999 0.34785009765625 0.07990466666666667 0.3711337890625 0.068378 0.3781396484375 0.06275533333333333
1 0.065996826171875 0.03777066666666667 0.059685546875 0.04368 0.06216064453125 0.057693999999999995 0.070822998046875 0.060395333333333336 0.0777529296875 0.047732333333333335 0.07404052734375 0.038108333333333334 0.07577294921875 0.034562666666666665 0.07837158203125 0.023587999999999998 0.07441162109375 0.020548666666666666 0.06495458984375 0.02295233333333333 0.065378173828125 0.026796 0.0636455078125 0.031523333333333334 0.065996826171875 0.03777066666666667
1 0.015774658203125 0.209507 0.01909619140625 0.21884233333333336 0.033450927734375 0.219011 0.027758544921875 0.20989366666666667 0.015774658203125 0.209507
1 0.1032451171875 0.347042 0.0956962890625 0.3510943333333333 0.104606201171875 0.3669653333333333 0.112155029296875 0.3617313333333333 0.1032451171875 0.347042
1 0.08146533203125 0.5402823333333333 0.075154296875 0.5586863333333333 0.092973876953125 0.5659463333333333 0.100027587890625 0.546192 0.08146533203125 0.5402823333333333
1 0.129727294921875 0.5402823333333333 0.1352958984375 0.5316716666666667 0.139750732421875 0.5198526666666666 0.139379638671875 0.519346 0.130593505859375 0.5176576666666667 0.1220546875 0.5259309999999999 0.118218505859375 0.5404513333333334 0.129727294921875 0.5402823333333333
1 0.149859619140625 0.4996326666666666 0.152991943359375 0.513099 0.179102783203125 0.5038126666666667 0.174895263671875 0.49165600000000004 0.149859619140625 0.4996326666666666
1 0.0867607421875 0.5800823333333334 0.09334521484375 0.6087123333333333 0.110175048828125 0.61344 0.1063388671875 0.5892956666666667 0.0867607421875 0.5800823333333334
1 0.030604736328125 0.7480923333333334 0.037287109375 0.7646386666666667 0.0539931640625 0.7553526666666667 0.04830078125 0.7393126666666667 0.030604736328125 0.7480923333333334
1 0.215998291015625 0.9497643333333333 0.2096240234375 0.942724 0.203708251953125 0.9445016666666667 0.204767578125 0.9528706666666666 0.2096240234375 0.959704 0.217667724609375 0.9617746666666667 0.215998291015625 0.9497643333333333
1 0.16667333984375 0.976891 0.16925341796875 0.968401 0.15790234375 0.961205 0.151041259765625 0.968401 0.149371826171875 0.9729566666666666 0.15984375 0.9812396666666667 0.16667333984375 0.976891
1 0.24134375 0.9648806666666666 0.25105712890625 0.9549413333333333 0.248780517578125 0.9474866666666667 0.244379150390625 0.9425169999999999 0.2381337890625 0.9413943333333333 0.230568115234375 0.9468653333333333 0.2313271484375 0.95929 0.23557666015625 0.9640526666666667 0.24134375 0.9648806666666666
1 0.2712421875 0.9410673333333334 0.256057861328125 0.9433363333333333 0.258190185546875 0.9524563333333333 0.265626708984375 0.9539059999999999 0.2741259765625 0.9520423333333333 0.2712421875 0.9410673333333334
1 0.27245654296875 0.9806183333333334 0.2767060546875 0.9845526666666666 0.287177978515625 0.9870376666666666 0.303417236328125 0.9810323333333334 0.310398681640625 0.9735779999999999 0.307970458984375 0.9677800000000001 0.3055419921875 0.9628099999999999 0.294462890625 0.9646736666666668 0.29279345703125 0.951421 0.28611572265625 0.9522493333333334 0.282017822265625 0.9557696666666667 0.284901611328125 0.9648806666666666 0.282321533203125 0.968401 0.27989306640625 0.9721283333333334 0.27245654296875 0.9806183333333334
1 0.30387255859375 0.9644516666666667 0.310398681640625 0.9551333333333334 0.30205126953125 0.9495423333333333 0.297650146484375 0.9555476666666667 0.2952216796875 0.9598960000000001 0.29901611328125 0.9650730000000001 0.30387255859375 0.9644516666666667
1 0.294766357421875 0.9046076666666666 0.291579345703125 0.9164106666666667 0.299167724609375 0.9211733333333333 0.304783203125 0.9079206666666667 0.294766357421875 0.9046076666666666
1 0.27398193359375 0.8594313333333333 0.279437744140625 0.874375 0.290820556640625 0.8673343333333334 0.285356689453125 0.8528393333333334 0.27398193359375 0.8594313333333333
1 0.30159619140625 0.8625716666666667 0.296587646484375 0.8634 0.29795361328125 0.868784 0.29810546875 0.868577 0.307818603515625 0.8847286666666667 0.319656494140625 0.8783093333333333 0.307059814453125 0.8619506666666666 0.30159619140625 0.8625716666666667
1 0.22237255859375 0.8362433333333333 0.2292021484375 0.8546729999999999 0.239218994140625 0.845976 0.23299658203125 0.828996 0.22237255859375 0.8362433333333333
1 0.200821533203125 0.7531773333333334 0.20643701171875 0.7653946666666668 0.2235869140625 0.7537983333333333 0.21751611328125 0.7415809999999999 0.200821533203125 0.7531773333333334
1 0.242116943359375 0.7487233333333334 0.22692578125 0.7618743333333333 0.25333349609375 0.7842383333333334 0.267751708984375 0.7718136666666666 0.242116943359375 0.7487233333333334
1 0.270028076171875 0.7422023333333333 0.275491943359375 0.7376466666666667 0.278678955078125 0.7308133333333333 0.275404541015625 0.7223086666666666 0.27063525390625 0.7231516666666666 0.267751708984375 0.7279143333333333 0.267447998046875 0.7366113333333333 0.270028076171875 0.7422023333333333
1 0.159540283203125 0.789829 0.165762939453125 0.77492 0.159692138671875 0.772435 0.155057373046875 0.7728069999999999 0.147702392578125 0.7794753333333333 0.143301025390625 0.7892079999999999 0.14891650390625 0.7929353333333333 0.159540283203125 0.789829
1 0.1266064453125 0.7988333333333333 0.134650146484375 0.8099153333333333 0.14451513671875 0.8014253333333333 0.139203369140625 0.7892079999999999 0.1266064453125 0.7988333333333333
1 0.1565048828125 0.8155063333333332 0.15301416015625 0.809708 0.14557763671875 0.8086726666666667 0.135560791015625 0.809501 0.127365234375 0.8092940000000001 0.12903466796875 0.8165416666666667 0.127820556640625 0.823582 0.15407666015625 0.826067 0.1565048828125 0.8155063333333332
1 0.085780517578125 0.8242033333333334 0.09245849609375 0.8343496666666667 0.101260986328125 0.8306223333333334 0.09382421875 0.8202689999999999 0.085780517578125 0.8242033333333334
1 0.135710693359375 0.667149 0.14011376953125 0.6906113333333332 0.1513447265625 0.6879193333333332 0.147702392578125 0.6632776666666667 0.135710693359375 0.667149
1 0.38943017578125 0.26733866666666667 0.38647412109375 0.28717166666666666 0.394254638671875 0.28908300000000003 0.39596630859375 0.26975533333333335 0.38943017578125 0.26733866666666667
1 0.191155029296875 0.02672566666666667 0.1948896484375 0.022265333333333335 0.192244384765625 0.010796 0.1867978515625 0.0067606666666666666 0.1723017578125 0.008659666666666666 0.17279296875 0.017380333333333334 0.1768388671875 0.028212333333333332 0.183218994140625 0.029699 0.191155029296875 0.02672566666666667
1 0.04783837890625 0.15132933333333334 0.049239013671875 0.14283366666666666 0.044726318359375 0.13561233333333333 0.033969970703125 0.13536933333333334 0.02247412109375 0.14644433333333334 0.02745361328125 0.15324066666666666 0.036167724609375 0.15536466666666665 0.04783837890625 0.15132933333333334
1 0.246707763671875 0.17324066666666665 0.240241943359375 0.17027433333333333 0.236748779296875 0.17770099999999997 0.233636474609375 0.187471 0.239705322265625 0.18917033333333333 0.246707763671875 0.17324066666666665
1 0.17886181640625 0.3980233333333333 0.187109130859375 0.39207633333333336 0.19940234375 0.38166900000000004 0.201580810546875 0.374023 0.19177734375 0.3712616666666667 0.180573486328125 0.36871299999999996 0.1733525390625 0.3725313333333333 0.16330078125 0.3793326666666667 0.1573876953125 0.3895276666666667 0.1682802734375 0.3961116666666667 0.17886181640625 0.3980233333333333
1 0.16330078125 0.17363033333333333 0.146386474609375 0.17027433333333333 0.144160888671875 0.18425 0.15380859375 0.1887103333333333 0.16345654296875 0.188498 0.16330078125 0.17363033333333333
1 0.276584716796875 0.6622766666666666 0.28000830078125 0.649958 0.279074462890625 0.646135 0.272461181640625 0.6479456666666666 0.2698935546875 0.655905 0.26833740234375 0.6650376666666666 0.27347265625 0.6660996666666666 0.276584716796875 0.6622766666666666
1 0.20375927734375 0.6439756666666666 0.20780517578125 0.6310196666666666 0.208739013671875 0.6252853333333334 0.196134521484375 0.6276216666666666 0.192088623046875 0.6395156666666667 0.189598876953125 0.6482236666666666 0.197534912109375 0.648436 0.20375927734375 0.6439756666666666
1 0.298525634765625 0.3734926666666667 0.293142822265625 0.36744 0.2884111328125 0.3624483333333333 0.283667724609375 0.36344666666666664 0.278607666015625 0.3696696666666667 0.284520751953125 0.37646599999999997 0.29136767578125 0.3800766666666667 0.298525634765625 0.3734926666666667
1 0.97552685546875 0.9926543333333334 0.97008056640625 0.9809726666666667 0.95816650390625 0.9812156666666666 0.9594990234375 0.9877693333333333 0.961366455078125 0.995203 0.968213134765625 0.9958403333333334 0.97552685546875 0.9926543333333334
1 0.67610302734375 0.8139609999999999 0.6781259765625 0.8007926666666667 0.676881103515625 0.7942086666666668 0.673146484375 0.79612 0.669595947265625 0.7985626666666668 0.668322509765625 0.8071643333333333 0.668011474609375 0.8145979999999999 0.6726796875 0.8169343333333333 0.67610302734375 0.8139609999999999
1 0.677970458984375 0.2772073333333333 0.67874853515625 0.26658766666666667 0.6771923828125 0.2519326666666667 0.674391357421875 0.24853433333333333 0.669411865234375 0.247897 0.66574365234375 0.2515596666666667 0.667544677734375 0.2634016666666667 0.668945068359375 0.273384 0.67174609375 0.2774196666666667 0.677970458984375 0.2772073333333333
1 0.731123046875 0.4418123333333333 0.732990478515625 0.4320423333333333 0.73065625 0.42121033333333335 0.72365380859375 0.418874 0.72100830078125 0.423759 0.722564453125 0.432892 0.725988037109375 0.43841399999999997 0.731123046875 0.4418123333333333
1 0.724431884765625 0.482451 0.721942138671875 0.477141 0.719763427734375 0.47777833333333336 0.71757421875 0.48154966666666665 0.71602880859375 0.489035 0.7175849609375 0.49328299999999997 0.720697265625 0.4896723333333334 0.724431884765625 0.482451
1 0.35501611328125 0.46025533333333335 0.336031494140625 0.455795 0.33385302734375 0.46705166666666664 0.349880859375 0.4723616666666667 0.354238037109375 0.47363599999999995 0.35501611328125 0.46025533333333335
1 0.287510498046875 0.5594236666666667 0.304166015625 0.551338 0.2912880859375 0.5380966666666667 0.2693955078125 0.5320033333333334 0.256345947265625 0.5426666666666666 0.266304931640625 0.5522756666666667 0.287510498046875 0.5594236666666667
1 0.134093994140625 0.32836899999999997 0.140924560546875 0.32629733333333333 0.1408486328125 0.319978 0.134598388671875 0.311365 0.12862939453125 0.31293366666666667 0.12673193359375 0.31811333333333336 0.130450927734375 0.32443266666666665 0.134093994140625 0.32836899999999997
1 0.075501220703125 0.3605176666666667 0.076867431640625 0.35720266666666667 0.071478759765625 0.3493296666666667 0.069050048828125 0.346429 0.068518798828125 0.347154 0.061763916015625 0.3493296666666667 0.065103271484375 0.3566846666666667 0.0696572265625 0.3622786666666667 0.075501220703125 0.3605176666666667
1 0.053263427734375 0.5574646666666667 0.050455078125 0.5503166666666667 0.045142333984375 0.545966 0.04195458984375 0.5447230000000001 0.04172705078125 0.544205 0.036110595703125 0.546484 0.038159912109375 0.5549783333333334 0.046736328125 0.55964 0.053263427734375 0.5574646666666667
1 0.191843505859375 0.9501306666666666 0.191074462890625 0.9458616666666667 0.18774169921875 0.9428523333333333 0.18485986328125 0.941065 0.181486328125 0.949221 0.185536865234375 0.95328 0.189382568359375 0.9550993333333333 0.191843505859375 0.9501306666666666
1 0.3835576171875 0.7773760000000001 0.378891845703125 0.7735970000000001 0.372687744140625 0.7712176666666666 0.371104736328125 0.7707533333333334 0.366996337890625 0.7771663333333333 0.372739013671875 0.7797556666666666 0.379096923828125 0.7810153333333333 0.3835576171875 0.7773760000000001
1 0.4128203125 0.7660853333333333 0.41102587890625 0.7388616666666666 0.4009248046875 0.737602 0.402309326171875 0.7658753333333334 0.4128203125 0.7660853333333333
1 0.411376953125 0.743497 0.402668212890625 0.7515986666666666 0.420972900390625 0.7608363333333333 0.427382080078125 0.7520186666666667 0.411376953125 0.743497
1 0.443943359375 0.7276876666666667 0.435842041015625 0.7355956666666666 0.44471240234375 0.747493 0.453428955078125 0.7405646666666666 0.443943359375 0.7276876666666667
1 0.4690859375 0.684951 0.4620615234375 0.6910396666666667 0.4685732421875 0.702517 0.47534130859375 0.6952386666666667 0.4690859375 0.684951
1 0.472535400390625 0.6967046666666666 0.471547119140625 0.7074856666666667 0.483083740234375 0.7114046666666667 0.484211669921875 0.6999976666666666 0.472535400390625 0.6967046666666666
1 0.499537353515625 0.7847753333333334 0.48635693359375 0.792924 0.4861005859375 0.8111896666666667 0.4997392578125 0.8049609999999999 0.499537353515625 0.7847753333333334
1 0.51183984375 0.7797786666666666 0.503225830078125 0.7885266666666666 0.510198974609375 0.7951750000000001 0.516710693359375 0.7856573333333334 0.51183984375 0.7797786666666666
1 0.539732421875 0.7807586666666666 0.534143798828125 0.7859373333333333 0.53870703125 0.8004936666666668 0.544603515625 0.7932853333333334 0.539732421875 0.7807586666666666
1 0.632080078125 0.3523716666666667 0.627773193359375 0.3406843333333333 0.621969482421875 0.33701733333333334 0.6203896484375 0.3457933333333334 0.623004638671875 0.354961 0.63120849609375 0.35888000000000003 0.632080078125 0.3523716666666667
1 0.300166748046875 0.2594283333333333 0.298384521484375 0.24791366666666667 0.290898681640625 0.2441833333333333 0.28531396484375 0.244832 0.287571533203125 0.272403 0.29695849609375 0.27759266666666665 0.30135498046875 0.2728893333333333 0.300166748046875 0.2594283333333333
1 0.35138427734375 0.1756593333333333 0.343061767578125 0.18577033333333334 0.36231103515625 0.192744 0.369083984375 0.17668799999999998 0.35138427734375 0.1756593333333333
1 0.329397216796875 0.12116733333333334 0.332248779296875 0.11013899999999999 0.329634765625 0.09813766666666666 0.3238125 0.09586733333333332 0.317871337890625 0.10446266666666666 0.3197724609375 0.11614000000000001 0.324050048828125 0.12149166666666668 0.329397216796875 0.12116733333333334
1 0.343400146484375 0.12908466666666668 0.3477412109375 0.1247 0.348348876953125 0.12078933333333333 0.34644091796875 0.11581366666666666 0.340100830078125 0.11972266666666667 0.336801513671875 0.124463 0.338451171875 0.130625 0.343400146484375 0.12908466666666668
1 0.067052734375 0.793463 0.063171630859375 0.8003586666666667 0.076030029296875 0.807921 0.081152587890625 0.7987893333333334 0.067052734375 0.793463
1 0.07967333984375 0.642658 0.08306103515625 0.6503643333333333 0.084566650390625 0.6498506666666667 0.102634521484375 0.6495083333333334 0.10439111328125 0.6455693333333333 0.0998740234375 0.6325540000000001 0.091718505859375 0.6236486666666666 0.081931884765625 0.6253613333333333 0.06805322265625 0.6331006666666666 0.06800439453125 0.6370066666666666 0.073901611328125 0.6418016666666666 0.07967333984375 0.642658
1 0.03529736328125 0.6307876666666666 0.042157470703125 0.658613 0.062860107421875 0.6649496666666667 0.062107421875 0.6406313333333333 0.03529736328125 0.6307876666666666
1 0.277764892578125 0.9446836666666666 0.278015869140625 0.9386896666666666 0.274879150390625 0.9345793333333333 0.27236962890625 0.933723 0.271930419921875 0.9338226666666666 0.270362060546875 0.937662 0.271240478515625 0.9446836666666666 0.273749755859375 0.9477659999999999 0.277764892578125 0.9446836666666666
1 0.238994384765625 0.6616536666666667 0.235230224609375 0.6676476666666666 0.237990478515625 0.6717576666666666 0.242507568359375 0.671929 0.245644287109375 0.6734703333333334 0.24777734375 0.675354 0.25154150390625 0.6731276666666667 0.2553056640625 0.667819 0.253298095703125 0.6606259999999999 0.253172607421875 0.6556596666666666 0.252728759765625 0.654691 0.248279296875 0.6568586666666667 0.245895263671875 0.659085 0.241880126953125 0.6601123333333333 0.238994384765625 0.6616536666666667
1 0.18341064453125 0.7361213333333333 0.18742578125 0.7362926666666667 0.192068115234375 0.7366353333333333 0.192193603515625 0.7306413333333334 0.190060546875 0.725846 0.188429443359375 0.716256 0.18679833984375 0.7102620000000001 0.18052490234375 0.715742 0.181779541015625 0.7239623333333334 0.1809013671875 0.7302986666666668 0.18341064453125 0.7361213333333333
1 0.34387646484375 0.767604 0.345633056640625 0.7626376666666667 0.34450390625 0.7551023333333332 0.342496337890625 0.7506499999999999 0.3374775390625 0.7504786666666667 0.33609716796875 0.7564726666666667 0.3369755859375 0.7631516666666667 0.338857666015625 0.7672616666666666 0.34387646484375 0.767604
1 0.776533447265625 0.01984 0.77916845703125 0.009393666666666666 0.780548583984375 0.004084666666666666 0.773434814453125 0.002356 0.770134521484375 0.011791 0.768754150390625 0.018983666666666666 0.773898681640625 0.020011333333333332 0.776533447265625 0.01984
1 0.769632568359375 0.048953666666666666 0.773522216796875 0.04210333333333333 0.773271240234375 0.03747933333333334 0.7694814453125 0.038597 0.76386083984375 0.03902066666666667 0.762731689453125 0.047925999999999996 0.762480712890625 0.05032366666666667 0.769632568359375 0.048953666666666666
1 0.786571044921875 0.13946266666666665 0.78832763671875 0.13775 0.787449462890625 0.129701 0.781906005859375 0.12881333333333334 0.7780390625 0.13004366666666667 0.776658935546875 0.13518133333333332 0.7782900390625 0.13740766666666668 0.786571044921875 0.13946266666666665
1 0.555521728515625 0.041301000000000004 0.550046630859375 0.04854733333333333 0.555521728515625 0.05783166666666667 0.563983154296875 0.061455 0.5819013671875 0.058510999999999994 0.618567626953125 0.038810000000000004 0.6220517578125 0.036772 0.60413330078125 0.011862333333333334 0.594676513671875 0.006654 0.580076416015625 0.00371 0.57464453125 0.004645 0.562323974609375 0.0071066666666666665 0.5359443359375 0.022732 0.543078369140625 0.034281 0.555521728515625 0.041301000000000004
1 0.28496337890625 0.49936433333333335 0.290666259765625 0.4958613333333334 0.291996826171875 0.4832773333333334 0.291806884765625 0.475753 0.2840126953125 0.4787366666666667 0.27878515625 0.48470433333333335 0.2802109375 0.49936433333333335 0.28496337890625 0.49936433333333335
1 0.262151611328125 0.4414383333333334 0.26566845703125 0.43183799999999994 0.26452783203125 0.42119999999999996 0.258919921875 0.413935 0.255498046875 0.4210703333333333 0.255403076171875 0.43131900000000006 0.257114013671875 0.4397516666666667 0.262151611328125 0.4414383333333334
1 0.257684326171875 0.137344 0.257779296875 0.137863 0.259205078125 0.14811166666666667 0.27346240234375 0.14616566666666667 0.27260693359375 0.13552766666666669 0.257684326171875 0.137344
1 0.400515869140625 0.13526766666666667 0.410544189453125 0.13286866666666666 0.41416259765625 0.12708333333333333 0.410854248046875 0.121298 0.406718994140625 0.11833466666666667 0.402751953125 0.11725633333333334 0.391004638671875 0.123979 0.390901123046875 0.130611 0.393279052734375 0.134703 0.400515869140625 0.13526766666666667
1 0.3153662109375 0.17658600000000002 0.31482666015625 0.183952 0.32477490234375 0.18434 0.32553271484375 0.17567566666666667 0.3153662109375 0.17658600000000002
1 0.153368896484375 0.226186 0.145841552734375 0.23400666666666667 0.16026904296875 0.2545556666666667 0.167921875 0.24479499999999998 0.153368896484375 0.226186
1 0.529909912109375 0.30360766666666666 0.53149853515625 0.3168356666666666 0.540871826171875 0.31661866666666666 0.5562822265625 0.31054699999999996 0.562160400390625 0.30208966666666665 0.56454345703125 0.29384933333333335 0.56621142578125 0.28773133333333334 0.556917724609375 0.2869103333333333 0.547385498046875 0.290163 0.5372177734375 0.29688533333333333 0.529909912109375 0.30360766666666666
1 0.85104443359375 0.46300766666666665 0.8525966796875 0.47335066666666664 0.859396728515625 0.47274533333333335 0.85791845703125 0.46306 0.85104443359375 0.46300766666666665
1 0.916679931640625 0.5338513333333333 0.899901611328125 0.564773 0.928580078125 0.5655803333333334 0.949423828125 0.5332956666666666 0.916679931640625 0.5338513333333333
1 0.85747509765625 0.5980346666666667 0.84771826171875 0.6025306666666667 0.854074951171875 0.6154443333333334 0.866049072265625 0.609391 0.85747509765625 0.5980346666666667
1 0.846831298828125 0.6112070000000001 0.84964013671875 0.6025306666666667 0.84653564453125 0.5928453333333333 0.837370361328125 0.5924416666666666 0.83470947265625 0.60132 0.838700927734375 0.6106016666666667 0.846831298828125 0.6112070000000001
1 0.821109375 0.5333203333333333 0.81223974609375 0.5470413333333334 0.829683349609375 0.5752903333333333 0.839735595703125 0.55935 0.821109375 0.5333203333333333
1 0.91379736328125 0.7675753333333334 0.90537109375 0.7720663333333334 0.908179931640625 0.7787250000000001 0.917197509765625 0.7746893333333335 0.91379736328125 0.7675753333333334
1 0.884527587890625 0.9222146666666666 0.88704052734375 0.921206 0.886744873046875 0.9177756666666668 0.8848232421875 0.9151526666666667 0.880979736328125 0.9141436666666667 0.87891015625 0.9161613333333333 0.8800927734375 0.9199953333333333 0.884527587890625 0.9222146666666666
1 0.972337158203125 0.8475016666666667 0.955189208984375 0.8816573333333334 0.97041552734375 0.9218113333333334 0.98889404296875 0.8820606666666666 0.972337158203125 0.8475016666666667
1 0.679953125 0.9969653333333334 0.685327392578125 0.995849 0.688481689453125 0.990108 0.689533203125 0.9850049999999999 0.688890625 0.98156 0.68462646484375 0.9834103333333334 0.68123828125 0.9862806666666667 0.679252197265625 0.9921810000000001 0.679953125 0.9969653333333334
1 0.696951904296875 0.9825173333333334 0.693972900390625 0.9910646666666667 0.70250146484375 0.9996666666666667 0.706239990234375 0.9912243333333333 0.696951904296875 0.9825173333333334
1 0.6543671875 0.9605043333333333 0.65074560546875 0.9644336666666666 0.657171142578125 0.9704933333333333 0.660676025390625 0.9661876666666667 0.6543671875 0.9605043333333333
1 0.709920166015625 0.7461196666666666 0.705422119140625 0.7486326666666667 0.70951123046875 0.752779 0.713133056640625 0.7502276666666666 0.709920166015625 0.7461196666666666
1 0.7051884765625 0.5798753333333333 0.71044580078125 0.579716 0.71430126953125 0.577643 0.71114697265625 0.573607 0.707525146484375 0.5733373333333334 0.70425390625 0.5746129999999999 0.70168359375 0.5771646666666667 0.7051884765625 0.5798753333333333
1 0.729138671875 0.5599223333333333 0.721427978515625 0.5643873333333334 0.726218017578125 0.5698093333333334 0.73252685546875 0.563909 0.729138671875 0.5599223333333333
1 0.6815888671875 0.5787396666666667 0.696309326171875 0.5835236666666667 0.6981787109375 0.5830453333333333 0.69607568359375 0.5653443333333333 0.6898837890625 0.5619953333333334 0.685327392578125 0.5616763333333333 0.67726611328125 0.5600816666666666 0.6815888671875 0.5787396666666667
1 0.709628173828125 0.5141479999999999 0.721427978515625 0.5143076666666667 0.731358642578125 0.5068126666666667 0.72551708984375 0.4989986666666667 0.722362548828125 0.49369100000000005 0.7046044921875 0.49134399999999995 0.693388671875 0.4958093333333334 0.69993115234375 0.5071316666666666 0.709628173828125 0.5141479999999999
1 0.69128564453125 0.3342213333333333 0.687430419921875 0.337092 0.691402587890625 0.34538433333333335 0.69549169921875 0.3434706666666667 0.69128564453125 0.3342213333333333
1 0.681355224609375 0.36017933333333335 0.678083984375 0.36882633333333337 0.6828740234375 0.3715373333333334 0.68591162109375 0.36340433333333333 0.681355224609375 0.36017933333333335
1 0.675513671875 0.3886003333333333 0.670957275390625 0.393225 0.677149169921875 0.3999226666666667 0.68380859375 0.39497899999999997 0.675513671875 0.3886003333333333
1 0.73603173828125 0.23355733333333334 0.7282041015625 0.23084633333333332 0.721895263671875 0.23371699999999998 0.71909130859375 0.24057399999999998 0.72867138671875 0.24312566666666666 0.73603173828125 0.23355733333333334
1 0.7863857421875 0.21298599999999998 0.783698486328125 0.218089 0.7902412109375 0.222554 0.7924609375 0.21697266666666667 0.7863857421875 0.21298599999999998
1 0.80157373046875 0.20489366666666667 0.798886474609375 0.20931799999999998 0.80472802734375 0.21282633333333334 0.807064697265625 0.20804233333333333 0.80157373046875 0.20489366666666667
1 0.511421875 0.130367 0.51276513671875 0.112439 0.5142578125 0.08141133333333334 0.487093505859375 0.09797466666666665 0.482018798828125 0.10999433333333333 0.47903369140625 0.15135099999999999 0.511421875 0.130367
1 0.543177978515625 0.06454633333333333 0.5185751953125 0.071015 0.533498291015625 0.086292 0.552958740234375 0.07858466666666666 0.543177978515625 0.06454633333333333
1 0.538741455078125 0.09744 0.538640625 0.08271333333333333 0.529666748046875 0.067987 0.52402001953125 0.08161233333333333 0.52522998046875 0.09620133333333333 0.534506591796875 0.11065266666666668 0.538741455078125 0.09744
1 0.532691650390625 0.04953866666666667 0.52321337890625 0.053943000000000005 0.52724658203125 0.05944833333333333 0.53722900390625 0.054080666666666666 0.532691650390625 0.04953866666666667
1 0.50556787109375 0.044033666666666665 0.501837158203125 0.051465666666666667 0.512222900390625 0.055732333333333335 0.514642822265625 0.04953866666666667 0.50556787109375 0.044033666666666665
1 0.58502294921875 0.18815 0.592282958984375 0.18305766666666667 0.58663623046875 0.17383633333333334 0.580485595703125 0.1741116666666667 0.574234130859375 0.17645133333333335 0.578065673828125 0.18140599999999998 0.578872314453125 0.18677366666666667 0.58502294921875 0.18815
1 0.59107275390625 0.272689 0.583308837890625 0.26993633333333333 0.583107177734375 0.27695533333333333 0.58744287109375 0.2787446666666667 0.59137548828125 0.27695533333333333 0.59107275390625 0.272689
1 0.5250283203125 0.3358726666666667 0.51958349609375 0.329404 0.51595361328125 0.3338083333333333 0.5193818359375 0.339451 0.52482666015625 0.33903833333333333 0.5250283203125 0.3358726666666667
1 0.198111328125 0.48252100000000003 0.187684326171875 0.4889363333333333 0.193371826171875 0.49713066666666667 0.204904541015625 0.488505 0.198111328125 0.48252100000000003
1 0.210592041015625 0.5111473333333333 0.2015869140625 0.518048 0.2030087890625 0.5357306666666667 0.2113818359375 0.5292613333333334 0.210592041015625 0.5111473333333333
1 0.18436669921875 0.6792396666666667 0.161775146484375 0.6847826666666667 0.178521240234375 0.7054843333333334 0.203482666015625 0.6944866666666667 0.18436669921875 0.6792396666666667
1 0.12891455078125 0.7390963333333334 0.1214892578125 0.7413073333333333 0.12923046875 0.7531676666666667 0.135075927734375 0.7514423333333334 0.12891455078125 0.7390963333333334
1 0.16114306640625 0.7581273333333334 0.15000537109375 0.7543033333333333 0.14850439453125 0.7671843333333332 0.15624560546875 0.7740846666666666 0.16051123046875 0.7730066666666666 0.16114306640625 0.7581273333333334
1 0.0821513671875 0.7641653333333334 0.091314453125 0.76244 0.0919462890625 0.758343 0.0905244140625 0.7549503333333334 0.08183544921875 0.7544613333333333 0.076464111328125 0.7557553333333333 0.076780029296875 0.7609306666666666 0.0821513671875 0.7641653333333334
1 0.20190283203125 0.8610746666666668 0.20269287109375 0.8715723333333334 0.212171875 0.8694156666666666 0.212171875 0.8588493333333332 0.20190283203125 0.8610746666666668
1 0.2492978515625 0.7330863333333333 0.250877685546875 0.7289893333333333 0.25103564453125 0.7246763333333334 0.2492978515625 0.721301 0.245822265625 0.7246763333333334 0.245032470703125 0.7307143333333334 0.245980224609375 0.7356739999999999 0.2492978515625 0.7330863333333333
1 0.32907958984375 0.7113066666666666 0.328763671875 0.7063470000000001 0.324656005859375 0.7018880000000001 0.323550048828125 0.7061313333333332 0.324971923828125 0.7126003333333333 0.327499755859375 0.7160506666666667 0.32907958984375 0.7113066666666666
1 0.34456201171875 0.714183 0.3308173828125 0.7119536666666666 0.332081298828125 0.7240293333333334 0.348353515625 0.725539 0.34456201171875 0.714183
1 0.081216796875 0.3182396666666667 0.077855224609375 0.32441000000000003 0.086619384765625 0.3330953333333333 0.090941162109375 0.32637666666666665 0.081216796875 0.3182396666666667
1 0.0450205078125 0.33938466666666667 0.04580078125 0.349646 0.054804931640625 0.34981 0.051443359375 0.33883066666666667 0.0450205078125 0.33938466666666667
1 0.0513232421875 0.48666166666666666 0.029473388671875 0.4966906666666666 0.0325947265625 0.5098003333333334 0.05816650390625 0.4994766666666667 0.0513232421875 0.48666166666666666
1 0.022870361328125 0.51275 0.010624755859375 0.521763 0.01866845703125 0.5306116666666667 0.0325947265625 0.5225823333333334 0.022870361328125 0.51275
1 0.00762353515625 0.48849733333333334 0.012545654296875 0.48653100000000005 0.0177080078125 0.480304 0.021069580078125 0.47407666666666665 0.01098486328125 0.4721103333333333 0.00354150390625 0.4760433333333334 0.000540283203125 0.48653100000000005 0.00762353515625 0.48849733333333334
1 0.017107666015625 0.6570023333333334 0.023470703125 0.6553636666666667 0.025751708984375 0.6504473333333334 0.02611181640625 0.6477076666666667 0.0215498046875 0.6463506666666666 0.017587890625 0.648645 0.015547119140625 0.6543803333333333 0.017107666015625 0.6570023333333334
1 0.015126953125 0.6922103333333333 0.01326611328125 0.7156676666666667 0.041478759765625 0.713701 0.0418388671875 0.6933813333333333 0.015126953125 0.6922103333333333
1 0.035956298828125 0.9272836666666667 0.038357421875 0.9142323333333334 0.026832275390625 0.9095856666666667 0.022870361328125 0.9202373333333334 0.035956298828125 0.9272836666666667
1 0.014586669921875 0.979634 0.008823974609375 0.9996666666666667 0.030673828125 0.9996666666666667 0.034515625 0.976799 0.014586669921875 0.979634
1 0.135061279296875 0.9469333333333334 0.132119873046875 0.958924 0.13836279296875 0.961218 0.142324462890625 0.9507303333333332 0.135061279296875 0.9469333333333334
1 0.1094296875 0.6090593333333334 0.114351806640625 0.6125006666666667 0.11951416015625 0.61332 0.1244365234375 0.606647 0.1187939453125 0.6052903333333334 0.113391357421875 0.6049626666666666 0.1094296875 0.6090593333333334
1 0.12707763671875 0.3048436666666666 0.130198974609375 0.3089403333333333 0.136081787109375 0.30844866666666665 0.142444580078125 0.305827 0.145325927734375 0.30078266666666664 0.14016357421875 0.29779733333333336 0.135361328125 0.29697799999999996 0.131399658203125 0.29992766666666665 0.12707763671875 0.3048436666666666
1 0.181702392578125 0.2993076666666667 0.17942138671875 0.32024733333333333 0.217358642578125 0.325819 0.21891943359375 0.304516 0.181702392578125 0.2993076666666667
1 0.211595947265625 0.16614966666666667 0.20955517578125 0.179423 0.2252822265625 0.181717 0.225762451171875 0.16827999999999999 0.211595947265625 0.16614966666666667
1 0.2327255859375 0.19449899999999998 0.228643798828125 0.18728866666666666 0.2232412109375 0.18024233333333334 0.20955517578125 0.18286433333333332 0.214597412109375 0.19630166666666665 0.226482666015625 0.1977763333333333 0.2327255859375 0.19449899999999998
1 0.2979150390625 0.21795333333333333 0.308119873046875 0.2092683333333333 0.309800537109375 0.20156633333333332 0.307999755859375 0.197142 0.30295751953125 0.19910833333333336 0.292392578125 0.203205 0.291072021484375 0.21189 0.2979150390625 0.21795333333333333
1 0.259437744140625 0.363342 0.254635498046875 0.3553663333333333 0.243590576171875 0.3649806666666667 0.239508544921875 0.3697326666666667 0.244791015625 0.3779263333333333 0.259437744140625 0.363342
1 0.275044677734375 0.413506 0.2767255859375 0.40859 0.27588525390625 0.4044933333333333 0.27216357421875 0.4033463333333333 0.26832177734375 0.40232766666666664 0.264840087890625 0.404657 0.264719970703125 0.41088433333333335 0.268561767578125 0.41334233333333337 0.275044677734375 0.413506
1 0.2372275390625 0.46924200000000005 0.23086474609375 0.4682213333333333 0.224862060546875 0.4782546666666666 0.2300244140625 0.480549 0.2356669921875 0.4759606666666667 0.2372275390625 0.46924200000000005
1 0.21573779296875 0.45842666666666665 0.215377685546875 0.47153599999999996 0.221140380859375 0.4735026666666667 0.22138037109375 0.46039300000000005 0.21573779296875 0.45842666666666665
1 0.20073095703125 0.8455940000000001 0.19929052734375 0.8513293333333333 0.203372314453125 0.8564093333333334 0.21033544921875 0.8559176666666667 0.21789892578125 0.8537873333333333 0.2187392578125 0.8447746666666667 0.219339599609375 0.8417003333333334 0.215257568359375 0.8390390000000001 0.209014892578125 0.8388753333333334 0.202531982421875 0.8418249999999999 0.20073095703125 0.8455940000000001
1 0.204332763671875 0.903296 0.202531982421875 0.9100146666666666 0.214537353515625 0.9100146666666666 0.217058349609375 0.9042793333333334 0.204332763671875 0.903296
1 0.27546484375 0.866167 0.27282373046875 0.862562 0.270422607421875 0.8617426666666667 0.2664609375 0.8612510000000001 0.267541259765625 0.8681333333333333 0.272103515625 0.8710829999999999 0.27654541015625 0.8704276666666666 0.27546484375 0.866167
1 0.26345947265625 0.8279313333333332 0.25781689453125 0.83962 0.263219482421875 0.8425696666666667 0.267661376953125 0.833393 0.26345947265625 0.8279313333333332
1 0.356021484375 0.8340216666666667 0.3559013671875 0.8420513333333334 0.365745849609375 0.8413956666666667 0.365865966796875 0.8345133333333333 0.356021484375 0.8340216666666667
1 0.34197509765625 0.748515 0.34317578125 0.7561646666666667 0.35121923828125 0.7538706666666667 0.34965869140625 0.7476433333333333 0.34197509765625 0.748515
1 0.3896083984375 0.44266099999999997 0.39853662109375 0.4443416666666667 0.39853662109375 0.4398593333333333 0.397818359375 0.43579733333333337 0.397715576171875 0.43271533333333334 0.3943291015625 0.4306143333333334 0.3896083984375 0.42949366666666666 0.387555908203125 0.430194 0.3896083984375 0.44266099999999997
1 0.390531982421875 0.472077 0.394021240234375 0.4696956666666667 0.394431640625 0.46535333333333334 0.39371337890625 0.461291 0.392379150390625 0.45866533333333337 0.3897109375 0.46185133333333334 0.38776123046875 0.46535333333333334 0.388376953125 0.4696956666666667 0.390531982421875 0.472077
1 0.387966552734375 0.49533533333333335 0.39022412109375 0.49379466666666666 0.39135302734375 0.4901526666666667 0.39145556640625 0.4857776666666667 0.38663232421875 0.48637033333333335 0.38416943359375 0.4867906666666667 0.38427197265625 0.49379466666666666 0.387966552734375 0.49533533333333335
1 0.4170087890625 0.542524 0.4073623046875 0.5484356666666667 0.411261962890625 0.554319 0.420395263671875 0.5474553333333333 0.4170087890625 0.542524
1 0.424397705078125 0.6276436666666667 0.419779541015625 0.6375416666666667 0.423781982421875 0.6403433333333334 0.427476318359375 0.6319386666666666 0.424397705078125 0.6276436666666667
1 0.399460205078125 0.7104156666666667 0.401820556640625 0.7029916666666667 0.401102294921875 0.6990696666666666 0.398947021484375 0.6972486666666667 0.39484228515625 0.6957393333333333 0.389916259765625 0.7080346666666666 0.392379150390625 0.7130773333333333 0.3967919921875 0.7123769999999999 0.399460205078125 0.7104156666666667
1 0.382116943359375 0.725404 0.388787353515625 0.7249836666666667 0.39484228515625 0.7223223333333334 0.397613037109375 0.7198009999999999 0.39915234375 0.7171393333333334 0.400075927734375 0.7153183333333333 0.398947021484375 0.7122366666666666 0.398844482421875 0.7104156666666667 0.37226513671875 0.7182600000000001 0.37339404296875 0.7234430000000001 0.376883056640625 0.725684 0.382116943359375 0.725404
1 0.409004150390625 0.877328 0.4111591796875 0.8931156666666668 0.421010986328125 0.8942363333333333 0.4194716796875 0.8788276666666667 0.409004150390625 0.877328
1 0.46524169921875 0.8897536666666667 0.4601103515625 0.8854113333333333 0.454979248046875 0.8830300000000001 0.449437744140625 0.8799483333333332 0.4433828125 0.8861116666666666 0.450669189453125 0.8912946666666667 0.459802490234375 0.8946563333333334 0.46524169921875 0.8897536666666667
1 0.47971142578125 0.8989986666666667 0.47263037109375 0.9037613333333334 0.47735107421875 0.9096446666666668 0.484739990234375 0.904742 0.47971142578125 0.8989986666666667
1 0.493770751953125 0.9062826666666667 0.49387353515625 0.917629 0.505059326171875 0.917909 0.50341748046875 0.9076836666666667 0.493770751953125 0.9062826666666667
1 0.38786376953125 0.9726903333333333 0.38293798828125 0.9799743333333333 0.398126220703125 0.991881 0.40202587890625 0.9858576666666666 0.38786376953125 0.9726903333333333
1 0.43558349609375 0.9453756666666666 0.433941650390625 0.942434 0.4264501953125 0.9530796666666667 0.429118408203125 0.9570019999999999 0.435891357421875 0.9504183333333334 0.43558349609375 0.9453756666666666
1 0.480429931640625 0.9747916666666666 0.480532470703125 0.9812353333333333 0.487100341796875 0.9819356666666667 0.487818603515625 0.9757723333333334 0.480429931640625 0.9747916666666666
1 0.501570068359375 0.9996666666666667 0.493565673828125 0.9904803333333333 0.486382080078125 0.986698 0.4839189453125 0.9851573333333334 0.4756064453125 0.9869783333333333 0.463599609375 0.9942623333333332 0.467396728515625 0.9996666666666667 0.501570068359375 0.9996666666666667
1 0.567664306640625 0.776393 0.56933544921875 0.7852319999999999 0.5772734375 0.7852319999999999 0.575393310546875 0.7772483333333333 0.567664306640625 0.776393
1 0.61846875 0.269239 0.624932861328125 0.26123599999999997 0.627488525390625 0.2509763333333333 0.626436279296875 0.24092166666666667 0.625083251953125 0.23250833333333332 0.61967138671875 0.23132166666666668 0.61440966796875 0.24174233333333334 0.612756103515625 0.24995033333333333 0.61456005859375 0.262262 0.61846875 0.269239
1 0.570813232421875 0.23373966666666668 0.57878076171875 0.23599666666666666 0.589905517578125 0.23045633333333335 0.592010009765625 0.227994 0.589454345703125 0.22239299999999998 0.580735107421875 0.21917033333333333 0.57412060546875 0.22142766666666666 0.56735546875 0.22717333333333334 0.570813232421875 0.23373966666666668
1 0.649301513671875 0.360955 0.648279296875 0.37229133333333336 0.653287841796875 0.3734073333333333 0.654923095703125 0.3629436666666666 0.649301513671875 0.360955
1 0.66218017578125 0.337831 0.66003369140625 0.34090033333333336 0.662384521484375 0.3456436666666667 0.663304443359375 0.34941066666666665 0.66677978515625 0.3508056666666666 0.671685791015625 0.3463413333333333 0.6742412109375 0.342156 0.6742412109375 0.340342 0.675058837890625 0.33688199999999996 0.670970458984375 0.33573800000000004 0.6690283203125 0.3385283333333333 0.66493994140625 0.33657533333333334 0.66218017578125 0.337831
1 0.81988916015625 0.39503666666666665 0.82843359375 0.38386666666666663 0.81302978515625 0.37273 0.80159716796875 0.3853453333333334 0.803281982421875 0.3891233333333333 0.814353515625 0.394544 0.81988916015625 0.39503666666666665
1 0.61169677734375 0.7705893333333333 0.60790771484375 0.7762403333333333 0.614819580078125 0.7847653333333333 0.617900634765625 0.7799913333333334 0.61169677734375 0.7705893333333333
1 0.50902490234375 0.703156 0.5205146484375 0.7010893333333333 0.517753662109375 0.6965910000000001 0.512632080078125 0.6906716666666666 0.507243408203125 0.6913633333333333 0.502612060546875 0.6945243333333333 0.50296826171875 0.7007246666666667 0.50902490234375 0.703156
1 0.48177001953125 0.7685833333333333 0.47615869140625 0.778309 0.482037109375 0.782321 0.4863125 0.7740539999999999 0.48177001953125 0.7685833333333333
1 0.5826396484375 0.8957023333333334 0.57698388671875 0.8977353333333333 0.579923095703125 0.9105006666666666 0.586336181640625 0.9090416666666666 0.5826396484375 0.8957023333333334
1 0.600943359375 0.91354 0.59640087890625 0.9232659999999999 0.601388671875 0.9265483333333333 0.605663818359375 0.917552 0.600943359375 0.91354
1 0.545498291015625 0.960641 0.543494384765625 0.9762873333333334 0.552044921875 0.977503 0.554805908203125 0.963279 0.545498291015625 0.960641
1 0.52977783203125 0.978354 0.5252353515625 0.9818796666666667 0.529955810546875 0.989782 0.5334296875 0.9858916666666667 0.52977783203125 0.978354
1 0.5086240234375 0.5383576666666667 0.50991552734375 0.5465183333333333 0.516773681640625 0.548828 0.51427978515625 0.539467 0.5086240234375 0.5383576666666667
1 0.48568896484375 0.3687413333333333 0.493170654296875 0.36168999999999996 0.489429931640625 0.35561133333333333 0.48613427734375 0.3540306666666667 0.476960205078125 0.355125 0.4702802734375 0.3605956666666667 0.4758916015625 0.367404 0.48568896484375 0.3687413333333333
1 0.49299267578125 0.338576 0.498781982421875 0.3320106666666667 0.4945068359375 0.3264183333333333 0.492012939453125 0.32289266666666666 0.48809375 0.32240633333333335 0.47660400390625 0.328242 0.48052294921875 0.33517166666666665 0.484709228515625 0.33869733333333335 0.49299267578125 0.338576
1 0.506352783203125 0.326783 0.501543212890625 0.32933633333333334 0.504037109375 0.33407766666666666 0.509826416015625 0.3310383333333333 0.506352783203125 0.326783
1 0.506263671875 0.353408 0.5061748046875 0.3467213333333333 0.5036806640625 0.3428123333333333 0.49976171875 0.346843 0.500474365234375 0.351098 0.504393310546875 0.3537726666666667 0.506263671875 0.353408
1 0.358330322265625 0.038022 0.331260498046875 0.042406 0.329998779296875 0.061663333333333334 0.356839111328125 0.058532 0.358330322265625 0.038022
1 0.317955078125 0.030381666666666664 0.3177255859375 0.04193633333333333 0.33217822265625 0.046476666666666666 0.33171923828125 0.03614333333333333 0.317955078125 0.030381666666666664
1 0.344623291015625 0.021925000000000004 0.336651611328125 0.030194 0.3459423828125 0.033795 0.3539716796875 0.026436333333333333 0.344623291015625 0.021925000000000004
1 0.331375244140625 0.00013366666666666667 0.331260498046875 0.009840666666666666 0.34479541015625 0.009997333333333334 0.34605712890625 0 0.331375244140625 0.00013366666666666667
1 0.244086669921875 0.088436 0.245348388671875 0.08593066666666666 0.246610107421875 0.077633 0.2448896484375 0.07137033333333333 0.23949853515625 0.06510766666666667 0.23697509765625 0.06338566666666667 0.235025146484375 0.061625 0.234107666015625 0.07246633333333333 0.236516357421875 0.07841566666666668 0.2411044921875 0.08593066666666666 0.244086669921875 0.088436
1 0.2511982421875 0.06839566666666667 0.246724853515625 0.071527 0.25223046875 0.077633 0.256703857421875 0.075128 0.2511982421875 0.06839566666666667
1 0.25171435546875 0.08417633333333333 0.25257470703125 0.09156700000000001 0.26163623046875 0.09047133333333333 0.25911279296875 0.08311266666666667 0.25171435546875 0.08417633333333333
1 0.316804443359375 0.2841073333333333 0.311861083984375 0.285354 0.314153564453125 0.29435066666666665 0.3198134765625 0.2930796666666667 0.316804443359375 0.2841073333333333
1 0.32110302734375 0.2989266666666667 0.31658935546875 0.29914233333333334 0.317807373046875 0.3055966666666666 0.322392578125 0.3061833333333333 0.32110302734375 0.2989266666666667
1 0.292589111328125 0.45272433333333334 0.28929345703125 0.45174633333333336 0.28549658203125 0.459276 0.289436767578125 0.46044966666666665 0.291227783203125 0.4595693333333334 0.292589111328125 0.45272433333333334
1 0.328410400390625 0.50258 0.318308837890625 0.5056363333333334 0.3202431640625 0.5134596666666666 0.330774658203125 0.5097436666666667 0.328410400390625 0.50258
1 0.611514892578125 0.837737 0.616579833984375 0.8359746666666666 0.617672119140625 0.8329923333333333 0.61797021484375 0.8305523333333333 0.61499072265625 0.829739 0.60942919921875 0.8335346666666666 0.60913134765625 0.8363813333333333 0.611514892578125 0.837737
1 0.6728896484375 0.9336343333333332 0.672194580078125 0.938066 0.67795458984375 0.9384726666666667 0.67785546875 0.9345413333333332 0.6728896484375 0.9336343333333332
1 0.024436279296875 0.04999566666666667 0.009319580078125 0.05175466666666667 0.01709814453125 0.07078566666666666 0.040286865234375 0.06697966666666666 0.024436279296875 0.04999566666666667
1 0.08505029296875 0.07860666666666666 0.0674384765625 0.08281366666666667 0.0684658203125 0.09743766666666666 0.08563720703125 0.09323066666666667 0.08505029296875 0.07860666666666666
1 0.055110107421875 0.12488266666666667 0.055550537109375 0.10144433333333334 0.0439560546875 0.102646 0.04219482421875 0.12127666666666666 0.04571728515625 0.12488266666666667 0.055110107421875 0.12488266666666667
1 0.0780302734375 0.12647366666666665 0.04669921875 0.13175166666666666 0.04808740234375 0.15056333333333333 0.0793193359375 0.143932 0.0780302734375 0.12647366666666665
1 0.11263330078125 0.13215766666666667 0.106486083984375 0.12129300000000001 0.100537109375 0.12566166666666667 0.104503173828125 0.13459366666666667 0.10946044921875 0.13513533333333333 0.11263330078125 0.13215766666666667
1 0.10737841796875 0.11794766666666667 0.112038330078125 0.11172233333333333 0.106386962890625 0.09480533333333334 0.10559375 0.09387999999999999 0.0935966796875 0.09439933333333332 0.08635888671875 0.10441433333333333 0.09498486328125 0.11862433333333333 0.10737841796875 0.11794766666666667
1 0.012988525390625 0.36362966666666663 0.023101806640625 0.364983 0.02786083984375 0.3521263333333333 0.005651611328125 0.3449536666666667 0 0.35659233333333334 0.00198291015625 0.3610583333333333 0.012988525390625 0.36362966666666663
1 0.052846435546875 0.3859766666666667 0.05879541015625 0.38908933333333334 0.0688095703125 0.38827733333333336 0.077137939453125 0.38286400000000004 0.078823486328125 0.3762326666666667 0.08001318359375 0.369835 0.07108984375 0.36865366666666666 0.0607783203125 0.37298466666666663 0.054333740234375 0.37907466666666667 0.052846435546875 0.3859766666666667
1 0.093993408203125 0.3927803333333333 0.089333251953125 0.41128433333333336 0.097562744140625 0.4129083333333333 0.10083447265625 0.39544999999999997 0.093993408203125 0.3927803333333333
1 0.06444677734375 0.4497356666666667 0.0624638671875 0.4424276666666666 0.0607783203125 0.4398563333333333 0.057704833984375 0.4366406666666667 0.05502783203125 0.445405 0.058498046875 0.45487866666666665 0.061868896484375 0.454202 0.06444677734375 0.4497356666666667
1 0.087746826171875 0.49494866666666665 0.089531494140625 0.4857806666666667 0.074857421875 0.487776 0.075254150390625 0.49346 0.07941845703125 0.4952193333333333 0.087746826171875 0.49494866666666665
1 0.087746826171875 0.5063166666666666 0.075055908203125 0.5038806666666666 0.075055908203125 0.5145719999999999 0.088341796875 0.5166023333333334 0.087746826171875 0.5063166666666666
1 0.0502685546875 0.557663 0.031727783203125 0.5565536666666667 0.032223388671875 0.568869 0.050466796875 0.5702223333333333 0.0502685546875 0.557663
1 0.059291259765625 0.812927 0.070395751953125 0.8049423333333334 0.0609765625 0.7960523333333334 0.045509521484375 0.7985816666666666 0.040254638671875 0.8057543333333334 0.0502685546875 0.8118443333333333 0.059291259765625 0.812927
1 0.05354052734375 0.8102663333333333 0.049475341796875 0.8236186666666667 0.0553251953125 0.8283553333333332 0.059786865234375 0.8140096666666666 0.05354052734375 0.8102663333333333
1 0.042981201171875 0.9119980000000001 0.03648681640625 0.9188086666666666 0.04322900390625 0.930312 0.050665283203125 0.9240866666666667 0.042981201171875 0.9119980000000001
1 0.493423095703125 0.5728403333333333 0.490871337890625 0.568407 0.486695556640625 0.569832 0.482635986328125 0.569357 0.478576171875 0.5728403333333333 0.475908447265625 0.582023 0.486463623046875 0.5798063333333333 0.493423095703125 0.5728403333333333
1 0.702349853515625 0.6384543333333333 0.69973046875 0.6371136666666666 0.6937275390625 0.6436686666666667 0.6964560546875 0.648138 0.7030048828125 0.6435196666666666 0.702349853515625 0.6384543333333333
1 0.76853564453125 0.672924 0.768213623046875 0.6688573333333333 0.76660302734375 0.6684256666666667 0.76322119140625 0.6689673333333334 0.762738037109375 0.6738033333333333 0.7650732421875 0.675452 0.76853564453125 0.672924
1 0.12203662109375 0.6283296666666667 0.12332568359375 0.6372976666666667 0.128171875 0.636594 0.126522216796875 0.628149 0.12203662109375 0.6283296666666667
1 0.170345947265625 0.3385433333333333 0.16931494140625 0.35430700000000004 0.17684228515625 0.3555736666666667 0.17735791015625 0.337136 0.170345947265625 0.3385433333333333
1 0.502759033203125 0.3934763333333334 0.499992431640625 0.38970033333333337 0.496435791015625 0.38862166666666664 0.493142333984375 0.39131866666666665 0.494591552734375 0.3968926666666667 0.5003876953125 0.396713 0.502759033203125 0.3934763333333334
1 0.458760009765625 0.212543 0.45731103515625 0.20930633333333332 0.4536884765625 0.2070183333333333 0.44611376953125 0.2103853333333333 0.449406982421875 0.2148806666666667 0.456520751953125 0.21685833333333335 0.458760009765625 0.212543
1 0.484654052734375 0.18045633333333333 0.5047548828125 0.177611 0.510263916015625 0.169685 0.5117529296875 0.16094566666666665 0.506243896484375 0.15911666666666668 0.502521484375 0.15830366666666668 0.486440673828125 0.161962 0.479889404296875 0.16826233333333332 0.47854931640625 0.17720466666666668 0.484654052734375 0.18045633333333333
1 0.46142626953125 0.14285766666666666 0.451152587890625 0.16013266666666667 0.479740478515625 0.183505 0.4831650390625 0.16826233333333332 0.46142626953125 0.14285766666666666
1 0.47572021484375 0.13798 0.472444580078125 0.15200333333333332 0.479293701171875 0.15383233333333335 0.480931640625 0.13899633333333333 0.47572021484375 0.13798