1 0.27096273291015627 0.5148409893333333 0.24508281591796874 0.4600706713333333 0.19979296044921874 0.4742049466666666 0.22179089013671874 0.5236749113333333 0.27096273291015627 0.5148409893333333
1 0.8209109731445312 0.5116607773333334 0.8255693583984375 0.5127208480000001 0.8509316772460938 0.5077738513333334 0.8519668735351562 0.5014134273333333 0.858954451171875 0.4869257953333333 0.8597308486328125 0.4826855126666667 0.8540372670898437 0.47703180199999995 0.8467908901367187 0.47385159 0.8312629399414062 0.473144876 0.8255693583984375 0.474558304 0.8255693583984375 0.4787985866666667 0.8229813666992187 0.48233215533333335 0.8198757763671874 0.48409894000000003 0.817546583984375 0.48339222600000004 0.8110766044921875 0.499293286 0.811853001953125 0.5045936393333333 0.8209109731445312 0.5116607773333334
1 0.8209109731445312 0.5120141340000001 0.825051759765625 0.5130742046666666 0.8504140786132812 0.5081272086666667 0.8524844721679687 0.5 0.8563664594726562 0.4932862193333334 0.8597308486328125 0.4826855126666667 0.8548136645507812 0.4773851593333333 0.8467908901367187 0.47385159 0.8281573500976562 0.47385159 0.8266045546875 0.474558304 0.8258281572265626 0.4787985866666667 0.8232401655273438 0.48233215533333335 0.8196169770507813 0.48409894000000003 0.8172877846679687 0.481625442 0.8157349897460937 0.4893992933333333 0.8108178051757813 0.499293286 0.8110766044921875 0.5035335686666667 0.8209109731445312 0.5120141340000001
1 0.0388198759765625 0.49752650200000004 0.05615942041015625 0.5003533566666667 0.06366459619140626 0.49823321533333337 0.07401656298828126 0.4925795053333333 0.081004140625 0.487279152 0.08281573486328125 0.48233215533333335 0.080745341796875 0.4742049466666666 0.07608695654296875 0.46890459333333334 0.0639233955078125 0.4660777386666667 0.0551242236328125 0.4664310953333334 0.03856107666015625 0.474558304 0.02665631494140625 0.47844523000000005 0.027950310546875 0.481625442 0.02665631494140625 0.48515901066666667 0.02458592138671875 0.486572438 0.02536231884765625 0.487985866 0.0388198759765625 0.49752650200000004
1 0.41666666650390627 0.6851590106666666 0.42779503125 0.6893992933333334 0.44461697705078124 0.6833922259999999 0.45315735009765623 0.6823321553333334 0.454451345703125 0.67844523 0.4404761904296875 0.6625441693333333 0.4285714287109375 0.6583038866666666 0.40760869580078124 0.6639575973333333 0.40450310546875 0.6692579506666667 0.40450310546875 0.67385159 0.4057971015625 0.6756183746666666 0.41666666650390627 0.6851590106666666
1 0.5269151137695313 0.48975264999999996 0.5522774326171875 0.500706714 0.5548654243164063 0.49964664333333336 0.5569358178710937 0.49575971733333335 0.5564182192382813 0.4787985866666667 0.5512422358398438 0.46996466400000003 0.5359730849609375 0.460424028 0.52950310546875 0.45865724399999996 0.519151138671875 0.4519434626666667 0.5150103520507813 0.45159010600000005 0.5139751552734375 0.4621908126666666 0.5194099379882813 0.46996466400000003 0.5214803310546875 0.48303886933333334 0.5269151137695313 0.48975264999999996
1 0.4803046064453125 0.5810992933333333 0.4839720498046875 0.5798159013333333 0.48726319873046875 0.5789173146666667 0.4905546064453125 0.5764784453333334 0.49234109716796876 0.5751946993333333 0.491200828125 0.5710247346666667 0.4904244306640625 0.5653710246666667 0.488297619140625 0.55825159 0.48613483447265626 0.550934982 0.46676345751953124 0.5612038866666667 0.460144927734375 0.5664310953333334 0.45626293994140626 0.5696113073333333 0.4580745341796875 0.5830388693333334 0.4746625258789062 0.5750664313333333 0.4803046064453125 0.5810992933333333
1 0.669254658203125 0.78409894 0.67210144921875 0.7897526500000001 0.6739130434570313 0.7904593639999999 0.6938405795898438 0.7901060073333334 0.706004140625 0.7915194346666667 0.714544513671875 0.7893992933333334 0.708850931640625 0.7593639573333333 0.70729813671875 0.7568904593333333 0.7036749482421875 0.7554770319999999 0.6922877846679687 0.7554770319999999 0.6700310556640625 0.766784452 0.66330227734375 0.7756183746666667 0.6630434780273438 0.780918728 0.669254658203125 0.78409894
1 0.6480331264648438 0.9519434626666666 0.65010351953125 0.954770318 0.6557971015625 0.9583038866666668 0.6759834370117187 0.9551236746666667 0.6871118012695312 0.9505300353333334 0.686594203125 0.9424028266666666 0.6840062109375 0.9342756186666668 0.6819358178710937 0.9300353360000001 0.67779503125 0.9286219079999999 0.6516563149414063 0.9314487633333333 0.6467391303710938 0.9342756186666668 0.6449275361328125 0.9378091873333333 0.6464803310546875 0.945936396 0.6480331264648438 0.9519434626666666
1 0.39803312646484373 0.08621908133333334 0.40243271240234374 0.090459364 0.4099378881835937 0.09540636066666668 0.41770186328125 0.09752650199999999 0.428053830078125 0.09575971733333334 0.433747412109375 0.08939929333333334 0.433747412109375 0.08551236733333334 0.4241718427734375 0.07279151933333333 0.4226190478515625 0.07243816266666667 0.40320910986328123 0.07208480533333333 0.39829192529296875 0.07667844533333333 0.39673913037109376 0.08268551266666667 0.39803312646484373 0.08621908133333334
1 0.33695652197265624 0.8830388693333333 0.34549689453125 0.8809187279999999 0.350155279296875 0.8777385160000001 0.34989648046875 0.8660777386666667 0.3452380952148438 0.844522968 0.33721532080078126 0.844522968 0.3302277431640625 0.849116608 0.329451345703125 0.8512367493333333 0.329451345703125 0.8636042399999999 0.331004140625 0.866784452 0.33126293994140626 0.871378092 0.33695652197265624 0.8830388693333333
1 0.77070393359375 0.7674911659999999 0.7758799169921875 0.7724381626666667 0.8053830229492187 0.7759717313333334 0.8128881987304688 0.7713780920000001 0.8165113872070312 0.7742049466666667 0.8183229814453125 0.77385159 0.82220496875 0.7689045933333334 0.82220496875 0.761130742 0.8188405795898438 0.7558303886666666 0.81469979296875 0.7537102473333332 0.8051242236328126 0.7434628973333334 0.7888198759765624 0.7346289753333334 0.7841614907226563 0.7342756186666667 0.781055900390625 0.7360424026666667 0.7782091098632813 0.7402826853333333 0.7652691513671875 0.764310954 0.7655279501953125 0.7653710246666666 0.77070393359375 0.7674911659999999
1 0.12396480322265625 0.9462897526666667 0.12991718408203126 0.9487632506666667 0.1557971015625 0.9484098940000001 0.15916149072265626 0.9498233213333332 0.16796066259765624 0.9424028266666666 0.16770186328125 0.9399293286666666 0.17184264990234374 0.9300353360000001 0.17210144921875 0.9257950533333332 0.164855072265625 0.9194346286666667 0.157349896484375 0.915194346 0.13716356103515626 0.915194346 0.1301759833984375 0.9180212013333333 0.11878881982421875 0.9300353360000001 0.116200828125 0.9342756186666668 0.1169772255859375 0.9374558306666666 0.12396480322265625 0.9462897526666667
1 0.3286749482421875 0.307067138 0.33203933740234376 0.313427562 0.33695652197265624 0.316607774 0.34109730859375 0.3144876326666667 0.3537784677734375 0.31625441666666665 0.3742236025390625 0.307067138 0.37629399609375 0.300706714 0.37085921337890626 0.2922261486666667 0.36206004150390625 0.28621908133333335 0.3447204970703125 0.28374558333333333 0.3361801240234375 0.286572438 0.31884057958984374 0.29646643133333334 0.32324016552734375 0.302473498 0.3242753623046875 0.30565371 0.3286749482421875 0.307067138
1 0.3892339545898437 0.41236749133333334 0.39673913037109376 0.4162544166666667 0.399844720703125 0.4204946993333333 0.41123188427734375 0.42473498200000004 0.4197722568359375 0.42508833933333334 0.4241718427734375 0.4233215546666667 0.4257246376953125 0.42084805666666664 0.4257246376953125 0.41201413400000003 0.42236024853515625 0.4045936393333333 0.4145962734375 0.396819788 0.40320910986328123 0.38975265 0.39570393359375 0.38763250866666665 0.3881987578125 0.38939929333333334 0.3861283642578125 0.3922261486666666 0.38561076611328127 0.4 0.3892339545898437 0.41236749133333334
1 0.06081780517578125 0.2307420493333333 0.075051759765625 0.24664310933333336 0.1006728779296875 0.25371024733333336 0.10921325048828125 0.254063604 0.12189441015625 0.24876325066666669 0.13069358154296876 0.242756184 0.1257763974609375 0.23604240266666668 0.119047619140625 0.2314487633333333 0.10869565234375 0.22084805666666668 0.0949792958984375 0.215194346 0.083850931640625 0.21448763266666668 0.06030020703125 0.22508833933333336 0.0590062109375 0.22614841000000002 0.0595238095703125 0.22791519466666668 0.06081780517578125 0.2307420493333333
1 0.6071428569335937 0.641342756 0.6154244306640625 0.6448763253333333 0.6224120083007812 0.650883392 0.6229296064453125 0.6526501766666667 0.6270703935546875 0.651590106 0.6356107661132813 0.65795053 0.6433747412109375 0.6597173146666666 0.7016045546875 0.6954063606666667 0.7098861284179687 0.6971731446666666 0.7137681157226563 0.693639576 0.71609730859375 0.6893992933333334 0.7168737060546875 0.680212014 0.71609730859375 0.673144876 0.7098861284179687 0.6575971733333333 0.7067805380859375 0.6533568906666667 0.6840062109375 0.6392226146666666 0.67650103515625 0.633215548 0.6400103520507813 0.6130742046666666 0.6187888198242187 0.60565371 0.6138716357421875 0.6049469966666666 0.6110248447265625 0.606360424 0.6063664594726562 0.619081272 0.6055900620117187 0.638869258 0.6071428569335937 0.641342756
1 0.5150103520507813 0.8328621906666667 0.5227743271484375 0.8325088340000001 0.5274327124023438 0.8303886926666667 0.532349896484375 0.8236749113333334 0.5357142856445313 0.8226148406666666 0.544254658203125 0.8098939926666667 0.5395962734375 0.8074204946666667 0.5359730849609375 0.7982332153333334 0.532349896484375 0.796113074 0.5274327124023438 0.7897526500000001 0.5137163559570312 0.7893992933333334 0.5139751552734375 0.7916961133333332 0.5124223603515625 0.796113074 0.50310558984375 0.8053003533333334 0.501552794921875 0.809540636 0.498447205078125 0.813427562 0.502846791015625 0.8204946993333333 0.5150103520507813 0.8328621906666667
1 0.6472567290039063 0.19752650200000002 0.6601966875 0.19858657266666668 0.6731366459960938 0.18975265000000002 0.6834886127929688 0.17632508866666669 0.6819358178710937 0.17208480533333334 0.6770186333007813 0.16819788 0.6640786748046875 0.16819788 0.6472567290039063 0.18056537133333334 0.64259834375 0.18939929333333336 0.6423395444335938 0.193639576 0.6472567290039063 0.19752650200000002
1 0.7968426499023438 0.6530035333333334 0.8092650102539063 0.655477032 0.8128881987304688 0.6533568906666667 0.8198757763671874 0.6438162546666667 0.8237577641601562 0.6307420493333333 0.8245341616210937 0.622261484 0.8268633540039062 0.615194346 0.8260869565429687 0.6095406360000001 0.8216873706054687 0.606360424 0.82349896484375 0.599293286 0.82220496875 0.5964664313333333 0.81469979296875 0.5950530033333333 0.8095238095703124 0.5957597173333333 0.80150103515625 0.6031802119999999 0.7929606625976563 0.607067138 0.7901138715820313 0.6113074206666667 0.78830227734375 0.6194346286666667 0.791149068359375 0.6212014133333333 0.7929606625976563 0.6275618373333334 0.7950310556640625 0.6484098939999999 0.7968426499023438 0.6530035333333334
1 0.7947722568359376 0.5519434626666667 0.8046066254882812 0.5614840986666666 0.816252587890625 0.5657243813333334 0.8255693583984375 0.5657243813333334 0.847049689453125 0.5530035333333334 0.84549689453125 0.5487632506666666 0.8405797099609374 0.5448763253333333 0.8255693583984375 0.5339222613333333 0.8178053828125 0.5310954066666667 0.8090062109375 0.5310954066666667 0.8038302275390625 0.5328621906666666 0.7862318842773437 0.5409893993333333 0.7833850932617188 0.545229682 0.7947722568359376 0.5519434626666667
1 0.8700828159179688 0.6038869259999999 0.87810558984375 0.6081272086666667 0.8918219462890625 0.6081272086666667 0.9003623188476563 0.6053003533333333 0.9099378881835938 0.5989399293333333 0.91330227734375 0.5950530033333333 0.9135610766601563 0.590459364 0.9114906831054688 0.5862190813333333 0.904244306640625 0.5805653713333334 0.8923395444335938 0.5766784453333333 0.8832815737304688 0.5777385159999999 0.8747412006835937 0.580918728 0.8669772255859375 0.5862190813333333 0.8638716357421875 0.59434629 0.8659420288085937 0.5989399293333333 0.8700828159179688 0.6038869259999999
1 1 0.5294249919999999 0.9958592133789063 0.5240282686666667 0.9888716357421875 0.519787986 0.9873188408203125 0.5155477033333333 0.9829192548828125 0.51590106 0.9785196689453125 0.5201413426666667 0.9702380952148437 0.5204946993333333 0.9666149067382812 0.5226148406666667 0.9497929604492188 0.53639576 0.9479813666992187 0.5406360426666666 0.94720496875 0.5466431093333333 0.9497929604492188 0.554770318 0.9578157348632812 0.5614840986666666 0.9637681157226563 0.5628975266666666 0.9746376811523437 0.5628975266666666 0.991200828125 0.55795053 0.9958592133789063 0.554770318 1 0.5452866746666667 1 0.5294249919999999
1 0.5947204970703125 0.36749116600000004 0.6011904760742187 0.3678445226666667 0.6105072465820313 0.36395759733333327 0.6156832299804688 0.35653710266666666 0.6185300205078125 0.3501766786666667 0.6198240166015625 0.34028268533333333 0.6185300205078125 0.338162544 0.6159420288085937 0.3374558306666667 0.6066252587890625 0.3374558306666667 0.597049689453125 0.34416961133333335 0.5936853002929687 0.34982332133333327 0.589544513671875 0.36254416933333333 0.591356107421875 0.3653710246666667 0.5947204970703125 0.36749116600000004
1 0.8328157348632812 0.9551236746666667 0.8348861284179687 0.9593639573333334 0.842650103515625 0.9639575973333334 0.847049689453125 0.9607773853333333 0.8504140786132812 0.9632508833333333 0.8511904760742187 0.9593639573333334 0.8550724638671875 0.9575971733333334 0.8669772255859375 0.9590106006666667 0.876552794921875 0.9558303886666666 0.88690476171875 0.950883392 0.8977743271484375 0.9424028266666666 0.8879399584960938 0.9371024733333334 0.8742236025390625 0.9250883393333333 0.8548136645507812 0.919787986 0.84549689453125 0.919081272 0.8354037265625 0.9215547700000001 0.825051759765625 0.9265017666666666 0.821946169921875 0.9296819786666667 0.8214285712890625 0.9342756186666668 0.8242753623046875 0.938162544 0.8258281572265626 0.9466431093333334 0.8328157348632812 0.9551236746666667
1 0.29296066259765624 0.1971731446666667 0.29968944091796873 0.20671378066666668 0.30408902685546874 0.20777385133333334 0.313405796875 0.20106007066666667 0.313146998046875 0.19681978800000002 0.3064182192382813 0.18056537133333334 0.299948240234375 0.17279151933333334 0.29166666650390627 0.17667844533333335 0.2895962734375 0.180212014 0.289855072265625 0.18515901066666668 0.29296066259765624 0.1971731446666667
1 0.45755693603515624 0.8568904593333333 0.46273291943359374 0.8607773853333334 0.489648033203125 0.8692579506666666 0.49896480322265624 0.8685512366666667 0.502846791015625 0.864310954 0.5038819877929688 0.8597173146666667 0.5025879916992188 0.8583038866666667 0.5010351967773438 0.858657244 0.488354037109375 0.838869258 0.48628364404296875 0.8381625439999999 0.483954451171875 0.838869258 0.48266045556640624 0.841342756 0.4697204970703125 0.841342756 0.46350931689453123 0.8371024733333333 0.4598861284179688 0.83639576 0.4567805380859375 0.8378091873333333 0.45186335400390626 0.844522968 0.4508281572265625 0.8469964666666666 0.4516045546875 0.8487632506666667 0.45755693603515624 0.8568904593333333
1 0.6343167700195312 0.9053003533333334 0.6389751552734375 0.909540636 0.651397515625 0.9137809186666667 0.6601966875 0.9137809186666667 0.6664078676757812 0.8996466433333333 0.6710662524414063 0.8932862193333334 0.6710662524414063 0.8883392226666667 0.6723602485351563 0.88409894 0.6708074536132812 0.8805653713333332 0.6516563149414063 0.8685512366666667 0.6436335405273438 0.86819788 0.64130434765625 0.8703180213333334 0.641045548828125 0.8734982333333334 0.6330227744140625 0.8925795053333333 0.6327639750976563 0.9017667846666667 0.6343167700195312 0.9053003533333334
1 0.54270186328125 0.8809187279999999 0.561853001953125 0.8805653713333332 0.5724637680664062 0.8678445226666666 0.57220496875 0.8639575973333333 0.5747929604492188 0.8554770319999999 0.5740165629882813 0.8512367493333333 0.56909937890625 0.8462897526666667 0.5512422358398438 0.8498233213333333 0.5434782607421875 0.8604240280000001 0.5393374741210938 0.8724381626666666 0.5395962734375 0.8795053006666667 0.54270186328125 0.8809187279999999
1 0.770445134765625 0.4932862193333334 0.7725155278320313 0.4946996466666667 0.7849378881835938 0.4978798586666667 0.7929606625976563 0.49116607799999995 0.7916666665039063 0.48339222600000004 0.7893374741210938 0.4798586573333334 0.7719979296875 0.46890459333333334 0.7673395444335938 0.46890459333333334 0.7637163559570312 0.47067137800000003 0.760351966796875 0.474558304 0.7608695654296875 0.4795053006666667 0.770445134765625 0.4932862193333334
1 0.15993788818359375 0.671378092 0.16304347802734376 0.6766784453333333 0.17960662548828124 0.6869257953333334 0.1840062109375 0.6855123673333332 0.18995859228515624 0.673144876 0.18995859228515624 0.6692579506666667 0.18788819873046875 0.6657243813333333 0.17158385107421875 0.6480565373333333 0.16718426513671875 0.6480565373333333 0.15993788818359375 0.6600706713333333 0.1550207041015625 0.6646643106666668 0.15709109716796876 0.6689045933333333 0.15993788818359375 0.671378092
1 0.2479296064453125 0.9091872793333333 0.2536231884765625 0.9141342753333334 0.26630434765625 0.9204946993333333 0.27096273291015627 0.9194346286666667 0.27406832275390625 0.909540636 0.2727743271484375 0.9010600706666667 0.2624223603515625 0.8946996466666666 0.2590579711914063 0.8939929326666667 0.25336438916015624 0.893639576 0.24663561083984376 0.896819788 0.24508281591796874 0.9010600706666667 0.24534161474609376 0.9049469966666667 0.2479296064453125 0.9091872793333333
1 0.5556418217773438 0.9593639573333334 0.5701345756835937 0.9667844520000001 0.5732401655273438 0.9724381626666666 0.5771221533203125 0.974558304 0.5797101450195312 0.9692579506666666 0.5861801240234376 0.9660777386666667 0.5898033125 0.9597173146666668 0.605848861328125 0.9583038866666668 0.610248447265625 0.9561837453333333 0.6136128364257812 0.944522968 0.616200828125 0.9424028266666666 0.6061076606445313 0.9339222613333333 0.6017080747070312 0.9353356893333333 0.5942028984375 0.9314487633333333 0.585144927734375 0.9289752653333333 0.5564182192382813 0.9367491166666667 0.5522774326171875 0.9431095406666666 0.5525362319335938 0.954770318 0.5556418217773438 0.9593639573333334
1 0.385351966796875 0.325441696 0.39259834375 0.33074204933333334 0.3949275361328125 0.33392226133333336 0.399844720703125 0.33109540666666665 0.40760869580078124 0.29646643133333334 0.40760869580078124 0.2922261486666667 0.40631469970703127 0.2883392226666667 0.395445134765625 0.28409894 0.391045548828125 0.28445229666666666 0.3892339545898437 0.28692579533333334 0.383799171875 0.30353356866666664 0.382246376953125 0.30459363933333333 0.38198757763671876 0.3144876326666667 0.3832815737304687 0.31802120133333334 0.382246376953125 0.32120141333333335 0.385351966796875 0.325441696
1 0.3949275361328125 0.126855124 0.398550724609375 0.13462897533333334 0.4006211181640625 0.13674911666666667 0.40916149072265623 0.14098939933333332 0.411749482421875 0.14416961133333334 0.4182194619140625 0.14770318 0.4301242236328125 0.14734982333333332 0.42960662548828127 0.14310954066666667 0.4306418217773437 0.138162544 0.429347826171875 0.12720848066666668 0.42210144921875 0.11766784466666667 0.41770186328125 0.10954063600000001 0.40346790869140625 0.10318021200000001 0.39880952392578123 0.10459363933333334 0.394151138671875 0.10989399266666668 0.3944099379882812 0.11943462866666665 0.3949275361328125 0.126855124
1 0.40346790869140625 0.8812720846666666 0.4200310556640625 0.8992932859999999 0.4288302275390625 0.8992932859999999 0.43711180126953125 0.9017667846666667 0.44798136669921873 0.9014134273333334 0.4536749482421875 0.8971731446666666 0.45729813671875 0.8886925793333333 0.45626293994140626 0.8844522966666667 0.4495341616210938 0.8756183746666667 0.436853001953125 0.8678445226666666 0.42831262939453124 0.8650176679999999 0.4200310556640625 0.8650176679999999 0.408643892578125 0.8692579506666666 0.402950310546875 0.8720848053333334 0.4008799169921875 0.877031802 0.40346790869140625 0.8812720846666666
1 0.36206004150390625 0.9098939926666667 0.3654244306640625 0.9113074206666667 0.3840579711914063 0.9109540633333333 0.38690476171875 0.912014134 0.40269151123046876 0.9045936393333333 0.40346790869140625 0.896819788 0.4008799169921875 0.892932862 0.40191511376953126 0.8890459366666668 0.40346790869140625 0.8883392226666667 0.39751552783203126 0.8848056539999999 0.39078674951171877 0.8848056539999999 0.37448240185546877 0.8886925793333333 0.36645962744140625 0.8918727913333334 0.3566252587890625 0.8985865726666666 0.3555900620117188 0.9003533566666667 0.35610766064453125 0.9028268553333334 0.36206004150390625 0.9098939926666667
1 0.216356107421875 0.9300353360000001 0.2199792958984375 0.9314487633333333 0.2241200830078125 0.9307420493333334 0.2287784677734375 0.9219081273333333 0.2285196689453125 0.9176678446666666 0.21299171826171875 0.9056537100000001 0.208850931640625 0.9053003533333334 0.2065217392578125 0.9067137806666666 0.20315735009765626 0.9130742046666666 0.20341614892578125 0.9173144873333334 0.216356107421875 0.9300353360000001
1 0.5271739130859375 0.6371024733333334 0.533643892578125 0.6402826853333333 0.55279503125 0.6402826853333333 0.5561594204101562 0.633215548 0.5659937890625 0.6240282686666667 0.5683229814453125 0.6194346286666667 0.5491718427734374 0.6067137806666666 0.5395962734375 0.606360424 0.5315734990234375 0.6098939926666667 0.5271739130859375 0.6141342753333333 0.520445134765625 0.6272084806666667 0.5214803310546875 0.6310954066666666 0.5271739130859375 0.6371024733333334
1 0.7623993271484375 0.463964664 0.7756211181640625 0.44593639599999996 0.7833850932617188 0.430035336 0.7730331264648438 0.430035336 0.7623993271484375 0.4388261486666667 0.7547639750976562 0.4564908126666667 0.7623993271484375 0.463964664
1 0.9606625258789062 0.20035335666666668 0.9774844721679687 0.19505300333333334 0.9787784677734375 0.149116608 0.9567805380859375 0.15265017666666666 0.9593685297851563 0.19681978800000002 0.9606625258789062 0.20035335666666668
1 0.854554865234375 0.228621908 0.8636128364257812 0.23038869266666664 0.8713768115234375 0.22508833933333336 0.876552794921875 0.21625441666666664 0.8791407866210937 0.20742049466666668 0.8700828159179688 0.20388692600000002 0.8597308486328125 0.20742049466666668 0.8519668735351562 0.21625441666666664 0.854554865234375 0.228621908
1 0.783976966796875 0.39760812733333334 0.8037287783203125 0.4019113073333333 0.8067166147460938 0.39398480533333335 0.8053830229492187 0.3807918726666667 0.7976190478515625 0.3790250886666667 0.7885610766601563 0.38255865733333333 0.7859730849609375 0.393159364 0.783976966796875 0.39760812733333334
1 0.8144409936523438 0.290459364 0.8247929604492188 0.2886925793333333 0.8325569360351562 0.281625442 0.8312629399414062 0.26219081266666666 0.8183229814453125 0.267491166 0.813146998046875 0.2692579506666667 0.8053830229492187 0.27279151933333334 0.7989130434570313 0.27279151933333334 0.80150103515625 0.28692579533333334 0.8144409936523438 0.290459364
1 0.9516045546875 1 0.941252587890625 0.9901060073333333 0.9296066254882812 0.9865724379999999 0.9179606625976563 0.9901060073333333 0.9114906831054688 0.9971731446666666 0.9135610766601563 1 0.9516045546875 1
1 0.34083850927734377 0 0.34083850927734377 0.009540636 0.35119047607421877 0.013074204666666667 0.3667184262695313 0.009540636 0.3616365517578125 0 0.34083850927734377 0
1 0.42530562939453126 1 0.4376293994140625 0.991166078 0.4435817807617187 0.9830388693333333 0.44306418212890625 0.974558304 0.44384057958984374 0.9710247346666667 0.44073498974609376 0.9657243813333333 0.43866459619140624 0.9356890459999999 0.43969979296875 0.9335689046666666 0.43504140771484373 0.9176678446666666 0.4321946171875 0.916607774 0.4285714287109375 0.918374558 0.4197722568359375 0.9176678446666666 0.40786749462890626 0.9091872793333333 0.3995859213867187 0.9091872793333333 0.39751552783203126 0.9123674913333333 0.39078674951171877 0.91590106 0.3889751552734375 0.9212014133333334 0.380952380859375 0.9307420493333334 0.3770703935546875 0.933215548 0.373447205078125 0.9328621906666668 0.37034161474609373 0.9346289753333333 0.366200828125 0.9339222613333333 0.36438923388671873 0.9374558306666666 0.3535196689453125 0.944522968 0.3398033125 0.9590106006666667 0.3341097309570312 0.9671378093333333 0.333850931640625 0.9717314486666667 0.3361801240234375 0.9756183746666667 0.3400621118164063 0.9879858659999999 0.3410397978515625 1 0.42530562939453126 1
1 0.09679089013671875 0.280212014 0.0993788818359375 0.283392226 0.10093167724609375 0.28904593666666667 0.11594202880859375 0.3098939926666667 0.11801242236328124 0.3155477033333333 0.11956521728515625 0.32508833933333336 0.117753623046875 0.32968197866666665 0.12034161474609376 0.33356890466666667 0.12629399609375 0.3378091873333333 0.1358695654296875 0.34204947 0.14751552783203126 0.344522968 0.15450310546875 0.350883392 0.15631469970703124 0.3501766786666667 0.1581262939453125 0.3455830386666667 0.1713250517578125 0.34310954066666666 0.17986542431640626 0.33639576 0.19151138720703126 0.33286219066666667 0.19746376806640625 0.33427561866666666 0.204451345703125 0.33286219066666667 0.2080745341796875 0.329328622 0.21299171826171875 0.3279151946666667 0.23498964794921876 0.3130742046666667 0.241200828125 0.30530035333333333 0.25258799169921875 0.29646643133333334 0.25491718408203123 0.2922261486666667 0.25414078662109374 0.287985866 0.25258799169921875 0.28692579533333334 0.24068322998046876 0.28374558333333333 0.239648033203125 0.2798586573333333 0.23343685302734374 0.274558304 0.23110766064453125 0.2671378093333333 0.2256728779296875 0.26007067133333334 0.22153209130859375 0.2568904593333333 0.20833333349609376 0.25123674933333334 0.205745341796875 0.24876325066666669 0.2049689443359375 0.2448763253333333 0.20703933740234376 0.23427561866666669 0.20833333349609376 0.21342756200000002 0.20626293994140624 0.1971731446666667 0.20471014501953125 0.19469964666666667 0.19979296044921874 0.19505300333333334 0.1920289853515625 0.20176678466666664 0.19021739111328126 0.20954063599999997 0.18504140771484376 0.21696113066666664 0.17908902685546876 0.22932862199999998 0.17080745361328126 0.23816254399999998 0.1669254658203125 0.24805653733333335 0.1625258798828125 0.2530035333333333 0.15916149072265626 0.254770318 0.14673913037109376 0.25335689066666667 0.14285714306640626 0.25441696133333336 0.12525879931640624 0.265017668 0.11749482421875 0.267491166 0.11309523828125 0.26325088333333335 0.10559006201171875 0.261837456 0.10041407861328125 0.258657244 0.09679089013671875 0.258657244 0.0949792958984375 0.2660777386666667 0.09523809521484375 0.27173144866666665 0.09679089013671875 0.280212014
1 0.722049689453125 0.20742049466666668 0.7355072465820313 0.208833922 0.741200828125 0.21307420466666668 0.7510351967773438 0.21660777399999998 0.7543995859375 0.21448763266666668 0.758799171875 0.20671378066666668 0.7637163559570312 0.21060070666666664 0.7701863354492188 0.19929328600000001 0.7820910971679688 0.20247349799999997 0.7890786748046875 0.2021201413333333 0.7906314702148437 0.2 0.7921842651367188 0.192932862 0.7841614907226563 0.141342756 0.7815734990234375 0.138162544 0.7782091098632813 0.13745583066666667 0.7686335405273438 0.13922261466666666 0.7637163559570312 0.13851590133333333 0.751552794921875 0.12261484066666666 0.7399068325195313 0.11448763266666666 0.7230848862304687 0.11413427533333334 0.717650103515625 0.11590105999999999 0.71609730859375 0.118374558 0.7197204970703125 0.133215548 0.7246376811523437 0.14063604266666666 0.7326604555664062 0.15830388666666667 0.726449275390625 0.173144876 0.7129917182617187 0.192932862 0.71169772265625 0.19681978800000002 0.7119565219726562 0.20141342733333334 0.722049689453125 0.20742049466666668
1 0.1609730849609375 0.13356890466666665 0.16356107666015626 0.13922261466666666 0.16640786767578125 0.14063604266666666 0.17624223583984375 0.14028268533333332 0.188146998046875 0.13180212 0.195652173828125 0.12897526533333334 0.20471014501953125 0.13109540666666666 0.21299171826171875 0.128621908 0.216356107421875 0.12614841 0.21739130419921876 0.11802120133333334 0.22308488623046874 0.10954063600000001 0.223602484375 0.09752650199999999 0.22101449267578124 0.092932862 0.21273291943359374 0.093639576 0.20833333349609376 0.086572438 0.20324352978515625 0.09010600733333334 0.15916149072265626 0.10318021200000001 0.15709109716796876 0.107067138 0.15476190478515625 0.12756183733333334 0.1609730849609375 0.13356890466666665
1 1 0.785136926 0.991200828125 0.7795053006666667 0.9666149067382812 0.769964664 0.9575569360351562 0.770671378 0.9415113872070312 0.7805653713333333 0.9376293994140625 0.7844522966666667 0.9363354038085937 0.792932862 0.9342650102539063 0.797526502 0.9363354038085937 0.8049469966666667 0.9376293994140625 0.806360424 0.9420289853515625 0.806360424 0.945652173828125 0.8081272086666667 0.9490165629882813 0.8144876326666668 0.9583333334960937 0.82155477 0.9655797099609374 0.8307420493333334 0.9730848862304687 0.8360424026666666 0.9829192548828125 0.8402826853333333 0.9873188408203125 0.848409894 1 0.8510234013333333 1 0.785136926
1 0.5238095239257813 0.7049469966666667 0.5346790888671875 0.7102473499999999 0.5505509833984376 0.7171204946666667 0.5552849379882813 0.727066078 0.569122412109375 0.7360173146666666 0.582595755859375 0.7375091873333334 0.6022595756835938 0.7340279153333332 0.5934265009765625 0.722968198 0.589544513671875 0.7166077740000001 0.5872153208007812 0.7151943460000001 0.5872153208007812 0.7021201413333333 0.5846273291015625 0.690459364 0.5841097309570312 0.6791519433333334 0.5846273291015625 0.673144876 0.5905797099609374 0.6597173146666666 0.593944099609375 0.6568904593333333 0.5936853002929687 0.6551236746666667 0.5905797099609374 0.6501766786666667 0.5841097309570312 0.6484098939999999 0.5825569360351562 0.6462897526666667 0.5828157348632812 0.6441696113333333 0.5737577641601562 0.6406360426666666 0.5650232919921875 0.6431095406666667 0.5605590063476562 0.6431095406666667 0.5533126293945313 0.6402826853333333 0.5403726708984375 0.6392226146666666 0.52950310546875 0.641342756 0.5261387163085938 0.644522968 0.5258799169921875 0.6600706713333333 0.5243271220703125 0.6671378093333333 0.5199275361328125 0.6752650179999999 0.5144927534179687 0.6805653713333334 0.5126811591796875 0.6855123673333332 0.511645962890625 0.6939929326666667 0.5135437368164063 0.6965840986666667 0.5238095239257813 0.7049469966666667
1 1 0.22885747933333334 0.9997412006835937 0.228621908 0.9948240166015625 0.228621908 0.9831780537109375 0.22332155466666664 0.9554865424804687 0.22190812733333334 0.9516045546875 0.22544169600000002 0.9510869565429687 0.22826855133333335 0.9536749482421875 0.2385159013333333 0.9614389233398437 0.25017667866666665 0.9642857143554687 0.2519434626666667 0.9681677016601562 0.2530035333333333 0.979554865234375 0.251590106 0.983954451171875 0.25229682 0.9904244306640625 0.25053003533333335 0.9976708076171875 0.24628975266666664 1 0.242756184 1 0.22885747933333334
1 0.483453416015625 0.41559045933333333 0.5046749482421875 0.41947738533333334 0.5119213251953125 0.423717668 0.5163209111328125 0.42972473466666666 0.5290020703125 0.42972473466666666 0.5323664594726563 0.42831130733333334 0.5339192548828126 0.4247777386666667 0.5341780537109375 0.41594381599999997 0.5370248447265625 0.40251625466666663 0.5411656313476563 0.39862932866666667 0.5486708076171875 0.396862544 0.56290476171875 0.3897954066666667 0.5660103520507812 0.38378833933333334 0.5688571430664062 0.38131484066666665 0.5696335405273437 0.378487986 0.5678219462890625 0.3728342753333333 0.5636811591796875 0.3668272086666667 0.5561759833984375 0.36082014133333334 0.5209792958984375 0.33820530066666665 0.5147681157226562 0.33679187266666666 0.5041573500976563 0.33714523 0.49535817822265626 0.33361166066666664 0.4930289853515625 0.32725123666666667 0.49328778466796874 0.32442438133333334 0.48811180126953124 0.320537456 0.4855238095703125 0.320537456 0.48293581787109374 0.3226575973333333 0.48293581787109374 0.32583780933333334 0.47931262939453123 0.333258304 0.471548654296875 0.328664664 0.46249068310546876 0.32901802133333335 0.4619730849609375 0.33361166066666664 0.45783229833984374 0.33749858666666666 0.4593850932617187 0.34067879866666667 0.46689026904296876 0.3424455833333333 0.4697370600585937 0.35304629 0.467149068359375 0.3544597173333333 0.45446790869140624 0.3544597173333333 0.4516211181640625 0.35869999999999996 0.45110351953125 0.36223356866666667 0.45550310546875 0.36965406333333334 0.4604202900390625 0.37460106000000004 0.47698343701171875 0.398275972 0.47931262939453123 0.40746325066666667 0.47931262939453123 0.4120568906666667 0.483453416015625 0.41559045933333333
1 0.476449275390625 0.6971731446666666 0.4860248447265625 0.7014134273333335 0.49430641845703127 0.7077738513333334 0.5023291923828125 0.7081272086666667 0.507246376953125 0.7021201413333333 0.5067287783203125 0.696819788 0.50750517578125 0.6939929326666667 0.5036231884765625 0.690459364 0.4963768115234375 0.6780918726666666 0.49378881982421874 0.6766784453333333 0.48421325048828123 0.6745583039999999 0.47826086962890624 0.6756183746666666 0.4699792958984375 0.681625442 0.46868530029296873 0.6855123673333332 0.468944099609375 0.6897526500000001 0.476449275390625 0.6971731446666666
1 0.34733799169921875 0.60394735 0.3456454453125 0.5703173146666667 0.29364363330078125 0.5724992933333333 0.29665269140625 0.6057441693333333 0.34733799169921875 0.60394735
1 0.10726216357421875 0.9176773853333334 0.11198887158203125 0.9146763253333333 0.10924068310546875 0.9058236746666667 0.098578416015625 0.9038731446666667 0.0913234990234375 0.9088247346666667 0.0893998447265625 0.916131802 0.09791873681640625 0.920978092 0.10726216357421875 0.9176773853333334
1 0.12418995849609375 0.896971378 0.11363768115234375 0.8804664313333332 0.10836128369140625 0.886468198 0.12006806396484375 0.9032996466666667 0.12418995849609375 0.896971378
1 0.03658255712890625 0.31207597200000003 0.04548602490234375 0.29977243800000003 0.02229270166015625 0.285068198 0.01250957568359375 0.3024731446666667 0.03658255712890625 0.31207597200000003
1 0.0475745341796875 0.20222579533333332 0.0714275361328125 0.180919788 0.0608752587890625 0.167566078 0.043947205078125 0.1813699646666667 0.0331749482421875 0.18076996466666667 0.02723913037109375 0.19547420466666665 0.0331749482421875 0.19757455799999998 0.0408695654296875 0.19322332133333334 0.04636542431640625 0.20113215533333334 0.0475745341796875 0.20222579533333332
1 0.1643516259765625 0 0.15683669775390624 0.025084098666666665 0.16541071435546875 0.028439222666666666 0.18145936865234374 0.030839929333333335 0.189191208984375 0 0.1643516259765625 0
1 0.2270486171875 0 0.22504321923828124 0.0014194346666666665 0.231748447265625 0.008621554666666666 0.24186128369140625 0.010121908 0.25454551708984374 0 0.2270486171875 0
1 0.3062753623046875 0.13572014133333332 0.30363716357421877 0.11066289733333334 0.2874787783203125 0.11651448733333332 0.29088638720703125 0.14124876333333333 0.3062753623046875 0.13572014133333332
1 0.5614275361328125 0.05627314466666667 0.569350931640625 0.049134982 0.5619821430664063 0.040915548 0.5530287265625 0.04134805666666667 0.5429660971679687 0.04794558333333333 0.5504140786132813 0.05483604266666667 0.5614275361328125 0.05627314466666667
1 0.5886840063476563 0.03821166066666667 0.5970828159179687 0.044268198 0.600727484375 0.040915548 0.6002520703125 0.035507774 0.6077000517578125 0.018419434666666668 0.5981128364257813 0.010632155333333334 0.5885652172851562 0.037797173333333337 0.5886840063476563 0.03821166066666667
1 0.5562021220703125 0.08273533599999999 0.5582619047851562 0.06977738533333333 0.5416938408203125 0.06635477000000001 0.5408879399414063 0.07767879866666666 0.5562021220703125 0.08273533599999999
1 0.535604037109375 0.13421024733333334 0.5402611284179687 0.13274346266666667 0.5412461181640625 0.125408834 0.5379327124023437 0.12357491133333334 0.5296933227539062 0.12369717333333334 0.527454451171875 0.127975972 0.5293351450195313 0.13396572466666667 0.535604037109375 0.13421024733333334
1 0.4117028984375 0.5909028266666667 0.43991304345703125 0.5530070673333333 0.4250468427734375 0.5409049466666667 0.3950452900390625 0.576844876 0.411120859375 0.5897773853333333 0.4117028984375 0.5909028266666667
1 0.4575556416015625 0.5924918726666667 0.46024249462890626 0.5777003533333334 0.4408087475585937 0.575010954 0.4355696171875 0.5894106006666666 0.4575556416015625 0.5924918726666667
1 0.4588095239257812 0.5724438159999999 0.457376552734375 0.5588749113333333 0.41824042431640623 0.5429830386666666 0.39280641845703124 0.549217668 0.40409057958984373 0.5706102473333333 0.43543530029296873 0.5791674913333333 0.4588095239257812 0.5724438159999999
1 0.2722251552734375 0.5386975266666667 0.269471791015625 0.5220190813333334 0.25209057958984377 0.5269522966666667 0.25673706005859376 0.5445699646666667 0.2722251552734375 0.5386975266666667
1 0.08051630419921875 0.4228325086666667 0.07500957568359375 0.3673954066666667 0.07638638720703125 0.34954275599999995 0.06451190478515625 0.33098515933333333 0.06296325048828125 0.34460954066666666 0.0340520185546875 0.36199257933333334 0.04523783642578125 0.37232826866666663 0.04695885107421875 0.3807848053333333 0.04093555908203125 0.38360353333333336 0.04644254638671875 0.4343003533333333 0.08051630419921875 0.4228325086666667
1 0.1701754658203125 0.403570318 0.1729290888671875 0.3488378093333333 0.1378224638671875 0.3420257953333333 0.156150103515625 0.40751378066666666 0.1701754658203125 0.403570318
1 0.11149275341796876 0.6625106006666667 0.121129658203125 0.6455975266666667 0.10030693603515625 0.63855053 0.0903255693359375 0.6603964666666666 0.11149275341796876 0.6625106006666667
1 0.470476611328125 1 0.4807989130859375 0.9895632506666667 0.45636206005859375 0.9529183746666666 0.4437994306640625 0.974294346 0.46398726953125 1 0.470476611328125 1
1 0.4794221015625 0.9670123673333333 0.48028260888671875 0.9641936393333334 0.4844127846679688 0.9597303886666667 0.48802665625 0.951743816 0.49336154248046876 0.953622968 0.5004171840820313 0.9573812719999999 0.5081612319335937 0.9515088340000001 0.5167657866210937 0.9547975266666667 0.5198633540039063 0.951743816 0.520895962890625 0.9301325086666667 0.5174541923828125 0.91204523 0.516421583984375 0.902179152 0.5052357661132812 0.8878501766666667 0.4911242236328125 0.8819773853333333 0.49181262939453124 0.874460424 0.48148706005859376 0.8718766786666666 0.47460351953125 0.8822123673333334 0.47098964794921877 0.8979508833333333 0.4539526396484375 0.8880848053333334 0.44328312646484375 0.914159364 0.4542968427734375 0.9263742046666666 0.45636206005859375 0.9594522966666666 0.4794221015625 0.9670123673333333
1 0.304347826171875 0.9922261486666666 0.3066770185546875 0.9883392226666666 0.3079710146484375 0.9798586573333333 0.299948240234375 0.9738515900000001 0.2983954453125 0.9742049466666667 0.29580745361328126 0.9777385160000001 0.295548654296875 0.987279152 0.304347826171875 0.9922261486666666
1 0.963250517578125 0.9371024733333334 0.9671325053710937 0.9212014133333334 0.964544513671875 0.892932862 0.9567805380859375 0.8893992933333333 0.9438405795898438 0.891166078 0.9438405795898438 0.9194346286666667 0.963250517578125 0.9371024733333334
1 0.595755693359375 0.500706714 0.58669772265625 0.4954063606666667 0.5776397514648437 0.4954063606666667 0.5672877846679687 0.5077738513333334 0.576345755859375 0.518374558 0.5841097309570312 0.518374558 0.5931677016601562 0.5148409893333333 0.595755693359375 0.500706714
1 0.8894927534179687 0.7533568906666666 0.8843167700195312 0.7374558306666666 0.8726708076171875 0.7445229680000001 0.8739648032226562 0.7621908126666667 0.8894927534179687 0.7533568906666666
1 0.3670639233398437 0.565787986 0.364475931640625 0.558720848 0.3489479814453125 0.565787986 0.353476966796875 0.5719717313333333 0.3670639233398437 0.565787986
1 0.5509834370117187 0.7342756186666667 0.5489130434570313 0.71590106 0.53390269140625 0.7257950533333333 0.5349378881835938 0.7406360426666667 0.5509834370117187 0.7342756186666667
1 0.5002587993164063 0.7469964666666666 0.49508281591796877 0.7378091873333333 0.48938923388671873 0.7420494699999999 0.4956004140625 0.7512367493333333 0.5002587993164063 0.7469964666666666
1 0.25336438916015624 0.9392226146666667 0.23990683251953124 0.9307420493333334 0.2285196689453125 0.9378091873333333 0.24301242236328124 0.94770318 0.25336438916015624 0.9392226146666667
1 0.2642339545898437 0.93639576 0.26889233935546875 0.9314487633333333 0.2668219462890625 0.9236749113333333 0.255952380859375 0.9272084806666667 0.2543995859375 0.93639576 0.2642339545898437 0.93639576
1 0.158643892578125 0.9886925793333333 0.188146998046875 0.9681978800000001 0.188146998046875 0.954770318 0.15346790869140625 0.9759717313333334 0.158643892578125 0.9886925793333333
1 0.21713250537109374 0.9632508833333333 0.2067805380859375 0.9590106006666667 0.20729813671875 0.9681978800000001 0.20988612841796875 0.974558304 0.2104037265625 0.981625442 0.21661490673828124 0.981625442 0.21713250537109374 0.9632508833333333
1 0.30286206005859373 0.9411982333333334 0.3038491201171875 0.9270480566666667 0.2885504658203125 0.9250268553333334 0.28805693603515625 0.9371554773333334 0.30286206005859373 0.9411982333333334
1 0.28608281591796875 0.896726502 0.2786801240234375 0.8974 0.27818659423828124 0.9021169613333333 0.279173654296875 0.9061597173333333 0.28558928564453123 0.9095289753333333 0.2910178569335938 0.9061597173333333 0.28608281591796875 0.896726502
1 0.30138147021484374 0.9236791520000001 0.3048359213867187 0.9122240279999999 0.28805693603515625 0.9122240279999999 0.28904373681640627 0.9223314486666666 0.30138147021484374 0.9236791520000001
1 0.4217971015625 0.8104773853333332 0.423770962890625 0.7956533566666667 0.4045243271484375 0.789589046 0.40205667724609373 0.8017180213333333 0.4217971015625 0.8104773853333332
1 0.43610869580078127 0.7801554773333333 0.43018659423828126 0.7821770320000001 0.4272256728515625 0.7889151946666666 0.4267321430664063 0.7949795053333334 0.431173654296875 0.79700106 0.43610869580078127 0.7916106006666667 0.43610869580078127 0.7801554773333333
1 0.3258475673828125 0.8528360426666667 0.3264270185546875 0.8469014133333334 0.32700647021484375 0.84294523 0.323819099609375 0.84294523 0.322080486328125 0.8437363959999999 0.31976242236328123 0.8469014133333334 0.32005227734375 0.8512533566666666 0.322370341796875 0.8524402826666666 0.3258475673828125 0.8528360426666667
1 0.2974197724609375 0.64930424 0.2940087993164063 0.6441816253333333 0.290597826171875 0.639990106 0.28718685302734376 0.642318728 0.28411697705078126 0.6460441693333333 0.2875279501953125 0.6507014133333333 0.2912800205078125 0.6548929326666666 0.2953731884765625 0.6525643106666666 0.2974197724609375 0.64930424
1 0.44885843701171874 0.35372049466666666 0.44811568310546873 0.349158304 0.4473731884765625 0.3435819786666667 0.44588819873046875 0.34104735 0.44069047607421874 0.3395268553333333 0.4399479814453125 0.3471303886666667 0.440319099609375 0.35321342733333333 0.444403208984375 0.3542272086666667 0.44885843701171874 0.35372049466666666
1 0.4504653208007813 0.29470070666666665 0.45203235009765624 0.2908964666666667 0.45133592138671874 0.28685477 0.45011697705078124 0.28447738533333333 0.4483757763671875 0.28542826866666665 0.44646014501953124 0.2880434626666667 0.4461120600585938 0.2906586573333333 0.44663431689453126 0.29422508866666663 0.4483757763671875 0.2982667846666667 0.4504653208007813 0.29470070666666665
1 0.4293954453125 0.297791166 0.4293954453125 0.29303639600000003 0.42190786767578126 0.29612720866666664 0.42173395458984375 0.29993109533333334 0.4293954453125 0.297791166
1 0.5289844721679687 0.152443816 0.524879140625 0.146091166 0.5180367495117187 0.15505971733333332 0.5218685297851563 0.15879646666666666 0.5289844721679687 0.152443816
1 0.4184140786132812 0.024269258 0.42032996875 0.017916608 0.41458255712890624 0.017169258 0.40856133544921874 0.02613780933333333 0.41458255712890624 0.027632508666666666 0.4184140786132812 0.024269258
1 0.442772515625 0.028006007333333333 0.4383933745117187 0.023521908 0.4310038818359375 0.03734841 0.4359301240234375 0.040711307333333335 0.442772515625 0.028006007333333333
1 0.41468737060546873 0.16696395733333333 0.41610766064453125 0.15920742066666665 0.41326708056640626 0.153390106 0.40853312646484374 0.1546830386666667 0.405219203125 0.163085866 0.4080597827148438 0.16954947 0.41468737060546873 0.16696395733333333
1 0.7502512939453125 0.38632296800000004 0.7472368012695313 0.38161908133333333 0.7412078159179688 0.3822070673333334 0.7369013974609375 0.38749894 0.740777173828125 0.3927908126666667 0.7450835922851563 0.3922028266666667 0.7502512939453125 0.38632296800000004
1 0.7989138198242187 0.5268519433333333 0.8010670288085937 0.5245 0.7954686850585938 0.5197961133333333 0.7894396997070312 0.5227360426666666 0.7868558486328125 0.5268519433333333 0.7903009833984375 0.5303798586666667 0.7954686850585938 0.5297918726666667 0.7989138198242187 0.5268519433333333
1 0.7713527431640625 0.5891784453333333 0.7717833852539062 0.5803586573333334 0.768768892578125 0.5762427560000001 0.7623092651367187 0.5785946993333334 0.7571415629882813 0.5803586573333334 0.7558496376953125 0.58565053 0.7588641303710938 0.5915303886666666 0.7588641303710938 0.5927063606666666 0.7610173393554688 0.59564629 0.7648931157226563 0.593294346 0.7713527431640625 0.5891784453333333
1 0.9138951865234375 0.525675972 0.9160483955078125 0.5215600706666667 0.914325828125 0.516856184 0.91001941015625 0.51450424 0.9048517080078124 0.5150922259999999 0.9035597827148437 0.5203840986666667 0.9061436333007813 0.5227360426666666 0.9104500517578125 0.5245 0.9138951865234375 0.525675972
1 0.84542313671875 0.431009894 0.8480069877929688 0.42689399266666667 0.8424086440429688 0.422778092 0.83422644921875 0.42630600733333335 0.82862810546875 0.4351257953333333 0.8355183745117187 0.4351257953333333 0.8393941513671875 0.43630176666666665 0.84542313671875 0.431009894
1 0.8651651137695312 0.8743236746666666 0.8602748447265625 0.871541696 0.8549772255859375 0.8743236746666666 0.8541622670898438 0.8787749113333333 0.8594598862304688 0.8804441693333334 0.8635349379882813 0.8804441693333334 0.8651651137695312 0.8743236746666666
1 0.7478015009765625 0.7947579506666667 0.7469865424804687 0.7908628973333333 0.7416889233398437 0.7897501766666666 0.738428830078125 0.7908628973333333 0.7359836958007813 0.7958706713333332 0.7372062631835937 0.7997653713333334 0.7396513974609376 0.7997653713333334 0.7449490166015625 0.79865265 0.7478015009765625 0.7947579506666667
1 0.926699275390625 0.7619300353333333 0.9295520185546875 0.7591480566666667 0.9332194619140625 0.758034982 0.9340344204101563 0.7546968199999999 0.9324045029296875 0.7508017666666666 0.9287368012695313 0.7502455833333334 0.9254767080078125 0.7530275620000001 0.92140165625 0.7546968199999999 0.9226242236328125 0.7591480566666667 0.926699275390625 0.7619300353333333
1 0.914953416015625 0.9830491166666667 0.9216309521484375 0.9721084806666667 0.9196278466796876 0.9566091873333333 0.9182921840820313 0.9502272086666667 0.9089438408203125 0.960256184 0.905605072265625 0.965726502 0.9022663041992187 0.9766671379999999 0.9062727744140625 0.9912547700000001 0.914953416015625 0.9830491166666667
1 0.84216899609375 0.8991706713333333 0.8408335922851562 0.8900533566666666 0.8354917182617188 0.8845830386666667 0.8274787783203125 0.8882300353333333 0.82814648046875 0.8964356893333334 0.8348240166015625 0.900082332 0.84216899609375 0.900994346 0.84216899609375 0.8991706713333333
1 0.7521335405273437 0.08411943466666667 0.7537085922851563 0.077668198 0.7474089028320312 0.077668198 0.7421591616210937 0.08196890466666666 0.7426842651367187 0.09057031800000001 0.7495087993164062 0.09272049466666665 0.7521335405273437 0.08411943466666667
1 0.7353346274414062 0.0016904593333333334 0.7300851450195313 0.00025689066666666666 0.7243105590820312 0.0009738513333333333 0.7138110766601562 0.02104346266666667 0.7248354038085938 0.023910600666666667 0.7353346274414062 0.0016904593333333334
1 0.7584332299804688 0.033228622 0.7573832817382813 0.029644522666666666 0.7526586440429688 0.024627208666666667 0.7416343168945313 0.03179505333333333 0.7505587475585938 0.03967950533333334 0.7584332299804688 0.033228622
1 0.9397236025390625 0.259835336 0.941494306640625 0.25560424 0.9401661489257812 0.2507685513333333 0.935296583984375 0.248955124 0.9255571948242187 0.24774629 0.9149321948242187 0.245328622 0.9158178051757813 0.256813074 0.9251143891601562 0.259835336 0.93352562109375 0.26225300333333335 0.9397236025390625 0.259835336
1 0.93365476171875 0.301281272 0.9322481884765625 0.301281272 0.9378747412109375 0.302817668 0.9406881469726562 0.30243356866666665 0.9406881469726562 0.29859222599999996 0.9364681674804688 0.290909894 0.9328108178710938 0.28591590133333333 0.9283095239257813 0.28898904599999997 0.9294347827148437 0.29628763266666663 0.9325295029296875 0.3008971733333333 0.93365476171875 0.301281272
1 0.8956744306640625 0.3204876326666667 0.9018638715820313 0.31895123666666664 0.906927794921875 0.31895123666666664 0.9105851450195313 0.31472579533333334 0.9063651655273437 0.30857950533333334 0.8993317807617187 0.308963604 0.8897663041992188 0.30934805666666665 0.8877971015625 0.31549399266666667 0.888078416015625 0.31933533599999997 0.8956744306640625 0.3204876326666667
1 0.11491511376953124 0.083771378 0.12460973095703125 0.06099081266666667 0.1303545546875 0.047028622000000006 0.12766149072265626 0.03649576 0.11958281591796875 0.03796537133333333 0.106477484375 0.059275971999999996 0.10109161474609375 0.058051236666666665 0.09786024853515625 0.07176855133333333 0.11491511376953124 0.083771378
1 0.264999482421875 0.6969254420000001 0.27200103515625 0.670960424 0.23878856103515625 0.6569982333333333 0.23343452392578126 0.684162544 0.264999482421875 0.6969254420000001
1 0.21580900634765626 0.6910466433333333 0.2154500517578125 0.6979053006666667 0.225503623046875 0.7030491166666667 0.23699327099609374 0.7040289753333333 0.2483033125 0.6888420493333333 0.2430970498046875 0.6834530033333334 0.22981211181640626 0.676594346 0.22011775341796874 0.6792890460000001 0.21670678076171876 0.689331802 0.21580900634765626 0.6910466433333333
1 0.7037769150390625 0.49764346266666665 0.68980020703125 0.49764346266666665 0.6842883022460937 0.5065106006666666 0.705745341796875 0.5056462899999999 0.7037769150390625 0.49764346266666665
1 0.7059422875976562 0.17889222600000002 0.7092888198242188 0.172174558 0.7049580747070312 0.16921872799999998 0.6949184780273437 0.16814416933333332 0.6903907866210938 0.17324947000000002 0.6882254140625 0.18050459333333332 0.699544513671875 0.184724028 0.7059422875976562 0.17889222600000002
1 0.5390196689453125 0.32255159 0.5339495341796875 0.31101731466666666 0.526223861328125 0.292232862 0.5158423911132812 0.2876194346666667 0.5083581782226563 0.288937456 0.506426759765625 0.3057445226666667 0.51149689453125 0.31431272066666666 0.5182567290039063 0.32584699666666667 0.528155279296875 0.33243816266666665 0.5393817290039062 0.3348063606666667 0.5390196689453125 0.32255159
1 0.5846495859375 0.29948303866666665 0.571854037109375 0.29585795066666665 0.5672668217773438 0.30508551266666667 0.5725781572265625 0.30838091866666667 0.5806661489257813 0.30909469933333333 0.5846495859375 0.29948303866666665
1 0.5112554345703125 0.26784629 0.4861467392578125 0.247743816 0.480352484375 0.2605961133333333 0.5046162006835937 0.2799215546666667 0.5112554345703125 0.26784629
1 0.5011154243164062 0.2820169613333333 0.4950797099609375 0.27278939933333335 0.4793869047851563 0.28827844533333336 0.48723317822265627 0.297721908 0.5011154243164062 0.2820169613333333
1 0.612172619140625 0.910616608 0.602274068359375 0.8773321553333333 0.5863398032226562 0.8852413426666667 0.5976868530273437 0.9187628973333334 0.612172619140625 0.910616608
1 0.6425923911132813 0.8456954066666668 0.6425923911132813 0.8367975266666667 0.6326938408203125 0.8255925793333334 0.6194153725585938 0.8150469966666666 0.588995341796875 0.8110925793333335 0.5979283125 0.8377862193333334 0.6266581264648438 0.8515166080000001 0.6425923911132813 0.8456954066666668
1 0.6358325571289063 0.8246038866666666 0.6466966875 0.8430590106666667 0.6744611801757813 0.829760424 0.6640797099609375 0.8097742046666667 0.6358325571289063 0.8246038866666666
1 0.8167456391601563 0 0.8166946171875 0.00008162533333333334 0.8185305380859375 0.009931095333333332 0.8207634575195313 0.01455371 0.8240380434570312 0.011900706666666667 0.8266607143554687 0.007065724666666667 0.8257025727539062 0 0.8167456391601563 0
1 0.6980610766601563 0.110121908 0.6850434780273438 0.10710318 0.6803768115234375 0.14299257933333334 0.6927140268554688 0.14634028266666665 0.6980610766601563 0.110121908
1 0.6128328159179688 0.15204876333333334 0.6150434780273437 0.129575972 0.6116048134765625 0.11179894 0.5998154760742187 0.115824028 0.599078416015625 0.13460742066666667 0.5998783642578125 0.152625442 0.6128328159179688 0.15204876333333334
1 0.5852999482421875 0.09294416933333334 0.595797619140625 0.093230742 0.5939081264648437 0.07889505333333333 0.5729127846679688 0.07860848066666667 0.57482686328125 0.092464664 0.5852999482421875 0.09294416933333334
1 0.6493354038085938 0.14029752666666667 0.6337989130859375 0.11879399266666667 0.6077650102539063 0.14574523 0.621719203125 0.165444876 0.6493354038085938 0.14029752666666667
1 0.5708134057617188 0.18875229666666665 0.5773219462890625 0.17671024733333335 0.5794213251953125 0.16925583066666666 0.5727028984375 0.16495512399999998 0.559055900390625 0.16724876333333333 0.5508677534179688 0.17011590133333335 0.5405802275390625 0.18817879866666665 0.5479285712890625 0.1896123673333333 0.5596858178710937 0.19161943466666667 0.5666288818359375 0.19141307400000002 0.5708134057617188 0.18875229666666665
1 0.5913887163085938 0.2777250886666667 0.5953778466796875 0.273137456 0.5999966357421875 0.26883674933333335 0.600626552734375 0.2631024733333333 0.595797619140625 0.2593752653333333 0.5882393891601563 0.263675972 0.583830486328125 0.27256395733333333 0.58925517578125 0.27603427533333336 0.5913887163085938 0.2777250886666667
1 0.5708134057617188 0.16524169600000002 0.5775318325195312 0.15549328599999998 0.5708134057617188 0.15033250866666667 0.55317727734375 0.15721378066666666 0.5498180639648438 0.16610176666666665 0.5564632504882813 0.16857879866666667 0.5708134057617188 0.16524169600000002
1 0.6816679604492187 0.06704841 0.6822978779296875 0.05988056533333333 0.6764192548828125 0.05586678466666667 0.6713804345703125 0.05844699666666667 0.6726400102539063 0.067621908 0.6787769150390625 0.07097385133333332 0.6816679604492187 0.06704841
1 0.6873366977539063 0.013719787999999998 0.687546583984375 0.008558657333333334 0.6808281572265625 0.003971378 0.67452976171875 0.007125088666666666 0.6751594204101562 0.01314629 0.6814003623046875 0.015455124 0.6873366977539063 0.013719787999999998
1 0.7148405795898437 0.04067067133333333 0.6946850415039062 0.044111307333333336 0.7005636645507812 0.06590176666666667 0.702453416015625 0.070489046 0.720719203125 0.06733533600000001 0.7148405795898437 0.04067067133333333
1 0.70717727734375 0.021797173333333333 0.7036488095703125 0.016350176666666667 0.6996601967773437 0.02074947 0.7021335405273438 0.025940282666666665 0.70717727734375 0.021797173333333333
1 0.7150012939453125 0.502679152 0.7202171323242188 0.5039360426666666 0.7133136645507813 0.48948056533333334 0.701347826171875 0.48927102466666667 0.7031886645507812 0.49471802133333337 0.6992000517578125 0.49429893999999996 0.7045693583984375 0.5087544166666667 0.7184270185546875 0.5101257953333332 0.7150012939453125 0.502679152
1 0.6906092133789062 0.4551226146666667 0.65762603515625 0.43961978799999996 0.6488814702148438 0.45952226133333335 0.6848819877929687 0.474793286 0.6906092133789062 0.4551226146666667
1 0.6875408901367187 0.48253356866666663 0.6826317290039062 0.4766678446666667 0.6662168735351562 0.467030742 0.6570121635742188 0.4666116606666667 0.6487282607421875 0.46640212 0.6396770185546875 0.4735250886666667 0.6737339545898438 0.49279929333333333 0.6856006728515625 0.4934409893333333 0.6875408901367187 0.48253356866666663
1 0.6475007763671875 0.5886402826666667 0.6491884057617188 0.5764893993333333 0.6323134057617188 0.5727183746666666 0.6312101450195312 0.5840621906666666 0.6475007763671875 0.5886402826666667
1 0.6823250517578126 0.623274558 0.666370341796875 0.610914134 0.6580861801757812 0.6201321553333333 0.6750579711914062 0.6311720846666666 0.6823250517578126 0.623274558
1 0.6999671323242187 0.3649378093333333 0.6806374223632813 0.36200494666666666 0.6623817290039062 0.41417031800000004 0.6817670805664062 0.41721448733333333 0.6999671323242187 0.3649378093333333
1 0.7378592133789063 0.354186926 0.7429218427734375 0.352929682 0.7404673911132813 0.34580671399999996 0.7366319877929688 0.34601625466666663 0.732950310546875 0.3470639573333334 0.73202976171875 0.3495777386666667 0.7332826088867187 0.35407420466666667 0.7378592133789063 0.354186926
1 0.7200639233398437 0.6035148406666666 0.7321832299804687 0.599743816 0.728347826171875 0.590944876 0.7223649067382812 0.5810985866666667 0.7143876811523437 0.5645480566666666 0.7068706005859375 0.5528159013333334 0.6985864389648437 0.5456929326666666 0.676495341796875 0.5544918726666667 0.6824782607421875 0.5670618373333334 0.6895351967773438 0.582565018 0.6973592133789063 0.5947159013333333 0.706925724609375 0.6063084806666666 0.7200639233398437 0.6035148406666666
1 0.7921664077148437 0.6007915193333333 0.789251552734375 0.5942968200000001 0.7838822465820312 0.5882215546666666 0.7778993271484375 0.5852883393333334 0.7762116977539063 0.59555371 0.781120859375 0.6001628973333333 0.784802794921875 0.6058194346666667 0.7895900620117188 0.6092530033333333 0.7921664077148437 0.6007915193333333
1 0.596069099609375 0.6355261486666667 0.5915173393554688 0.625331802 0.5836881469726563 0.6141431093333333 0.5773157348632812 0.6104134273333334 0.5723995859375 0.6166293286666666 0.5747665629882812 0.6312992933333333 0.5835062109375 0.644228622 0.5957567290039063 0.6453346286666667 0.596069099609375 0.6355261486666667
1 0.5829598862304688 0.54245477 0.5836881469726563 0.5362388693333333 0.5791363872070312 0.5335038866666666 0.573674171875 0.5377307419999999 0.5727639750976562 0.5441954066666667 0.5784096791992187 0.5471003533333333 0.5829598862304688 0.54245477
1 0.5698506728515625 0.5889508833333333 0.573674171875 0.58024841 0.5674836958007813 0.5757727913333334 0.5547386127929688 0.5752756186666667 0.5452707041015625 0.5812431093333333 0.5376237060546875 0.592183392 0.5443605073242187 0.5981508833333333 0.556195134765625 0.59914523 0.5667502587890625 0.5936936393333334 0.5698506728515625 0.5889508833333333
1 0.5873297099609375 0.5914374560000001 0.5798646479492188 0.5757727913333334 0.5709430639648437 0.5795024733333333 0.5772722568359375 0.5960233213333334 0.5873297099609375 0.5914374560000001
1 0.5336182709960937 0.7716522966666667 0.5179598862304687 0.7535014133333334 0.513225931640625 0.770160424 0.528075310546875 0.7862791520000001 0.5336182709960937 0.7716522966666667
1 0.5667554345703125 0.7594685513333334 0.5631138715820313 0.7492745580000001 0.5569233955078124 0.751263604 0.5604940478515625 0.7614296819999999 0.5667554345703125 0.7594685513333334
1 0.57549482421875 0.801280212 0.570396998046875 0.790091166 0.5565592651367187 0.7784049466666667 0.5476376811523438 0.789842756 0.5560131987304687 0.8025233213333333 0.5667502587890625 0.8130703180000001 0.57549482421875 0.801280212
1 0.5818674946289063 0.8112257953333333 0.5829598862304688 0.7908371026666667 0.5860551240234375 0.7746756186666667 0.5696684780273438 0.7709459366666667 0.5680300205078125 0.786113074 0.5684565219726563 0.8099643106666667 0.5818674946289063 0.8112257953333333
1 0.6397668217773438 0.7751727913333334 0.6404950830078125 0.7639837453333332 0.63084523828125 0.7634865726666666 0.62959730859375 0.7754074206666666 0.6397668217773438 0.7751727913333334
1 0.6288423911132812 0.7498113073333333 0.6279319360351563 0.7406116606666666 0.6142763974609375 0.7406116606666666 0.615094203125 0.7490045933333334 0.6288423911132812 0.7498113073333333
1 0.6292065219726563 0.9921865726666667 0.6262932192382813 0.9785113073333334 0.6213773291015625 0.9757763253333332 0.6124557451171875 0.974532862 0.6037163559570312 0.9752787986666667 0.60134937890625 0.9874621906666666 0.607175724609375 0.9882081273333333 0.6099754140625 0.9975021199999999 0.6292065219726563 0.9921865726666667
1 0.1796283642578125 0.4834434626666667 0.19785662548828126 0.46589576000000005 0.21967106640625 0.4483480566666666 0.24029011376953124 0.4283519433333333 0.24029011376953124 0.414069258 0.23521014501953125 0.3961134273333333 0.220268892578125 0.37530106 0.19606366455078125 0.394889046 0.15452665625 0.42794416933333335 0.135103001953125 0.44589964666666665 0.14526319873046875 0.46834416933333334 0.15871040380859375 0.48507561866666665 0.166950310546875 0.49767561866666665 0.1796283642578125 0.4834434626666667
1 0.2384971533203125 0.456509894 0.23491123193359376 0.436105654 0.21429218408203124 0.443859364 0.21875724658203125 0.46644982333333335 0.2384971533203125 0.456509894
1 0.20861438916015626 0.402920848 0.2241534677734375 0.40781802133333334 0.2453700830078125 0.3894540633333334 0.23192313671875 0.374355124 0.22265942041015624 0.35966395733333334 0.22773938916015626 0.3449731446666666 0.22714182177734374 0.3310982333333333 0.20980978271484374 0.32416077733333337 0.1981555380859375 0.33395477 0.19546609716796876 0.354767138 0.19755797119140625 0.37190671399999997 0.20288845751953125 0.38806678466666666 0.20861438916015626 0.402920848
1 0.290375517578125 0.025682332 0.29448938916015627 0.016631448666666666 0.28466200830078126 0.011949823333333331 0.2759772255859375 0.014134628666666666 0.27163509326171875 0.02100106 0.2791658901367188 0.028093286000000002 0.290375517578125 0.025682332
1 0.364652173828125 0.12181024733333333 0.35848136669921876 0.113071378 0.36236671826171873 0.09809045933333334 0.3582528466796875 0.09309682 0.34568297119140623 0.10620494666666667 0.345454451171875 0.12337067133333333 0.3555546064453125 0.13580353333333334 0.364652173828125 0.12181024733333333
1 0.13867313671875 0.14772826866666666 0.14781495849609375 0.15084946999999999 0.15032893359375 0.14117420466666666 0.1418726708984375 0.13742897533333334 0.12861723583984375 0.13243533600000001 0.12198938916015625 0.14616784466666666 0.13674068310546875 0.151886926 0.13867313671875 0.14772826866666666
1 0.14964337451171875 0.2073399293333333 0.1594704970703125 0.19423144866666667 0.16061335400390625 0.18362014133333332 0.164269927734375 0.17113604266666668 0.13913017578125 0.17238445200000002 0.13501656298828124 0.18174734999999997 0.1277031572265625 0.19922508866666666 0.1261032607421875 0.20983674933333335 0.13181677001953124 0.21108515933333336 0.1450724638671875 0.20952473466666666 0.15032893359375 0.20765194333333334 0.14964337451171875 0.2073399293333333
1 0.071004845703125 0 0.0674754140625 0.006520848 0.07727355078125 0.010778445333333333 0.0872225673828125 0.008325795333333334 0.0920366943359375 0 0.071004845703125 0
1 0.09820626318359375 0.08423356866666666 0.096573240234375 0.07348833933333333 0.086626552734375 0.07957067133333334 0.08768633544921875 0.09285547733333334 0.09820626318359375 0.08423356866666666
1 0.021750517578125 0.471173498 0.02724352978515625 0.46813250866666667 0.02798576611328125 0.455360424 0.014030796875 0.4586038866666667 0.01905227734375 0.4733975266666666 0.021750517578125 0.471173498
1 0.04683980322265625 0.685285866 0.0532236025390625 0.6712971733333333 0.03733850927734375 0.662782332 0.0262041923828125 0.6704862193333333 0.028728001953125 0.690557244 0.04084834375 0.6931116606666666 0.04683980322265625 0.685285866
1 0.0622795029296875 0.6485586573333333 0.05441123193359375 0.636394346 0.0460975673828125 0.63274523 0.043870859375 0.6469367493333333 0.0481759833984375 0.6568706713333333 0.05986180126953125 0.6592363960000001 0.0622795029296875 0.6485586573333333
1 0.0519746376953125 0.5798371026666667 0.0379979296875 0.5744243813333333 0.02756754638671875 0.600205654 0.042776138671875 0.6028607773333333 0.0519746376953125 0.5798371026666667
1 0.0963040888671875 0.6100342753333333 0.08462189453125 0.5949356893333334 0.071270962890625 0.598069258 0.0822005693359375 0.6130925793333334 0.0963040888671875 0.6100342753333333
1 0.14605719482421875 0.5982116606666666 0.14918633544921875 0.5969296820000001 0.14845600390625 0.5882409893333334 0.1368783642578125 0.5900925793333334 0.13824145947265626 0.5981897526666666 0.14605719482421875 0.5982116606666666
1 0.24148136669921874 0.5943664313333333 0.23786671826171876 0.5900469966666667 0.22898058984375 0.5830540633333333 0.2202450830078125 0.5846992933333334 0.21135895458984374 0.5898413426666667 0.2149736025390625 0.5947777386666666 0.2212994306640625 0.5974515899999999 0.22928467919921874 0.5987925793333333 0.24148136669921874 0.5943664313333333
1 0.253778208984375 0.605124028 0.2521156831054687 0.5985657246666667 0.24916045556640626 0.5960431093333334 0.24435766064453124 0.603358304 0.24995833349609375 0.615189046 0.253778208984375 0.605124028
1 0.172280796875 0.5854904593333333 0.17465890283203125 0.5771600706666666 0.17341821923828124 0.5713713779999999 0.1675248447265625 0.574618728 0.1653537783203125 0.5813961133333333 0.1682487060546875 0.5874671379999999 0.172280796875 0.5854904593333333
1 0.3287520703125 0.14819363933333332 0.3239360766601562 0.13976749133333333 0.31776604541015624 0.13853427533333332 0.311445134765625 0.14243922266666667 0.3137026396484375 0.146960424 0.31761542431640627 0.15230388666666667 0.32147230859375 0.152722968 0.3287520703125 0.14819363933333332
1 0.38536464794921876 0.25954310933333335 0.38330641845703123 0.253218728 0.38073369580078126 0.24654310933333332 0.3749446171875 0.245664664 0.36503933740234373 0.24724593666666667 0.3582212734375 0.2516378093333333 0.362080486328125 0.2563809186666667 0.365553830078125 0.26235406333333333 0.37240993798828126 0.26420742066666664 0.38536464794921876 0.25954310933333335
1 0.37661697705078123 0.23898904599999998 0.37751759814453123 0.23529999999999998 0.376231107421875 0.23231342733333335 0.368769927734375 0.23319187266666666 0.36413871630859374 0.236178092 0.3634956005859375 0.24320530066666668 0.369027173828125 0.24408374533333332 0.37661697705078123 0.23898904599999998
1 0.338924689453125 0.37454735 0.3390535712890625 0.364006714 0.32721842626953124 0.364006714 0.327604037109375 0.37421554799999995 0.338924689453125 0.37454735
1 0.29415735009765626 0.48044452266666665 0.2544068325195312 0.48430918733333334 0.25723680126953125 0.5124173146666667 0.29666200830078127 0.5097367493333333 0.29415735009765626 0.48044452266666665
1 0.38051552783203124 0.688722968 0.36777976171875 0.689777032 0.37524120068359373 0.7136689046666667 0.38908669775390625 0.713018728 0.38051552783203124 0.688722968
1 0.40418581787109376 0.8328893993333333 0.41203286767578123 0.8260381626666667 0.4189795546875 0.8181325086666668 0.415377587890625 0.811105654 0.4030279501953125 0.8098759719999999 0.40045496875 0.8026731446666666 0.3915786748046875 0.791781272 0.37845729833984376 0.7849296819999999 0.36893762939453123 0.787740636 0.3637919252929688 0.7912540633333333 0.36649352978515626 0.8028487633333334 0.3735688408203125 0.8160243813333333 0.38373162548828127 0.8277946993333334 0.39772644921875 0.8386643106666667 0.40418581787109376 0.8328893993333333
1 0.722875 0.961763604 0.6940970498046874 0.9466257953333334 0.6878084887695313 0.9648201413333333 0.7004922358398438 0.97209788 0.7163731884765625 0.9789388693333334 0.722875 0.961763604
1 0.7420600415039063 0.978210954 0.7398219462890625 0.9716611306666667 0.7296964287109375 0.965984452 0.7231946171875 0.9707876326666666 0.7177587993164063 0.976609894 0.7245802275390625 0.9803943460000001 0.7335333852539062 0.9849063606666667 0.7396086958007813 0.987526502 0.74424482421875 0.9881254420000001 0.7420600415039063 0.978210954
1 0.6701692548828125 0.9594692579999999 0.6613126293945313 0.9500293286666667 0.6529601450195313 0.9618289753333333 0.661672619140625 0.9705805653333334 0.6701692548828125 0.9594692579999999
1 0.6834134350585938 1 0.6847142856445313 0.9889996466666666 0.6636889233398438 0.9878197879999999 0.66294554296875 1 0.6834134350585938 1
1 0.67947334375 0.8804833919999999 0.6715916147460937 0.8799169613333333 0.671425724609375 0.8969116606666666 0.6790121635742188 0.8974413426666666 0.67947334375 0.8804833919999999
1 0.6299803310546875 0.8737144873333333 0.6232067807617188 0.8481120139999999 0.6027655278320313 0.856205654 0.609594720703125 0.8842024733333332 0.6299803310546875 0.8737144873333333
1 0.3464422875976563 0.07655406333333334 0.3342846791992187 0.06548551266666666 0.32834083837890626 0.074340636 0.33874327099609375 0.08277597199999999 0.3464422875976563 0.07655406333333334
1 0.400276138671875 0.418364664 0.397519927734375 0.41305088333333334 0.38665709130859377 0.41238657266666673 0.38211749462890626 0.4146007066666667 0.37465942041015626 0.4305424026666667 0.3864950830078125 0.4334204946666667 0.3940949794921875 0.4326558306666667 0.400276138671875 0.418364664
1 0.361850931640625 0.45733286199999995 0.35682479296875 0.4467053006666667 0.34126009326171874 0.4442696113333333 0.33201863330078124 0.45246183733333334 0.34255719482421876 0.4630893993333333 0.355604037109375 0.46515653733333334 0.361850931640625 0.45733286199999995
1 0.3660662524414062 0.7723095406666667 0.36509342626953123 0.7658886926666667 0.3725515009765625 0.7490614839999999 0.36671480322265626 0.7362194346666667 0.36768762939453126 0.728913074 0.3260196689453125 0.7222706713333333 0.3112657866210938 0.7388763253333334 0.32926811572265624 0.7687272086666667 0.3660662524414062 0.7723095406666667
1 0.40740993798828123 0.7563678446666666 0.3775776396484375 0.7486183746666667 0.3697952900390625 0.7630102473333333 0.394925724609375 0.7698738513333333 0.40043840576171874 0.7698738513333333 0.40740993798828123 0.7563678446666666
1 0.29278260888671875 0.7774017666666667 0.29748447216796875 0.76389576 0.30688819873046874 0.7607961133333333 0.3115898032226562 0.747732862 0.30623964794921876 0.7426402826666667 0.30526682177734377 0.7355554773333334 0.28953985498046875 0.7273632506666666 0.26149120068359377 0.7692095406666667 0.25646506201171876 0.784486926 0.2658687890625 0.7929007066666667 0.2708946689453125 0.788029682 0.2824060556640625 0.7833798586666667 0.2884050205078125 0.7873653713333333 0.29278260888671875 0.7774017666666667
1 0.24657065234375 0.831639576 0.2539091616210937 0.821318728 0.2311268115234375 0.8077074206666667 0.22324042431640626 0.819524028 0.2456739130859375 0.8327752653333333 0.24657065234375 0.831639576
1 0.240998447265625 0.8057667846666666 0.24231262939453124 0.789014134 0.2315786748046875 0.7888643106666666 0.2325012939453125 0.8066144873333333 0.240998447265625 0.8057667846666666
1 0.17188561083984374 0.754824028 0.1765954970703125 0.752729682 0.1803196171875 0.74629788 0.188643892578125 0.74480212 0.196420548828125 0.742408834 0.20058255712890624 0.7305922260000001 0.1893009833984375 0.7174296819999999 0.1703522255859375 0.7142886926666667 0.15720859228515624 0.7195236746666667 0.14789855078125 0.7229639573333334 0.14548887158203125 0.7340325086666667 0.1369453935546875 0.7349300353333333 0.12884006201171874 0.7439045933333334 0.133768892578125 0.7530289753333334 0.142750517578125 0.7569180213333334 0.14921273291015624 0.7581144873333333 0.15907065234375 0.7582639573333333 0.16732272265625 0.7573296820000001 0.17188561083984374 0.754824028
1 0.1535939443359375 0.8036572439999999 0.14439337451171874 0.8073968199999999 0.15151293994140624 0.8210081273333334 0.1517549169921875 0.8206293286666667 0.15961827099609374 0.8166706713333333 0.1535939443359375 0.8036572439999999
1 0.206655279296875 0.9688116606666667 0.20553597314453126 0.9647985866666666 0.19742003125 0.9630787986666666 0.19294228759765625 0.9686204946666667 0.1970002587890625 0.97129576 0.20175776416015626 0.9728243813333334 0.2062958076171875 0.9735212013333333 0.206655279296875 0.9688116606666667
1 0.5499772255859375 0.23831696133333333 0.5452171323242188 0.234332862 0.5315515009765625 0.23244558333333334 0.5209567807617187 0.2446074206666667 0.5352365424804687 0.250059364 0.5420905795898437 0.24998621933333334 0.5499772255859375 0.23831696133333333
1 0.49351061083984377 0.2458586573333333 0.500830486328125 0.238792226 0.5005781572265625 0.21966183733333333 0.48795755712890626 0.22379823333333332 0.48265709130859374 0.22896855133333335 0.48208152197265625 0.25010141333333336 0.49351061083984377 0.2458586573333333
1 0.48947230859375 0.481591166 0.4596413041992187 0.4759332153333333 0.45703700830078126 0.496786926 0.486780796875 0.5020321553333333 0.48947230859375 0.481591166
1 0.4232569877929688 0.4984710246666667 0.42381832275390624 0.48850565399999996 0.42241485498046877 0.474324028 0.4160533125 0.463592226 0.40585558984375 0.45707632533333337 0.39706159423828125 0.45567102466666665 0.3986519150390625 0.47598515933333335 0.40145859228515623 0.48416183733333334 0.4077267080078125 0.4964268553333333 0.4147435297851563 0.5007706713333334 0.4231633022460938 0.503581272 0.4232569877929688 0.4984710246666667
1 0.45721764990234376 0.39632897533333333 0.45291407861328126 0.393134982 0.447955486328125 0.39377385133333337 0.4473941513671875 0.4008007066666667 0.4516042958984375 0.4036116606666667 0.45880797119140626 0.4046335686666666 0.45721764990234376 0.39632897533333333
1 0.21902665625 0.5819915193333333 0.21790269140625 0.5654173146666667 0.21003623193359375 0.5655706713333333 0.21205900634765626 0.5822982333333333 0.21902665625 0.5819915193333333
1 0.2775755693359375 0.6128378093333333 0.2664500517578125 0.6109964666666666 0.26521376806640623 0.6287982333333334 0.2759777431640625 0.6311261486666666 0.2775755693359375 0.6128378093333333
1 0.109472826171875 0.4419590106666667 0.1029249482421875 0.412780212 0.09224171826171874 0.41748657266666667 0.0983035712890625 0.44636289733333334 0.109472826171875 0.4419590106666667
1 0 0.45053671333333334 0.0112554345703125 0.44659010600000004 0.01971816748046875 0.43754381600000003 0.02469565234375 0.41882367466666665 0.01918167724609375 0.41435265 0.00729218408203125 0.41552897533333333 0 0.428973092 0 0.45053671333333334
1 0.0596749482421875 0.315644876 0.054677794921875 0.31117385133333336 0.044856107421875 0.3092915193333333 0.0391697724609375 0.31140918733333334 0.04140993798828125 0.32105689066666665 0.048646998046875 0.3245865726666667 0.0592800205078125 0.322161484 0.0596749482421875 0.315644876
1 0 0.18147893399999998 0.0147016044921875 0.17152190800000003 0.02280020703125 0.16140353333333332 0.01384006201171875 0.14540247333333334 0 0.154133496 0 0.18147893399999998
1 0.036929865234375 0.17246325066666668 0.0420991201171875 0.16869823333333334 0.04899171826171875 0.16210954066666666 0.05536723583984375 0.14869682 0.04589001025390625 0.14210812733333333 0.03176061083984375 0.146814134 0.0224557451171875 0.155756184 0.0178033125 0.16869823333333334 0.02710817822265625 0.17340459333333336 0.036929865234375 0.17246325066666668
1 0.04571764990234375 0.14112932866666666 0.05019772265625 0.13618763266666667 0.05278260888671875 0.127481272 0.041926759765625 0.127481272 0.03934213232421875 0.13971731466666668 0.04571764990234375 0.14112932866666666
1 0.222153208984375 0.048695053333333335 0.21101733935546876 0.04655053 0.21016071435546874 0.06604699666666666 0.21944047607421874 0.06916643133333333 0.222153208984375 0.048695053333333335
1 0.2689404760742187 0.1755512366666667 0.27430020703125 0.1721731446666667 0.2594575571289062 0.157533922 0.24358385107421876 0.15049576 0.233894927734375 0.149932862 0.2264736025390625 0.15950459333333333 0.21699068310546876 0.156407774 0.2070954970703125 0.16119363933333333 0.2007047099609375 0.17245441666666667 0.192046583984375 0.18512296800000003 0.25741511376953125 0.21996183733333333 0.280896998046875 0.188219788 0.2689404760742187 0.1755512366666667
1 0.28766563134765627 0.31868975266666666 0.27658100390625 0.30189363933333335 0.2686853002929688 0.29795406333333335 0.26686309521484375 0.3137134273333333 0.27415165625 0.32947243800000003 0.2847805380859375 0.33527844533333334 0.28766563134765627 0.31868975266666666
1 0.44225854052734376 0.45372296800000006 0.42683643896484375 0.45112014133333334 0.42978235009765625 0.4691045933333333 0.4458706005859375 0.47258515933333334 0.44225854052734376 0.45372296800000006
1 0.47448887158203124 0.443074558 0.4819399584960937 0.4352653713333333 0.48211335400390626 0.42674664333333334 0.47656832275390626 0.41917420466666666 0.46963716357421875 0.42390706733333333 0.46235921337890623 0.4395247346666667 0.45646764990234373 0.45041024733333335 0.46513172900390626 0.4534865726666667 0.469145962890625 0.453 0.47448887158203124 0.443074558
1 0.5212052275390625 0.515137456 0.5255879916992188 0.5056607773333334 0.5195007763671875 0.5034992933333333 0.5121959111328125 0.50499576 0.5098827641601562 0.5086533566666667 0.5070828159179688 0.5143060073333333 0.5145093168945313 0.5169664313333333 0.5212052275390625 0.515137456
1 0.43391873681640625 0.5213798586666667 0.44049275341796873 0.5178886926666667 0.4458496376953125 0.51240212 0.44828467919921877 0.5044215546666667 0.43854503125 0.5012628973333334 0.42758799169921874 0.503424028 0.41991796044921875 0.5054190813333334 0.4138307451171875 0.5182212013333334 0.427100931640625 0.5240399293333333 0.43391873681640625 0.5213798586666667
1 0.389325828125 0.5995367493333333 0.382944099609375 0.598363604 0.37975310546875 0.6008777386666666 0.3796304345703125 0.6080840986666667 0.38098058984375 0.6084194346666667 0.3865106108398437 0.60765477 0.389325828125 0.5995367493333333
1 0.39386645947265625 0.6367427560000001 0.4027026396484375 0.6355696113333333 0.405648033203125 0.6327204946666667 0.41288871630859375 0.6251787986666667 0.41153881982421875 0.6164639573333333 0.4040525361328125 0.6111010600000001 0.389571169921875 0.6162964666666667 0.37643969970703123 0.6221621906666667 0.3876607143554687 0.6367049466666667 0.39386645947265625 0.6367427560000001
1 0.20388923388671876 0.7790840986666667 0.20006677001953124 0.770094346 0.176071169921875 0.765164664 0.17755771240234375 0.7828540633333334 0.1818046064453125 0.7869137806666666 0.2050515009765625 0.79125371 0.20388923388671876 0.7790840986666667
1 0.07971143896484376 0.974432862 0.0802784677734375 0.9680851593333334 0.08084523828125 0.9592597173333334 0.077444099609375 0.952912014 0.0656529501953125 0.9544600706666667 0.054768892578125 0.961582332 0.04705926513671875 0.9682399293333332 0.051481107421875 0.9879028266666666 0.0588504140625 0.9855805653333334 0.07043659423828125 0.9807371026666667 0.07971143896484376 0.974432862
1 0.11202355078125 0.971336396 0.113950828125 0.9663819786666666 0.11134342626953125 0.9597243813333333 0.0997789853515625 0.9549247346666666 0.0917292958984375 0.9586406359999999 0.0868542958984375 0.9651434626666667 0.10195652197265626 0.9773519433333333 0.11202355078125 0.971336396
1 0.101026138671875 0.9401667846666666 0.11621842626953124 0.9381540633333334 0.1168988095703125 0.932580212 0.095924171875 0.9321159013333332 0.09683126318359375 0.9389282686666667 0.101026138671875 0.9401667846666666
1 0.05828364404296875 0.8999925793333333 0.06599301220703126 0.8945734980000001 0.06996118017578125 0.8907028266666667 0.0692810556640625 0.8877611306666666 0.0605509833984375 0.8804840986666667 0.05590269140625 0.8786261486666668 0.04535869580078125 0.8803293286666667 0.0395766044921875 0.8835805653333334 0.03504140771484375 0.8889996466666666 0.0289192548828125 0.8978247346666667 0.0400300205078125 0.903243816 0.0520204453125 0.9055441693333334 0.05828364404296875 0.8999925793333333
1 0 0.9370611833333334 0.01695885107421875 0.942294346 0.01861231884765625 0.923742756 0 0.9180117053333333 0 0.9370611833333334
1 0.180227484375 0.8406939926666667 0.169495859375 0.8406939926666667 0.168422619140625 0.8605837453333334 0.17871221533203124 0.8612745580000001 0.180227484375 0.8406939926666667
1 0.4019202900390625 0.7262681980000001 0.4019202900390625 0.7192459366666667 0.3945093168945312 0.7153219080000001 0.3904259833984375 0.718419788 0.38997230859375 0.7242028266666666 0.393601966796875 0.7262681980000001 0.39813923388671874 0.7281272086666666 0.4019202900390625 0.7262681980000001
1 0.40766744287109374 0.7178003533333334 0.41280952392578124 0.7163544166666668 0.4090284677734375 0.698592226 0.39965165625 0.7004512366666666 0.4028276396484375 0.7171805653333333 0.40766744287109374 0.7178003533333334
1 0.402525103515625 0.7016904593333334 0.4050962734375 0.6969399293333333 0.399802794921875 0.6884720846666668 0.40131521728515623 0.6855805653333333 0.39859290869140623 0.6764929326666667 0.3898209111328125 0.66554629 0.38498136669921873 0.6812431093333333 0.3869474638671875 0.6895045933333334 0.39224094189453124 0.6961137806666667 0.39940967919921877 0.7053226146666666 0.402525103515625 0.7016904593333334
1 0.49853364404296874 0.071225442 0.49921739111328123 0.059835336 0.48855227734375 0.05815477 0.48798809521484376 0.07022720866666667 0.49853364404296874 0.071225442
1 0.5099071684570312 1 0.5124182192382812 0.993875972 0.48598291943359373 0.97860318 0.4785640908203125 1 0.5099071684570312 1
1 0.3228979052734375 1 0.32318840576171876 0.9998611306666667 0.32188897509765624 0.9947176679999999 0.316301759765625 0.9918798586666667 0.3108444619140625 0.9956042399999999 0.314229248046875 1 0.3228979052734375 1
1 0.26502562109375 0.870762544 0.25058385107421877 0.8551279153333333 0.24493969970703125 0.860566078 0.2600458076171875 0.8771070673333333 0.26502562109375 0.870762544
1 0.83755434765625 0.3780519433333333 0.8343444619140625 0.3630621906666667 0.814746376953125 0.36998056533333334 0.8181252587890625 0.38375971733333336 0.83755434765625 0.3780519433333333
1 0.9797655278320313 0.38452332133333333 0.9906089545898438 0.38208197866666666 0.9973159936523438 0.37445265 0.98725517578125 0.36621272066666666 0.9811071430664062 0.364839576 0.9651216357421875 0.372010954 0.9684751552734375 0.3750628973333333 0.9617678569335938 0.3800982333333333 0.971605072265625 0.38574416933333333 0.98177769140625 0.385860424 0.9797655278320313 0.38452332133333333
1 0.9982246376953126 0.30909823333333336 0.984877587890625 0.30425547733333336 0.9820054345703125 0.31140424 0.993747412109375 0.31663250866666665 0.9982246376953126 0.30909823333333336
1 0.8890318325195312 0.4216148406666667 0.8992619047851562 0.41777491133333333 0.90770186328125 0.40904735 0.8918449794921876 0.3919409893333333 0.8764997412109375 0.3926392226666667 0.8632005693359375 0.39892332133333336 0.8818706005859375 0.42393568933333337 0.8890318325195312 0.4216148406666667
1 1 0.094261874 0.9804798134765625 0.08889081266666667 0.964075828125 0.09567208466666667 0.9550771220703125 0.10450070666666667 0.95582686328125 0.11588869266666668 0.9758398032226563 0.12185300333333333 0.9791674428710937 0.11921519466666666 0.9915408901367188 0.11524876333333332 1 0.10958638133333333 1 0.094261874
1 1 0.10352010666666667 0.9818858696289062 0.10795547733333333 0.98694772265625 0.13893886933333333 1 0.13602821133333334 1 0.10352010666666667
1 0.9239094204101562 0.130978092 0.9227846791992188 0.09899045933333334 0.8887580229492188 0.11907879866666667 0.895975931640625 0.147578092 0.9239094204101562 0.130978092
1 0.92512810546875 0.15400954066666667 0.8917577641601563 0.13788763266666665 0.884821169921875 0.163861484 0.9159417700195313 0.17729646666666668 0.92512810546875 0.15400954066666667
1 0.9328144409179687 0.143261484 0.9310333852539062 0.13609646666666667 0.9260654760742187 0.13046643133333333 0.9232533642578125 0.149786926 0.9318302275390625 0.15832897533333332 0.9328144409179687 0.143261484
1 0.4716578676757813 0.069128622 0.468777173828125 0.06126431066666667 0.4591749482421875 0.069128622 0.4638015009765625 0.078184452 0.4716578676757813 0.069128622
1 0.47759368505859373 0.060311307333333335 0.47314182177734376 0.049706360666666664 0.46615838525390624 0.05280459333333334 0.47148317822265623 0.06605512399999999 0.47759368505859373 0.060311307333333335
1 0.2668260869140625 0.13200812733333334 0.26861852978515627 0.12639469933333333 0.2684076088867188 0.11675159 0.26376811572265624 0.11185795066666666 0.25860144921875 0.116319788 0.26081573486328125 0.13357385133333335 0.2668260869140625 0.13200812733333334
1 0.6733625776367187 0.5104664313333334 0.6766702900390625 0.505628622 0.6759616977539062 0.4982106006666667 0.6719448759765625 0.4945014133333333 0.667455486328125 0.5014356893333334 0.6678100415039062 0.5077247346666667 0.6715903208007813 0.5120289753333334 0.6733625776367187 0.5104664313333334
1 0.6748982919921875 0.578208834 0.6785605590820313 0.5761127206666666 0.6787968427734375 0.5659530033333333 0.6730080229492188 0.5648243813333333 0.67247644921875 0.5800190813333334 0.6748982919921875 0.578208834
1 0.6767885610351563 0.710489046 0.6800965322265625 0.6904925793333333 0.6694637680664063 0.6866222613333333 0.6653879399414062 0.7075303886666667 0.6767885610351563 0.710489046
1 0.1492220498046875 0.8639809186666666 0.14676475146484375 0.8468742046666666 0.134478001953125 0.8458678446666666 0.12206832275390625 0.8514024733333334 0.123174171875 0.8579434626666667 0.1285802275390625 0.8639809186666666 0.1317748447265625 0.870018728 0.1492220498046875 0.8639809186666666