1 0.0859375 0.31066666666666665 0.08740234375 0.31533333333333335 0.086669921875 0.318 0.082275390625 0.321 0.076416015625 0.32166666666666666 0.072509765625 0.32366666666666666 0.070068359375 0.323 0.067626953125 0.32033333333333336 0.064208984375 0.326 0.06689453125 0.342 0.072021484375 0.357 0.076416015625 0.3616666666666667 0.07958984375 0.37066666666666664 0.083984375 0.37466666666666665 0.088134765625 0.37633333333333335 0.09228515625 0.385 0.093505859375 0.393 0.091552734375 0.4073333333333333 0.091796875 0.419 0.09521484375 0.42133333333333334 0.099365234375 0.4196666666666667 0.107421875 0.4076666666666667 0.115478515625 0.39966666666666667 0.12451171875 0.406 0.141845703125 0.4226666666666667 0.150146484375 0.42766666666666664 0.156494140625 0.419 0.16796875 0.4146666666666667 0.169677734375 0.412 0.169677734375 0.4033333333333333 0.167724609375 0.3963333333333333 0.16455078125 0.37 0.16552734375 0.36666666666666664 0.172119140625 0.357 0.171630859375 0.3456666666666667 0.17431640625 0.3416666666666667 0.177734375 0.3323333333333333 0.178466796875 0.322 0.177490234375 0.321 0.169189453125 0.32166666666666666 0.161376953125 0.327 0.1552734375 0.324 0.16015625 0.312 0.160888671875 0.30766666666666664 0.160888671875 0.299 0.15869140625 0.292 0.159423828125 0.27066666666666667 0.1591796875 0.2673333333333333 0.154052734375 0.26266666666666666 0.15087890625 0.25033333333333335 0.146484375 0.24433333333333335 0.142333984375 0.244 0.138671875 0.24066666666666667 0.13720703125 0.241 0.13330078125 0.24433333333333335 0.130126953125 0.25066666666666665 0.1279296875 0.26266666666666666 0.124267578125 0.26566666666666666 0.12109375 0.2613333333333333 0.115234375 0.25766666666666665 0.1064453125 0.258 0.095703125 0.26066666666666666 0.080322265625 0.268 0.075439453125 0.2786666666666667 0.077880859375 0.283 0.077880859375 0.2946666666666667 0.0859375 0.30633333333333335 0.0859375 0.31066666666666665
1 0.033447265625 0.5116666666666667 0.04296875 0.5026666666666667 0.0498046875 0.49866666666666665 0.0556640625 0.48833333333333334 0.066650390625 0.47833333333333333 0.068603515625 0.4736666666666667 0.064697265625 0.4653333333333333 0.052490234375 0.44766666666666666 0.048828125 0.44733333333333336 0.04296875 0.452 0.034912109375 0.46266666666666667 0.02978515625 0.466 0.02734375 0.4706666666666667 0.0166015625 0.484 0.015869140625 0.48633333333333334 0.016845703125 0.489 0.029296875 0.509 0.033447265625 0.5116666666666667
1 0.618896484375 0.5646666666666667 0.620361328125 0.5673333333333334 0.62451171875 0.5716666666666667 0.62890625 0.5733333333333334 0.685791015625 0.5693333333333334 0.693359375 0.5676666666666667 0.70556640625 0.5633333333333334 0.709716796875 0.5583333333333333 0.711181640625 0.5536666666666666 0.710693359375 0.5463333333333333 0.708740234375 0.541 0.70556640625 0.5356666666666666 0.701416015625 0.533 0.627685546875 0.5406666666666666 0.614501953125 0.5443333333333333 0.613037109375 0.5466666666666666 0.61279296875 0.5486666666666666 0.61669921875 0.5526666666666666 0.618896484375 0.56 0.618896484375 0.5646666666666667
1 0.654052734375 0.41833333333333333 0.665771484375 0.41733333333333333 0.69091796875 0.408 0.680908203125 0.388 0.67724609375 0.385 0.66650390625 0.38066666666666665 0.653564453125 0.38 0.632568359375 0.3883333333333333 0.6328125 0.39266666666666666 0.639404296875 0.4083333333333333 0.6416015625 0.411 0.654052734375 0.41833333333333333
1 0.454833984375 0.7163333333333334 0.458984375 0.7163333333333334 0.4609375 0.7126666666666667 0.46337890625 0.7006666666666667 0.4638671875 0.693 0.457763671875 0.689 0.454833984375 0.6816666666666666 0.4521484375 0.6796666666666666 0.44775390625 0.678 0.444091796875 0.68 0.44189453125 0.6796666666666666 0.4384765625 0.6773333333333333 0.432861328125 0.6763333333333333 0.42236328125 0.677 0.41943359375 0.6783333333333333 0.41748046875 0.685 0.415771484375 0.7013333333333334 0.423583984375 0.7076666666666667 0.4306640625 0.7106666666666667 0.454833984375 0.7163333333333334
1 0.380859375 0.9736666666666667 0.38916015625 0.9703333333333334 0.3916015625 0.9666666666666667 0.392333984375 0.9596666666666667 0.390869140625 0.9443333333333334 0.389404296875 0.9393333333333334 0.385498046875 0.9366666666666666 0.376953125 0.936 0.369140625 0.9433333333333334 0.361328125 0.9463333333333334 0.357421875 0.9626666666666667 0.356689453125 0.9666666666666667 0.357421875 0.9746666666666667 0.370361328125 0.975 0.380859375 0.9736666666666667
1 0.873046875 0.7033333333333334 0.880859375 0.6996666666666667 0.890869140625 0.6973333333333334 0.900390625 0.6906666666666667 0.901611328125 0.6886666666666666 0.90185546875 0.6823333333333333 0.900634765625 0.68 0.896240234375 0.6776666666666666 0.892333984375 0.6696666666666666 0.88818359375 0.6663333333333333 0.884521484375 0.6653333333333333 0.876220703125 0.673 0.8681640625 0.6856666666666666 0.865478515625 0.6933333333333334 0.86572265625 0.6963333333333334 0.869140625 0.7006666666666667 0.873046875 0.7033333333333334
1 0.444091796875 0.332 0.45703125 0.32233333333333336 0.45556640625 0.318 0.447509765625 0.311 0.4375 0.308 0.4287109375 0.31 0.4189453125 0.31866666666666665 0.418701171875 0.322 0.4267578125 0.32966666666666666 0.435302734375 0.333 0.444091796875 0.332
1 0.232177734375 0.777 0.237060546875 0.7746666666666666 0.24365234375 0.7676666666666667 0.238525390625 0.762 0.232421875 0.7586666666666667 0.22021484375 0.7586666666666667 0.212158203125 0.7636666666666667 0.209228515625 0.7673333333333333 0.216552734375 0.7753333333333333 0.22021484375 0.777 0.232177734375 0.777
1 0.072509765625 0.697 0.084228515625 0.698 0.087646484375 0.6996666666666667 0.08935546875 0.6973333333333334 0.088623046875 0.6886666666666666 0.083740234375 0.6726666666666666 0.062744140625 0.6693333333333333 0.060302734375 0.6693333333333333 0.058349609375 0.6713333333333333 0.05810546875 0.6776666666666666 0.060302734375 0.6866666666666666 0.064208984375 0.694 0.072509765625 0.697
1 0.083251953125 0.6496666666666666 0.0888671875 0.6423333333333333 0.08837890625 0.6383333333333333 0.085693359375 0.6346666666666667 0.076171875 0.628 0.072021484375 0.6296666666666667 0.06494140625 0.639 0.06396484375 0.6426666666666667 0.065673828125 0.645 0.075439453125 0.6523333333333333 0.083251953125 0.6496666666666666
1 0.208740234375 0.6753333333333333 0.2119140625 0.6696666666666666 0.21533203125 0.654 0.21435546875 0.6513333333333333 0.2119140625 0.6493333333333333 0.201171875 0.6483333333333333 0.186279296875 0.6553333333333333 0.183837890625 0.6616666666666666 0.18359375 0.666 0.185302734375 0.668 0.201416015625 0.6743333333333333 0.208740234375 0.6753333333333333
1 0.255615234375 0.6866666666666666 0.263671875 0.6673333333333333 0.264892578125 0.662 0.263427734375 0.66 0.247314453125 0.6603333333333333 0.238037109375 0.6813333333333333 0.237548828125 0.6853333333333333 0.23974609375 0.687 0.252197265625 0.6876666666666666 0.255615234375 0.6866666666666666
1 0.36328125 0.7266666666666667 0.36474609375 0.7246666666666667 0.364990234375 0.7216666666666667 0.36328125 0.7086666666666667 0.353759765625 0.702 0.34814453125 0.7043333333333334 0.3427734375 0.7116666666666667 0.330078125 0.716 0.32861328125 0.7186666666666667 0.330322265625 0.7306666666666667 0.33349609375 0.7333333333333333 0.358154296875 0.729 0.36328125 0.7266666666666667
1 0.099365234375 0.9463333333333334 0.108154296875 0.9423333333333334 0.12109375 0.9276666666666666 0.12109375 0.926 0.120849609375 0.924 0.1181640625 0.922 0.10693359375 0.917 0.0947265625 0.9156666666666666 0.086669921875 0.9193333333333333 0.07275390625 0.9346666666666666 0.073974609375 0.9393333333333334 0.07958984375 0.942 0.0908203125 0.9456666666666667 0.099365234375 0.9463333333333334
1 0.122802734375 0.5823333333333334 0.12890625 0.5766666666666667 0.142578125 0.5673333333333334 0.142578125 0.5576666666666666 0.139892578125 0.5546666666666666 0.1376953125 0.5486666666666666 0.134765625 0.5446666666666666 0.13134765625 0.5473333333333333 0.123291015625 0.5386666666666666 0.118408203125 0.5423333333333333 0.11474609375 0.5486666666666666 0.11376953125 0.5546666666666666 0.113525390625 0.5603333333333333 0.115234375 0.5703333333333334 0.1181640625 0.5763333333333334 0.122802734375 0.5823333333333334
1 0.111328125 0.071 0.107421875 0.07933333333333334 0.10986328125 0.092 0.108642578125 0.09533333333333334 0.10888671875 0.104 0.11083984375 0.10733333333333334 0.123046875 0.109 0.125244140625 0.10533333333333333 0.12744140625 0.09633333333333334 0.143798828125 0.07666666666666666 0.1455078125 0.07133333333333333 0.14306640625 0.06666666666666667 0.14013671875 0.065 0.137451171875 0.061 0.127197265625 0.058333333333333334 0.126220703125 0.05566666666666667 0.128662109375 0.048 0.126953125 0.043666666666666666 0.12109375 0.048 0.110595703125 0.04933333333333333 0.107177734375 0.051 0.10595703125 0.05266666666666667 0.1064453125 0.058333333333333334 0.109619140625 0.06466666666666666 0.111328125 0.071
1 0.142578125 0.054 0.1435546875 0.056 0.140869140625 0.06066666666666667 0.146240234375 0.059 0.148681640625 0.053 0.150146484375 0.052333333333333336 0.150146484375 0.04466666666666667 0.147705078125 0.04066666666666666 0.14501953125 0.041 0.14599609375 0.04466666666666667 0.14404296875 0.05 0.139404296875 0.05266666666666667 0.142578125 0.054
1 0.27378955078125 0.167245 0.2711201171875 0.174 0.2786884765625 0.17733333333333334 0.2872333984375 0.178 0.2906513671875 0.17666666666666667 0.2945576171875 0.16966666666666666 0.2945576171875 0.166 0.280037109375 0.16199933333333333 0.284482421875 0.15396733333333332 0.2625751953125 0.13666666666666666 0.2557392578125 0.13366666666666666 0.2520771484375 0.134 0.2503681640625 0.13533333333333333 0.2467060546875 0.14266666666666666 0.2457294921875 0.14633333333333334 0.2489033203125 0.151 0.2691669921875 0.16533333333333333 0.27378955078125 0.167245
1 0.282958984375 0.11433333333333333 0.290771484375 0.11633333333333333 0.295654296875 0.115 0.296142578125 0.10666666666666667 0.294921875 0.10066666666666667 0.29248046875 0.09433333333333334 0.286865234375 0.08733333333333333 0.283203125 0.08366666666666667 0.271484375 0.079 0.26708984375 0.079 0.26513671875 0.08133333333333333 0.265625 0.08766666666666667 0.270263671875 0.1 0.279296875 0.11133333333333334 0.282958984375 0.11433333333333333
1 0.225341796875 0.04766666666666667 0.23291015625 0.035666666666666666 0.235107421875 0.029333333333333333 0.234619140625 0.017 0.23193359375 0.015 0.228515625 0.019 0.216796875 0.025666666666666667 0.214599609375 0.029 0.212890625 0.035 0.212646484375 0.045 0.213623046875 0.049 0.21728515625 0.050666666666666665 0.225341796875 0.04766666666666667
1 0.218505859375 0.08266666666666667 0.219970703125 0.07666666666666666 0.224853515625 0.07366666666666667 0.228515625 0.069 0.232177734375 0.056666666666666664 0.227294921875 0.05433333333333333 0.217041015625 0.05466666666666667 0.2099609375 0.060333333333333336 0.205078125 0.07 0.204345703125 0.076 0.21240234375 0.079 0.216796875 0.085 0.218505859375 0.08266666666666667
1 0.044921875 0.348 0.0478515625 0.3416666666666667 0.0478515625 0.31833333333333336 0.046142578125 0.31266666666666665 0.044921875 0.311 0.042724609375 0.31066666666666665 0.036865234375 0.31166666666666665 0.035400390625 0.314 0.03466796875 0.325 0.034423828125 0.34 0.03564453125 0.3446666666666667 0.036865234375 0.3463333333333333 0.044921875 0.348
1 0.056884765625 0.32466666666666666 0.060546875 0.32966666666666666 0.070068359375 0.327 0.07568359375 0.322 0.064208984375 0.2916666666666667 0.059326171875 0.2906666666666667 0.045654296875 0.2986666666666667 0.045166015625 0.30533333333333335 0.044189453125 0.30666666666666664 0.05322265625 0.31466666666666665 0.056884765625 0.32466666666666666
1 0.01904296875 0.4656666666666667 0.02099609375 0.4683333333333333 0.029052734375 0.4623333333333333 0.030517578125 0.4533333333333333 0.032958984375 0.45166666666666666 0.037353515625 0.4523333333333333 0.0390625 0.45066666666666666 0.039306640625 0.44666666666666666 0.037841796875 0.43966666666666665 0.031005859375 0.436 0.026611328125 0.432 0.021484375 0.42433333333333334 0.017333984375 0.4246666666666667 0.0126953125 0.42833333333333334 0.008056640625 0.434 0.006591796875 0.44033333333333335 0.00634765625 0.44733333333333336 0.00830078125 0.4523333333333333 0.015380859375 0.4553333333333333 0.01904296875 0.4656666666666667
1 0.095458984375 0.569 0.09765625 0.5656666666666667 0.0986328125 0.5613333333333334 0.0986328125 0.5566666666666666 0.09716796875 0.5523333333333333 0.095703125 0.5503333333333333 0.091552734375 0.5506666666666666 0.089599609375 0.5533333333333333 0.087890625 0.5603333333333333 0.089111328125 0.568 0.09130859375 0.57 0.095458984375 0.569
1 0.040283203125 0.6853333333333333 0.037109375 0.6656666666666666 0.027587890625 0.6636666666666666 0.022705078125 0.666 0.02294921875 0.6736666666666666 0.025390625 0.687 0.037353515625 0.6876666666666666 0.040283203125 0.6853333333333333
1 0.04931640625 0.666 0.0537109375 0.658 0.05322265625 0.6533333333333333 0.044677734375 0.6453333333333333 0.03662109375 0.6426666666666667 0.032470703125 0.6433333333333333 0.03076171875 0.646 0.03125 0.6533333333333333 0.034423828125 0.659 0.044921875 0.666 0.04931640625 0.666
1 0.415283203125 0.44366666666666665 0.406982421875 0.435 0.404296875 0.42833333333333334 0.39990234375 0.42866666666666664 0.390869140625 0.42333333333333334 0.388427734375 0.42333333333333334 0.379150390625 0.43866666666666665 0.379638671875 0.44333333333333336 0.404052734375 0.46166666666666667 0.408447265625 0.459 0.415283203125 0.44366666666666665
1 0.517578125 0.46266666666666667 0.521240234375 0.45966666666666667 0.529296875 0.44633333333333336 0.52978515625 0.44333333333333336 0.528076171875 0.43933333333333335 0.501708984375 0.41233333333333333 0.498046875 0.412 0.494140625 0.415 0.487060546875 0.43033333333333335 0.487060546875 0.43233333333333335 0.489501953125 0.43566666666666665 0.506103515625 0.454 0.517578125 0.46266666666666667
1 0.345703125 0.49033333333333334 0.34765625 0.483 0.345703125 0.4716666666666667 0.34375 0.4666666666666667 0.34130859375 0.4643333333333333 0.337646484375 0.4663333333333333 0.333740234375 0.4746666666666667 0.334228515625 0.4836666666666667 0.337890625 0.49266666666666664 0.341796875 0.49633333333333335 0.345703125 0.49033333333333334
1 0.326171875 0.5103333333333333 0.331787109375 0.5056666666666667 0.333740234375 0.5023333333333333 0.331298828125 0.49833333333333335 0.326171875 0.496 0.314208984375 0.494 0.311767578125 0.49666666666666665 0.3115234375 0.49833333333333335 0.314453125 0.506 0.3193359375 0.5106666666666667 0.326171875 0.5103333333333333
1 0.352783203125 0.5176666666666667 0.35400390625 0.512 0.353271484375 0.5093333333333333 0.3466796875 0.5056666666666667 0.341064453125 0.5053333333333333 0.33740234375 0.508 0.334716796875 0.5133333333333333 0.333984375 0.5176666666666667 0.3349609375 0.5206666666666667 0.341796875 0.526 0.352783203125 0.5176666666666667
1 0.470703125 0.207 0.478271484375 0.20566666666666666 0.482666015625 0.19333333333333333 0.48095703125 0.189 0.474365234375 0.183 0.46484375 0.178 0.456298828125 0.17566666666666667 0.447265625 0.17566666666666667 0.444580078125 0.17933333333333334 0.442626953125 0.186 0.4423828125 0.19 0.447998046875 0.197 0.459716796875 0.20333333333333334 0.470703125 0.207
1 0.440185546875 0.152 0.444580078125 0.15033333333333335 0.452880859375 0.15 0.460693359375 0.13633333333333333 0.461181640625 0.13233333333333333 0.443603515625 0.118 0.439208984375 0.118 0.431640625 0.13133333333333333 0.425537109375 0.13433333333333333 0.424560546875 0.136 0.424072265625 0.13866666666666666 0.427001953125 0.14333333333333334 0.435546875 0.15066666666666667 0.440185546875 0.152
1 0.50732421875 0.19066666666666668 0.5068359375 0.188 0.50341796875 0.18366666666666667 0.4970703125 0.17966666666666667 0.493408203125 0.179 0.488037109375 0.18033333333333335 0.486328125 0.18133333333333335 0.4853515625 0.184 0.48583984375 0.18933333333333333 0.498046875 0.197 0.50537109375 0.19533333333333333 0.50732421875 0.19066666666666668
1 0.533203125 0.248 0.532958984375 0.24 0.53076171875 0.23466666666666666 0.528076171875 0.23233333333333334 0.506591796875 0.223 0.503173828125 0.22433333333333333 0.502197265625 0.22966666666666666 0.502197265625 0.237 0.50927734375 0.24266666666666667 0.521240234375 0.24866666666666667 0.533203125 0.248
1 0.6025390625 0.27 0.611328125 0.26366666666666666 0.60791015625 0.25833333333333336 0.599609375 0.254 0.59130859375 0.254 0.58447265625 0.259 0.583984375 0.25966666666666666 0.59033203125 0.269 0.5927734375 0.27 0.6025390625 0.27
1 0.728759765625 0.3263333333333333 0.738525390625 0.32233333333333336 0.74072265625 0.31866666666666665 0.741455078125 0.31433333333333335 0.73828125 0.31133333333333335 0.7314453125 0.31033333333333335 0.719970703125 0.31566666666666665 0.716796875 0.32066666666666666 0.716552734375 0.323 0.719482421875 0.3253333333333333 0.723388671875 0.32666666666666666 0.728759765625 0.3263333333333333
1 0.634521484375 0.43466666666666665 0.6416015625 0.4196666666666667 0.641357421875 0.413 0.63427734375 0.4046666666666667 0.63134765625 0.404 0.611328125 0.39 0.607177734375 0.38966666666666666 0.603271484375 0.393 0.599609375 0.398 0.5966796875 0.406 0.59619140625 0.4083333333333333 0.59814453125 0.412 0.630615234375 0.43566666666666665 0.634521484375 0.43466666666666665
1 0.665771484375 0.49166666666666664 0.669677734375 0.49366666666666664 0.678955078125 0.494 0.685546875 0.49233333333333335 0.687255859375 0.49033333333333334 0.689208984375 0.48233333333333334 0.680908203125 0.4756666666666667 0.665771484375 0.47433333333333333 0.66064453125 0.47633333333333333 0.6591796875 0.47833333333333333 0.659423828125 0.48133333333333334 0.661865234375 0.48733333333333334 0.665771484375 0.49166666666666664
1 0.81396484375 0.582 0.816162109375 0.5786666666666667 0.828369140625 0.572 0.8271484375 0.5553333333333333 0.825927734375 0.5536666666666666 0.817626953125 0.5546666666666666 0.816162109375 0.5506666666666666 0.81591796875 0.5446666666666666 0.814453125 0.542 0.806396484375 0.5406666666666666 0.795166015625 0.5486666666666666 0.795654296875 0.5566666666666666 0.806396484375 0.5826666666666667 0.810546875 0.5843333333333334 0.81396484375 0.582
1 0.746337890625 0.5646666666666667 0.749755859375 0.5646666666666667 0.751953125 0.563 0.753662109375 0.5546666666666666 0.75341796875 0.5486666666666666 0.748046875 0.5433333333333333 0.72900390625 0.5363333333333333 0.725830078125 0.537 0.72412109375 0.5406666666666666 0.72412109375 0.5526666666666666 0.72607421875 0.5553333333333333 0.739990234375 0.5626666666666666 0.746337890625 0.5646666666666667
1 0.722412109375 0.655 0.727294921875 0.651 0.72998046875 0.6466666666666666 0.72900390625 0.6436666666666667 0.724853515625 0.6386666666666667 0.717041015625 0.6336666666666667 0.708251953125 0.6346666666666667 0.701171875 0.6396666666666667 0.696533203125 0.6446666666666667 0.696533203125 0.6483333333333333 0.699462890625 0.6523333333333333 0.712890625 0.658 0.722412109375 0.655
1 0.770751953125 0.7803333333333333 0.775390625 0.7806666666666666 0.7822265625 0.7753333333333333 0.7822265625 0.771 0.77685546875 0.7526666666666667 0.781982421875 0.74 0.7822265625 0.736 0.77685546875 0.7336666666666667 0.764404296875 0.735 0.759521484375 0.7396666666666667 0.7568359375 0.746 0.756591796875 0.748 0.759521484375 0.7513333333333333 0.762451171875 0.7676666666666667 0.770751953125 0.7803333333333333
1 0.732177734375 0.9383333333333334 0.739501953125 0.9196666666666666 0.737060546875 0.9163333333333333 0.720458984375 0.906 0.712646484375 0.904 0.709228515625 0.908 0.70458984375 0.917 0.70361328125 0.921 0.703857421875 0.9243333333333333 0.71435546875 0.9316666666666666 0.728271484375 0.9383333333333334 0.732177734375 0.9383333333333334
1 0.907470703125 0.9043333333333333 0.91943359375 0.8926666666666667 0.922607421875 0.8876666666666667 0.921875 0.8846666666666667 0.9130859375 0.874 0.90771484375 0.871 0.903564453125 0.8723333333333333 0.901123046875 0.8776666666666667 0.886962890625 0.8876666666666667 0.88427734375 0.8913333333333333 0.8837890625 0.8963333333333333 0.89208984375 0.907 0.89697265625 0.9086666666666666 0.907470703125 0.9043333333333333
1 0.908935546875 0.7173333333333334 0.919189453125 0.7086666666666667 0.92138671875 0.7046666666666667 0.920654296875 0.7013333333333334 0.916748046875 0.697 0.910400390625 0.6956666666666667 0.90771484375 0.6966666666666667 0.900146484375 0.7036666666666667 0.89697265625 0.7093333333333334 0.896728515625 0.7126666666666667 0.89892578125 0.7163333333333334 0.904296875 0.7196666666666667 0.908935546875 0.7173333333333334
1 0.251953125 0.9106666666666666 0.25634765625 0.9103333333333333 0.263671875 0.9123333333333333 0.265380859375 0.9093333333333333 0.263671875 0.9006666666666666 0.261474609375 0.8966666666666666 0.251953125 0.8903333333333333 0.24609375 0.891 0.235107421875 0.901 0.23291015625 0.9043333333333333 0.236083984375 0.9093333333333333 0.243408203125 0.916 0.251953125 0.9106666666666666
1 0.289794921875 0.92 0.287109375 0.9173333333333333 0.27490234375 0.9193333333333333 0.275146484375 0.922 0.283447265625 0.921 0.28759765625 0.9223333333333333 0.289794921875 0.92
1 0.282958984375 0.9573333333333334 0.286376953125 0.9566666666666667 0.289794921875 0.951 0.29150390625 0.945 0.292724609375 0.9393333333333334 0.292236328125 0.936 0.286865234375 0.9316666666666666 0.28125 0.933 0.280517578125 0.9346666666666666 0.2802734375 0.9396666666666667 0.277587890625 0.9506666666666667 0.2783203125 0.9546666666666667 0.282958984375 0.9573333333333334
1 0.29150390625 0.9273333333333333 0.29052734375 0.9183333333333333 0.283935546875 0.9143333333333333 0.283203125 0.9116666666666666 0.281494140625 0.9163333333333333 0.273681640625 0.9193333333333333 0.2734375 0.9243333333333333 0.275390625 0.932 0.286376953125 0.9313333333333333 0.29150390625 0.9273333333333333
1 0.28759765625 0.9936666666666667 0.27197265625 0.9813333333333333 0.265380859375 0.9776666666666667 0.261962890625 0.978 0.259033203125 0.9803333333333333 0.247802734375 0.994 0.245849609375 0.9996666666666667 0.291015625 0.9996666666666667 0.291015625 0.998 0.28759765625 0.9936666666666667
1 0.210205078125 0.998 0.210205078125 0.9996666666666667 0.221435546875 0.9996666666666667 0.220947265625 0.9873333333333333 0.21728515625 0.9803333333333333 0.212890625 0.9786666666666667 0.202392578125 0.9803333333333333 0.201171875 0.982 0.201416015625 0.9863333333333333 0.20751953125 0.9963333333333333 0.210205078125 0.998
1 0.11279296875 0.987 0.111083984375 0.985 0.10400390625 0.9846666666666667 0.0947265625 0.9876666666666667 0.087646484375 0.9916666666666667 0.086181640625 0.994 0.0859375 0.9996666666666667 0.114501953125 0.9996666666666667 0.11474609375 0.994 0.11279296875 0.987
1 0.134765625 0.959 0.138427734375 0.9593333333333334 0.143310546875 0.943 0.138916015625 0.9396666666666667 0.130615234375 0.9383333333333334 0.12158203125 0.9496666666666667 0.12109375 0.952 0.12255859375 0.955 0.13037109375 0.956 0.134765625 0.959
1 0.157958984375 0.9343333333333333 0.16259765625 0.9313333333333333 0.161865234375 0.9273333333333333 0.157958984375 0.924 0.154052734375 0.9233333333333333 0.146484375 0.927 0.146240234375 0.9323333333333333 0.150146484375 0.935 0.15283203125 0.9336666666666666 0.157958984375 0.9343333333333333
1 0.25244140625 0.852 0.259033203125 0.855 0.263427734375 0.8533333333333334 0.265625 0.85 0.268310546875 0.8386666666666667 0.267578125 0.8306666666666667 0.263671875 0.825 0.259765625 0.827 0.2568359375 0.832 0.2530517578125 0.8333333333333334 0.24755859375 0.8346666666666667 0.240478515625 0.8316666666666667 0.235595703125 0.8313333333333334 0.232421875 0.835 0.230224609375 0.8353333333333334 0.230224609375 0.8386666666666667 0.236572265625 0.847 0.247802734375 0.852 0.25244140625 0.852
1 0.447265625 0.8726666666666667 0.449951171875 0.869 0.451171875 0.8593333333333333 0.45068359375 0.8533333333333334 0.449462890625 0.851 0.44775390625 0.8496666666666667 0.441650390625 0.851 0.4365234375 0.8563333333333333 0.4365234375 0.8693333333333333 0.43798828125 0.873 0.443603515625 0.875 0.447265625 0.8726666666666667
1 0.6015625 0.9043333333333333 0.603759765625 0.897 0.603515625 0.8933333333333333 0.595703125 0.8916666666666667 0.58935546875 0.895 0.58642578125 0.898 0.582763671875 0.9046666666666666 0.580810546875 0.911 0.581298828125 0.914 0.58349609375 0.9156666666666666 0.59326171875 0.9153333333333333 0.6015625 0.9043333333333333
1 0.63916015625 0.7366666666666667 0.642333984375 0.735 0.6435546875 0.7326666666666667 0.643798828125 0.7273333333333334 0.642578125 0.7243333333333334 0.630615234375 0.7226666666666667 0.62646484375 0.7246666666666667 0.624755859375 0.7283333333333334 0.624755859375 0.7323333333333333 0.627197265625 0.7356666666666667 0.63916015625 0.7366666666666667
1 0.603271484375 0.705 0.609619140625 0.6973333333333334 0.608154296875 0.694 0.601806640625 0.6863333333333334 0.591796875 0.6803333333333333 0.587890625 0.6813333333333333 0.577392578125 0.689 0.578125 0.6923333333333334 0.586181640625 0.701 0.59521484375 0.7056666666666667 0.603271484375 0.705
1 0.563720703125 0.7096666666666667 0.572265625 0.697 0.57080078125 0.6933333333333334 0.56494140625 0.6886666666666666 0.56005859375 0.688 0.55322265625 0.6943333333333334 0.551025390625 0.6986666666666667 0.550537109375 0.705 0.556396484375 0.71 0.560791015625 0.712 0.563720703125 0.7096666666666667
1 0.552734375 0.7906666666666666 0.55419921875 0.7823333333333333 0.552490234375 0.7776666666666666 0.548828125 0.7753333333333333 0.5458984375 0.7753333333333333 0.541748046875 0.7766666666666666 0.5400390625 0.779 0.538818359375 0.7853333333333333 0.54150390625 0.7916666666666666 0.546142578125 0.7936666666666666 0.552734375 0.7906666666666666
1 0.587158203125 0.654 0.5869140625 0.6456666666666667 0.58544921875 0.6423333333333333 0.56884765625 0.64 0.566162109375 0.643 0.565673828125 0.6463333333333333 0.568115234375 0.6523333333333333 0.583740234375 0.6553333333333333 0.587158203125 0.654
1 0.568603515625 0.605 0.5732421875 0.5956666666666667 0.573974609375 0.5916666666666667 0.572021484375 0.5863333333333334 0.568115234375 0.5826666666666667 0.56494140625 0.5843333333333334 0.561279296875 0.5903333333333334 0.560791015625 0.5956666666666667 0.562255859375 0.6 0.56494140625 0.604 0.568603515625 0.605
1 0.482421875 0.64 0.484375 0.638 0.48486328125 0.634 0.48291015625 0.6273333333333333 0.485595703125 0.623 0.485595703125 0.619 0.482177734375 0.6106666666666667 0.480224609375 0.6086666666666667 0.47802734375 0.608 0.47412109375 0.61 0.46337890625 0.619 0.462890625 0.623 0.4677734375 0.632 0.478515625 0.6396666666666667 0.482421875 0.64
1 0.999755859375 0.682 0.999755859375 0.6646666666666666 0.989501953125 0.6623333333333333 0.986328125 0.6633333333333333 0.98486328125 0.666 0.984619140625 0.6696666666666666 0.986572265625 0.6743333333333333 0.993896484375 0.68 0.999755859375 0.682
1 0.84765625 0.361 0.851318359375 0.361 0.857421875 0.35633333333333334 0.858154296875 0.3446666666666667 0.85498046875 0.33366666666666667 0.849609375 0.32966666666666666 0.845703125 0.32966666666666666 0.838623046875 0.33566666666666667 0.837646484375 0.33766666666666667 0.83837890625 0.342 0.841796875 0.351 0.84765625 0.361
1 0.907470703125 0.30266666666666664 0.90869140625 0.297 0.909912109375 0.287 0.909423828125 0.283 0.9052734375 0.28 0.900390625 0.28 0.89697265625 0.2906666666666667 0.896484375 0.304 0.900146484375 0.30733333333333335 0.90478515625 0.30733333333333335 0.907470703125 0.30266666666666664
1 0.424072265625 0.10433333333333333 0.431884765625 0.10433333333333333 0.443603515625 0.09666666666666666 0.448486328125 0.09166666666666666 0.44921875 0.08766666666666667 0.435546875 0.07833333333333334 0.431396484375 0.078 0.42281884765625 0.083087 0.41552734375 0.085 0.412109375 0.08666666666666667 0.40869140625 0.09033333333333333 0.407958984375 0.09133333333333334 0.408447265625 0.094 0.41259765625 0.09933333333333333 0.424072265625 0.10433333333333333
1 0.3720703125 0 0.3720703125 0.0016666666666666668 0.375 0.004 0.37646484375 0.008 0.37451171875 0.017333333333333333 0.375732421875 0.021 0.377685546875 0.022333333333333334 0.381591796875 0.022333333333333334 0.38818359375 0.021333333333333333 0.395751953125 0.017333333333333333 0.402099609375 0.010333333333333333 0.403564453125 0.005333333333333333 0.406494140625 0.004666666666666667 0.408203125 0.005666666666666667 0.412109375 0.004 0.416015625 0.006 0.41748046875 0 0.3720703125 0
1 0.60986328125 0.05 0.614013671875 0.04466666666666667 0.61376953125 0.041 0.607421875 0.033 0.599365234375 0.036333333333333336 0.5869140625 0.04666666666666667 0.58203125 0.05266666666666667 0.5771484375 0.063 0.5771484375 0.06966666666666667 0.584228515625 0.07 0.587890625 0.06866666666666667 0.60986328125 0.05
1 0.661376953125 0.04066666666666666 0.665283203125 0.036333333333333336 0.667724609375 0.029 0.66259765625 0.025 0.65625 0.024333333333333332 0.645751953125 0.027666666666666666 0.6396484375 0.03333333333333333 0.6376953125 0.04133333333333333 0.642822265625 0.04733333333333333 0.6513671875 0.043333333333333335 0.661376953125 0.04066666666666666
1 0.878662109375 0.07233333333333333 0.884521484375 0.07466666666666667 0.888916015625 0.074 0.893798828125 0.07133333333333333 0.89599609375 0.06833333333333333 0.893310546875 0.06233333333333333 0.892333984375 0.056 0.893310546875 0.053 0.892822265625 0.04466666666666667 0.884521484375 0.03666666666666667 0.88037109375 0.035666666666666666 0.876953125 0.037 0.869140625 0.05366666666666667 0.8681640625 0.06 0.869140625 0.063 0.872802734375 0.06866666666666667 0.878662109375 0.07233333333333333
1 0.35888671875 0.282 0.364990234375 0.281 0.36669921875 0.279 0.36669921875 0.271 0.36474609375 0.2663333333333333 0.357421875 0.26366666666666666 0.352294921875 0.26366666666666666 0.34619140625 0.2643333333333333 0.338134765625 0.268 0.337890625 0.2713333333333333 0.33935546875 0.2763333333333333 0.341796875 0.2796666666666667 0.35888671875 0.282
1 0.396240234375 0.2753333333333333 0.4013671875 0.2793333333333333 0.409912109375 0.281 0.41357421875 0.2866666666666667 0.41552734375 0.2876666666666667 0.420654296875 0.2853333333333333 0.421875 0.2826666666666667 0.4189453125 0.258 0.42041015625 0.235 0.42138671875 0.23233333333333334 0.419921875 0.23133333333333334 0.41552734375 0.23233333333333334 0.405029296875 0.23633333333333334 0.401123046875 0.24033333333333334 0.399658203125 0.24433333333333335 0.399658203125 0.262 0.398193359375 0.2673333333333333 0.396484375 0.26966666666666667 0.396240234375 0.2753333333333333
1 0.232421875 0.38966666666666666 0.236572265625 0.3883333333333333 0.2373046875 0.384 0.236328125 0.38 0.23291015625 0.373 0.231201171875 0.36133333333333334 0.228759765625 0.35733333333333334 0.221435546875 0.36 0.21630859375 0.37 0.215576171875 0.377 0.21875 0.38066666666666665 0.228515625 0.3883333333333333 0.232421875 0.38966666666666666
1 0.102294921875 0.189 0.107421875 0.19166666666666668 0.119384765625 0.19333333333333333 0.125244140625 0.18966666666666668 0.12744140625 0.18566666666666667 0.12255859375 0.181 0.11181640625 0.17666666666666667 0.09912109375 0.177 0.095947265625 0.17466666666666666 0.094482421875 0.176 0.09423828125 0.17833333333333334 0.09716796875 0.18 0.0986328125 0.18533333333333332 0.102294921875 0.189
1 0.111083984375 0.193 0.11962890625 0.193 0.123046875 0.191 0.125244140625 0.18933333333333333 0.12353515625 0.17866666666666667 0.1298828125 0.17333333333333334 0.134765625 0.15033333333333335 0.128173828125 0.14866666666666667 0.115478515625 0.15 0.111572265625 0.15433333333333332 0.104248046875 0.172 0.095458984375 0.175 0.0947265625 0.177 0.095458984375 0.18133333333333335 0.104248046875 0.19033333333333333 0.111083984375 0.193
1 0.322265625 0.3253333333333333 0.323974609375 0.322 0.32373046875 0.314 0.318359375 0.30233333333333334 0.3154296875 0.29833333333333334 0.310546875 0.296 0.307861328125 0.2976666666666667 0.30712890625 0.2996666666666667 0.30712890625 0.31033333333333335 0.310546875 0.318 0.317138671875 0.3243333333333333 0.322265625 0.3253333333333333
1 0.4033203125 0.36733333333333335 0.412109375 0.36733333333333335 0.41357421875 0.365 0.411865234375 0.35733333333333334 0.407958984375 0.351 0.39697265625 0.3436666666666667 0.390869140625 0.3433333333333333 0.385498046875 0.345 0.3818359375 0.356 0.381591796875 0.35733333333333334 0.3837890625 0.36133333333333334 0.396240234375 0.36966666666666664 0.4033203125 0.36733333333333335
1 0.400146484375 0.4103333333333333 0.40283203125 0.404 0.40283203125 0.4 0.400146484375 0.3963333333333333 0.396484375 0.39466666666666667 0.39306640625 0.3963333333333333 0.390869140625 0.40066666666666667 0.390625 0.404 0.392578125 0.41133333333333333 0.39599609375 0.414 0.400146484375 0.4103333333333333
1 0.4912109375 0.597 0.49267578125 0.5953333333333334 0.495849609375 0.584 0.492431640625 0.5703333333333334 0.490966796875 0.568 0.486572265625 0.5676666666666667 0.484130859375 0.5683333333333334 0.481201171875 0.572 0.480712890625 0.5763333333333334 0.484619140625 0.5963333333333334 0.486083984375 0.5983333333333334 0.4912109375 0.597
1 0.6025390625 0.4706666666666667 0.59814453125 0.46266666666666667 0.591064453125 0.4573333333333333 0.581298828125 0.457 0.578369140625 0.45966666666666667 0.57666015625 0.46366666666666667 0.57666015625 0.4676666666666667 0.590576171875 0.477 0.598876953125 0.4756666666666667 0.6025390625 0.4706666666666667
1 0.220703125 0.8106666666666666 0.2255859375 0.8093333333333333 0.2265625 0.806 0.224365234375 0.79 0.218994140625 0.7916666666666666 0.21240234375 0.791 0.209716796875 0.7936666666666666 0.209716796875 0.7983333333333333 0.21142578125 0.8023333333333333 0.216552734375 0.809 0.220703125 0.8106666666666666
1 0.23963525390625 0.5126866666666666 0.2449248046875 0.4980626666666667 0.24476806640625 0.48898166666666665 0.2336494140625 0.4910353333333333 0.226828369140625 0.5090783333333333 0.2275244140625 0.517055 0.23963525390625 0.5126866666666666
1 0.143584228515625 0.5983423333333333 0.13954736328125 0.584098 0.1360673828125 0.5884663333333333 0.132587158203125 0.5878966666666667 0.13773779296875 0.6034703333333333 0.143584228515625 0.5983423333333333
1 0.16599609375 0.6688453333333334 0.152771728515625 0.677202 0.16446484375 0.6929656666666666 0.178663818359375 0.6836596666666666 0.16599609375 0.6688453333333334
1 0.169615478515625 0.7036016666666666 0.15680859375 0.7142373333333333 0.163072998046875 0.7362683333333333 0.1718427734375 0.725253 0.169615478515625 0.7036016666666666
1 0.089016357421875 0.729811 0.0962548828125 0.7404466666666667 0.11142822265625 0.7237333333333332 0.095558837890625 0.7134776666666667 0.091939697265625 0.7210746666666668 0.0855361328125 0.7208846666666666 0.080107177734375 0.7186056666666667 0.07927197265625 0.730001 0.089016357421875 0.729811
1 0.122802734375 0.8953333333333333 0.12744140625 0.8873333333333333 0.12744140625 0.8843333333333333 0.125244140625 0.881 0.117919921875 0.8753333333333333 0.114990234375 0.875 0.11328125 0.8763333333333333 0.10888671875 0.8836666666666667 0.10888671875 0.8853333333333333 0.111083984375 0.8883333333333333 0.118896484375 0.8953333333333333 0.122802734375 0.8953333333333333
1 0.134765625 0.932 0.138916015625 0.9276666666666666 0.138671875 0.9236666666666666 0.136962890625 0.9193333333333333 0.130859375 0.91 0.127197265625 0.912 0.124267578125 0.916 0.1240234375 0.92 0.12646484375 0.9273333333333333 0.130615234375 0.9326666666666666 0.134765625 0.932
1 0.0537109375 0.9566666666666667 0.059814453125 0.947 0.056640625 0.941 0.0390625 0.939 0.030029296875 0.9426666666666667 0.02392578125 0.951 0.023681640625 0.9553333333333334 0.02490234375 0.9586666666666667 0.041748046875 0.96 0.0537109375 0.9566666666666667
1 0.232666015625 0.9876666666666667 0.234375 0.986 0.2353515625 0.9823333333333333 0.232666015625 0.9783333333333334 0.229736328125 0.9773333333333334 0.224609375 0.977 0.22216796875 0.979 0.221923828125 0.982 0.223388671875 0.984 0.228759765625 0.9876666666666667 0.232666015625 0.9876666666666667
1 0.337890625 0.8446666666666667 0.33935546875 0.836 0.338623046875 0.8333333333333334 0.334716796875 0.828 0.330078125 0.8266666666666667 0.327880859375 0.8336666666666667 0.328125 0.839 0.332763671875 0.8466666666666667 0.33447265625 0.847 0.337890625 0.8446666666666667
1 0.351318359375 0.8196666666666667 0.351318359375 0.814 0.348388671875 0.808 0.345947265625 0.806 0.341796875 0.806 0.340576171875 0.8083333333333333 0.34033203125 0.8106666666666666 0.3427734375 0.8206666666666667 0.349365234375 0.822 0.351318359375 0.8196666666666667
1 0.412109375 0.5086666666666667 0.423828125 0.51 0.428466796875 0.5056666666666667 0.428466796875 0.502 0.419677734375 0.49333333333333335 0.411376953125 0.49366666666666664 0.4072265625 0.49533333333333335 0.405517578125 0.49766666666666665 0.40576171875 0.5016666666666667 0.407470703125 0.5046666666666667 0.412109375 0.5086666666666667
1 0.436767578125 0.49766666666666665 0.439208984375 0.49466666666666664 0.436279296875 0.49 0.431640625 0.48733333333333334 0.42724609375 0.48633333333333334 0.42138671875 0.4886666666666667 0.42041015625 0.49 0.421142578125 0.494 0.427490234375 0.49933333333333335 0.436767578125 0.49766666666666665
1 0.232177734375 0.32966666666666666 0.236328125 0.32866666666666666 0.239013671875 0.32233333333333336 0.236572265625 0.318 0.228271484375 0.31266666666666665 0.223876953125 0.31366666666666665 0.22216796875 0.318 0.22216796875 0.32233333333333336 0.22314453125 0.32366666666666666 0.232177734375 0.32966666666666666
1 0.279052734375 0.277 0.283447265625 0.27566666666666667 0.28564453125 0.25933333333333336 0.281494140625 0.25133333333333335 0.277099609375 0.24866666666666667 0.270751953125 0.248 0.265869140625 0.24933333333333332 0.2626953125 0.25233333333333335 0.263427734375 0.25966666666666666 0.271484375 0.26366666666666666 0.276611328125 0.2753333333333333 0.279052734375 0.277
1 0.3603515625 0.24866666666666667 0.365478515625 0.248 0.3671875 0.24633333333333332 0.3671875 0.24333333333333335 0.3583984375 0.23233333333333334 0.345703125 0.22833333333333333 0.342041015625 0.22866666666666666 0.339111328125 0.23233333333333334 0.3388671875 0.23633333333333334 0.341552734375 0.24033333333333334 0.348388671875 0.244 0.3603515625 0.24866666666666667
1 0.3134765625 0.203 0.316650390625 0.201 0.316162109375 0.18966666666666668 0.314453125 0.18633333333333332 0.311279296875 0.18466666666666667 0.301513671875 0.184 0.29296875 0.18533333333333332 0.29150390625 0.18666666666666668 0.29150390625 0.19566666666666666 0.294189453125 0.199 0.302734375 0.20166666666666666 0.3134765625 0.203
1 0.336669921875 0.14066666666666666 0.3388671875 0.13866666666666666 0.335693359375 0.12866666666666668 0.328369140625 0.119 0.327392578125 0.116 0.316487548828125 0.11044433333333334 0.314208984375 0.10766666666666666 0.310546875 0.10833333333333334 0.30419921875 0.11366666666666667 0.298583984375 0.11466666666666667 0.30078125 0.12266666666666666 0.318115234375 0.14333333333333334 0.326416015625 0.14433333333333334 0.336669921875 0.14066666666666666
1 0.38134765625 0.17166666666666666 0.384521484375 0.17 0.38671875 0.166 0.385009765625 0.162 0.380859375 0.15766666666666668 0.376220703125 0.15666666666666668 0.373046875 0.15833333333333333 0.3720703125 0.162 0.37255859375 0.166 0.376708984375 0.16966666666666666 0.38134765625 0.17166666666666666
1 0.182861328125 0.05633333333333333 0.183837890625 0.058666666666666666 0.185302734375 0.06066666666666667 0.1875 0.061 0.192626953125 0.060333333333333336 0.19482421875 0.058666666666666666 0.19677734375 0.056 0.19775390625 0.05266666666666667 0.197265625 0.04566666666666667 0.1959228515625 0.04566666666666667 0.188720703125 0.046 0.185791015625 0.04733333333333333 0.18310546875 0.052333333333333336 0.182861328125 0.05633333333333333
1 0.1259765625 0.10933333333333334 0.128173828125 0.11233333333333333 0.130859375 0.114 0.134765625 0.114 0.13916015625 0.112 0.1435546875 0.10733333333333334 0.14404296875 0.10333333333333333 0.14208984375 0.09933333333333333 0.138916015625 0.09766666666666667 0.1376953125 0.09766666666666667 0.13427734375 0.09866666666666667 0.128662109375 0.10266666666666667 0.12548828125 0.107 0.1259765625 0.10933333333333334
1 0.1015625 0.5173333333333333 0.105712890625 0.5213333333333333 0.111328125 0.522 0.11328125 0.5173333333333333 0.112548828125 0.5133333333333333 0.10986328125 0.5096666666666667 0.103515625 0.505 0.102783203125 0.505 0.1005859375 0.5056666666666667 0.099365234375 0.5076666666666667 0.099609375 0.514 0.1015625 0.5173333333333333
1 0.484375 0.944 0.48974609375 0.9476666666666667 0.498046875 0.9473333333333334 0.501708984375 0.943 0.503173828125 0.9393333333333334 0.502197265625 0.9353333333333333 0.498046875 0.9336666666666666 0.497314453125 0.9336666666666666 0.489501953125 0.9343333333333333 0.486328125 0.9356666666666666 0.48388671875 0.9393333333333334 0.484375 0.944
1 0.4443359375 0.9656666666666667 0.4462890625 0.963 0.446533203125 0.9583333333333334 0.44384765625 0.9556666666666667 0.44287109375 0.9556666666666667 0.4326171875 0.959 0.431640625 0.9666666666666667 0.43896484375 0.9673333333333334 0.4443359375 0.9656666666666667
1 0.678955078125 0.5876666666666667 0.681640625 0.5966666666666667 0.6865234375 0.596 0.691162109375 0.592 0.69384765625 0.5876666666666667 0.6962890625 0.5763333333333334 0.6962890625 0.569 0.693359375 0.5663333333333334 0.69287109375 0.5663333333333334 0.68505859375 0.5683333333333334 0.681640625 0.5703333333333334 0.68017578125 0.5723333333333334 0.678955078125 0.5876666666666667
1 0.513671875 0.49366666666666664 0.51708984375 0.498 0.52099609375 0.5 0.530517578125 0.496 0.5322265625 0.49066666666666664 0.53125 0.48633333333333334 0.529541015625 0.484 0.525146484375 0.481 0.5224609375 0.47633333333333333 0.517578125 0.472 0.516276123046875 0.472 0.513427734375 0.4723333333333333 0.510986328125 0.48033333333333333 0.51220703125 0.489 0.513671875 0.49366666666666664
1 0.638427734375 0.323 0.642333984375 0.326 0.6455078125 0.325 0.646484375 0.321 0.64599609375 0.31433333333333335 0.643310546875 0.31133333333333335 0.6416015625 0.30633333333333335 0.63427734375 0.2976666666666667 0.632080078125 0.297 0.63037109375 0.297 0.626953125 0.299 0.625732421875 0.30433333333333334 0.626220703125 0.30766666666666664 0.638427734375 0.323
1 0.314453125 0.4646666666666667 0.318359375 0.47 0.32373046875 0.4736666666666667 0.32568359375 0.4746666666666667 0.330810546875 0.47433333333333333 0.332763671875 0.4706666666666667 0.332763671875 0.4666666666666667 0.327880859375 0.45866666666666667 0.322265625 0.4563333333333333 0.32080078125 0.4563333333333333 0.31787109375 0.45666666666666667 0.314453125 0.45866666666666667 0.313720703125 0.4613333333333333 0.314453125 0.4646666666666667
1 0.35107421875 0.5473333333333333 0.352783203125 0.549 0.35791015625 0.5486666666666666 0.36279296875 0.5443333333333333 0.363525390625 0.54 0.362060546875 0.53 0.361083984375 0.5286666666666666 0.35791015625 0.528 0.357177734375 0.528 0.349609375 0.533 0.34912109375 0.5396666666666666 0.349853515625 0.5443333333333333 0.35107421875 0.5473333333333333
1 0.404296875 0.6083333333333333 0.408203125 0.6076666666666667 0.410888671875 0.6056666666666667 0.4130859375 0.603 0.413818359375 0.6 0.41259765625 0.592 0.408203125 0.5876666666666667 0.40673828125 0.5876666666666667 0.404052734375 0.589 0.39990234375 0.5993333333333334 0.4013671875 0.6066666666666667 0.404296875 0.6083333333333333
1 0.503662109375 0.692 0.504638671875 0.6963333333333334 0.505859375 0.698 0.512451171875 0.6966666666666667 0.515869140625 0.693 0.517822265625 0.6846666666666666 0.516845703125 0.6776666666666666 0.513916015625 0.6753333333333333 0.512939453125 0.6753333333333333 0.508544921875 0.6773333333333333 0.5048828125 0.681 0.503173828125 0.685 0.503662109375 0.692
1 0.584716796875 0.5803333333333334 0.591796875 0.5806666666666667 0.593505859375 0.576 0.593505859375 0.5723333333333334 0.5927734375 0.5706666666666667 0.591552734375 0.5693333333333334 0.587646484375 0.5693333333333334 0.58251953125 0.567 0.5810546875 0.567 0.5791015625 0.5673333333333334 0.576904296875 0.572 0.57763671875 0.5763333333333334 0.584716796875 0.5803333333333334
1 0.7138671875 0.966 0.720947265625 0.9756666666666667 0.724853515625 0.9783333333333334 0.733154296875 0.9796666666666667 0.734130859375 0.9783333333333334 0.73388671875 0.9746666666666667 0.732421875 0.9626666666666667 0.73095703125 0.9576666666666667 0.727294921875 0.9543333333333334 0.717529296875 0.951 0.716064453125 0.951 0.712890625 0.952 0.7119140625 0.9543333333333334 0.712158203125 0.959 0.7138671875 0.966
1 0.594482421875 0.9466666666666667 0.600830078125 0.953 0.61083984375 0.9563333333333334 0.619384765625 0.956 0.62158203125 0.955 0.624267578125 0.9506666666666667 0.625244140625 0.947 0.624267578125 0.9436666666666667 0.622314453125 0.9413333333333334 0.615234375 0.937 0.607177734375 0.9353333333333333 0.60595703125 0.9353333333333333 0.599365234375 0.9356666666666666 0.596923828125 0.9373333333333334 0.59423828125 0.942 0.594482421875 0.9466666666666667
1 0.133544921875 0.8453333333333334 0.13525390625 0.8486666666666667 0.138916015625 0.8523333333333334 0.14453125 0.8556666666666667 0.150146484375 0.8553333333333333 0.159423828125 0.8523333333333334 0.16455078125 0.8476666666666667 0.166015625 0.8416666666666667 0.162353515625 0.8366666666666667 0.154296875 0.833 0.15283203125 0.833 0.141845703125 0.8336666666666667 0.134765625 0.8376666666666667 0.13330078125 0.8416666666666667 0.133544921875 0.8453333333333334
1 0.822265625 0.9496666666666667 0.826416015625 0.9503333333333334 0.828857421875 0.9493333333333334 0.830810546875 0.9436666666666667 0.828857421875 0.9393333333333334 0.82666015625 0.9373333333333334 0.818603515625 0.9336666666666666 0.8173828125 0.9336666666666666 0.811767578125 0.9353333333333333 0.813720703125 0.943 0.817626953125 0.9473333333333334 0.822265625 0.9496666666666667
1 0.716552734375 0.452 0.7216796875 0.452 0.725830078125 0.449 0.726318359375 0.44533333333333336 0.7255859375 0.44233333333333336 0.72412109375 0.43966666666666665 0.72216796875 0.43933333333333335 0.720458984375 0.43933333333333335 0.716552734375 0.44066666666666665 0.713623046875 0.443 0.71337890625 0.44733333333333336 0.716552734375 0.452
1 0.2470703125 0.049666666666666665 0.251708984375 0.05266666666666667 0.252685546875 0.056666666666666664 0.251220703125 0.06066666666666667 0.255859375 0.06966666666666667 0.2587890625 0.071 0.26318359375 0.071 0.263916015625 0.064 0.2626953125 0.059666666666666666 0.263916015625 0.05533333333333333 0.26611328125 0.051666666666666666 0.266845703125 0.04733333333333333 0.266845703125 0.03933333333333333 0.26611328125 0.037333333333333336 0.2626953125 0.035666666666666666 0.248291015625 0.034333333333333334 0.248046875 0.034 0.2451171875 0.037 0.244384765625 0.043666666666666666 0.2451171875 0.047 0.2470703125 0.049666666666666665
1 0.701904296875 0.318 0.703125 0.31933333333333336 0.7080078125 0.321 0.712158203125 0.31866666666666665 0.713623046875 0.31433333333333335 0.713134765625 0.31033333333333335 0.70947265625 0.30866666666666664 0.707275390625 0.30866666666666664 0.704833984375 0.30933333333333335 0.70166015625 0.31433333333333335 0.70166015625 0.31566666666666665 0.701904296875 0.318
1 0.81396484375 0.30233333333333334 0.817626953125 0.30433333333333334 0.822021484375 0.30466666666666664 0.82421875 0.30333333333333334 0.825927734375 0.29933333333333334 0.826416015625 0.29033333333333333 0.82470703125 0.2866666666666667 0.819580078125 0.2853333333333333 0.818115234375 0.2853333333333333 0.81494140625 0.287 0.814453125 0.28833333333333333 0.813720703125 0.294 0.81396484375 0.30233333333333334
1 0.869140625 0.24333333333333335 0.871337890625 0.244 0.873291015625 0.244 0.8759765625 0.241 0.87744140625 0.23666666666666666 0.876953125 0.22866666666666666 0.873046875 0.22466666666666665 0.872802734375 0.22466666666666665 0.869140625 0.226 0.864990234375 0.23433333333333334 0.865234375 0.24 0.869140625 0.24333333333333335
1 0.930419921875 0.24766666666666667 0.935546875 0.24966666666666668 0.9423828125 0.24666666666666667 0.944091796875 0.24466666666666667 0.943115234375 0.24 0.9404296875 0.23733333333333334 0.938232421875 0.236 0.93212890625 0.235 0.931396484375 0.235 0.92822265625 0.23633333333333334 0.92626953125 0.24 0.92724609375 0.24433333333333335 0.930419921875 0.24766666666666667
1 0.390869140625 0.555 0.39599609375 0.5593333333333333 0.400390625 0.56 0.4052734375 0.5576666666666666 0.40869140625 0.553 0.408447265625 0.5513333333333333 0.40576171875 0.5486666666666666 0.39990234375 0.5473333333333333 0.398681640625 0.5473333333333333 0.39501953125 0.5473333333333333 0.391845703125 0.5486666666666666 0.390380859375 0.5516666666666666 0.390869140625 0.555
1 0.388427734375 0.9006666666666666 0.392578125 0.9016666666666666 0.404296875 0.896 0.40625 0.8886666666666667 0.404296875 0.8843333333333333 0.400390625 0.885 0.398681640625 0.883 0.39404296875 0.882 0.392578125 0.8806666666666667 0.392333984375 0.8806666666666667 0.3896484375 0.886 0.388916015625 0.8923333333333333 0.387451171875 0.896 0.388427734375 0.9006666666666666
1 0.779296875 0.6663333333333333 0.78759765625 0.668 0.789794921875 0.666 0.792236328125 0.6576666666666666 0.79150390625 0.654 0.787109375 0.65 0.786865234375 0.65 0.782958984375 0.6523333333333333 0.781494140625 0.6553333333333333 0.779296875 0.6573333333333333 0.779296875 0.6663333333333333
1 0.620361328125 0.644 0.62255859375 0.6453333333333333 0.62744140625 0.6453333333333333 0.631591796875 0.6423333333333333 0.630615234375 0.6346666666666667 0.62744140625 0.6323333333333333 0.62615966796875 0.6323333333333333 0.622314453125 0.6323333333333333 0.6181640625 0.6346666666666667 0.617919921875 0.6386666666666667 0.620361328125 0.644
1 0.5712890625 0.4043333333333333 0.572265625 0.39266666666666666 0.56884765625 0.3913333333333333 0.563720703125 0.3923333333333333 0.562255859375 0.4 0.561279296875 0.4083333333333333 0.563720703125 0.4106666666666667 0.568359375 0.4106666666666667 0.5712890625 0.4043333333333333
1 0.510498046875 0.3293333333333333 0.511962890625 0.3273333333333333 0.512939453125 0.32266666666666666 0.51171875 0.31466666666666665 0.510009765625 0.31333333333333335 0.50537109375 0.31366666666666665 0.5029296875 0.31633333333333336 0.502197265625 0.323 0.50439453125 0.3293333333333333 0.505615234375 0.33066666666666666 0.510498046875 0.3293333333333333
1 0.416021728515625 0.057212 0.408967041015625 0.06685866666666666 0.42040966796875 0.08575733333333332 0.427486328125 0.072816 0.416021728515625 0.057212
1 0.4828935546875 0.08431966666666667 0.48500146484375 0.08082733333333333 0.48756103515625 0.07507566666666667 0.489518310546875 0.066037 0.480333984375 0.054122666666666666 0.473598876953125 0.05567033333333333 0.477021484375 0.066037 0.472052978515625 0.06973466666666667 0.4828935546875 0.08431966666666667
1 0.50291845703125 0.08719533333333333 0.492228515625 0.08719533333333333 0.49403515625 0.09849366666666666 0.505779052734375 0.101164 0.506230712890625 0.09007133333333334 0.50291845703125 0.08719533333333333
1 0.654928955078125 0.7570466666666666 0.657737060546875 0.7600353333333334 0.6618369140625 0.7574299999999999 0.66454248046875 0.748119 0.6613876953125 0.7453993333333333 0.657961669921875 0.7460889999999999 0.655434326171875 0.7498440000000001 0.654928955078125 0.7570466666666666
1 0.035124267578125 0.8116439999999999 0.03314208984375 0.8022689999999999 0.0257421875 0.7956883333333333 0.0180830078125 0.7945356666666666 0.01926708984375 0.803531 0.0243544921875 0.80903 0.03182080078125 0.8124553333333333 0.035124267578125 0.8116439999999999
1 0.774739013671875 0.8646243333333333 0.7620029296875 0.8694843333333333 0.768156494140625 0.8789483333333332 0.77923291015625 0.8729953333333333 0.774739013671875 0.8646243333333333
1 0.765695068359375 0.8534563333333334 0.75900927734375 0.8548883333333334 0.7568564453125 0.860936 0.75674462890625 0.8670420000000001 0.7627861328125 0.8679579999999999 0.765695068359375 0.8534563333333334
1 0.7016953125 0.3988813333333333 0.704329833984375 0.38809800000000005 0.696836181640625 0.38618433333333335 0.682594970703125 0.3979826666666667 0.691420654296875 0.41110233333333335 0.7016953125 0.3988813333333333
1 0.07781103515625 0.22737600000000002 0.085025634765625 0.22413999999999998 0.083839599609375 0.21308333333333335 0.0746484375 0.21065633333333336 0.059839599609375 0.21461466666666668 0.057353515625 0.22063433333333335 0.05814404296875 0.22413999999999998 0.06693994140625 0.22724133333333335 0.07781103515625 0.22737600000000002
1 0.077909912109375 0.09775733333333333 0.071486083984375 0.08359933333333333 0.06632373046875 0.07979533333333333 0.062690185546875 0.088049 0.069509521484375 0.10180233333333333 0.078206298828125 0.106387 0.077909912109375 0.09775733333333333
1 0.053540771484375 0.09547800000000001 0.0505341796875 0.10328566666666668 0.055080322265625 0.10611733333333333 0.0584404296875 0.098027 0.053540771484375 0.09547800000000001
1 0.09550146484375 0.102072 0.090263671875 0.115421 0.095303955078125 0.11852233333333334 0.10083837890625 0.10665666666666668 0.09550146484375 0.102072
1 0.172193115234375 0.06000266666666667 0.177332275390625 0.06000266666666667 0.181680908203125 0.05433933333333334 0.18385498046875 0.045844666666666666 0.181977294921875 0.041799333333333334 0.181556640625 0.04261266666666667 0.1693271484375 0.05164266666666666 0.1663623046875 0.055822666666666666 0.16814111328125 0.05851933333333333 0.172193115234375 0.06000266666666667
1 0.18672119140625 0.03519233333333333 0.193540283203125 0.034922666666666664 0.1938369140625 0.027236666666666666 0.1904765625 0.02265233333333333 0.182175048828125 0.015101333333333335 0.175443115234375 0.015547666666666666 0.176146484375 0.023461333333333334 0.182767822265625 0.03195633333333334 0.18672119140625 0.03519233333333333
1 0.201644287109375 0.04072066666666667 0.1992724609375 0.03694533333333333 0.192453125 0.035462 0.18767041015625 0.036289 0.1908720703125 0.043012999999999996 0.1948251953125 0.043822 0.20045849609375 0.044631 0.201644287109375 0.04072066666666667
1 0.143022216796875 0.22700900000000002 0.142149169921875 0.231855 0.14748583984375 0.23414733333333335 0.147881103515625 0.22902366666666668 0.143022216796875 0.22700900000000002
1 0.16369384765625 0.14783133333333334 0.15747265625 0.145561 0.155194580078125 0.15255066666666667 0.156677001953125 0.15929266666666667 0.16171728515625 0.15740466666666666 0.16369384765625 0.14783133333333334
1 0.158653564453125 0.09185366666666665 0.160926513671875 0.09967433333333334 0.170908447265625 0.09616866666666665 0.167943603515625 0.08794333333333333 0.158653564453125 0.09185366666666665
1 0.042221923828125 0.029901 0.0424765625 0.02434266666666667 0.03937158203125 0.019479333333333335 0.03603759765625 0.017756333333333332 0.03397607421875 0.024689999999999997 0.035350341796875 0.030804 0.040338623046875 0.035181333333333335 0.042221923828125 0.029901
1 0.0304638671875 0.08834266666666667 0.0287841796875 0.084313 0.025781005859375 0.08181166666666667 0.023439697265625 0.08124100000000001 0.02247265625 0.08889833333333333 0.026646484375 0.09383133333333334 0.03066748046875 0.09445666666666667 0.0304638671875 0.08834266666666667
1 0.04069482421875 0.11616266666666666 0.04145849609375 0.12253666666666667 0.05362353515625 0.12253666666666667 0.05230029296875 0.11454700000000001 0.04069482421875 0.11616266666666666
1 0.0433671875 0.14660199999999998 0.036368408203125 0.151031 0.03942236328125 0.15881233333333333 0.045174072265625 0.15429633333333334 0.0433671875 0.14660199999999998
1 0.0525546875 0.22698366666666667 0.052809326171875 0.21982766666666664 0.04985693359375 0.21996633333333335 0.04476708984375 0.22052233333333335 0.040593017578125 0.22635833333333336 0.041356689453125 0.23476499999999997 0.049958740234375 0.230944 0.0525546875 0.22698366666666667
1 0.064719970703125 0.25645033333333334 0.06395654296875 0.25096166666666664 0.06192041015625 0.24866899999999997 0.05560888671875 0.250545 0.055761474609375 0.25575566666666666 0.058662841796875 0.2584653333333333 0.064719970703125 0.25645033333333334
1 0.062836669921875 0.26674166666666665 0.06169140625 0.265336 0.057186767578125 0.2684786666666667 0.058102783203125 0.2782053333333333 0.06354931640625 0.27507899999999996 0.062836669921875 0.26674166666666665
1 0.02817333984375 0.404763 0.029293212890625 0.4105296666666666 0.03402685546875 0.411155 0.036368408203125 0.40837599999999996 0.03652099609375 0.404902 0.0378955078125 0.402262 0.039066162109375 0.39927433333333334 0.03860791015625 0.39719 0.037590087890625 0.3951753333333334 0.035553955078125 0.394272 0.03479052734375 0.39441099999999996 0.0329580078125 0.39663433333333337 0.032856201171875 0.4005943333333333 0.030514892578125 0.401984 0.02817333984375 0.404763
1 0.1012021484375 0.43119133333333337 0.101507568359375 0.44084866666666667 0.11265478515625 0.440779 0.112756591796875 0.432164 0.1012021484375 0.43119133333333337
1 0.080346435546875 0.5400663333333333 0.07943017578125 0.5345776666666666 0.075816162109375 0.5314513333333334 0.07021728515625 0.5303396666666667 0.0671123046875 0.5305333333333333 0.0662470703125 0.535481 0.069301025390625 0.5388853333333333 0.076427001953125 0.5413863333333334 0.080346435546875 0.5400663333333333
1 0.03769189453125 0.5259626666666667 0.033009033203125 0.5198486666666667 0.025322998046875 0.515819 0.017993408203125 0.5142903333333334 0.0137685546875 0.5210296666666666 0.031532958984375 0.5340913333333333 0.0375390625 0.5287416666666667 0.03769189453125 0.5259626666666667
1 0.0087294921875 0.5339523333333334 0.00984912109375 0.539719 0.020996337890625 0.5389546666666667 0.01982568359375 0.5324933333333334 0.0087294921875 0.5339523333333334
1 0.037386474609375 0.8541303333333333 0.034332275390625 0.843431 0.031736328125 0.8445423333333333 0.023846923828125 0.8537830000000001 0.02644287109375 0.8642046666666667 0.032398193359375 0.8612863333333333 0.037386474609375 0.8541303333333333
1 0.02751171875 0.8655246666666667 0.01524462890625 0.87143 0.01692431640625 0.8817126666666666 0.030005859375 0.8757376666666667 0.02751171875 0.8655246666666667
1 0.065585205078125 0.9325956666666666 0.058713623046875 0.934958 0.059171875 0.948506 0.066196044921875 0.9458656666666667 0.065585205078125 0.9325956666666666
1 0.063345703125 0.962054 0.0654326171875 0.970808 0.0737802734375 0.9703216666666667 0.07067529296875 0.9610813333333333 0.063345703125 0.962054
1 0.119768798828125 0.9996666666666667 0.1404853515625 0.9996666666666667 0.14277587890625 0.9955390000000001 0.147662353515625 0.989008 0.16344140625 0.974904 0.155449951171875 0.9679563333333334 0.139772705078125 0.9805316666666666 0.139212890625 0.965872 0.132239501953125 0.967609 0.1330029296875 0.9848393333333333 0.120990478515625 0.9892163333333333 0.117478271484375 0.996859 0.119768798828125 0.9996666666666667
1 0.11819091796875 0.9045763333333333 0.104702392578125 0.9112459999999999 0.106382080078125 0.9195136666666667 0.1196669921875 0.9127746666666667 0.11819091796875 0.9045763333333333
1 0.162474365234375 0.8204223333333333 0.165884765625 0.8322333333333333 0.182121826171875 0.8279259999999999 0.180034912109375 0.815698 0.162474365234375 0.8204223333333333
1 0.18181640625 0.8334146666666667 0.17779541015625 0.8456426666666667 0.1834453125 0.84995 0.18736474609375 0.8388336666666667 0.18181640625 0.8334146666666667
1 0.200140625 0.8736416666666668 0.20283837890625 0.8687783333333333 0.203958251953125 0.8634980000000001 0.20324560546875 0.8605799999999999 0.1980537109375 0.8635676666666666 0.19530517578125 0.871071 0.196068603515625 0.877185 0.200140625 0.8736416666666668
1 0.183597900390625 0.8905246666666667 0.182325439453125 0.8875373333333334 0.179984130859375 0.885731 0.178711669921875 0.8849666666666667 0.175250244140625 0.885036 0.1755048828125 0.8905246666666667 0.180442138671875 0.8929563333333334 0.183597900390625 0.8905246666666667
1 0.118750732421875 0.739867 0.130152587890625 0.7355593333333333 0.13402099609375 0.7286813333333333 0.136616943359375 0.719788 0.131832275390625 0.717009 0.129592529296875 0.722706 0.1213466796875 0.724721 0.115849365234375 0.7329193333333333 0.118750732421875 0.739867
1 0.14674609375 0.6851273333333333 0.142266845703125 0.690113 0.1437939453125 0.6956016666666666 0.149138427734375 0.6903213333333333 0.14674609375 0.6851273333333333
1 0.1396201171875 0.639386 0.13941650390625 0.6354953333333334 0.13941650390625 0.6327856666666667 0.13860205078125 0.6326466666666667 0.13529345703125 0.6353563333333333 0.134530029296875 0.639386 0.135853271484375 0.641123 0.1396201171875 0.639386
1 0.150868896484375 0.5783813333333333 0.15071630859375 0.5862189999999999 0.16160888671875 0.5885116666666667 0.16277978515625 0.5807303333333333 0.150868896484375 0.5783813333333333
1 0.168785888671875 0.593375 0.168327880859375 0.590735 0.16237255859375 0.5870526666666667 0.1563662109375 0.592055 0.160794677734375 0.5960846666666666 0.16654638671875 0.6002533333333333 0.168785888671875 0.593375
1 0.168175048828125 0.6078263333333334 0.16695361328125 0.603102 0.166037353515625 0.602824 0.15906396484375 0.6031713333333333 0.1596748046875 0.607201 0.163492431640625 0.6096326666666666 0.168175048828125 0.6078263333333334
1 0.16344140625 0.6110916666666667 0.161914306640625 0.6187343333333333 0.174385009765625 0.6177616666666667 0.1751484375 0.6104663333333333 0.16344140625 0.6110916666666667
1 0.069173828125 0.563558 0.066221435546875 0.56995 0.076656005859375 0.5742573333333333 0.078234130859375 0.568213 0.069173828125 0.563558
1 0.067875732421875 0.5847846666666667 0.063294677734375 0.5830476666666666 0.060393310546875 0.582353 0.058459228515625 0.5882586666666667 0.060953369140625 0.5922883333333333 0.065890625 0.591663 0.067875732421875 0.5847846666666667
1 0.181842041015625 0.48679866666666666 0.186677490234375 0.47936466666666666 0.18912060546875 0.463246 0.185812255859375 0.44643266666666664 0.177464599609375 0.44886433333333337 0.17578466796875 0.4557426666666667 0.17364697265625 0.4630376666666667 0.163466796875 0.4577573333333333 0.144582763671875 0.466859 0.17033837890625 0.489439 0.181842041015625 0.48679866666666666
1 0.1963994140625 0.49861 0.19487255859375 0.4840893333333333 0.191462158203125 0.4772803333333333 0.18739013671875 0.478809 0.181638427734375 0.4901336666666667 0.18652490234375 0.5074336666666667 0.1943125 0.5065996666666667 0.1963994140625 0.49861
1 0.2414462890625 0.4681093333333333 0.236509033203125 0.46595566666666666 0.222944091796875 0.456937 0.217573974609375 0.45699300000000004 0.21747216796875 0.4654693333333333 0.239257568359375 0.4758213333333333 0.2414462890625 0.4681093333333333
1 0.181892822265625 0.393613 0.181689208984375 0.40195 0.191004150390625 0.4014636666666667 0.190953125 0.39368233333333336 0.181892822265625 0.393613
1 0.180467529296875 0.34427266666666667 0.172476318359375 0.35955766666666666 0.178991455078125 0.36685266666666666 0.18576123046875 0.34809399999999996 0.180467529296875 0.34427266666666667
1 0.176293701171875 0.16934766666666667 0.167284423828125 0.169556 0.172730712890625 0.182062 0.1805693359375 0.1808806666666667 0.176293701171875 0.16934766666666667
1 0.3014580078125 0.04638433333333333 0.301152587890625 0.072994 0.315201171875 0.07417533333333334 0.315252197265625 0.047009666666666665 0.3014580078125 0.04638433333333333
1 0.28978662109375 0.11871233333333334 0.281036865234375 0.11617666666666666 0.278400146484375 0.11674933333333333 0.26383740234375 0.128365 0.283793701171875 0.13973533333333335 0.30201220703125 0.12525666666666666 0.28978662109375 0.11871233333333334
1 0.298985595703125 0.3549893333333334 0.295479736328125 0.35804299999999994 0.299195556640625 0.36728666666666665 0.30285107421875 0.36499633333333337 0.298985595703125 0.3549893333333334
1 0.271568115234375 0.382359 0.270908935546875 0.3923176666666667 0.2746845703125 0.3924813333333333 0.275163818359375 0.38241966666666666 0.271568115234375 0.382359
1 0.343363037109375 0.5371583333333333 0.33239599609375 0.540185 0.3337744140625 0.5458293333333334 0.344561767578125 0.5429663333333333 0.343363037109375 0.5371583333333333
1 0.322208251953125 0.5523733333333333 0.322208251953125 0.540594 0.31591552734375 0.532087 0.310402099609375 0.5302053333333333 0.30872412109375 0.5404306666666666 0.31525634765625 0.5502466666666667 0.322208251953125 0.5523733333333333
1 0.340666259765625 0.580765 0.336830810546875 0.5867363333333333 0.342404296875 0.588536 0.3455205078125 0.58191 0.340666259765625 0.580765
1 0.28768896484375 0.6480153333333334 0.289666748046875 0.6456430000000001 0.28996630859375 0.6436796666666666 0.2877490234375 0.6369103333333334 0.284213134765625 0.6401623333333334 0.282475341796875 0.6438433333333333 0.2841533203125 0.6496513333333334 0.28768896484375 0.6480153333333334
1 0.248615478515625 0.6457246666666666 0.231655517578125 0.6463793333333333 0.23087646484375 0.6551319999999999 0.248135986328125 0.6539866666666667 0.248615478515625 0.6457246666666666
1 0.2254228515625 0.6841026666666666 0.218111572265625 0.6883563333333333 0.2205087890625 0.6949003333333333 0.227340576171875 0.689747 0.2254228515625 0.6841026666666666
1 0.215294921875 0.6984176666666667 0.20528662109375 0.6986633333333333 0.209062255859375 0.713878 0.221467529296875 0.7104426666666667 0.215294921875 0.6984176666666667
1 0.230037353515625 0.7331146666666667 0.22859912109375 0.7381863333333334 0.237528564453125 0.7427673333333333 0.239506103515625 0.736714 0.230037353515625 0.7331146666666667
1 0.275463623046875 0.7605996666666667 0.275943115234375 0.7511926666666666 0.26401708984375 0.7546283333333335 0.265455322265625 0.760027 0.27036962890625 0.761663 0.275463623046875 0.7605996666666667
1 0.319091796875 0.7813053333333334 0.31639501953125 0.7860496666666666 0.32478515625 0.7912033333333334 0.32766162109375 0.7858863333333334 0.319091796875 0.7813053333333334
1 0.339287841796875 0.7955386666666666 0.331017822265625 0.7964386666666666 0.332575927734375 0.8076453333333334 0.340666259765625 0.8063363333333333 0.339287841796875 0.7955386666666666
1 0.35597802734375 0.8273946666666667 0.349715576171875 0.8339166666666666 0.35409033203125 0.83907 0.36062255859375 0.8317079999999999 0.35597802734375 0.8273946666666667
1 0.341625244140625 0.8996976666666666 0.34006689453125 0.8960166666666667 0.3367109375 0.892581 0.33173681640625 0.8929083333333333 0.3326357421875 0.8977346666666667 0.337550048828125 0.9010066666666666 0.341625244140625 0.8996976666666666
1 0.312020263671875 0.8600963333333334 0.3130390625 0.8554336666666666 0.312260009765625 0.8526523333333333 0.308904052734375 0.851507 0.305068359375 0.8525706666666667 0.30530810546875 0.8551063333333333 0.308364501953125 0.8591963333333333 0.312020263671875 0.8600963333333334
1 0.39349365234375 0.7768449999999999 0.3924150390625 0.7819166666666667 0.39852783203125 0.7832253333333333 0.399246826171875 0.7779903333333333 0.39349365234375 0.7768449999999999
1 0.34812744140625 0.702383 0.349565673828125 0.6993563333333334 0.35064453125 0.6917486666666667 0.348906494140625 0.688395 0.345131103515625 0.6914216666666666 0.34273388671875 0.695348 0.34357275390625 0.700747 0.34812744140625 0.702383
1 0.37683349609375 0.6172933333333334 0.375754638671875 0.6127126666666667 0.3723388671875 0.6118726666666666 0.36820361328125 0.613776 0.3679638671875 0.6204836666666667 0.373357666015625 0.6209743333333333 0.37683349609375 0.6172933333333334
1 0.371080322265625 0.44028966666666663 0.36526708984375 0.44316466666666665 0.36982177734375 0.45175366666666666 0.37431640625 0.44880899999999996 0.371080322265625 0.44028966666666663
1 0.34591015625 0.4251933333333333 0.3436328125 0.42827699999999996 0.34860693359375 0.43236700000000006 0.350704345703125 0.4287676666666667 0.34591015625 0.4251933333333333
1 0.34746826171875 0.3792683333333334 0.3436328125 0.38221299999999997 0.347588134765625 0.38949333333333336 0.350764404296875 0.38597600000000004 0.34746826171875 0.3792683333333334
1 0.353461181640625 0.37280599999999997 0.353700927734375 0.36904299999999995 0.35238232421875 0.36652633333333334 0.346928955078125 0.3663436666666666 0.3456103515625 0.36994299999999997 0.347408203125 0.3728876666666667 0.353461181640625 0.37280599999999997
1 0.369941650390625 0.34629566666666667 0.36868310546875 0.350304 0.374256591796875 0.35153100000000004 0.3749755859375 0.34744100000000006 0.369941650390625 0.34629566666666667
1 0.388159912109375 0.33067199999999997 0.382526611328125 0.3317353333333333 0.381927490234375 0.3423693333333333 0.38744091796875 0.34187866666666666 0.388159912109375 0.33067199999999997
1 0.3762939453125 0.21808399999999997 0.37227880859375 0.21154 0.36850341796875 0.20646833333333334 0.364727783203125 0.20794066666666666 0.365626708984375 0.21325766666666668 0.374436279296875 0.221765 0.3762939453125 0.21808399999999997
1 0.369941650390625 0.199587 0.370720703125 0.191407 0.366855224609375 0.18807033333333334 0.359813720703125 0.18952533333333335 0.357955810546875 0.19459700000000002 0.36167138671875 0.20097766666666667 0.369941650390625 0.199587
1 0.383965087890625 0.12176766666666666 0.383245849609375 0.12757566666666667 0.3925947265625 0.12667566666666666 0.392474853515625 0.12111333333333332 0.383965087890625 0.12176766666666666
1 0.439039794921875 0.06011833333333333 0.433346435546875 0.062327 0.436702392578125 0.075415 0.442575439453125 0.07238833333333333 0.439039794921875 0.06011833333333333
1 0.444433349609375 0.021887666666666666 0.441077392578125 0.029442999999999997 0.448089111328125 0.031160666666666666 0.4501865234375 0.023962333333333332 0.444433349609375 0.021887666666666666
1 0.382676513671875 0.03919333333333333 0.368982666015625 0.057789 0.3782119140625 0.06605066666666666 0.390437255859375 0.04699133333333333 0.382676513671875 0.03919333333333333
1 0.36263037109375 0.022869666666666667 0.36215087890625 0.036848 0.380009765625 0.03881133333333333 0.380968505859375 0.026295666666666665 0.36263037109375 0.022869666666666667
1 0.54598291015625 0.25010933333333335 0.551975830078125 0.249373 0.5573095703125 0.24920933333333334 0.55868798828125 0.24299266666666666 0.549339111328125 0.23309466666666667 0.551916015625 0.22303333333333333 0.543825439453125 0.21845233333333333 0.53681396484375 0.21804333333333334 0.534356689453125 0.21771633333333335 0.53339794921875 0.22794133333333333 0.53831201171875 0.23072266666666666 0.53160009765625 0.23350366666666666 0.54598291015625 0.25010933333333335
1 0.569834716796875 0.188268 0.57223193359375 0.18466866666666665 0.570314208984375 0.180088 0.569175537109375 0.1791063333333333 0.56066552734375 0.18139666666666668 0.55796875 0.18597766666666665 0.561025146484375 0.19072200000000003 0.569834716796875 0.188268
1 0.577985107421875 0.16322699999999998 0.572112060546875 0.16707166666666665 0.577265869140625 0.18465866666666667 0.58218017578125 0.17860533333333334 0.577985107421875 0.16322699999999998
1 0.467955322265625 0.3335863333333333 0.46633740234375 0.344302 0.475926025390625 0.3420933333333333 0.476705078125 0.33276833333333333 0.467955322265625 0.3335863333333333
1 0.485574462890625 0.34413866666666665 0.485814208984375 0.35354566666666665 0.498698974609375 0.351664 0.497620361328125 0.342257 0.485574462890625 0.34413866666666665
1 0.55395361328125 0.504004 0.550238037109375 0.507276 0.55659033203125 0.5161103333333333 0.559886474609375 0.5125109999999999 0.55395361328125 0.504004
1 0.552635009765625 0.48641666666666666 0.553773681640625 0.48968866666666666 0.55838818359375 0.48838000000000004 0.557669189453125 0.4852716666666667 0.552635009765625 0.48641666666666666
1 0.5645009765625 0.478891 0.5643212890625 0.482981 0.5680966796875 0.48371733333333333 0.5680966796875 0.4792183333333333 0.5645009765625 0.478891
1 0.57127294921875 0.4689113333333333 0.571392822265625 0.47962733333333335 0.5767265625 0.47782766666666665 0.576427001953125 0.4680933333333333 0.57127294921875 0.4689113333333333
1 0.593746337890625 0.49279733333333336 0.594465576171875 0.4902613333333334 0.592128173828125 0.48608966666666664 0.58889208984375 0.487562 0.588113037109375 0.490834 0.59248779296875 0.495742 0.593746337890625 0.49279733333333336
1 0.574329345703125 0.5537553333333334 0.5667783203125 0.5538373333333333 0.568576171875 0.565453 0.575767578125 0.5645530000000001 0.574329345703125 0.5537553333333334
1 0.526026611328125 0.5454936666666667 0.5256669921875 0.550647 0.530760986328125 0.5521193333333333 0.53130029296875 0.5468843333333333 0.526026611328125 0.5454936666666667
1 0.513381591796875 0.5462096666666666 0.507388671875 0.5534283333333334 0.51985400390625 0.5683976666666667 0.526506103515625 0.5611176666666667 0.513381591796875 0.5462096666666666
1 0.516497802734375 0.596796 0.51841552734375 0.5928696666666666 0.5182958984375 0.589843 0.51709716796875 0.587716 0.514220703125 0.5873889999999999 0.511763427734375 0.5904973333333333 0.512962158203125 0.5956506666666667 0.516497802734375 0.596796
1 0.54694189453125 0.630426 0.548799560546875 0.6278086666666667 0.545863037109375 0.6237183333333334 0.544934326171875 0.621937 0.54148828125 0.62151 0.540050048828125 0.6233913333333333 0.542087646484375 0.627645 0.54694189453125 0.630426
1 0.505291259765625 0.6543386666666667 0.5042724609375 0.6607743333333334 0.5124228515625 0.6595473333333334 0.51284228515625 0.6531666666666667 0.505291259765625 0.6543386666666667
1 0.4998076171875 0.70466 0.498759033203125 0.7086376666666667 0.50648974609375 0.7120733333333332 0.50762841796875 0.7074106666666666 0.4998076171875 0.70466
1 0.49923828125 0.7712486666666667 0.49905859375 0.7606963333333333 0.496721435546875 0.7571789999999999 0.490548583984375 0.7626596666666666 0.489949462890625 0.77313 0.49570263671875 0.7786926666666667 0.49923828125 0.7712486666666667
1 0.511943359375 0.7494796666666667 0.52950244140625 0.753815 0.536694091796875 0.7494796666666667 0.531899658203125 0.7439173333333333 0.51464013671875 0.7360643333333334 0.513801025390625 0.7323833333333334 0.510924560546875 0.7306656666666667 0.510924560546875 0.7308290000000001 0.504152587890625 0.7344283333333332 0.507508544921875 0.7397453333333333 0.51104443359375 0.7417086666666667 0.511943359375 0.7494796666666667
1 0.499987548828125 0.8659333333333334 0.491747314453125 0.875977 0.498759033203125 0.8889833333333332 0.50648974609375 0.881294 0.499987548828125 0.8659333333333334
1 0.52524755859375 0.8759973333333334 0.514100830078125 0.896509 0.525607177734375 0.9021533333333334 0.53405712890625 0.8804759999999999 0.52524755859375 0.8759973333333334
1 0.51302197265625 0.914536 0.505231201171875 0.9165503333333332 0.506429931640625 0.9378183333333333 0.51799609375 0.9352826666666667 0.51302197265625 0.914536
1 0.476255615234375 0.9589660000000001 0.47574609375 0.977754 0.4827578125 0.9759543333333333 0.482637939453125 0.95714 0.476255615234375 0.9589660000000001
1 0.496062255859375 0.9759543333333333 0.486353759765625 0.9824166666666667 0.49522314453125 0.99166 0.505111328125 0.9839706666666665 0.496062255859375 0.9759543333333333
1 0.470232666015625 0.9893696666666666 0.473408935546875 0.9996666666666667 0.485215087890625 0.9996666666666667 0.482458251953125 0.9903513333333334 0.470232666015625 0.9893696666666666
1 0.54712158203125 0.9889606666666667 0.53747314453125 0.9963226666666666 0.54040966796875 0.9996666666666667 0.55167626953125 0.9996666666666667 0.54712158203125 0.9889606666666667
1 0.5861953125 0.973694 0.580442138671875 0.982253 0.584457275390625 0.9865883333333333 0.590630126953125 0.9788990000000001 0.5861953125 0.973694
1 0.611425537109375 0.8660723333333333 0.60699072265625 0.870817 0.61172509765625 0.8776883333333334 0.6163994140625 0.872044 0.611425537109375 0.8660723333333333
1 0.59296728515625 0.8151106666666667 0.59134912109375 0.821082 0.5997392578125 0.824436 0.601656982421875 0.8179736666666666 0.59296728515625 0.8151106666666667
1 0.562643310546875 0.060303666666666665 0.54664208984375 0.070094 0.551316650390625 0.08023733333333333 0.56719775390625 0.06854 0.562643310546875 0.060303666666666665
1 0.57241162109375 0.07819233333333334 0.5289033203125 0.08579999999999999 0.53765283203125 0.11066733333333334 0.582479736328125 0.101751 0.57241162109375 0.07819233333333334
1 0.698502197265625 0.10308700000000001 0.689692626953125 0.11298466666666666 0.695625732421875 0.11813833333333335 0.703476318359375 0.10856733333333334 0.698502197265625 0.10308700000000001
1 0.676208740234375 0.13073533333333334 0.678246337890625 0.12713633333333332 0.667099365234375 0.12468233333333334 0.66410302734375 0.12991733333333333 0.665960693359375 0.13433466666666669 0.6717138671875 0.136216 0.676208740234375 0.13073533333333334
1 0.683579833984375 0.14022433333333334 0.67830615234375 0.143251 0.68417919921875 0.15200366666666668 0.688673828125 0.14758633333333335 0.683579833984375 0.14022433333333334
1 0.6702158203125 0.162556 0.6599677734375 0.16427366666666668 0.662425048828125 0.174008 0.672792724609375 0.17065433333333335 0.6702158203125 0.162556
1 0.650109619140625 0.14867233333333332 0.648521484375 0.153885 0.655413330078125 0.15560300000000002 0.656671875 0.15118566666666666 0.650109619140625 0.14867233333333332
1 0.7033564453125 0.06740833333333333 0.704794677734375 0.074116 0.708270751953125 0.07313433333333333 0.707551513671875 0.066263 0.7033564453125 0.06740833333333333
1 0.711806396484375 0 0.715641845703125 0.011934 0.730803955078125 0.0040813333333333335 0.728346923828125 0 0.711806396484375 0
1 0.782822265625 0.022241 0.775091552734375 0.025840333333333333 0.77443212890625 0.040155333333333335 0.784320556640625 0.036556000000000005 0.782822265625 0.022241
1 0.769218505859375 0.05662166666666667 0.769218505859375 0.06273233333333333 0.777548583984375 0.061669 0.77736865234375 0.05520666666666667 0.769218505859375 0.05662166666666667
1 0.7609482421875 0.17702400000000001 0.75351708984375 0.19037833333333334 0.761068115234375 0.195368 0.766941162109375 0.18146199999999998 0.7609482421875 0.17702400000000001
1 0.767840087890625 0.18637 0.763525146484375 0.20174866666666666 0.795107666015625 0.20706566666666668 0.796066650390625 0.19258699999999998 0.767840087890625 0.18637
1 0.66116650390625 0.26965666666666666 0.663263916015625 0.2658936666666667 0.661765869140625 0.26139466666666666 0.6573310546875 0.26155833333333334 0.65463427734375 0.264912 0.6568515625 0.26949300000000004 0.66116650390625 0.26965666666666666
1 0.6573310546875 0.32374366666666665 0.644805908203125 0.328897 0.6478623046875 0.33625900000000003 0.660267578125 0.3306966666666667 0.6573310546875 0.32374366666666665
1 0.712345947265625 0.3834883333333333 0.710008544921875 0.39453133333333334 0.716540771484375 0.395431 0.71761962890625 0.3841426666666667 0.712345947265625 0.3834883333333333
1 0.757891845703125 0.36892766666666665 0.747524169921875 0.3717906666666667 0.74650537109375 0.379071 0.75873095703125 0.37604433333333337 0.757891845703125 0.36892766666666665
1 0.6902919921875 0.4688983333333333 0.690951171875 0.478796 0.701918212890625 0.47650566666666666 0.70137890625 0.46906166666666665 0.6902919921875 0.4688983333333333
1 0.694487060546875 0.5063763333333333 0.678845458984375 0.5076033333333333 0.674350830078125 0.5211003333333333 0.68957275390625 0.5183193333333334 0.694487060546875 0.5063763333333333
1 0.783421630859375 0.613405 0.77131591796875 0.6260023333333333 0.777968017578125 0.6314013333333334 0.789833984375 0.61954 0.783421630859375 0.613405
1 0.7338603515625 0.6670796666666666 0.73967333984375 0.6631533333333334 0.741231689453125 0.6605356666666666 0.73703662109375 0.6576726666666667 0.7314033203125 0.661681 0.730744140625 0.6664253333333333 0.7338603515625 0.6670796666666666
1 0.682980712890625 0.7292616666666666 0.684958251953125 0.719691 0.682441162109375 0.7144556666666667 0.675669189453125 0.7156009999999999 0.67453076171875 0.7227993333333333 0.679145263671875 0.7293436666666666 0.682980712890625 0.7292616666666666
1 0.655353271484375 0.76887 0.6469033203125 0.7895656666666667 0.681662109375 0.811161 0.688673828125 0.7912016666666667 0.655353271484375 0.76887
1 0.690951171875 0.7878476666666667 0.6961650390625 0.773369 0.688793701171875 0.756109 0.67650830078125 0.7486653333333334 0.6715341796875 0.7674793333333334 0.679324951171875 0.7776226666666667 0.6848984375 0.787766 0.690951171875 0.7878476666666667
1 0.70557373046875 0.773023 0.69724365234375 0.779913 0.70227783203125 0.7901383333333333 0.713484375 0.785639 0.70557373046875 0.773023
1 0.702876953125 0.856986 0.697783203125 0.8667203333333333 0.7038359375 0.8707286666666667 0.70898974609375 0.8618123333333333 0.702876953125 0.856986
1 0.69658447265625 0.925143 0.6938876953125 0.9128726666666667 0.6893330078125 0.9100096666666667 0.68369970703125 0.9176173333333333 0.6880146484375 0.9302963333333334 0.69280908203125 0.9319323333333334 0.69658447265625 0.925143
1 0.6943671875 0.9096006666666667 0.69724365234375 0.9158176666666666 0.704794677734375 0.9128726666666667 0.70131884765625 0.906247 0.6943671875 0.9096006666666667
1 0.704195556640625 0.988061 0.707731201171875 0.9841346666666667 0.70530419921875 0.980199 0.699161376953125 0.9797173333333333 0.69592529296875 0.9824986666666667 0.698502197265625 0.987243 0.704195556640625 0.988061
1 0.67453076171875 0.9857706666666667 0.672972412109375 0.9854433333333333 0.666440185546875 0.9914146666666667 0.669796142578125 0.99755 0.677287353515625 0.9918236666666667 0.67453076171875 0.9857706666666667
1 0.740452392578125 0.966711 0.742310302734375 0.9736640000000001 0.751119873046875 0.9705556666666666 0.7490224609375 0.9645023333333334 0.740452392578125 0.966711
1 0.78485986328125 0.9385613333333334 0.7857587890625 0.9305450000000001 0.782642578125 0.9275183333333333 0.779586181640625 0.9316083333333333 0.77880712890625 0.93758 0.782222900390625 0.939543 0.78485986328125 0.9385613333333334
1 0.8997138671875 0.7705463333333333 0.888027587890625 0.7806896666666666 0.893960693359375 0.7890333333333333 0.90438818359375 0.7778266666666667 0.8997138671875 0.7705463333333333
1 0.89695703125 0.813492 0.88724853515625 0.810089 0.8834130859375 0.8112833333333334 0.884431884765625 0.8185633333333333 0.895698486328125 0.8239623333333334 0.89695703125 0.813492
1 0.878978271484375 0.7388796666666667 0.878079345703125 0.735221 0.871786865234375 0.738634 0.873405029296875 0.749023 0.87891845703125 0.7476323333333333 0.878978271484375 0.7388796666666667
1 0.94256298828125 0.6991243333333333 0.9303974609375 0.7200653333333333 0.93980615234375 0.7277546666666667 0.9527509765625 0.7049323333333334 0.94256298828125 0.6991243333333333
1 0.92608251953125 0.7720086666666666 0.92967822265625 0.762029 0.93015771484375 0.7556486666666666 0.9290791015625 0.7530309999999999 0.921707763671875 0.7564666666666667 0.917392822265625 0.7644833333333333 0.91775244140625 0.7737266666666666 0.92608251953125 0.7720086666666666
1 0.946997802734375 0.5599346666666667 0.93441259765625 0.565415 0.94549951171875 0.588074 0.957305419921875 0.5821843333333334 0.946997802734375 0.5599346666666667
1 0.9974580078125 0.546455 0.977201904296875 0.5578896666666667 0.981696533203125 0.570814 0.999755859375 0.5614886666666666 0.9974580078125 0.546455
1 0.96215966796875 0.30489466666666665 0.95299072265625 0.31029366666666663 0.9553876953125 0.3251813333333333 0.962519287109375 0.31871900000000003 0.96215966796875 0.30489466666666665
1 0.79563623046875 0.133287 0.798792236328125 0.15384766666666666 0.83056640625 0.15443166666666666 0.827998779296875 0.13340366666666667 0.79563623046875 0.133287
1 0.918292724609375 0.11149933333333333 0.908236328125 0.10770266666666667 0.900533447265625 0.10434399999999999 0.882346435546875 0.119677 0.895184326171875 0.130191 0.9072734375 0.12595633333333334 0.918292724609375 0.11149933333333333
1 0.953222900390625 0.003140333333333333 0.945252685546875 0.0063353333333333334 0.9499599609375 0.026341 0.957769775390625 0.022982333333333334 0.953222900390625 0.003140333333333333
1 0.825003173828125 0.07193866666666666 0.82735693359375 0.08387633333333333 0.836771484375 0.08446033333333333 0.8338828125 0.071902 0.825003173828125 0.07193866666666666
1 0.76273876953125 0.16439966666666667 0.761989990234375 0.17429166666666668 0.768195068359375 0.1751676666666667 0.76990673828125 0.16669799999999999 0.76273876953125 0.16439966666666667
1 0.820028564453125 0.17425933333333335 0.814304931640625 0.182323 0.824789306640625 0.191815 0.828212646484375 0.18349133333333334 0.820028564453125 0.17425933333333335
1 0.826072998046875 0.238982 0.838162109375 0.22700766666666666 0.8443671875 0.21663966666666665 0.848004638671875 0.197656 0.838697021484375 0.18947866666666668 0.83088720703125 0.1989703333333333 0.82532421875 0.201891 0.814411865234375 0.192107 0.80777880859375 0.20554166666666668 0.82136572265625 0.213135 0.816551513671875 0.23036633333333334 0.826072998046875 0.238982
1 0.3810068359375 0.217533 0.377187255859375 0.232155 0.3836806640625 0.23476199999999997 0.388646240234375 0.22224933333333335 0.3810068359375 0.217533
1 0.411659423828125 0.18839366666666668 0.41280517578125 0.20243733333333333 0.420826416015625 0.20504433333333336 0.4200625 0.19057633333333335 0.411659423828125 0.18839366666666668
1 0.630380126953125 0.128778 0.65272509765625 0.11639566666666668 0.6524384765625 0.10531666666666667 0.642507568359375 0.096584 0.57862451171875 0.10284033333333334 0.56897998046875 0.113137 0.583303466796875 0.12617133333333333 0.630380126953125 0.128778
1 0.607653564453125 0.12982066666666667 0.605170654296875 0.12913766666666668 0.6042158203125 0.13672866666666667 0.61281005859375 0.13777166666666665 0.61319189453125 0.13255799999999998 0.607653564453125 0.12982066666666667
1 0.582444091796875 0.126823 0.577383056640625 0.12160933333333332 0.571462646484375 0.12173966666666666 0.567833984375 0.12695333333333333 0.573468017578125 0.13229733333333332 0.582444091796875 0.126823
1 0.865087890625 0.009155333333333333 0.867910888671875 0.016330333333333332 0.874724853515625 0.014735666666666668 0.875016845703125 0.006498 0.865087890625 0.009155333333333333
1 0.667050048828125 0.286223 0.662203125 0.28884466666666664 0.663940673828125 0.29346333333333335 0.668604736328125 0.29096666666666665 0.667050048828125 0.286223
1 0.679761962890625 0.23628166666666667 0.674823486328125 0.23990166666666668 0.677201171875 0.24214866666666668 0.68149951171875 0.239652 0.679761962890625 0.23628166666666667
1 0.683008544921875 0.2574036666666667 0.68277978515625 0.2647423333333333 0.69000439453125 0.26599066666666665 0.69082763671875 0.25825133333333333 0.683008544921875 0.2574036666666667
1 0.73184375 0.29504966666666665 0.727499755859375 0.300818 0.737102294921875 0.30680966666666665 0.74076025390625 0.3018163333333333 0.73184375 0.29504966666666665
1 0.696040283203125 0.419787 0.696954833984375 0.42717466666666665 0.704362548828125 0.42605133333333334 0.703630859375 0.41856166666666667 0.696040283203125 0.419787
1 0.69210791015625 0.43741066666666667 0.693205322265625 0.4344146666666666 0.692839599609375 0.4315436666666667 0.689821533203125 0.431419 0.6868037109375 0.4339153333333334 0.688266845703125 0.43741066666666667 0.69210791015625 0.43741066666666667
1 0.650314453125 0.48760699999999996 0.649308349609375 0.48223933333333335 0.643638427734375 0.481032 0.637785400390625 0.489604 0.639614501953125 0.497718 0.644918701171875 0.49597033333333335 0.650314453125 0.48760699999999996
1 0.45008056640625 0.4730656666666666 0.4498974609375 0.481679 0.456207763671875 0.4806803333333333 0.45575048828125 0.47169266666666665 0.45008056640625 0.4730656666666666
1 0.46379833984375 0.48159399999999997 0.452549560546875 0.48342666666666667 0.454378662109375 0.48854433333333336 0.46535302734375 0.4872963333333333 0.46379833984375 0.48159399999999997
1 0.455704833984375 0.5623173333333333 0.4488916015625 0.5673316666666667 0.452823974609375 0.5748213333333333 0.45831103515625 0.5723246666666666 0.455704833984375 0.5623173333333333
1 0.621004150390625 0.5909733333333334 0.61547119140625 0.595065 0.619312255859375 0.602929 0.622147216796875 0.5981856666666667 0.621004150390625 0.5909733333333334
1 0.44378271484375 0.7839543333333333 0.440435791015625 0.7940373333333334 0.45455322265625 0.7991870000000001 0.456500244140625 0.7900503333333333 0.44378271484375 0.7839543333333333
1 0.42327587890625 0.8603383333333333 0.424371337890625 0.8541920000000001 0.420963623046875 0.8520326666666667 0.4227890625 0.8498730000000001 0.416947509765625 0.8437726666666667 0.410375732421875 0.8521986666666667 0.41110595703125 0.8596739999999999 0.416947509765625 0.8653219999999999 0.42327587890625 0.8603383333333333
1 0.441166015625 0.8927313333333333 0.440922607421875 0.901037 0.450415283203125 0.902532 0.450415283203125 0.8932296666666666 0.441166015625 0.8927313333333333
1 0.39741455078125 0.735601 0.398814208984375 0.7470263333333333 0.405385986328125 0.7456973333333333 0.403438720703125 0.7348996666666667 0.39741455078125 0.735601
1 0.272123291015625 0.8205450000000001 0.273583740234375 0.8167243333333333 0.27236669921875 0.8136143333333333 0.268107177734375 0.8134020000000001 0.266646728515625 0.8170566666666667 0.268472412109375 0.8212093333333333 0.272123291015625 0.8205450000000001
1 0.300114501953125 0.7039036666666666 0.296950439453125 0.6995846666666666 0.29007421875 0.6964696666666667 0.285023681640625 0.7032393333333333 0.288431396484375 0.7065616666666666 0.298410888671875 0.7072259999999999 0.300114501953125 0.7039036666666666
1 0.199711181640625 0.5819396666666666 0.200684814453125 0.5776206666666667 0.19697314453125 0.5723463333333333 0.1927744140625 0.5746306666666667 0.191192138671875 0.5791156666666667 0.195695068359375 0.5847636666666667 0.199711181640625 0.5819396666666666
1 0.2143154296875 0.5894149999999999 0.210542724609375 0.5945646666666666 0.215167236328125 0.5960596666666667 0.219061767578125 0.592405 0.2143154296875 0.5894149999999999
1 0.131072021484375 0.4560783333333333 0.129794189453125 0.44398600000000005 0.112208251953125 0.4537526666666667 0.111599853515625 0.46388566666666664 0.1219443359375 0.46504866666666667 0.131072021484375 0.4560783333333333
1 0.1190234375 0.229101 0.097482421875 0.24006500000000003 0.101133544921875 0.25352033333333335 0.12437841796875 0.24405166666666667 0.1190234375 0.229101
1 0.796948486328125 0.39461433333333334 0.796596923828125 0.38813766666666666 0.7910615234375 0.3798153333333333 0.784471435546875 0.3819013333333333 0.784471435546875 0.38789799999999997 0.79237939453125 0.39557366666666666 0.796948486328125 0.39461433333333334
1 0.82295703125 0.6239873333333333 0.82770166015625 0.6206293333333333 0.82418701171875 0.6107946666666667 0.812588623046875 0.608156 0.804153564453125 0.6100749999999999 0.8122373046875 0.6223083333333334 0.82295703125 0.6239873333333333
1 0.825417236328125 0.6405383333333333 0.826822998046875 0.6388593333333333 0.827174560546875 0.6331856666666666 0.823484130859375 0.631903 0.8194423828125 0.6343016666666667 0.821375244140625 0.6386193333333333 0.825417236328125 0.6405383333333333
1 0.856873291015625 0.7377143333333334 0.857488525390625 0.7317983333333333 0.85300732421875 0.7300386666666666 0.84966845703125 0.7324373333333333 0.848438232421875 0.7379543333333333 0.856873291015625 0.7377143333333334
1 0.765228759765625 0.8969929999999999 0.75723291015625 0.8960766666666666 0.760044677734375 0.9020733333333333 0.76777685546875 0.9015936666666666 0.765228759765625 0.8969929999999999
1 0.7484462890625 0.928219 0.747040283203125 0.94501 0.7549482421875 0.942851 0.7552998046875 0.928459 0.7484462890625 0.928219
1 0.608792724609375 0.806288 0.61303955078125 0.7963509999999999 0.6137978515625 0.7881333333333334 0.60363623046875 0.7911756666666667 0.60120947265625 0.7982143333333334 0.599389404296875 0.8087723333333333 0.608792724609375 0.806288
1 0.799587646484375 0.9105279999999999 0.783922119140625 0.9129639999999999 0.7833271484375 0.9258206666666666 0.800281494140625 0.9197306666666667 0.799587646484375 0.9105279999999999
1 0.722108642578125 0.7064469999999999 0.72503955078125 0.7078183333333333 0.7289755859375 0.7079326666666665 0.7303154296875 0.706904 0.7303154296875 0.703738 0.72704931640625 0.7011886666666666 0.724453369140625 0.7017603333333333 0.721773681640625 0.7033606666666666 0.722108642578125 0.7064469999999999
1 0.69263134765625 0.7157056666666667 0.69263134765625 0.7227923333333334 0.696148681640625 0.7223353333333333 0.696148681640625 0.7152483333333333 0.69263134765625 0.7157056666666667
1 0.677624267578125 0.6845046666666668 0.673031982421875 0.6854370000000001 0.676180908203125 0.6924216666666666 0.6805107421875 0.6917049999999999 0.677624267578125 0.6845046666666668