1 0.742627345703125 0.30087847733333334 0.7356568364257813 0.299048316 0.7292225200195313 0.3012445093333333 0.7166219838867187 0.31844802333333333 0.7150134047851563 0.31954612 0.7104557641601562 0.31881405533333335 0.7061662197265625 0.32357247466666667 0.705093833984375 0.33125915066666667 0.698659517578125 0.3415080526666667 0.6962466489257813 0.3495607613333333 0.6965147451171875 0.35322108333333335 0.7 0.36237188866666664 0.7056300268554687 0.3722547586666667 0.7099195712890625 0.37481698399999996 0.7144772119140625 0.37371888733333336 0.7514745307617188 0.3323572473333333 0.7522788203125 0.32723279666666666 0.7560321713867187 0.319912152 0.7552278818359375 0.31771595933333335 0.742627345703125 0.30087847733333334
1 0.8147453081054687 0.6464128846666667 0.8101876674804688 0.6328696926666667 0.8069705092773437 0.6299414346666666 0.8002680966796875 0.628111274 0.7957104555664063 0.628111274 0.7908847182617188 0.631405564 0.7833780161132813 0.6416544653333334 0.7823056298828125 0.645314788 0.7828418232421875 0.6504392386666666 0.7753351206054687 0.656295754 0.7721179624023438 0.662884334 0.774798927734375 0.6760614933333333 0.781233244140625 0.6859443633333333 0.7868632709960938 0.6888726206666667 0.7927613940429687 0.6881405566666667 0.8002680966796875 0.6811859446666666 0.8042895444335938 0.6826500733333333 0.8222520107421875 0.6826500733333333 0.825737265625 0.676793558 0.8260053618164063 0.6683748166666666 0.8147453081054687 0.6464128846666667
1 0.9418230561523437 0.8942166913333334 0.9375335122070313 0.8934846266666667 0.9332439677734375 0.89568082 0.9265415551757813 0.9033674966666667 0.9198391420898437 0.919838946 0.918766755859375 0.9256954613333334 0.912332439453125 0.9348462666666666 0.907774798828125 0.9363103953333333 0.9048257373046875 0.9311859446666667 0.9034852548828125 0.9311859446666667 0.8991957104492188 0.9461932653333334 0.9042895444335938 0.950951684 0.9029490615234375 0.9542459733333334 0.903217158203125 0.95863836 0.9080428955078125 0.9710834553333334 0.9115281499023438 0.9729136166666668 0.9230563002929687 0.9718155199999999 0.9297587133789063 0.9677891653333333 0.938069705078125 0.9590043926666667 0.950938337890625 0.954612006 0.9525469169921875 0.9418008786666666 0.9474530830078125 0.9348462666666666 0.9450402143554687 0.899707174 0.9418230561523437 0.8942166913333334
1 1 0.6144112113333333 0.9975871313476562 0.6167642753333333 0.995442359375 0.624450952 0.9855227880859375 0.6365300146666667 0.9831099194335937 0.64897511 0.9841823056640625 0.6617862373333333 0.9828418232421875 0.6848462666666666 0.9852546918945313 0.6888726206666667 0.9927613940429687 0.6925329426666668 0.9975871313476562 0.697657394 1 0.6986556633333333 1 0.6144112113333333
1 0.8991957104492188 0.5047584186666666 0.8957104555664063 0.5032942899999999 0.8941018764648437 0.49890190333333334 0.8962466489257812 0.49121522666666667 0.8970509384765625 0.482796486 0.8951742626953125 0.47840409933333333 0.8906166220703124 0.48060029266666665 0.8828418232421875 0.49121522666666667 0.877479892578125 0.49011713 0.8737265415039063 0.486090776 0.8611260053710937 0.49011713 0.8595174262695312 0.49158125933333335 0.8563002680664062 0.4992679353333333 0.8648793564453126 0.5223279646666666 0.8667560322265625 0.5318448026666667 0.86970509375 0.5344070280000001 0.8782841821289062 0.53477306 0.8841823056640625 0.52818448 0.8975871313476562 0.5234260613333334 0.9008042895507813 0.517569546 0.9010723862304687 0.5084187406666667 0.8991957104492188 0.5047584186666666
1 0.8608579086914062 0.44692532933333334 0.8522788203125 0.444363104 0.8479892763671875 0.4458272326666667 0.8466487934570313 0.448389458 0.849061662109375 0.4524158126666667 0.8479892763671875 0.45680819933333333 0.8332439677734375 0.4732796486666667 0.831635388671875 0.482796486 0.8321715815429688 0.4879209373333333 0.8345844501953125 0.49011713 0.8396782841796875 0.489019034 0.8563002680664062 0.479502196 0.8597855229492187 0.4743777453333333 0.8616621982421875 0.46193264999999994 0.8643431635742187 0.45680819933333333 0.863806970703125 0.4524158126666667 0.8608579086914062 0.44692532933333334
1 0.8353887397460937 0.4436310393333333 0.83029490625 0.4436310393333333 0.8217158178710937 0.448389458 0.8179624663085937 0.4535139093333333 0.8176943701171875 0.46120058533333336 0.8262734584960938 0.46083455333333334 0.8327077749023437 0.45680819933333333 0.8356568364257813 0.4535139093333333 0.8372654155273438 0.4465592973333333 0.8353887397460937 0.4436310393333333
1 0.7415549599609375 0.607247438 0.73297587109375 0.6017569546666667 0.7286863271484375 0.600658858 0.7235924931640625 0.6013909226666666 0.7214477211914062 0.603953148 0.7190348525390625 0.611273792 0.7176943701171875 0.6207906293333333 0.7158176943359374 0.624450952 0.7163538872070313 0.628843338 0.7233243969726563 0.635065886 0.7276139409179687 0.6416544653333334 0.7383378017578125 0.6376281113333334 0.742627345703125 0.6332357246666667 0.7450402143554687 0.628477306 0.7466487934570313 0.6178623719999999 0.7453083110351563 0.611639824 0.7415549599609375 0.607247438
1 0.774262734375 0.701317716 0.7705093833007812 0.7002196193333332 0.766487935546875 0.7016837480000001 0.7530831098632812 0.7144948753333333 0.7522788203125 0.7207174233333333 0.75415549609375 0.7243777453333333 0.757372654296875 0.726207906 0.76970509375 0.7284040993333333 0.774798927734375 0.7276720353333334 0.7790884716796875 0.7229136166666668 0.7801608579101562 0.7192532939999999 0.7801608579101562 0.7144948753333333 0.7777479892578125 0.7075402633333333 0.774262734375 0.701317716
1 0.805093833984375 0.729136164 0.8008042895507812 0.7295021960000001 0.79356568359375 0.7401171299999999 0.7932975869140625 0.7448755493333333 0.8002680966796875 0.7529282580000001 0.8056300268554687 0.7547584186666666 0.8091152817382813 0.7529282580000001 0.8126005361328125 0.7485358713333333 0.8147453081054687 0.7408491946666667 0.8139410185546875 0.7375549046666666 0.805093833984375 0.729136164
1 0.8780160859375 0.7353587113333333 0.8624664877929688 0.7368228406666667 0.8560321713867187 0.7503660320000001 0.8563002680664062 0.7580527086666666 0.8611260053710937 0.7617130306666666 0.8734584448242187 0.7576866766666667 0.8809651474609375 0.7485358713333333 0.8804289545898437 0.7408491946666667 0.8780160859375 0.7353587113333333
1 0.48310991943359377 0.29465593 0.47855227880859375 0.29465593 0.46782841845703127 0.3012445093333333 0.45951742626953124 0.31149341133333336 0.452993833984375 0.32369436333333335 0.4471849868164062 0.3283308933333333 0.4447721181640625 0.32869692533333333 0.4442359248046875 0.33272327933333334 0.4493297587890625 0.33455344066666665 0.453619302734375 0.34114202066666666 0.45415549609375 0.3459004393333333 0.45308310986328126 0.3477306 0.44879356591796876 0.3495607613333333 0.44504021435546876 0.35431918 0.44209115283203126 0.3660322106666667 0.4447721181640625 0.371156662 0.44879356591796876 0.3733528553333333 0.457372654296875 0.3740849193333333 0.47050938330078124 0.3707906293333333 0.47721179638671873 0.350292826 0.4780160859375 0.336749634 0.479356568359375 0.33272327933333334 0.4868632709960938 0.31698389466666665 0.48981233251953127 0.315519766 0.4873994638671875 0.31295754 0.4860589814453125 0.30783308933333337 0.48525469189453124 0.29721815533333334 0.48310991943359377 0.29465593
1 0.5450402143554688 0.3243045386666667 0.5391420913085937 0.31625183 0.5340482573242188 0.31478770133333334 0.5276139409179688 0.315519766 0.5182305629882813 0.3275988286666667 0.5101876674804687 0.3356515373333333 0.496782841796875 0.3462664713333334 0.49946380712890626 0.34919472933333334 0.5053619301757812 0.3480966326666667 0.509651474609375 0.3499267933333333 0.5136729223632812 0.3557833086666667 0.5214477211914063 0.35505124466666665 0.5436997319335938 0.340043924 0.54584450390625 0.336383602 0.54584450390625 0.3283308933333333 0.5450402143554688 0.3243045386666667
1 0.69356568359375 0.8550512446666667 0.6887399462890625 0.8550512446666667 0.68069705078125 0.857979502 0.6790884716796876 0.86090776 0.67158176953125 0.8667642753333333 0.6705093833007812 0.8689604686666667 0.6707774799804688 0.8726207906666666 0.6718498657226563 0.8740849193333333 0.6849865952148437 0.8729868226666667 0.6938337802734375 0.8645680819999999 0.6946380698242187 0.857247438 0.69356568359375 0.8550512446666667
1 0.8174190278320312 1 0.822520107421875 0.9882869693333334 0.8313672919921875 0.976207906 0.8324396782226563 0.972181552 0.8321715815429688 0.9674231333333334 0.8262734584960938 0.9524158126666666 0.8217158178710937 0.950951684 0.8099195712890624 0.954612006 0.80643431640625 0.9630307466666667 0.801340482421875 0.986456808 0.7959785522460937 0.9974377746666667 0.7972296694335937 1 0.8174190278320312 1
1 0.09410187646484375 0.4121522693333333 0.08820375341796875 0.4114202046666667 0.08364611279296875 0.412884334 0.0713136728515625 0.42057100999999997 0.0589812333984375 0.43228404066666665 0.04986595166015625 0.451683748 0.04852546923828125 0.4601024893333333 0.04959785546875 0.46961932666666667 0.0589812333984375 0.4736456806666667 0.066487935546875 0.46815519733333333 0.07560321728515625 0.46376281133333336 0.085790884765625 0.448389458 0.0919571044921875 0.42935578333333335 0.09758713134765624 0.41837481666666665 0.096782841796875 0.4158125913333333 0.09410187646484375 0.4121522693333333
1 0.817225201171875 1 0.8184986596679688 0.9978038066666667 0.8241286865234375 0.9842606146666667 0.8308310991210938 0.9754758419999999 0.831635388671875 0.9707174233333333 0.8308310991210938 0.9670571013333333 0.825201072265625 0.9542459733333334 0.8227882036132812 0.9527818446666667 0.818766755859375 0.9538799413333333 0.8134048256835937 0.9531478773333333 0.8080428955078125 0.9590043926666667 0.8008042895507812 0.982796486 0.7965147451171875 0.989385066 0.7879356567382813 0.9912152266666667 0.7841823056640626 0.9879209373333333 0.7782841821289063 0.9875549046666666 0.774262734375 0.989385066 0.7707774799804687 0.9871888726666667 0.76970509375 0.989019034 0.7702412866210937 0.9926793559999999 0.7695167016601563 1 0.817225201171875 1
1 0.5895442358398437 0.6200585653333334 0.5734584448242187 0.6368960466666667 0.5691689008789063 0.6456808199999999 0.5705093833007813 0.6515373353333334 0.572922251953125 0.6544655926666667 0.583914208984375 0.6544655926666667 0.5860589814453125 0.6555636893333333 0.590348525390625 0.6540995606666667 0.5938337802734375 0.6508052706666666 0.5957104555664062 0.6464128846666667 0.5959785522460938 0.6412884333333333 0.5989276137695313 0.631405564 0.5989276137695313 0.628477306 0.5946380698242187 0.6226207906666666 0.5895442358398437 0.6200585653333334
1 0.28525469189453123 0.733162518 0.2753351206054688 0.7243777453333333 0.26916890087890627 0.7170571013333333 0.266487935546875 0.7097364566666666 0.26729222509765627 0.704612006 0.26461126025390624 0.6918008786666666 0.2667560322265625 0.6877745239999999 0.2662198393554687 0.6793557833333334 0.26461126025390624 0.6756954613333334 0.26112600537109376 0.680819912 0.25603217138671874 0.6826500733333333 0.24718498681640624 0.6756954613333334 0.2428954423828125 0.6749633966666667 0.23860589794921874 0.676793558 0.23699731884765626 0.6797218153333333 0.2332439677734375 0.6965592973333334 0.225201072265625 0.7104685213333334 0.225737265625 0.71852123 0.22975871337890624 0.7273060026666667 0.228954423828125 0.735724744 0.22386058984375 0.7419472913333334 0.2171581767578125 0.7532942899999999 0.212332439453125 0.7576866766666667 0.195442359375 0.7646412886666667 0.18847185009765624 0.7690336746666667 0.1841823056640625 0.7745241580000001 0.18981233251953125 0.7957540266666666 0.1965147451171875 0.8041727673333333 0.19892761376953125 0.8096632506666667 0.2067024130859375 0.8184480233333333 0.21796246630859376 0.8221083453333334 0.225737265625 0.8184480233333333 0.2345844501953125 0.8114934113333334 0.24718498681640624 0.809297218 0.2643431635742188 0.8008784773333334 0.2713136728515625 0.7957540266666666 0.28364611279296875 0.7803806733333333 0.28686327099609377 0.774158126 0.2919571044921875 0.7690336746666667 0.294906166015625 0.7620790626666667 0.3029490615234375 0.7529282580000001 0.30375335107421875 0.7470717419999999 0.3067024130859375 0.7401171299999999 0.3048257373046875 0.7360907760000001 0.28525469189453123 0.733162518
1 0 0.7214009773333334 0.0158176943359375 0.722181552 0.020643431640625 0.7203513906666668 0.0235924931640625 0.7163250366666666 0.03753351220703125 0.7042459733333334 0.0410187666015625 0.697657394 0.039946380859375 0.6925329426666668 0.03726541552734375 0.6844802339999999 0.03297587109375 0.67715959 0.0268096513671875 0.6756954613333334 0.01099195703125 0.68704246 0.0034852548828125 0.6939970719999999 0 0.6951036806666666 0 0.7214009773333334
1 0.5689008041992187 0.680087848 0.5616621982421875 0.6778916546666667 0.5563002680664062 0.669838946 0.5514745307617187 0.6683748166666666 0.546380697265625 0.6709370426666666 0.5431635390625 0.6764275253333334 0.5423592495117188 0.6866764273333333 0.5356568364257812 0.697657394 0.534852546875 0.7035139093333334 0.5356568364257812 0.7108345533333332 0.5388739946289063 0.715592972 0.5436997319335938 0.715592972 0.5563002680664062 0.7082723280000001 0.5597855229492188 0.7082723280000001 0.5667560322265625 0.6972913613333334 0.5702412866210937 0.6888726206666667 0.571045576171875 0.6833821373333333 0.5689008041992187 0.680087848
1 0.4112600537109375 0.30710102466666667 0.40750670263671873 0.30453879933333333 0.4042895444335938 0.30453879933333333 0.3871313671875 0.3144216693333333 0.37533512060546875 0.3239385066666667 0.3667560322265625 0.3221083453333333 0.3616621982421875 0.32503660333333334 0.35469168896484377 0.3239385066666667 0.3493297587890625 0.33162518333333335 0.3479892763671875 0.337115666 0.3506702412109375 0.3415080526666667 0.3560321713867188 0.3455344073333333 0.35924932958984374 0.3455344073333333 0.36246648779296875 0.34260614933333333 0.3686327080078125 0.340043924 0.37211796240234374 0.3418740846666667 0.3756032172851563 0.3462664713333334 0.38525469189453126 0.3495607613333333 0.39302949072265625 0.3459004393333333 0.41179624658203123 0.33308931199999997 0.41554959765625 0.3275988286666667 0.4147453081054687 0.31734992666666667 0.4112600537109375 0.30710102466666667
1 0.5176943701171876 0.04941434866666666 0.5134048256835938 0.04355783333333333 0.4959785522460938 0.04136164 0.4868632709960938 0.053074670666666664 0.485790884765625 0.059297218 0.487667560546875 0.06442166933333333 0.4823056298828125 0.07540263533333334 0.47855227880859375 0.07467057133333334 0.4745308310546875 0.07869692533333333 0.4731903486328125 0.083455344 0.474262734375 0.08821376266666665 0.4790884716796875 0.09150805266666667 0.48337801611328124 0.08894582733333334 0.487667560546875 0.09663250333333334 0.4919571044921875 0.09919472933333333 0.49624664892578124 0.09956076133333333 0.5080428955078125 0.09663250333333334 0.514209115234375 0.09260614933333333 0.5179624663085938 0.087115666 0.5179624663085938 0.083089312 0.5147453081054687 0.073206442 0.5152815014648437 0.06808199133333333 0.5190348525390625 0.058565153999999994 0.518766755859375 0.05380673466666667 0.5176943701171876 0.04941434866666666
1 0.70643431640625 0.504026354 0.7016085791015625 0.5051244506666667 0.6962466489257813 0.510248902 0.6932975869140625 0.5161054173333334 0.69356568359375 0.5183016106666667 0.6978552280273438 0.5197657393333334 0.6991957104492188 0.5219619326666667 0.6957104555664062 0.5333089313333333 0.6978552280273438 0.5428257686666667 0.7021447719726562 0.5424597366666667 0.712332439453125 0.5292825766666667 0.7128686328125 0.5245241580000001 0.71099195703125 0.5201317713333333 0.7088471850585938 0.5183016106666667 0.7080428955078125 0.5146412886666667 0.7085790883789063 0.5087847733333333 0.70643431640625 0.504026354
1 0.792225201171875 0.40775988266666663 0.7882037534179688 0.4143484626666667 0.7863270776367187 0.42313323599999997 0.792225201171875 0.42935578333333335 0.8008042895507812 0.42825768666666664 0.8048257373046875 0.4256954613333333 0.80643431640625 0.42276720333333334 0.8053619301757813 0.41471449466666666 0.792225201171875 0.40775988266666663
1 0.8394101875 0.35980966333333336 0.834852546875 0.35834553466666663 0.8262734584960938 0.36090775999999997 0.8241286865234375 0.36310395333333334 0.8235924931640625 0.36713030733333335 0.8262734584960938 0.3700585653333333 0.8394101875 0.37371888733333336 0.8420911528320313 0.3707906293333333 0.8420911528320313 0.364934114 0.8394101875 0.35980966333333336
1 0.4016085791015625 0.9461932653333334 0.39812332421875 0.9450951686666668 0.3906166220703125 0.948389458 0.38364611279296873 0.9593704246666667 0.3823056298828125 0.9648609079999999 0.38310991943359374 0.9718155199999999 0.38820375341796876 0.9769399706666666 0.39302949072265625 0.976207906 0.403217158203125 0.9590043926666667 0.404557640625 0.954978038 0.40402144775390625 0.950951684 0.4016085791015625 0.9461932653333334
1 0.431635388671875 0.8071010246666667 0.427077748046875 0.8074670573333332 0.4241286865234375 0.8114934113333334 0.41554959765625 0.81625183 0.40697050927734374 0.82942899 0.40697050927734374 0.8385797953333334 0.41018766748046875 0.840409956 0.4195710454101563 0.8389458273333333 0.42841823046875 0.8477306 0.4324396782226563 0.8484626646666668 0.4345844501953125 0.8473645679999999 0.43699731884765625 0.8433382140000001 0.434852546875 0.8188140553333333 0.4351206435546875 0.809297218 0.431635388671875 0.8071010246666667
1 0.487667560546875 0.579795022 0.48337801611328124 0.5805270866666666 0.47372654150390625 0.587115666 0.46970509375 0.5944363106666667 0.4699731904296875 0.6035871153333333 0.4782841821289063 0.6035871153333333 0.48445040234375 0.5995607613333334 0.4892761396484375 0.5922401173333334 0.4900804287109375 0.583089312 0.487667560546875 0.579795022
1 0.41823056298828126 0.6500732066666667 0.4144772119140625 0.6548316253333333 0.41340482568359377 0.662884334 0.4144772119140625 0.6643484626666667 0.4195710454101563 0.6650805273333333 0.4222520107421875 0.6625183013333333 0.425201072265625 0.6504392386666666 0.42386058984375 0.649707174 0.41823056298828126 0.6500732066666667
1 0.40187667578125 0.476207906 0.39812332421875 0.47693997066666666 0.39410187646484374 0.48243045399999995 0.3951742626953125 0.49048316266666664 0.39731903466796875 0.49487554933333333 0.4016085791015625 0.49963396800000004 0.40589812353515625 0.5018301613333334 0.40911528173828127 0.49963396800000004 0.41206434326171876 0.4941434846666667 0.412332439453125 0.48718887266666666 0.40697050927734374 0.47913616400000003 0.40187667578125 0.476207906
1 0.479356568359375 0.187774524 0.474262734375 0.187774524 0.46621983935546873 0.19289897533333333 0.46206434326171875 0.19326500733333335 0.4525469169921875 0.18850658866666667 0.44879356591796876 0.19033674933333336 0.44021447705078126 0.198389458 0.436193029296875 0.20387994133333331 0.43565683642578124 0.20863836 0.44128686328125 0.218887262 0.44852546923828124 0.22327964866666666 0.4520107236328125 0.22767203533333336 0.4568364609375 0.22986822866666667 0.46461126025390626 0.229136164 0.4699731904296875 0.22547584199999998 0.472922251953125 0.22108345533333332 0.474798927734375 0.2108345533333333 0.48337801611328124 0.19509516866666668 0.48364611279296876 0.191068814 0.4825737265625 0.18960468533333336 0.479356568359375 0.187774524
1 0.36729222509765624 0.19033674933333336 0.36139410205078126 0.18374817 0.3589812333984375 0.17313323600000002 0.35442359228515624 0.16910688133333335 0.35040214453125 0.1680087846666667 0.34718498681640625 0.170204978 0.34557640771484377 0.17825768666666666 0.34825737255859374 0.18374817 0.3557640751953125 0.19326500733333335 0.3579088471679687 0.1998535873333333 0.35817694384765625 0.20461200599999999 0.35469168896484377 0.21266471466666667 0.3538873994140625 0.22108345533333332 0.3584450400390625 0.22730600266666667 0.36327077734375 0.22547584199999998 0.3680965146484375 0.21669106866666668 0.368364611328125 0.19546120066666667 0.36729222509765624 0.19033674933333336
1 0.534852546875 0.20937042466666667 0.53029490625 0.20754026333333336 0.5281501342773437 0.208272328 0.5243967827148438 0.21522694 0.5217158178710938 0.2170571013333333 0.5198391420898437 0.22108345533333332 0.5198391420898437 0.22547584199999998 0.5150134047851562 0.23535871133333333 0.514209115234375 0.243045388 0.516085791015625 0.2514641286666667 0.5182305629882813 0.25256222533333333 0.522520107421875 0.2514641286666667 0.5262734584960937 0.2489019033333333 0.5305630024414062 0.24194729133333331 0.5372654155273437 0.22547584199999998 0.538069705078125 0.21998535866666669 0.5375335122070313 0.21303074666666666 0.534852546875 0.20937042466666667
1 0.39356568359375 0.10248901933333333 0.38900804296875 0.10248901933333333 0.3777479892578125 0.10944363133333333 0.3780160859375 0.11383601733333334 0.38498659521484374 0.12335285533333333 0.3892761396484375 0.12591508066666668 0.3975871313476563 0.11786237199999999 0.3975871313476563 0.10834553466666667 0.39356568359375 0.10248901933333333
1 0.3222520107421875 0.010248902 0.316085791015625 0.005490483333333334 0.31099195703125 0.006222547333333333 0.303217158203125 0.012079062666666668 0.298659517578125 0.009150805333333333 0.29410187646484376 0.014641288666666665 0.2943699731445312 0.024158126000000002 0.2965147451171875 0.028184479999999998 0.3171581767578125 0.042459736666666664 0.320643431640625 0.042459736666666664 0.32466487939453126 0.03623718866666667 0.325201072265625 0.028184479999999998 0.3230563002929687 0.02342606133333333 0.3241286865234375 0.019399707333333335 0.3222520107421875 0.010248902
1 0.2686327080078125 0.015373352666666666 0.2603217158203125 0.00658858 0.25442359228515626 0.006222547333333333 0.2474530830078125 0.003660322 0.24557640771484374 0.00658858 0.2520107236328125 0.040995607333333337 0.2568364609375 0.040995607333333337 0.2589812333984375 0.030380673333333334 0.26943699755859374 0.02672035133333333 0.2713136728515625 0.023792094 0.271045576171875 0.020131771333333333 0.2686327080078125 0.015373352666666666
1 0.2873994638671875 0.09516837466666668 0.285790884765625 0.09260614933333333 0.2823056298828125 0.09150805266666667 0.2772117963867187 0.08455344066666667 0.2731903486328125 0.087115666 0.27077747998046875 0.09297218133333333 0.26273458447265624 0.09663250333333334 0.25978552294921875 0.09992679333333333 0.25817694384765627 0.104685212 0.25603217138671874 0.10541727666666666 0.25415549609375 0.125549048 0.25495978564453126 0.13103953133333332 0.260053619140625 0.13250366 0.27506702392578125 0.12628111266666667 0.2796246650390625 0.11566617866666666 0.28847185009765625 0.10175695466666668 0.2900804287109375 0.09626647133333334 0.2873994638671875 0.09516837466666668
1 0.1900804287109375 0.45278184466666666 0.183914208984375 0.4465592973333333 0.17989276123046874 0.43521229866666666 0.17372654150390626 0.43374817 0.16890080419921874 0.43594436333333336 0.16246648779296874 0.44253294266666665 0.1522788203125 0.44912152266666666 0.1493297587890625 0.45278184466666666 0.14852546923828125 0.45717423133333335 0.15147453076171874 0.465592972 0.15656836474609376 0.46852123 0.15790884716796874 0.47181552000000004 0.155495978515625 0.47474377733333334 0.14235924951171874 0.48169838933333337 0.13914209130859376 0.48718887266666666 0.1378016083984375 0.49633967799999995 0.14504021435546874 0.503660322 0.1571045576171875 0.510980966 0.16568364599609375 0.510980966 0.1745308310546875 0.5076866766666667 0.17882037548828125 0.5032942899999999 0.18364611279296875 0.49487554933333333 0.19142091162109376 0.46961932666666667 0.19249329736328125 0.4633967786666666 0.192225201171875 0.45680819933333333 0.1900804287109375 0.45278184466666666
1 0.2603217158203125 0.42715959 0.2568364609375 0.4242313326666666 0.25174262744140624 0.42349926800000004 0.2474530830078125 0.4209370426666667 0.24396782861328126 0.42276720333333334 0.24235924951171875 0.43594436333333336 0.24504021435546874 0.4458272326666667 0.2431635390625 0.45095168399999996 0.23538873974609376 0.4575402633333333 0.2300268095703125 0.47071742333333333 0.23887399462890624 0.47291361666666665 0.2576407504882812 0.46266471466666664 0.2603217158203125 0.4575402633333333 0.2616621982421875 0.4487554906666667 0.26139410205078123 0.43374817 0.2603217158203125 0.42715959
1 0.9337801606445313 0.618228404 0.9249329760742188 0.6196925326666667 0.9214477211914063 0.6222547586666667 0.9166219838867188 0.6292093706666667 0.9158176943359375 0.6379941433333334 0.9179624663085938 0.642752562 0.9214477211914063 0.6449487553333333 0.9254691689453125 0.645314788 0.93297587109375 0.642020498 0.9372654155273438 0.6431185946666667 0.9420911528320313 0.64238653 0.9455764077148437 0.6372620793333333 0.9474530830078125 0.628843338 0.9466487934570312 0.625183016 0.9337801606445313 0.618228404
1 0.9321715815429688 0.6676427526666666 0.9281501342773437 0.6654465593333333 0.9227882036132813 0.6672767206666667 0.9176943701171875 0.6716691066666667 0.9144772119140625 0.6760614933333333 0.9139410185546875 0.680087848 0.916085791015625 0.6841142020000001 0.9203753349609375 0.6815519766666667 0.9262734584960938 0.6852122986666667 0.93029490625 0.6859443633333333 0.9345844501953126 0.6833821373333333 0.93672922265625 0.680087848 0.9364611259765625 0.6778916546666667 0.9321715815429688 0.6676427526666666
1 1 0.7666666666666667 0.99812332421875 0.766837482 0.9938337802734375 0.7745241580000001 0.992225201171875 0.7803806733333333 0.9924932973632813 0.7873352853333334 0.9938337802734375 0.79465593 0.9978552280273437 0.8030746706666667 1 0.8034000326666666 1 0.7666666666666667
1 1 0.8892634486666667 0.9895442358398437 0.8839677893333333 0.9849865952148438 0.8839677893333333 0.9815013403320313 0.889458272 0.9809651474609375 0.8945827233333333 0.9836461127929688 0.899341142 0.9892761396484375 0.9037335286666667 1 0.908018784 1 0.8892634486666667
1 0.9764075068359375 0.8275988286666667 0.968364611328125 0.8327232793333332 0.9672922250976562 0.8356515373333333 0.9694369975585938 0.8429721813333334 0.9726541552734375 0.8448023426666667 0.9809651474609375 0.840043924 0.9820375336914062 0.8385797953333334 0.9820375336914062 0.8345534406666667 0.9804289545898438 0.830161054 0.9764075068359375 0.8275988286666667
1 0.9163538872070313 0.8868960466666668 0.9075067026367187 0.8975109806666666 0.9037533510742187 0.9121522693333333 0.907774798828125 0.92057101 0.9120643432617187 0.916544656 0.9134048256835937 0.9062957540000001 0.9184986596679687 0.9026354320000001 0.9211796245117188 0.8949487553333333 0.9209115283203125 0.8905563686666667 0.9163538872070313 0.8868960466666668
1 0.8777479892578125 0.9011713033333334 0.8726541552734375 0.9015373353333332 0.866487935546875 0.9033674966666667 0.8635388740234375 0.9077598826666667 0.86327077734375 0.9121522693333333 0.8648793564453126 0.9136163979999999 0.8694369975585937 0.9136163979999999 0.8731903486328125 0.9121522693333333 0.8772117963867188 0.9070278186666666 0.8785522788085938 0.9022694 0.8777479892578125 0.9011713033333334
1 0.9592493295898438 0.7825768666666666 0.9533512065429688 0.7792825766666667 0.9506702412109375 0.773792094 0.9487935659179687 0.7770863833333332 0.9423592495117188 0.7829428986666667 0.9415549599609375 0.7873352853333334 0.942627345703125 0.7917276719999999 0.9461126005859375 0.7972181553333333 0.950938337890625 0.7979502193333333 0.9552278818359375 0.7968521226666667 0.9595174262695313 0.7917276719999999 0.9597855229492187 0.7840409953333333 0.9592493295898438 0.7825768666666666
1 0.8680965146484375 0.6991215226666666 0.8648793564453126 0.6950951686666668 0.8616621982421875 0.6932650073333333 0.8549597856445312 0.694363104 0.8434316352539063 0.7016837480000001 0.839946380859375 0.7057101026666666 0.8391420913085937 0.7144948753333333 0.846380697265625 0.7273060026666667 0.8520107236328125 0.7276720353333334 0.8627345844726563 0.7232796486666666 0.8686327080078124 0.7188872620000001 0.8699731904296875 0.7148609079999999 0.8699731904296875 0.7057101026666666 0.8680965146484375 0.6991215226666666
1 0.968364611328125 0.6961932653333334 0.9595174262695313 0.6965592973333334 0.9563002680664062 0.7057101026666666 0.953619302734375 0.7075402633333333 0.9420911528320313 0.704612006 0.9396782841796875 0.7101024893333333 0.9407506704101563 0.7141288433333334 0.946380697265625 0.7199853586666667 0.9546916889648438 0.7232796486666666 0.9616621982421875 0.7229136166666668 0.9646112602539062 0.7214494873333334 0.9721179624023437 0.7108345533333332 0.9723860590820312 0.6998535873333334 0.968364611328125 0.6961932653333334
1 0.9530831098632813 0.371156662 0.95040214453125 0.3707906293333333 0.9455764077148437 0.375549048 0.942627345703125 0.388360176 0.9434316352539063 0.395314788 0.9471849868164063 0.39568082 0.950938337890625 0.39019033666666664 0.9544235922851563 0.3740849193333333 0.9530831098632813 0.371156662
1 0.9069705092773438 0.4224011713333333 0.9058981235351562 0.42752562200000005 0.9034852548828125 0.42935578333333335 0.9010723862304687 0.43997071733333337 0.9040214477539062 0.447657394 0.9080428955078125 0.4487554906666667 0.9120643432617187 0.4436310393333333 0.9120643432617187 0.42276720333333334 0.9069705092773438 0.4224011713333333
1 0.8520107236328125 0.392020498 0.8485254692382812 0.3912884333333333 0.84584450390625 0.39275256199999997 0.8402144770507812 0.40153733533333336 0.8394101875 0.40666178599999997 0.8439678286132812 0.4084919473333333 0.8479892763671875 0.40666178599999997 0.8520107236328125 0.4011713033333333 0.8528150131835938 0.39385065866666663 0.8520107236328125 0.392020498
1 0.8970509384765625 0.27964860933333335 0.8941018764648437 0.27891654466666665 0.8906166220703124 0.28038067333333333 0.8849865952148438 0.2858711566666667 0.8836461127929688 0.2898975106666667 0.883914208984375 0.29392386533333337 0.8865951743164062 0.3012445093333333 0.8908847182617188 0.301976574 0.89356568359375 0.298316252 0.8989276137695312 0.28550512466666667 0.898659517578125 0.28294289866666666 0.8970509384765625 0.27964860933333335
1 0.942627345703125 0.25915080533333335 0.9396782841796875 0.253660322 0.9378016083984375 0.2514641286666667 0.9337801606445313 0.25073206466666664 0.9246648793945312 0.25878477333333333 0.91554959765625 0.25951683733333336 0.9139410185546875 0.263909224 0.9139410185546875 0.26866764266666665 0.91554959765625 0.27306002933333334 0.92386058984375 0.2858711566666667 0.9294906166992187 0.28733528533333336 0.9372654155273438 0.285139092 0.9391420913085937 0.28330893133333335 0.9442359248046875 0.27232796466666664 0.944504021484375 0.2661054173333333 0.942627345703125 0.25915080533333335
1 0.9549597856445312 0.18228404066666667 0.9506702412109375 0.18155197666666667 0.9428954423828125 0.18374817 0.9396782841796875 0.1866764273333333 0.9356568364257812 0.193997072 0.9351206435546875 0.19948755466666668 0.9383378017578125 0.20571010266666667 0.9420911528320313 0.20863836 0.9466487934570312 0.20937042466666667 0.9533512065429688 0.20754026333333336 0.9563002680664062 0.20461200599999999 0.9605898125 0.19436310399999998 0.9608579086914063 0.18923865333333334 0.9549597856445312 0.18228404066666667
1 1 0.19635013599999998 0.998659517578125 0.19582723266666668 0.9941018764648437 0.19655929733333335 0.9766756030273438 0.20351390933333335 0.9745308310546875 0.2068081993333333 0.9739946381835938 0.21266471466666667 0.9764075068359375 0.21449487533333336 0.9957104555664062 0.212298682 1 0.21297443400000002 1 0.19635013599999998
1 0.9262734584960938 0.19546120066666667 0.9209115283203125 0.193997072 0.9163538872070313 0.20021961933333335 0.9152815014648438 0.20387994133333331 0.9147453081054687 0.20900439266666668 0.9163538872070313 0.215592972 0.9211796245117188 0.215592972 0.9273458447265625 0.21156661799999998 0.9294906166992187 0.20863836 0.9294906166992187 0.20204978066666668 0.9262734584960938 0.19546120066666667
1 0.8643431635742187 0.149707174 0.8608579086914062 0.14934114199999998 0.855495978515625 0.153001464 0.8546916889648437 0.16142020466666665 0.84959785546875 0.17313323600000002 0.84959785546875 0.17862371866666668 0.850938337890625 0.180819912 0.8525469169921875 0.18155197666666667 0.860053619140625 0.17935578333333335 0.8654155498046875 0.17459736466666667 0.8667560322265625 0.170204978 0.8646112602539062 0.15775988266666666 0.8656836459960937 0.15190336733333334 0.8643431635742187 0.149707174
1 0.9332439677734375 0.094070278 0.9233243969726562 0.09297218133333333 0.9131367290039063 0.08857979533333334 0.903217158203125 0.08674963399999999 0.8908847182617188 0.090775988 0.8855227880859375 0.10541727666666666 0.8873994638671875 0.11200585666666665 0.8997319033203125 0.11713030733333334 0.9034852548828125 0.125549048 0.920643431640625 0.125183016 0.9300268095703125 0.11969253266666667 0.9340482573242187 0.11420205 0.9369973188476562 0.10578330866666666 0.9340482573242187 0.09956076133333333 0.9345844501953126 0.09663250333333334 0.9332439677734375 0.094070278
1 0.7801608579101562 0.0010980966666666668 0.7731903486328126 0.0010980966666666668 0.7678284184570312 0.003660322 0.7662198393554688 0.007320644 0.7635388740234375 0.009516837333333333 0.7597855229492188 0.019399707333333335 0.7595174262695312 0.023792094 0.7616621982421875 0.029282576666666667 0.7659517426757813 0.035139092000000004 0.771045576171875 0.035505124666666665 0.7865951743164062 0.019399707333333335 0.7871313671875 0.013543192 0.7801608579101562 0.0010980966666666668
1 0.8313672919921875 0.12408491933333332 0.8184986596679688 0.125549048 0.8147453081054687 0.131405564 0.8176943701171875 0.13543191799999998 0.8227882036132812 0.13469985333333334 0.8260053618164063 0.13653001466666667 0.8294906166992188 0.13616398266666666 0.8353887397460937 0.13103953133333332 0.8359249331054688 0.12591508066666668 0.8313672919921875 0.12408491933333332
1 0.6887399462890625 0.15190336733333334 0.681233244140625 0.15483162533333333 0.677479892578125 0.15849194733333333 0.6766756030273438 0.16215226933333335 0.6782841821289063 0.16434846266666667 0.68069705078125 0.16471449466666666 0.6871313671875 0.16178623733333333 0.6892761396484375 0.159590044 0.6900804287109376 0.15409956066666666 0.6887399462890625 0.15190336733333334
1 0.6506702412109375 0.011346998666666667 0.6461126005859374 0.006954612 0.6343163540039063 0.013543192 0.6203753349609376 0.02635431933333333 0.6099195712890625 0.03660322133333333 0.6048257373046875 0.04575402666666666 0.604557640625 0.05014641266666666 0.6075067026367188 0.06515373333333332 0.612332439453125 0.06881405533333333 0.6144772119140625 0.07357247466666667 0.6179624663085937 0.07503660333333334 0.6209115283203125 0.07540263533333334 0.6310991958007812 0.07101024866666666 0.6402144770507813 0.05819912133333333 0.6418230561523437 0.04941434866666666 0.6528150131835937 0.028550512666666666 0.6530831098632812 0.021595900666666664 0.6506702412109375 0.011346998666666667
1 0.5860589814453125 0.08674963399999999 0.5817694370117188 0.08784773066666667 0.577479892578125 0.09187408466666666 0.574798927734375 0.09663250333333334 0.5766756030273438 0.10431918 0.5820375336914062 0.11273792066666666 0.5865951743164063 0.114568082 0.5916890078125 0.10944363133333333 0.594906166015625 0.10102489 0.5927613940429688 0.09846266466666666 0.5916890078125 0.09260614933333333 0.5860589814453125 0.08674963399999999
1 0.5689008041992187 0.05783308933333333 0.565147453125 0.058931185999999997 0.5613941020507812 0.07467057133333334 0.5616621982421875 0.07942899 0.5646112602539063 0.08272327933333333 0.5686327080078125 0.080161054 0.5723860590820312 0.07503660333333334 0.5721179624023438 0.06808199133333333 0.5689008041992187 0.05783308933333333
1 0.549061662109375 0.02635431933333333 0.5431635390625 0.025256222666666668 0.5402144770507813 0.028184479999999998 0.5386058979492188 0.03660322133333333 0.5428954423828125 0.03879941466666667 0.5471849868164063 0.045387994 0.5501340483398437 0.045387994 0.5528150131835937 0.04465593 0.5568364609375 0.040995607333333337 0.5579088471679687 0.03733528533333333 0.557372654296875 0.03477306 0.549061662109375 0.02635431933333333
1 0.595442359375 0.014641288666666665 0.5863270776367188 0.016837481999999997 0.5820375336914062 0.020863836 0.5772117963867187 0.028184479999999998 0.5750670239257812 0.036969253333333334 0.577479892578125 0.03953147866666667 0.5831099194335938 0.039165446666666666 0.594906166015625 0.03330893133333333 0.59812332421875 0.027086383333333335 0.5983914208984376 0.020497804 0.595442359375 0.014641288666666665
1 0.5811095073242187 0 0.5860589814453125 0.004392386666666667 0.5892761396484375 0.0025622253333333336 0.59040214453125 0 0.5811095073242187 0
1 0.43798033984375 0 0.43404825732421876 0.00658858 0.43297587109375 0.015007320666666667 0.436193029296875 0.016471449333333332 0.439946380859375 0.015373352666666666 0.4447721181640625 0.019399707333333335 0.449061662109375 0.019033674666666667 0.45308310986328126 0.013909224 0.4538873994140625 0.011346998666666667 0.45335120654296873 0.008418740666666667 0.4478016083984375 0 0.43798033984375 0
1 0.4324396782226563 0.15885797933333334 0.42949061669921873 0.159224012 0.4233243969726562 0.16508052733333334 0.4235924931640625 0.170204978 0.4222520107421875 0.176793558 0.4233243969726562 0.1826500733333333 0.4286863271484375 0.184114202 0.43297587109375 0.18228404066666667 0.43672922265625 0.17825768666666666 0.4386058979492187 0.1738653 0.434852546875 0.16581259133333334 0.434852546875 0.16105417266666666 0.4324396782226563 0.15885797933333334
1 0.4061662197265625 0.198023426 0.39919571044921875 0.1998535873333333 0.3970509384765625 0.20351390933333335 0.3965147451171875 0.20863836 0.394906166015625 0.212298682 0.395442359375 0.21376281133333336 0.3997319033203125 0.21632503666666666 0.40402144775390625 0.214860908 0.40723860595703126 0.20863836 0.40750670263671873 0.201683748 0.4061662197265625 0.198023426
1 0.33243967822265624 0.16105417266666666 0.33109919580078123 0.16032210866666666 0.3241286865234375 0.16068814066666667 0.32010723876953123 0.16910688133333335 0.320643431640625 0.17532942866666668 0.32386058984375 0.17789165466666668 0.3286863271484375 0.177525622 0.3332439677734375 0.169838946 0.33297587109375 0.16508052733333334 0.33243967822265624 0.16105417266666666
1 0.31957104541015624 0.239751098 0.31528150146484374 0.24194729133333331 0.31179624658203126 0.247071742 0.31152814990234373 0.25658858 0.3128686328125 0.25915080533333335 0.3163538872070312 0.25988287 0.3209115283203125 0.25695461199999997 0.32332439697265625 0.2514641286666667 0.3235924931640625 0.24194729133333331 0.31957104541015624 0.239751098
1 0.37050938330078126 0.27818448 0.36729222509765624 0.280746706 0.365147453125 0.28916544666666666 0.36621983935546876 0.29502196199999997 0.36782841845703124 0.29575402666666667 0.37211796240234374 0.29136164 0.374798927734375 0.28477305999999997 0.37506702392578123 0.27964860933333335 0.37050938330078126 0.27818448
1 0.7407506704101563 0.440702782 0.73672922265625 0.4418008786666667 0.7321715815429688 0.448389458 0.73297587109375 0.461566618 0.736193029296875 0.46522694000000003 0.7404825737304688 0.46303074666666666 0.7431635390625 0.45644216666666665 0.7439678286132813 0.44802342599999995 0.7431635390625 0.443997072 0.7407506704101563 0.440702782
1 0.8262734584960938 0.5494143486666667 0.8254691689453125 0.5501464126666666 0.8209115283203124 0.555636896 0.8219839140625 0.5600292826666666 0.825737265625 0.562591508 0.8278820375976562 0.5614934113333334 0.8300268095703125 0.5563689606666666 0.8292225200195312 0.5530746706666666 0.8262734584960938 0.5494143486666667
1 0.8305630024414062 0.49963396800000004 0.8265415551757812 0.4992679353333333 0.812332439453125 0.5128111273333333 0.8117962465820312 0.517203514 0.8176943701171875 0.5223279646666666 0.8222520107421875 0.5212298679999999 0.8313672919921875 0.513543192 0.8337801606445312 0.5091508053333333 0.833512064453125 0.5051244506666667 0.8305630024414062 0.49963396800000004
1 0.8083109921875 0.5417276719999999 0.8008042895507812 0.5402635433333334 0.7978552280273438 0.5428257686666667 0.7973190346679687 0.548316252 0.801340482421875 0.5571010246666667 0.805093833984375 0.559297218 0.8099195712890624 0.5530746706666666 0.8107238603515625 0.5461200586666667 0.8083109921875 0.5417276719999999
1 0.6056300268554687 0.4992679353333333 0.6029490615234375 0.4978038066666666 0.5994638071289062 0.5 0.5991957104492187 0.504026354 0.6008042895507812 0.5128111273333333 0.6034852548828125 0.517935578 0.6075067026367188 0.5183016106666667 0.6101876674804687 0.516837482 0.6120643432617188 0.513543192 0.6117962465820312 0.510614934 0.6056300268554687 0.4992679353333333
1 0.5994638071289062 0.514275256 0.594906166015625 0.513543192 0.5898123325195312 0.516837482 0.583914208984375 0.5252562226666666 0.5828418232421875 0.5300146413333333 0.5836461127929687 0.5322108346666666 0.585790884765625 0.5344070280000001 0.5914209116210938 0.53477306 0.6008042895507812 0.5303806733333334 0.6040214477539062 0.5256222546666667 0.605093833984375 0.5183016106666667 0.6075067026367188 0.517203514 0.605093833984375 0.5157393853333333 0.6034852548828125 0.5124450953333334 0.5994638071289062 0.514275256
1 0.5943699731445312 0.3243045386666667 0.5900804287109375 0.32137628133333335 0.5817694370117188 0.31844802333333333 0.577479892578125 0.31808199133333337 0.5734584448242187 0.319912152 0.572922251953125 0.34114202066666666 0.568364611328125 0.3495607613333333 0.5667560322265625 0.3554172766666666 0.566487935546875 0.3627379206666667 0.5680965146484375 0.367862372 0.5731903486328125 0.3693265006666666 0.5764075068359376 0.36713030733333335 0.5817694370117188 0.35907759866666666 0.5841823056640625 0.347364568 0.5946380698242187 0.3356515373333333 0.594906166015625 0.326500732 0.5943699731445312 0.3243045386666667
1 0.785790884765625 0.9330161053333333 0.7788203754882812 0.9315519766666667 0.7750670239257812 0.9326500733333334 0.7734584448242188 0.9377745239999999 0.774798927734375 0.9421669106666667 0.7801608579101562 0.9439970719999999 0.7849865952148437 0.9421669106666667 0.787667560546875 0.9377745239999999 0.7873994638671875 0.9359443633333333 0.785790884765625 0.9330161053333333
1 0.1493297587890625 0.012445095333333335 0.14369973193359376 0.004392386666666667 0.14021447705078124 0.0025622253333333336 0.13565683642578125 0.00329429 0.12144772119140625 0.015373352666666666 0.11501340478515625 0.032942898666666665 0.11501340478515625 0.040995607333333337 0.11957104541015624 0.04721815533333334 0.12654155517578125 0.051610542 0.1319034853515625 0.051610542 0.14557640771484376 0.04648609066666667 0.15040214453125 0.041727672 0.1557640751953125 0.030746706 0.1571045576171875 0.019399707333333335 0.1552278818359375 0.016837481999999997 0.1493297587890625 0.012445095333333335
1 0.07989276123046875 0.25878477333333333 0.0758713134765625 0.2580527086666667 0.06300268115234375 0.260248902 0.05978552294921875 0.267935578 0.060053619140625 0.27232796466666664 0.06246648779296875 0.27525622266666666 0.066487935546875 0.2763543193333333 0.077479892578125 0.27489019066666665 0.08042895458984375 0.27232796466666664 0.08176943701171875 0.26573938533333336 0.08150134033203126 0.26061493399999996 0.07989276123046875 0.25878477333333333
1 0.11018766748046875 0.4000732066666667 0.105093833984375 0.396046852 0.09785522802734375 0.39348462666666667 0.08847185009765625 0.39494875533333335 0.08632707763671875 0.3978770133333333 0.0823056298828125 0.4117862373333333 0.0621983916015625 0.42825768666666664 0.05764075048828125 0.43374817 0.04959785546875 0.4535139093333333 0.04879356591796875 0.4659590046666666 0.04959785546875 0.46815519733333333 0.05871313671875 0.47181552000000004 0.0758713134765625 0.46303074666666666 0.0860589814453125 0.448389458 0.090348525390625 0.43374817 0.0951742626953125 0.42203513933333336 0.1002680966796875 0.4176427526666666 0.10589812353515625 0.416544656 0.10911528173828125 0.4139824306666667 0.1112600537109375 0.409956076 0.11152814990234375 0.4037335286666666 0.11018766748046875 0.4000732066666667
1 0.15281501318359375 0.4209370426666667 0.14021447705078124 0.4209370426666667 0.13672922265625 0.4242313326666666 0.1351206435546875 0.43118594466666665 0.14021447705078124 0.43740849200000004 0.1447721181640625 0.4381405566666666 0.149061662109375 0.4363103953333333 0.15469168896484375 0.4315519766666666 0.1552278818359375 0.42642752533333333 0.15415549609375 0.42313323599999997 0.15281501318359375 0.4209370426666667
1 0.092225201171875 0.5300146413333333 0.0892761396484375 0.527452416 0.08471849853515626 0.527818448 0.079356568359375 0.53147877 0.0758713134765625 0.5303806733333334 0.0726541552734375 0.5344070280000001 0.06943699755859375 0.5527086386666666 0.071045576171875 0.5578330893333333 0.074262734375 0.5607613466666667 0.07506702392578125 0.5633235726666667 0.072922251953125 0.57284041 0.07345844482421875 0.5761347 0.0780160859375 0.5816251833333334 0.085790884765625 0.5812591506666667 0.08900804296875 0.5775988286666667 0.090348525390625 0.57284041 0.09356568359375 0.5688140553333334 0.0932975869140625 0.5633235726666667 0.08981233251953125 0.5578330893333333 0.09436997314453124 0.5472181553333333 0.09410187646484375 0.535139092 0.092225201171875 0.5300146413333333
1 0.2557640751953125 0.38250366 0.2514745307617188 0.385431918 0.24718498681640624 0.3912884333333333 0.24557640771484374 0.39677891666666665 0.2506702412109375 0.399707174 0.25630026806640627 0.3978770133333333 0.260053619140625 0.3912884333333333 0.2603217158203125 0.38286969266666665 0.2557640751953125 0.38250366
1 0.22600536181640626 0.41837481666666665 0.22171581787109376 0.41837481666666665 0.21823056298828125 0.42203513933333336 0.21313672900390626 0.43118594466666665 0.21313672900390626 0.4355783306666666 0.2174262734375 0.43850658866666664 0.22171581787109376 0.4381405566666666 0.22386058984375 0.4363103953333333 0.22654155517578126 0.43118594466666665 0.22627345849609376 0.420204978 0.22600536181640626 0.41837481666666665
1 0.2758713134765625 0.28294289866666666 0.27372654150390624 0.28147877 0.26916890087890627 0.28257686666666665 0.2667560322265625 0.28550512466666667 0.26461126025390624 0.29428989733333333 0.2686327080078125 0.2979502193333333 0.2731903486328125 0.29648609066666665 0.277479892578125 0.29136164 0.277479892578125 0.28623718866666664 0.2758713134765625 0.28294289866666666
1 0.29463806982421875 0.232796486 0.290348525390625 0.233162518 0.2873994638671875 0.23682284066666667 0.28659517431640624 0.24267935599999998 0.28981233251953126 0.2514641286666667 0.2943699731445312 0.250366032 0.2951742626953125 0.2489019033333333 0.2973190346679688 0.239019034 0.29624664892578123 0.23499267933333332 0.29463806982421875 0.232796486
1 0.31152814990234373 0.4355783306666666 0.30723860595703123 0.43594436333333336 0.30241286865234374 0.4418008786666667 0.29410187646484376 0.44509516866666665 0.29088471826171874 0.448389458 0.2900804287109375 0.45095168399999996 0.2906166220703125 0.461566618 0.29571045556640624 0.4641288433333333 0.30884718505859377 0.4604685213333333 0.3128686328125 0.45534407000000005 0.31528150146484374 0.4487554906666667 0.31501340478515627 0.44216691066666663 0.31152814990234373 0.4355783306666666
1 0.5394101875 0.31661786266666664 0.5305630024414062 0.3144216693333333 0.5265415551757813 0.315885798 0.5201072387695312 0.3246705713333333 0.5104557641601563 0.33308931199999997 0.5005361928710937 0.3393118593333333 0.4919571044921875 0.340409956 0.48981233251953127 0.34224011733333337 0.4873994638671875 0.3455344073333333 0.4873994638671875 0.35431918 0.49249329736328123 0.3601756953333334 0.49436997314453124 0.3722547586666667 0.49919571044921873 0.37628111266666664 0.5029490615234375 0.3766471446666667 0.5117962465820313 0.371156662 0.5134048256835938 0.36713030733333335 0.5144772119140625 0.35834553466666663 0.5351206435546875 0.3480966326666667 0.5453083110351562 0.337115666 0.5461126005859375 0.33162518333333335 0.5442359248046875 0.3239385066666667 0.5394101875 0.31661786266666664
1 0.565147453125 0.7584187406666667 0.5603217158203125 0.7587847733333333 0.55871313671875 0.763543192 0.5592493295898437 0.7697657393333334 0.5605898125 0.770863836 0.5646112602539063 0.7690336746666667 0.56702412890625 0.7653733526666666 0.5675603217773437 0.760614934 0.565147453125 0.7584187406666667
1 0.4916890078125 0.7188872620000001 0.487667560546875 0.7177891653333333 0.474262734375 0.7181551973333333 0.47184986572265625 0.7232796486666666 0.47882037548828127 0.7306002926666667 0.48337801611328124 0.732796486 0.487667560546875 0.7284040993333333 0.49142091162109375 0.7265739386666668 0.49436997314453124 0.722181552 0.4916890078125 0.7188872620000001
1 0.9635388740234375 0.5677159593333333 0.9597855229492187 0.565519766 0.9552278818359375 0.5647877013333333 0.9506702412109375 0.56625183 0.9466487934570312 0.5688140553333334 0.9436997319335938 0.573206442 0.9415549599609375 0.5772327966666667 0.9415549599609375 0.5816251833333334 0.946380697265625 0.5860175693333333 0.955495978515625 0.5878477306666667 0.9595174262695313 0.5856515373333333 0.9624664877929687 0.5816251833333334 0.965147453125 0.576500732 0.9654155498046875 0.5706442166666666 0.9635388740234375 0.5677159593333333
1 0.13378016064453124 0.9117862373333334 0.12332439697265625 0.9110541726666667 0.11367292236328125 0.923133236 0.11179624658203124 0.9286237186666667 0.11179624658203124 0.9330161053333333 0.1144772119140625 0.9396046853333334 0.127077748046875 0.9568081993333334 0.1313672919921875 0.9593704246666667 0.13565683642578125 0.9590043926666667 0.14209115283203125 0.954978038 0.1474530830078125 0.9454612006666666 0.14959785546875 0.9315519766666667 0.149061662109375 0.92715959 0.13378016064453124 0.9117862373333334
1 0 0.7982116713333334 0.00428954443359375 0.799048316 0.0112600537109375 0.7957540266666666 0.01554959765625 0.7887994146666667 0.01635388720703125 0.7825768666666666 0.01957104541015625 0.773792094 0.01983914208984375 0.7657393853333333 0.0158176943359375 0.7598828700000001 0.0080428955078125 0.7598828700000001 0.00428954443359375 0.7620790626666667 0 0.7682284039999999 0 0.7982116713333334
1 0.1273458447265625 0.18923865333333334 0.12305630029296875 0.18850658866666667 0.114209115234375 0.20204978066666668 0.1067024130859375 0.21046852133333335 0.1048257373046875 0.21742313333333335 0.1067024130859375 0.222547584 0.11018766748046875 0.225841874 0.11528150146484376 0.22767203533333336 0.1190348525390625 0.22693997066666668 0.125201072265625 0.22108345533333332 0.12815013427734376 0.21669106866666668 0.12600536181640626 0.20607613466666666 0.1286863271484375 0.198389458 0.12841823046875 0.191068814 0.1273458447265625 0.18923865333333334
1 0.07721179638671875 0.25841874066666665 0.06327077734375 0.260248902 0.0603217158203125 0.267935578 0.0605898125 0.2726939973333333 0.06300268115234375 0.27525622266666666 0.06702412890625 0.2763543193333333 0.0758713134765625 0.2756222546666667 0.0790884716796875 0.273792094 0.08016085791015624 0.27306002933333334 0.081233244140625 0.2683016106666667 0.081233244140625 0.26061493399999996 0.07721179638671875 0.25841874066666665
1 0.3699731904296875 0.11383601733333334 0.366487935546875 0.11273792066666666 0.36246648779296875 0.114568082 0.3603217158203125 0.11749633999999999 0.35978552294921873 0.12225475866666667 0.36327077734375 0.12774524133333334 0.36729222509765624 0.12994143466666666 0.37184986572265627 0.12664714466666668 0.3737265415039063 0.12262079066666666 0.37345844482421875 0.118228404 0.3699731904296875 0.11383601733333334
1 0.5989276137695313 0.25951683733333336 0.594906166015625 0.25732064400000004 0.590348525390625 0.25768667666666667 0.5882037534179687 0.26134699866666666 0.5815013403320313 0.26720351400000003 0.5815013403320313 0.27232796466666664 0.585790884765625 0.2759882866666667 0.5908847182617187 0.2763543193333333 0.5989276137695313 0.2661054173333333 0.5994638071289062 0.26134699866666666 0.5989276137695313 0.25951683733333336
1 0.83297587109375 0.326500732 0.825737265625 0.319912152 0.8217158178710937 0.319180088 0.8190348525390625 0.323206442 0.81930294921875 0.32869692533333333 0.8249329760742188 0.337115666 0.8262734584960938 0.3462664713333334 0.8273458447265625 0.347364568 0.8308310991210938 0.3480966326666667 0.8327077749023437 0.3462664713333334 0.8343163540039062 0.34114202066666666 0.8340482573242187 0.33199121533333337 0.83297587109375 0.326500732
1 0.796782841796875 0.364934114 0.7914209116210937 0.3660322106666667 0.7865951743164062 0.3733528553333333 0.779356568359375 0.37701317733333334 0.777479892578125 0.3799414346666667 0.7772117963867188 0.3843338213333333 0.7790884716796875 0.3879941433333333 0.7836461127929687 0.3872620793333333 0.7895442358398438 0.378111274 0.8005361928710938 0.37481698399999996 0.80187667578125 0.371522694 0.8010723862304687 0.36713030733333335 0.796782841796875 0.364934114
1 0.8345844501953125 0.04465593 0.83029490625 0.04392386533333333 0.8262734584960938 0.051976574 0.825737265625 0.058565153999999994 0.8268096513671875 0.06002928266666667 0.8308310991210938 0.06076134666666667 0.834852546875 0.05819912133333333 0.8372654155273438 0.053074670666666664 0.8378016083984375 0.049048316 0.8345844501953125 0.04465593
1 0.7836461127929687 0.09297218133333333 0.7750670239257812 0.08638360199999999 0.7723860590820313 0.08857979533333334 0.7713136728515625 0.09187408466666666 0.777479892578125 0.09882869666666666 0.7833780161132813 0.10322108333333334 0.787667560546875 0.10322108333333334 0.7887399462890625 0.10102489 0.7879356567382813 0.09882869666666666 0.7836461127929687 0.09297218133333333
1 0.5991957104492187 0.7177891653333333 0.5941018764648438 0.71852123 0.5932975869140625 0.7284040993333333 0.5941018764648438 0.7309663253333333 0.59812332421875 0.733162518 0.6010723862304688 0.7320644220000001 0.603217158203125 0.7280380673333334 0.6029490615234375 0.7240117133333334 0.5991957104492187 0.7177891653333333
1 0.716085791015625 0.8437042459999999 0.7101876674804688 0.8459004393333333 0.7029490615234375 0.85431918 0.701340482421875 0.8601756953333334 0.7024128686523438 0.86090776 0.7134048256835938 0.8554172766666667 0.71948176953125 0.8489505853333333 0.720643431640625 0.8473645679999999 0.7201072387695312 0.8462664713333333 0.716085791015625 0.8437042459999999
1 0.0621983916015625 0.7243777453333333 0.05495978564453125 0.7210834553333334 0.04048257373046875 0.7210834553333334 0.03699731884765625 0.7196193266666667 0.03109919580078125 0.7225475840000001 0.02815013427734375 0.7276720353333334 0.03109919580078125 0.7316983893333333 0.04584450390625 0.739385066 0.05442359228515625 0.7401171299999999 0.06273458447265624 0.735724744 0.065147453125 0.7313323573333333 0.0648793564453125 0.7273060026666667 0.0621983916015625 0.7243777453333333
1 0.05442359228515625 0.7704978039999999 0.04986595166015625 0.7719619326666666 0.04504021435546875 0.7792825766666667 0.04021447705078125 0.792093704 0.04021447705078125 0.7997803806666668 0.04369973193359375 0.8133235726666667 0.04584450390625 0.8158857979999999 0.05174262744140625 0.8184480233333333 0.05415549609375 0.8221083453333334 0.05630026806640625 0.8169838946666667 0.05871313671875 0.8147877013333333 0.05951742626953125 0.809297218 0.06327077734375 0.8001464126666666 0.0635388740234375 0.795021962 0.06729222509765626 0.7851390920000001 0.06729222509765626 0.7825768666666666 0.0635388740234375 0.7800146413333333 0.05924932958984375 0.774158126 0.05442359228515625 0.7704978039999999
1 0.2428954423828125 0.24816983866666664 0.2383378017578125 0.24743777466666667 0.23431635400390624 0.2514641286666667 0.2332439677734375 0.25622254733333333 0.23431635400390624 0.25951683733333336 0.24235924951171875 0.2580527086666667 0.24530831103515624 0.25549048333333335 0.2447721181640625 0.25183016133333336 0.2428954423828125 0.24816983866666664
1 0.37184986572265627 0.8539531480000001 0.36300268115234374 0.8539531480000001 0.3605898125 0.8561493413333333 0.3605898125 0.8601756953333334 0.361930294921875 0.8660322106666667 0.36407506689453123 0.868594436 0.36729222509765624 0.8700585653333333 0.371045576171875 0.8696925326666666 0.3756032172851563 0.86420205 0.37613941015625 0.857979502 0.37184986572265627 0.8539531480000001