1 0.21728515625 0.4866666666666667 0.196533203125 0.5333333333333333 0.2392578125 0.5466666666666666 0.263671875 0.495 0.21728515625 0.4866666666666667
1 0.784423828125 0.5256666666666666 0.786865234375 0.529 0.786865234375 0.533 0.792236328125 0.5343333333333333 0.806884765625 0.5336666666666666 0.813720703125 0.5306666666666666 0.819091796875 0.5253333333333333 0.818359375 0.5213333333333333 0.811767578125 0.5076666666666667 0.810791015625 0.5016666666666667 0.786865234375 0.497 0.782470703125 0.498 0.77392578125 0.5046666666666667 0.773193359375 0.5096666666666667 0.779296875 0.5246666666666666 0.781494140625 0.524 0.784423828125 0.5256666666666666
1 0.78125 0.524 0.78466796875 0.5256666666666666 0.787109375 0.529 0.787841796875 0.533 0.789306640625 0.5336666666666666 0.806884765625 0.5336666666666666 0.814453125 0.5303333333333333 0.819091796875 0.5253333333333333 0.81591796875 0.5153333333333333 0.812255859375 0.509 0.810302734375 0.5013333333333333 0.786376953125 0.49666666666666665 0.782470703125 0.49766666666666665 0.773193359375 0.5056666666666667 0.77294921875 0.5096666666666667 0.777587890625 0.519 0.779052734375 0.5263333333333333 0.78125 0.524
1 0.033203125 0.5293333333333333 0.04443359375 0.533 0.06005859375 0.5406666666666666 0.068359375 0.541 0.079833984375 0.5383333333333333 0.084228515625 0.5333333333333333 0.086181640625 0.5256666666666666 0.08447265625 0.521 0.077880859375 0.516 0.068115234375 0.5106666666666667 0.06103515625 0.5086666666666667 0.044677734375 0.5113333333333333 0.031982421875 0.5203333333333333 0.03125 0.5216666666666666 0.033203125 0.523 0.034423828125 0.5263333333333333 0.033203125 0.5293333333333333
1 0.412353515625 0.3596666666666667 0.423583984375 0.3556666666666667 0.436767578125 0.3406666666666667 0.435546875 0.337 0.427490234375 0.336 0.41162109375 0.3303333333333333 0.401123046875 0.3343333333333333 0.390869140625 0.3433333333333333 0.3896484375 0.345 0.3896484375 0.34933333333333333 0.392578125 0.35433333333333333 0.412353515625 0.3596666666666667
1 0.497802734375 0.5543333333333333 0.507568359375 0.548 0.513671875 0.5463333333333333 0.528076171875 0.5373333333333333 0.532958984375 0.529 0.533447265625 0.513 0.531494140625 0.5093333333333333 0.529052734375 0.5083333333333333 0.505126953125 0.5186666666666667 0.5 0.525 0.498046875 0.5373333333333333 0.492919921875 0.5446666666666666 0.493896484375 0.5546666666666666 0.497802734375 0.5543333333333333
1 0.44838232421875 0.4512643333333333 0.466656494140625 0.4609513333333333 0.46869677734375 0.4540493333333333 0.470703125 0.44733333333333336 0.471435546875 0.442 0.47251123046875 0.43806633333333334 0.470825927734375 0.4368553333333333 0.467720947265625 0.43455466666666664 0.4646162109375 0.433707 0.461156494140625 0.43249633333333337 0.455833984375 0.4381873333333333 0.440185546875 0.43066666666666664 0.4384765625 0.44333333333333336 0.442138671875 0.44633333333333336 0.44838232421875 0.4512643333333333
1 0.671875 0.268 0.67529296875 0.26666666666666666 0.6767578125 0.2643333333333333 0.68212890625 0.236 0.674072265625 0.234 0.66259765625 0.23533333333333334 0.643798828125 0.235 0.64208984375 0.23566666666666666 0.639404296875 0.241 0.633544921875 0.244 0.6337890625 0.249 0.64013671875 0.25733333333333336 0.6611328125 0.268 0.671875 0.268
1 0.6474609375 0.10466666666666667 0.6513671875 0.10333333333333333 0.6533203125 0.09933333333333333 0.65576171875 0.09166666666666666 0.65625 0.084 0.645751953125 0.07966666666666666 0.626708984375 0.07666666666666666 0.621337890625 0.08 0.619384765625 0.08266666666666667 0.617919921875 0.08833333333333333 0.616455078125 0.096 0.6181640625 0.09933333333333333 0.622802734375 0.102 0.6474609375 0.10466666666666667
1 0.408203125 0.912 0.417236328125 0.9 0.417236328125 0.8963333333333333 0.411865234375 0.8903333333333333 0.402099609375 0.8886666666666667 0.394775390625 0.8906666666666667 0.3876953125 0.8953333333333333 0.383544921875 0.8993333333333333 0.38232421875 0.9026666666666666 0.3837890625 0.9083333333333333 0.388427734375 0.9126666666666666 0.40673828125 0.9123333333333333 0.408203125 0.912
1 0.319580078125 0.17966666666666667 0.326171875 0.184 0.333740234375 0.184 0.338134765625 0.16366666666666665 0.33837890625 0.15266666666666667 0.333984375 0.14966666666666667 0.325927734375 0.14766666666666667 0.320556640625 0.15866666666666668 0.3203125 0.163 0.31884765625 0.166 0.31884765625 0.17766666666666667 0.319580078125 0.17966666666666667
1 0.747802734375 0.288 0.752197265625 0.2876666666666667 0.767578125 0.2793333333333333 0.776611328125 0.26966666666666667 0.780517578125 0.26766666666666666 0.78369140625 0.26266666666666666 0.78369140625 0.25533333333333336 0.780029296875 0.25066666666666665 0.7783203125 0.25033333333333335 0.77490234375 0.253 0.767822265625 0.24866666666666667 0.739990234375 0.252 0.735107421875 0.25666666666666665 0.730224609375 0.25866666666666666 0.72998046875 0.25966666666666666 0.7421875 0.2823333333333333 0.744873046875 0.28633333333333333 0.747802734375 0.288
1 0.137451171875 0.11733333333333333 0.156494140625 0.11733333333333333 0.16357421875 0.11333333333333333 0.17041015625 0.10733333333333334 0.170166015625 0.10333333333333333 0.166259765625 0.094 0.16650390625 0.09166666666666666 0.158203125 0.08466666666666667 0.155029296875 0.086 0.130615234375 0.08566666666666667 0.125 0.088 0.118408203125 0.09633333333333334 0.11767578125 0.09933333333333333 0.1201171875 0.10333333333333333 0.130859375 0.11466666666666667 0.137451171875 0.11733333333333333
1 0.333251953125 0.713 0.349609375 0.7106666666666667 0.35791015625 0.705 0.363037109375 0.697 0.361083984375 0.691 0.341796875 0.6823333333333333 0.329833984375 0.684 0.325927734375 0.682 0.3212890625 0.685 0.318115234375 0.691 0.31396484375 0.6923333333333334 0.31298828125 0.6953333333333334 0.308837890625 0.701 0.3251953125 0.7103333333333334 0.333251953125 0.713
1 0.388427734375 0.613 0.399169921875 0.6063333333333333 0.406494140625 0.599 0.40966796875 0.592 0.40966796875 0.5836666666666667 0.408203125 0.5813333333333334 0.404052734375 0.5796666666666667 0.39599609375 0.58 0.38525390625 0.584 0.38232421875 0.588 0.375244140625 0.5916666666666667 0.371826171875 0.6033333333333334 0.372314453125 0.6106666666666667 0.374267578125 0.6133333333333333 0.38134765625 0.615 0.388427734375 0.613
1 0.09765625 0.7776666666666666 0.110595703125 0.7723333333333333 0.120361328125 0.7623333333333333 0.126708984375 0.758 0.13134765625 0.7516666666666667 0.123046875 0.746 0.111083984375 0.741 0.10302734375 0.7413333333333333 0.078857421875 0.748 0.0654296875 0.763 0.064208984375 0.7656666666666667 0.063720703125 0.7673333333333333 0.06494140625 0.7683333333333333 0.087158203125 0.7783333333333333 0.09765625 0.7776666666666666
1 0.591796875 0.4093333333333333 0.61181640625 0.4023333333333333 0.646240234375 0.38333333333333336 0.6533203125 0.37766666666666665 0.6748046875 0.36433333333333334 0.677734375 0.36033333333333334 0.68359375 0.3456666666666667 0.684326171875 0.339 0.68359375 0.3303333333333333 0.681396484375 0.3263333333333333 0.677734375 0.323 0.669921875 0.32466666666666666 0.614990234375 0.35833333333333334 0.607666015625 0.36 0.599609375 0.366 0.595703125 0.365 0.59521484375 0.36666666666666664 0.588623046875 0.37233333333333335 0.580810546875 0.37566666666666665 0.579345703125 0.378 0.580078125 0.39666666666666667 0.58447265625 0.4086666666666667 0.587158203125 0.41 0.591796875 0.4093333333333333
1 0.491455078125 0.22966666666666666 0.492919921875 0.23383333333333334 0.49267578125 0.236 0.505615234375 0.23566666666666666 0.51025390625 0.22966666666666666 0.513671875 0.22766666666666666 0.51708984375 0.219 0.521484375 0.21666666666666667 0.513427734375 0.20466666666666666 0.51025390625 0.20366666666666666 0.505615234375 0.19733333333333333 0.501220703125 0.19533333333333333 0.493896484375 0.195 0.482421875 0.20666666666666667 0.478271484375 0.21333333333333335 0.481201171875 0.217 0.482666015625 0.221 0.491455078125 0.22966666666666666
1 0.646728515625 0.822 0.6513671875 0.8183333333333334 0.65283203125 0.8143333333333334 0.64306640625 0.8016666666666666 0.630859375 0.7933333333333333 0.61865234375 0.7943333333333333 0.614013671875 0.798 0.6142578125 0.802 0.61865234375 0.8103333333333333 0.634521484375 0.822 0.646728515625 0.822
1 0.75341796875 0.404 0.756103515625 0.408 0.76416015625 0.4116666666666667 0.771728515625 0.4186666666666667 0.776611328125 0.41933333333333334 0.78369140625 0.418 0.784912109375 0.41533333333333333 0.783203125 0.4086666666666667 0.787353515625 0.4056666666666667 0.7880859375 0.4003333333333333 0.785888671875 0.39366666666666666 0.78515625 0.38566666666666666 0.781494140625 0.37333333333333335 0.77490234375 0.36433333333333334 0.771484375 0.36233333333333334 0.759765625 0.36466666666666664 0.758056640625 0.369 0.756103515625 0.38866666666666666 0.75439453125 0.39466666666666667 0.751708984375 0.3963333333333333 0.75341796875 0.404
1 0.779541015625 0.4796666666666667 0.786865234375 0.477 0.801025390625 0.4666666666666667 0.8056640625 0.463 0.80712890625 0.459 0.786865234375 0.447 0.778076171875 0.447 0.76708984375 0.451 0.7578125 0.46 0.7470703125 0.4663333333333333 0.749755859375 0.4703333333333333 0.766357421875 0.478 0.771240234375 0.4796666666666667 0.779541015625 0.4796666666666667
1 0.84130859375 0.43566666666666665 0.849853515625 0.43666666666666665 0.861083984375 0.433 0.867919921875 0.42766666666666664 0.869873046875 0.4236666666666667 0.86962890625 0.41933333333333334 0.866455078125 0.4156666666666667 0.857421875 0.4096666666666667 0.849365234375 0.407 0.83642578125 0.407 0.828857421875 0.411 0.824951171875 0.4156666666666667 0.822998046875 0.42 0.825927734375 0.42766666666666664 0.833251953125 0.43266666666666664 0.84130859375 0.43566666666666665
1 0.92333984375 0.48966666666666664 0.93115234375 0.49 0.935302734375 0.494 0.939453125 0.49433333333333335 0.94091796875 0.49033333333333334 0.947509765625 0.48633333333333334 0.952880859375 0.47933333333333333 0.955078125 0.4746666666666667 0.947509765625 0.4573333333333333 0.943115234375 0.4543333333333333 0.927490234375 0.44966666666666666 0.917236328125 0.44966666666666666 0.91162109375 0.451 0.904052734375 0.4573333333333333 0.901611328125 0.465 0.90234375 0.4706666666666667 0.904052734375 0.4746666666666667 0.919921875 0.4876666666666667 0.92333984375 0.48966666666666664
1 0.580322265625 0.6623333333333333 0.589111328125 0.6623333333333333 0.591552734375 0.6616666666666666 0.5927734375 0.6596666666666666 0.591552734375 0.6503333333333333 0.5888671875 0.6443333333333333 0.583984375 0.6373333333333333 0.5751953125 0.6336666666666667 0.569091796875 0.634 0.56591796875 0.636 0.564208984375 0.6386666666666667 0.568115234375 0.6506666666666666 0.5712890625 0.656 0.580322265625 0.6623333333333333
1 0.786376953125 0.10666666666666667 0.796142578125 0.11133333333333334 0.8056640625 0.11366666666666667 0.814453125 0.113 0.832763671875 0.108 0.845703125 0.09666666666666666 0.85498046875 0.09166666666666666 0.8447265625 0.08366666666666667 0.8349609375 0.079 0.825927734375 0.076 0.814697265625 0.07733333333333334 0.81103515625 0.07566666666666666 0.810302734375 0.072 0.80712890625 0.07433333333333333 0.802978515625 0.07133333333333333 0.795654296875 0.07566666666666666 0.793701171875 0.07966666666666666 0.787109375 0.08766666666666667 0.78564453125 0.09566666666666666 0.782958984375 0.09933333333333333 0.783447265625 0.10366666666666667 0.786376953125 0.10666666666666667
1 0.297119140625 0.8103333333333333 0.303466796875 0.795 0.3037109375 0.791 0.294921875 0.7846666666666666 0.290771484375 0.7856666666666666 0.284423828125 0.7946666666666666 0.281494140625 0.806 0.28125 0.8106666666666666 0.283203125 0.814 0.291015625 0.8176666666666667 0.297119140625 0.8103333333333333
1 0.44189453125 0.19166666666666668 0.4453125 0.191 0.451171875 0.187 0.46337890625 0.187 0.464599609375 0.18933333333333333 0.466796875 0.19 0.46875 0.18933333333333333 0.480712890625 0.17066666666666666 0.482177734375 0.171 0.4833984375 0.16966666666666666 0.482421875 0.16533333333333333 0.478759765625 0.16133333333333333 0.469970703125 0.16066666666666668 0.444580078125 0.16866666666666666 0.439697265625 0.17233333333333334 0.43408203125 0.18 0.433349609375 0.18166666666666667 0.434326171875 0.184 0.43896484375 0.19033333333333333 0.44189453125 0.19166666666666668
1 0.615234375 0.16166666666666665 0.622802734375 0.16133333333333333 0.640869140625 0.15 0.642333984375 0.14666666666666667 0.64111328125 0.14266666666666666 0.64111328125 0.138 0.63671875 0.132 0.630859375 0.11866666666666667 0.62255859375 0.11866666666666667 0.61083984375 0.12266666666666666 0.6064453125 0.12666666666666668 0.60498046875 0.13 0.605224609375 0.13866666666666666 0.61279296875 0.15666666666666668 0.613037109375 0.15966666666666668 0.615234375 0.16166666666666665
1 0.544921875 0.18233333333333332 0.549560546875 0.17766666666666667 0.55029296875 0.17366666666666666 0.5478515625 0.16566666666666666 0.548095703125 0.162 0.5380859375 0.15 0.52001953125 0.14966666666666667 0.51708984375 0.151 0.516845703125 0.15766666666666668 0.520751953125 0.169 0.528076171875 0.179 0.544921875 0.18233333333333332
1 0.736328125 0.5383333333333333 0.752685546875 0.528 0.7548828125 0.5246666666666666 0.756103515625 0.5173333333333333 0.74853515625 0.511 0.73681640625 0.514 0.73486328125 0.5153333333333333 0.725830078125 0.5283333333333333 0.725341796875 0.533 0.728515625 0.5366666666666666 0.73193359375 0.5383333333333333 0.736328125 0.5383333333333333
1 0.169921875 0.36933333333333335 0.185302734375 0.3526666666666667 0.187255859375 0.34933333333333333 0.187255859375 0.3456666666666667 0.181640625 0.334 0.177490234375 0.33266666666666667 0.161865234375 0.3423333333333333 0.158935546875 0.3473333333333333 0.15625 0.3496666666666667 0.154296875 0.3536666666666667 0.158935546875 0.358 0.165771484375 0.36933333333333335 0.169921875 0.36933333333333335
1 0.25244140625 0.13733333333333334 0.255615234375 0.13666666666666666 0.265380859375 0.13066666666666665 0.2666015625 0.12266666666666666 0.263671875 0.11333333333333333 0.25927734375 0.11233333333333333 0.247314453125 0.11833333333333333 0.241943359375 0.123 0.239501953125 0.127 0.2392578125 0.13066666666666665 0.24072265625 0.13466666666666666 0.2470703125 0.13766666666666666 0.25244140625 0.13733333333333334
1 0.568603515625 0.102 0.57568359375 0.09833333333333333 0.579833984375 0.09966666666666667 0.58935546875 0.09166666666666666 0.5869140625 0.08966666666666667 0.583740234375 0.07866666666666666 0.57958984375 0.07666666666666666 0.564453125 0.07533333333333334 0.56103515625 0.06933333333333333 0.554931640625 0.06633333333333333 0.552490234375 0.06133333333333333 0.548828125 0.06333333333333334 0.5458984375 0.06866666666666667 0.5322265625 0.07566666666666666 0.529296875 0.08 0.529052734375 0.091 0.532958984375 0.097 0.56005859375 0.10433333333333333 0.568603515625 0.102
1 0.3701171875 0.6943333333333334 0.375244140625 0.71 0.376953125 0.7123333333333334 0.381103515625 0.7126666666666667 0.391357421875 0.7086666666666667 0.392578125 0.705 0.392578125 0.701 0.38525390625 0.6683333333333333 0.380615234375 0.6656666666666666 0.37841796875 0.6686666666666666 0.37158203125 0.6736666666666666 0.36865234375 0.6776666666666666 0.36962890625 0.6806666666666666 0.368408203125 0.684 0.36865234375 0.6933333333333334 0.3701171875 0.6943333333333334
1 0.402099609375 0.8773333333333333 0.40625 0.8696666666666667 0.4130859375 0.8606666666666667 0.414306640625 0.8503333333333334 0.413330078125 0.8456666666666667 0.413818359375 0.8416666666666667 0.402587890625 0.8413333333333334 0.396484375 0.8446666666666667 0.39404296875 0.8476666666666667 0.385986328125 0.8516666666666667 0.384033203125 0.8536666666666667 0.380615234375 0.861 0.380126953125 0.868 0.3798828125 0.877 0.38427734375 0.882 0.388671875 0.8833333333333333 0.402099609375 0.8773333333333333
1 0.412109375 0.16466666666666666 0.420166015625 0.162 0.43212890625 0.15466666666666667 0.4384765625 0.14633333333333334 0.439453125 0.14233333333333334 0.43603515625 0.13433333333333333 0.4306640625 0.13033333333333333 0.42041015625 0.13 0.41259765625 0.13233333333333333 0.404296875 0.13233333333333333 0.388671875 0.14933333333333335 0.38623046875 0.15333333333333332 0.38818359375 0.158 0.3935546875 0.16066666666666668 0.404296875 0.16466666666666666 0.412109375 0.16466666666666666
1 0.361328125 0.14233333333333334 0.376708984375 0.146 0.383056640625 0.146 0.388671875 0.14266666666666666 0.38720703125 0.142 0.38623046875 0.13833333333333334 0.388671875 0.13466666666666666 0.387939453125 0.12733333333333333 0.373046875 0.12033333333333333 0.370361328125 0.12133333333333333 0.352783203125 0.121 0.349609375 0.12233333333333334 0.343994140625 0.129 0.343505859375 0.13133333333333333 0.344482421875 0.133 0.353759765625 0.13933333333333334 0.361328125 0.14233333333333334
1 0.208984375 0.12633333333333333 0.2236328125 0.115 0.223876953125 0.111 0.219482421875 0.10266666666666667 0.215576171875 0.102 0.212158203125 0.10333333333333333 0.199951171875 0.11533333333333333 0.19970703125 0.11933333333333333 0.202880859375 0.12533333333333332 0.205078125 0.12666666666666668 0.208984375 0.12633333333333333
1 0.51708984375 0.4086666666666667 0.526123046875 0.4083333333333333 0.544189453125 0.3963333333333333 0.5419921875 0.392 0.53271484375 0.38333333333333336 0.529541015625 0.37666666666666665 0.511474609375 0.37666666666666665 0.50537109375 0.37966666666666665 0.5 0.38533333333333336 0.4990234375 0.389 0.50537109375 0.4013333333333333 0.509521484375 0.4053333333333333 0.51708984375 0.4086666666666667
1 0.73974609375 0.56 0.727273193359375 0.5429933333333333 0.7200703125 0.5500436666666667 0.727273193359375 0.5667073333333333 0.7373046875 0.575 0.7470703125 0.575 0.73974609375 0.56
1 0.914306640625 0.7916666666666666 0.9130859375 0.795 0.91064453125 0.8366666666666667 0.931396484375 0.84 0.93017578125 0.7966666666666666 0.914306640625 0.7916666666666666
1 0.8349609375 0.7766666666666666 0.830078125 0.7683333333333333 0.82275390625 0.7633333333333333 0.814208984375 0.765 0.811767578125 0.7766666666666666 0.819091796875 0.785 0.828857421875 0.7883333333333333 0.83740234375 0.785 0.8349609375 0.7766666666666666
1 0.769080322265625 0.6090076666666666 0.76626171875 0.6015303333333333 0.747628662109375 0.6055896666666667 0.74951171875 0.6097863333333333 0.751953125 0.6197863333333333 0.760498046875 0.6231196666666666 0.767822265625 0.6214529999999999 0.769080322265625 0.6090076666666666
1 0.780029296875 0.7283333333333334 0.792236328125 0.7333333333333333 0.79345703125 0.715 0.7861328125 0.7083333333333334 0.7763671875 0.7066666666666667 0.76416015625 0.71 0.76171875 0.7233333333333334 0.767822265625 0.7233333333333334 0.775146484375 0.7266666666666667 0.780029296875 0.7283333333333334
1 0.8740234375 0.04666666666666667 0.885009765625 0.05 0.89599609375 0.04666666666666667 0.908203125 0.035 0.8935546875 0.028333333333333332 0.8935546875 0.035 0.885009765625 0.035 0.872802734375 0.03333333333333333 0.867919921875 0.04 0.8740234375 0.04666666666666667
1 0.34423828125 0.99 0.35400390625 0.9716666666666667 0.33935546875 0.9683333333333334 0.32958984375 0.9716666666666667 0.32958984375 0.9966666666666667 0.34423828125 0.99
1 0.3232421875 0.06833333333333333 0.32861328125 0.076 0.341552734375 0.08966666666666667 0.351806640625 0.09633333333333334 0.353515625 0.09966666666666667 0.357421875 0.099 0.3603515625 0.10066666666666667 0.36376953125 0.10033333333333333 0.367431640625 0.10266666666666667 0.375 0.11166666666666666 0.376708984375 0.11666666666666667 0.383056640625 0.12 0.385009765625 0.123 0.392822265625 0.123 0.404052734375 0.115 0.412353515625 0.11433333333333333 0.415771484375 0.116 0.41845703125 0.115 0.4228515625 0.1 0.421875 0.098 0.423828125 0.06966666666666667 0.4267578125 0.06466666666666666 0.426025390625 0.06133333333333333 0.426513671875 0.05333333333333334 0.4208984375 0.04566666666666667 0.3916015625 0.024666666666666667 0.373046875 0.019 0.363444091796875 0.020666666666666667 0.357666015625 0.019333333333333334 0.34521484375 0.02 0.3388671875 0.027333333333333334 0.33251953125 0.031 0.329833984375 0.03666666666666667 0.328857421875 0.048666666666666664 0.3251953125 0.060333333333333336 0.322998046875 0.064 0.3232421875 0.06833333333333333
1 0.107666015625 0.7336666666666667 0.11474609375 0.7323333333333333 0.118896484375 0.7283333333333334 0.126220703125 0.7306666666666667 0.142822265625 0.7406666666666667 0.146484375 0.7416666666666667 0.158203125 0.7403333333333333 0.161376953125 0.742 0.16552734375 0.7466666666666667 0.169189453125 0.756 0.177001953125 0.7643333333333333 0.1826171875 0.776 0.1875 0.783 0.189208984375 0.7903333333333333 0.196533203125 0.7966666666666666 0.201171875 0.797 0.20263671875 0.7946666666666666 0.20458984375 0.7793333333333333 0.203369140625 0.7596666666666667 0.201416015625 0.7496666666666667 0.2021484375 0.746 0.20458984375 0.7436666666666667 0.217041015625 0.7383333333333333 0.220947265625 0.7353333333333333 0.22607421875 0.7286666666666667 0.228271484375 0.7216666666666667 0.234130859375 0.7166666666666667 0.235107421875 0.713 0.246337890625 0.71 0.247802734375 0.709 0.24853515625 0.705 0.246337890625 0.701 0.235595703125 0.6926666666666667 0.229736328125 0.6853333333333333 0.208984375 0.6713333333333333 0.204345703125 0.67 0.200927734375 0.6666666666666666 0.1943359375 0.6653333333333333 0.188720703125 0.6666666666666666 0.177734375 0.6633333333333333 0.169677734375 0.657 0.1572265625 0.6546666666666666 0.155517578125 0.6503333333333333 0.15380859375 0.6496666666666666 0.147216796875 0.6556666666666666 0.13623046875 0.658 0.127197265625 0.662 0.12158203125 0.666 0.119140625 0.6696666666666666 0.120849609375 0.674 0.119384765625 0.683 0.117431640625 0.6883333333333334 0.103271484375 0.708 0.101806640625 0.7133333333333334 0.099365234375 0.7163333333333334 0.097900390625 0.7243333333333334 0.09765625 0.7296666666666667 0.099365234375 0.7366666666666667 0.102783203125 0.7366666666666667 0.107666015625 0.7336666666666667
1 0.69921875 0.8313333333333334 0.691650390625 0.848 0.68701171875 0.855 0.68359375 0.869 0.68505859375 0.8713333333333333 0.690185546875 0.873 0.7060546875 0.8726666666666667 0.717041015625 0.865 0.728515625 0.85 0.733154296875 0.8493333333333334 0.7421875 0.851 0.745361328125 0.8503333333333334 0.747802734375 0.8473333333333334 0.75537109375 0.7986666666666666 0.75390625 0.792 0.75244140625 0.79 0.745849609375 0.7896666666666666 0.734619140625 0.7926666666666666 0.728515625 0.782 0.723876953125 0.7856666666666666 0.7197265625 0.7783333333333333 0.716552734375 0.7763333333333333 0.707275390625 0.7796666666666666 0.701904296875 0.7836666666666666 0.689208984375 0.785 0.6796875 0.7906666666666666 0.679443359375 0.795 0.6806640625 0.7986666666666666 0.693359375 0.8173333333333334 0.69921875 0.8313333333333334
1 0.20458984375 0.899 0.208740234375 0.8923333333333333 0.216552734375 0.893 0.218994140625 0.8886666666666667 0.218505859375 0.8773333333333333 0.213134765625 0.8693333333333333 0.212158203125 0.8616666666666667 0.208984375 0.8593333333333333 0.201171875 0.857 0.192626953125 0.859 0.185546875 0.8563333333333333 0.17431640625 0.8483333333333334 0.1650390625 0.848 0.162353515625 0.8493333333333334 0.159912109375 0.8546666666666667 0.154052734375 0.8603333333333333 0.15625 0.8796666666666667 0.158203125 0.8833333333333333 0.199788330078125 0.8956666666666667 0.20458984375 0.899
1 0.896240234375 0.24433333333333335 0.911376953125 0.25366666666666665 0.919921875 0.25433333333333336 0.943115234375 0.24533333333333332 0.958740234375 0.23533333333333334 0.964111328125 0.22933333333333333 0.978271484375 0.21733333333333332 0.97900390625 0.212 0.974365234375 0.19766666666666666 0.9716796875 0.19566666666666666 0.966552734375 0.18733333333333332 0.960693359375 0.18066666666666667 0.955322265625 0.17766666666666667 0.952392578125 0.17766666666666667 0.939453125 0.18033333333333335 0.935302734375 0.188 0.926025390625 0.192 0.9189453125 0.197 0.912109375 0.20566666666666666 0.9033203125 0.21233333333333335 0.900146484375 0.21833333333333332 0.896728515625 0.22 0.892578125 0.22 0.891357421875 0.22133333333333333 0.889404296875 0.22833333333333333 0.891357421875 0.23266666666666666 0.892578125 0.24066666666666667 0.896240234375 0.24433333333333335
1 0.49853515625 0.3436666666666667 0.502685546875 0.35133333333333333 0.504150390625 0.358 0.50439453125 0.37266666666666665 0.507568359375 0.37566666666666665 0.517822265625 0.37766666666666665 0.530029296875 0.37666666666666665 0.536865234375 0.374 0.54107666015625 0.374 0.54931640625 0.37633333333333335 0.557861328125 0.373 0.5576171875 0.371 0.55908203125 0.369 0.565185546875 0.36733333333333335 0.568115234375 0.3626666666666667 0.568359375 0.361 0.565185546875 0.35833333333333334 0.5595703125 0.3456666666666667 0.55908203125 0.34 0.5595703125 0.3293333333333333 0.56201171875 0.31833333333333336 0.56201171875 0.306 0.564208984375 0.30466666666666664 0.56787109375 0.2986666666666667 0.576203857421875 0.28823366666666667 0.55765380859375 0.28494966666666666 0.544943603515625 0.28635700000000003 0.531889892578125 0.294801 0.527424072265625 0.304183 0.512451171875 0.31066666666666665 0.502197265625 0.31566666666666665 0.492512939453125 0.3235556666666667 0.49072265625 0.326 0.49169921875 0.334 0.493408203125 0.33866666666666667 0.49853515625 0.3436666666666667
1 0.935546875 0.77 0.946533203125 0.765 0.951171875 0.765 0.95263671875 0.7636666666666667 0.951416015625 0.7516666666666667 0.94921875 0.7483333333333333 0.9423828125 0.7443333333333333 0.936279296875 0.7426666666666667 0.93212890625 0.7433333333333333 0.92138671875 0.742 0.917724609375 0.743 0.9150390625 0.7446666666666667 0.90771484375 0.7556666666666667 0.9052734375 0.7653333333333333 0.90576171875 0.768 0.909423828125 0.7713333333333333 0.935546875 0.77
1 0.437759765625 0.6319596666666666 0.433609375 0.6389596666666666 0.43409765625 0.642293 0.436783203125 0.646293 0.44874609375 0.646293 0.4511875 0.6476263333333333 0.448501953125 0.6576263333333333 0.441421875 0.659293 0.43995703125 0.662293 0.44386328125 0.6659596666666666 0.4443515625 0.6702929999999999 0.452896484375 0.6706263333333333 0.460220703125 0.6662929999999999 0.463638671875 0.6732929999999999 0.463638671875 0.6762929999999999 0.466080078125 0.6782929999999999 0.468521484375 0.6782929999999999 0.473404296875 0.6746263333333333 0.47316015625 0.6719596666666666 0.475357421875 0.6659596666666666 0.483658203125 0.6626263333333333 0.49366796875 0.6629596666666666 0.49952734375 0.6616263333333333 0.53273046875 0.640293 0.539810546875 0.6346263333333333 0.543716796875 0.6289596666666666 0.54542578125 0.6236263333333333 0.544693359375 0.6209596666666667 0.5420078125 0.6186263333333333 0.539078125 0.6129596666666667 0.525650390625 0.606293 0.5185703125 0.6046263333333333 0.5146640625 0.6009596666666667 0.511978515625 0.588293 0.511734375 0.5799596666666667 0.51026953125 0.5766263333333334 0.507095703125 0.5752929999999999 0.4951328125 0.5752929999999999 0.490982421875 0.5809596666666667 0.484146484375 0.5849596666666667 0.464126953125 0.5886263333333333 0.460220703125 0.5919596666666667 0.460220703125 0.596293 0.4580234375 0.6049596666666667 0.4423984375 0.627293 0.437759765625 0.6319596666666666
1 0.46484375 0.3443333333333333 0.473876953125 0.3423333333333333 0.476318359375 0.341 0.483154296875 0.3293333333333333 0.48681640625 0.326 0.486083984375 0.3233333333333333 0.486572265625 0.31833333333333336 0.48193359375 0.31266666666666665 0.474365234375 0.313 0.466552734375 0.319 0.45751953125 0.323 0.450439453125 0.33 0.4501953125 0.334 0.451416015625 0.33766666666666667 0.459228515625 0.3433333333333333 0.46484375 0.3443333333333333
1 0.28790673828125 0.40924799999999995 0.285068115234375 0.440609 0.33412451171875 0.4426673333333333 0.33572119140625 0.410943 0.28790673828125 0.40924799999999995
1 0.11110986328125 0.126173 0.113702392578125 0.117822 0.109243408203125 0.11499100000000001 0.10042919921875 0.11187733333333333 0.092392822265625 0.116449 0.09420751953125 0.12334200000000001 0.101051513671875 0.128013 0.11110986328125 0.126173
1 0.121323974609375 0.128554 0.1102802734375 0.14443166666666668 0.1152578125 0.15009333333333333 0.12521240234375 0.13452366666666668 0.121323974609375 0.128554
1 0.019857666015625 0.6953336666666667 0.029086669921875 0.7117523333333333 0.05096630859375 0.6978813333333332 0.042567138671875 0.686275 0.019857666015625 0.6953336666666667
1 0.0393525390625 0.8101403333333332 0.0495146484375 0.8095743333333333 0.06548388671875 0.822596 0.0754384765625 0.8099989999999999 0.0529365234375 0.7899003333333333 0.0517958984375 0.790932 0.046611328125 0.7983926666666666 0.0393525390625 0.794288 0.0337529296875 0.7962693333333334 0.0393525390625 0.8101403333333332
1 0.164098388671875 0.953839 0.156010009765625 0.9570040000000001 0.165239013671875 0.9878086666666667 0.187222412109375 0.9834206666666667 0.179238037109375 0.9515743333333333 0.164098388671875 0.953839
1 0.23621875 0.9711183333333333 0.2266787109375 0.9725336666666667 0.220353271484375 0.9793276666666667 0.225952880859375 0.983291 0.22616015625 0.983338 0.22024951171875 0.9912169999999999 0.236633544921875 0.9996666666666667 0.24969921875 0.9818753333333334 0.23621875 0.9711183333333333
1 0.282467041015625 0.847422 0.27925244140625 0.8707546666666667 0.29449560546875 0.8762746666666666 0.296984375 0.8526373333333332 0.282467041015625 0.847422
1 0.5451591796875 0.9343159999999999 0.5376845703125 0.9275823333333333 0.527294921875 0.9289379999999999 0.520268798828125 0.935438 0.529761474609375 0.9416616666666667 0.538207763671875 0.9420696666666666 0.5451591796875 0.9343159999999999
1 0.574758544921875 0.9420696666666666 0.5713203125 0.938907 0.563397216796875 0.9446203333333333 0.56328515625 0.9450113333333333 0.5722919921875 0.970637 0.581336181640625 0.963291 0.57431005859375 0.947171 0.574758544921875 0.9420696666666666
1 0.518308349609375 0.9073896666666666 0.519068603515625 0.918072 0.5346982421875 0.9148433333333335 0.532755126953125 0.9026196666666666 0.518308349609375 0.9073896666666666
1 0.518646240234375 0.8623643333333333 0.517717041015625 0.8554453333333333 0.51332373046875 0.8540616666666666 0.507409912109375 0.8542923333333333 0.5056357421875 0.8599426666666666 0.507747802734375 0.8639789999999999 0.5155205078125 0.8640943333333333 0.518646240234375 0.8623643333333333
1 0.3964404296875 0.4232483333333333 0.395891357421875 0.42431 0.380726318359375 0.4365096666666667 0.409028564453125 0.470413 0.423052734375 0.45899666666666666 0.3964404296875 0.4232483333333333
1 0.418955322265625 0.42465600000000003 0.423897705078125 0.4382396666666667 0.442230712890625 0.4357026666666666 0.439696044921875 0.42174933333333336 0.418955322265625 0.42465600000000003
1 0.439527099609375 0.4534613333333333 0.44087890625 0.4406613333333333 0.41882861328125 0.43431866666666663 0.38925927734375 0.442391 0.3786142578125 0.46257133333333333 0.402607666015625 0.46845266666666663 0.439527099609375 0.4534613333333333
1 0.250251953125 0.46695566666666666 0.24586865234375 0.483575 0.262265380859375 0.48822866666666664 0.26486279296875 0.4724953333333334 0.250251953125 0.46695566666666666
1 0.040179931640625 0.639187 0.06745361328125 0.6555850000000001 0.06891455078125 0.6684373333333333 0.080116455078125 0.6509313333333334 0.078817626953125 0.6340903333333333 0.084012451171875 0.5817946666666667 0.05186865234375 0.5709766666666667 0.046673583984375 0.6188006666666667 0.052355712890625 0.6214596666666666 0.050732177734375 0.629437 0.040179931640625 0.639187
1 0.1553623046875 0.5962453333333334 0.13807275390625 0.6580223333333334 0.17119091796875 0.6515963333333333 0.16859326171875 0.5999653333333334 0.1553623046875 0.5962453333333334
1 0.09326611328125 0.35769266666666666 0.10268212890625 0.3783006666666667 0.122325439453125 0.371653 0.113234375 0.35569833333333334 0.09326611328125 0.35769266666666666
1 0.448472900390625 0.033883333333333335 0.426718994140625 0.061582333333333336 0.438570068359375 0.081747 0.461622802734375 0.04717866666666667 0.448472900390625 0.033883333333333335
1 0.452369140625 0.13359966666666667 0.4557783203125 0.14844633333333332 0.46227197265625 0.15819633333333333 0.4720126953125 0.155759 0.47136328125 0.148668 0.484675537109375 0.143128 0.495227783203125 0.129611 0.496201904296875 0.120304 0.49944873046875 0.10324166666666668 0.498474609375 0.082855 0.495552490234375 0.07997433333333333 0.487435302734375 0.08307666666666666 0.4801298828125 0.077537 0.473473876953125 0.08108233333333334 0.468441162109375 0.082855 0.465031982421875 0.075321 0.4611357421875 0.07111066666666667 0.460323974609375 0.06845166666666666 0.438570068359375 0.07558333333333334 0.436621826171875 0.10678699999999999 0.42623193359375 0.11830966666666666 0.436297119140625 0.14290666666666668 0.452369140625 0.13359966666666667
1 0.97820068359375 0.9011066666666667 0.964702392578125 0.912227 0.9822080078125 0.934394 0.995073486328125 0.919712 0.97820068359375 0.9011066666666667
1 0.298583984375 0.05633333333333333 0.29736328125 0.04833333333333333 0.295166015625 0.04466666666666667 0.286865234375 0.04933333333333333 0.287109375 0.058333333333333334 0.28955078125 0.06166666666666667 0.291015625 0.062 0.298583984375 0.05633333333333333
1 0.92041015625 0.11166666666666666 0.916748046875 0.09666666666666666 0.8984375 0.11333333333333333 0.8984375 0.14 0.91064453125 0.14166666666666666 0.91796875 0.13833333333333334 0.92041015625 0.11166666666666666
1 0.552978515625 0.5133333333333333 0.5615234375 0.5133333333333333 0.570068359375 0.5083333333333333 0.567626953125 0.495 0.55908203125 0.49166666666666664 0.5517578125 0.49166666666666664 0.543212890625 0.5016666666666667 0.552978515625 0.5133333333333333
1 0.980224609375 0.12 0.977783203125 0.10833333333333334 0.9619140625 0.10333333333333333 0.950927734375 0.105 0.950927734375 0.11833333333333333 0.965576171875 0.125 0.980224609375 0.12
1 0.83251953125 0.26166666666666666 0.831298828125 0.2783333333333333 0.84228515625 0.285 0.84716796875 0.27 0.83251953125 0.26166666666666666
1 0.341512451171875 0.44110666666666665 0.337239990234375 0.44694 0.351888427734375 0.45360666666666666 0.354329833984375 0.44694 0.341512451171875 0.44110666666666665
1 0.5126953125 0.282 0.51171875 0.296 0.52587890625 0.30533333333333335 0.52783203125 0.288 0.5126953125 0.282
1 0.4755859375 0.272 0.4697265625 0.2806666666666667 0.47509765625 0.2846666666666667 0.47998046875 0.276 0.4755859375 0.272
1 0.2373046875 0.08666666666666667 0.2236328125 0.096 0.234375 0.10266666666666667 0.2470703125 0.09466666666666666 0.2373046875 0.08666666666666667
1 0.25732421875 0.09733333333333333 0.248046875 0.09733333333333333 0.24951171875 0.106 0.259765625 0.10933333333333334 0.26171875 0.102 0.25732421875 0.09733333333333333
1 0.15283203125 0.06 0.185546875 0.08 0.185546875 0.06733333333333333 0.15771484375 0.048 0.15283203125 0.06
1 0.203125 0.076 0.212890625 0.072 0.21240234375 0.05466666666666667 0.20654296875 0.05466666666666667 0.2060546875 0.06133333333333333 0.20361328125 0.06733333333333333 0.203125 0.076
1 0.2797978515625 0.09661666666666667 0.280263427734375 0.10805799999999999 0.294695556640625 0.10615133333333333 0.293764404296875 0.092803 0.2797978515625 0.09661666666666667
1 0.2709521484375 0.13411933333333334 0.277935546875 0.13475466666666666 0.282591064453125 0.125856 0.277469970703125 0.12267766666666667 0.271417724609375 0.125856 0.270486572265625 0.12966966666666668 0.2709521484375 0.13411933333333334
1 0.280728759765625 0.11060066666666668 0.2797978515625 0.12013533333333333 0.29562646484375 0.12013533333333333 0.29236767578125 0.10932933333333333 0.280728759765625 0.11060066666666668
1 0.387340576171875 0.22437933333333335 0.38966845703125 0.23582099999999998 0.407824951171875 0.23010033333333335 0.405962890625 0.21611633333333335 0.387340576171875 0.22437933333333335
1 0.413877197265625 0.242813 0.4194638671875 0.24472 0.4194638671875 0.23391399999999998 0.414808349609375 0.22882899999999998 0.410618408203125 0.230736 0.411083984375 0.23645666666666668 0.413877197265625 0.242813
1 0.311298583984375 0.016852666666666665 0.310064453125 0.013145 0.307842529296875 0.009774666666666668 0.30463330078125 0.008763333333333333 0.3004365234375 0.010785666666666666 0.30241162109375 0.016852666666666665 0.304880126953125 0.022245666666666664 0.308583251953125 0.019549333333333335 0.311298583984375 0.016852666666666665
1 0.313534423828125 0.18548833333333334 0.316541259765625 0.18548833333333334 0.31599462890625 0.18175633333333333 0.315447998046875 0.176158 0.312167724609375 0.17653133333333335 0.30998095703125 0.177651 0.30970751953125 0.18175633333333333 0.311894287109375 0.184742 0.313534423828125 0.18548833333333334
1 0.27897705078125 0.374746 0.28219482421875 0.37694266666666665 0.28541259765625 0.37298866666666664 0.28863037109375 0.36815633333333336 0.28669970703125 0.365081 0.28283837890625 0.36288433333333336 0.279298828125 0.3668383333333334 0.2760810546875 0.3712316666666666 0.27897705078125 0.374746
1 0.428689453125 0.6589453333333334 0.43009033203125 0.6565543333333334 0.430790771484375 0.651294 0.431491455078125 0.6469903333333333 0.42728857421875 0.6465123333333334 0.423435791015625 0.6474686666666667 0.423085693359375 0.653207 0.4237861328125 0.6603796666666666 0.428689453125 0.6589453333333334
1 0.4310361328125 0.7114126666666666 0.4326787109375 0.7123096666666667 0.43382861328125 0.710067 0.434485595703125 0.7062543333333333 0.43300732421875 0.7026656666666666 0.4310361328125 0.6993016666666667 0.429393310546875 0.7031143333333333 0.428900634765625 0.7064786666666667 0.42922900390625 0.7089456666666667 0.4310361328125 0.7114126666666666
1 0.4059033203125 0.6977316666666667 0.4060673828125 0.70132 0.413130859375 0.7042356666666666 0.413130859375 0.6997503333333334 0.4059033203125 0.6977316666666667
1 0.5003662109375 0.8308686666666667 0.49675146484375 0.8343936666666667 0.503206298828125 0.842854 0.5070791015625 0.8368613333333332 0.5003662109375 0.8308686666666667
1 0.402771484375 0.9577726666666667 0.399156982421875 0.9546000000000001 0.393476806640625 0.95601 0.399156982421875 0.9644703333333333 0.404578857421875 0.9637653333333333 0.402771484375 0.9577726666666667
1 0.41929541015625 0.9422623333333333 0.414648193359375 0.9454346666666666 0.421619140625 0.9584776666666667 0.425750244140625 0.9542476666666666 0.41929541015625 0.9422623333333333
1 0.400595703125 0.830481 0.399255859375 0.8231640000000001 0.393003662109375 0.820725 0.390323974609375 0.8268223333333333 0.3934501953125 0.834749 0.397916015625 0.8359686666666667 0.400595703125 0.830481
1 0.712969482421875 0.6206726666666667 0.715813232421875 0.6162353333333332 0.710938232421875 0.6106886666666667 0.706875732421875 0.6101340000000001 0.703219482421875 0.615126 0.707281982421875 0.6201180000000001 0.712969482421875 0.6206726666666667
1 0.758469482421875 0.4903256666666667 0.763750732421875 0.4858883333333333 0.761719482421875 0.48366966666666666 0.758469482421875 0.48089633333333337 0.753594482421875 0.4803416666666667 0.750344482421875 0.48366966666666666 0.752781982421875 0.4875523333333333 0.758469482421875 0.4903256666666667
1 0.721094482421875 0.428203 0.722313232421875 0.433195 0.727188232421875 0.434859 0.733281982421875 0.43707766666666664 0.736125732421875 0.433195 0.735719482421875 0.424875 0.729625732421875 0.42099233333333336 0.725969482421875 0.41877366666666666 0.723938232421875 0.421547 0.723938232421875 0.42265633333333336 0.721094482421875 0.428203
1 0.866531982421875 0.49531766666666666 0.870594482421875 0.493099 0.872219482421875 0.48866166666666666 0.870188232421875 0.484779 0.866938232421875 0.4858883333333333 0.862875732421875 0.4875523333333333 0.860438232421875 0.489771 0.861656982421875 0.494763 0.866531982421875 0.49531766666666666
1 0.802750732421875 0.581846 0.808031982421875 0.5779633333333334 0.805594482421875 0.5740806666666667 0.799906982421875 0.5690886666666667 0.796250732421875 0.570198 0.789750732421875 0.570198 0.795031982421875 0.578518 0.802750732421875 0.581846
1 0.9936884765625 0.4587096666666666 0.9985634765625 0.4537176666666667 0.9981572265625 0.448171 0.9957197265625 0.446507 0.9920634765625 0.448171 0.9880009765625 0.44706166666666664 0.9839384765625 0.4520536666666667 0.9880009765625 0.45704566666666663 0.9936884765625 0.4587096666666666
1 0.9632197265625 0.5280429999999999 0.9676884765625 0.5280429999999999 0.9701259765625 0.5252696666666666 0.9709384765625 0.5180589999999999 0.9709384765625 0.513067 0.9685009765625 0.5075203333333334 0.9636259765625 0.509739 0.9620009765625 0.5152856666666666 0.9624072265625 0.521387 0.9632197265625 0.5280429999999999
1 0.81960498046875 0.15851233333333334 0.82421826171875 0.155888 0.822680419921875 0.15011433333333335 0.818836181640625 0.15011433333333335 0.813838623046875 0.151689 0.814607421875 0.155888 0.81960498046875 0.15851233333333334
1 0.704660400390625 0.23461933333333332 0.70773583984375 0.235669 0.7127333984375 0.23461933333333332 0.713502197265625 0.230945 0.710811279296875 0.227271 0.705813720703125 0.22622133333333333 0.703507080078125 0.22622133333333333 0.702353759765625 0.22989533333333334 0.704660400390625 0.23461933333333332
1 0.887649169921875 0.2724103333333333 0.889186767578125 0.268736 0.88841796875 0.26558699999999996 0.884958251953125 0.264537 0.88226708984375 0.2619126666666667 0.8784228515625 0.264537 0.87726953125 0.268736 0.88111376953125 0.2703106666666667 0.884189208984375 0.272935 0.887649169921875 0.2724103333333333
1 0.874336181640625 0.08428566666666666 0.87559619140625 0.07826533333333333 0.87748583984375 0.06364433333333333 0.8711865234375 0.053323666666666665 0.86299755859375 0.045583 0.859218017578125 0.059344 0.86236767578125 0.06966466666666667 0.865517333984375 0.074825 0.874336181640625 0.08428566666666666
1 0.7962255859375 0.14621 0.801264892578125 0.14104966666666666 0.802524658203125 0.13244899999999998 0.802524658203125 0.13072866666666666 0.795595703125 0.131589 0.78929638671875 0.135029 0.78866650390625 0.14276966666666668 0.7962255859375 0.14621
1 0.71907470703125 0.9073996666666667 0.7175888671875 0.901314 0.71511279296875 0.8932003333333334 0.7086748046875 0.8952286666666667 0.708179443359375 0.9033426666666666 0.7131318359375 0.9073996666666667 0.71907470703125 0.9073996666666667
1 0.701741455078125 0.9790719999999999 0.6918369140625 0.958111 0.68143701171875 0.9608156666666667 0.691341796875 0.9797480000000001 0.696789306640625 0.9804243333333333 0.701741455078125 0.9790719999999999
1 0.72353173828125 0.9493210000000001 0.716103271484375 0.9432356666666666 0.707684326171875 0.9506733333333334 0.718084228515625 0.9574349999999999 0.722541259765625 0.952702 0.72353173828125 0.9493210000000001
1 0.881189697265625 0.7469593333333334 0.89037744140625 0.745819 0.89497119140625 0.7441083333333333 0.89622412109375 0.7395466666666666 0.8945537109375 0.7355553333333333 0.888706787109375 0.7332746666666667 0.88077197265625 0.7355553333333333 0.872001953125 0.7384063333333334 0.87116650390625 0.7492399999999999 0.881189697265625 0.7469593333333334
1 0.9764111328125 0.664208 0.97561474609375 0.660222 0.972429931640625 0.6558736666666667 0.96871435546875 0.655149 0.96526416015625 0.6547866666666666 0.961283203125 0.6558736666666667 0.964998779296875 0.6634833333333333 0.968448974609375 0.664208 0.9729609375 0.6649326666666666 0.9764111328125 0.664208
1 0.891482666015625 0.7062416666666667 0.895463623046875 0.6989946666666667 0.895463623046875 0.695371 0.8928095703125 0.6950086666666666 0.887501708984375 0.6964579999999999 0.88882861328125 0.6964579999999999 0.88776708984375 0.6968203333333333 0.88484765625 0.7011686666666667 0.8837861328125 0.7080536666666667 0.888032470703125 0.7109526666666667 0.891482666015625 0.7062416666666667
1 0.863084716796875 0.6895733333333333 0.867065673828125 0.6837753333333333 0.863615478515625 0.6797893333333334 0.85883837890625 0.6797893333333334 0.85299951171875 0.6783399999999999 0.845833740234375 0.679427 0.845568359375 0.6830506666666667 0.847426025390625 0.6888483333333334 0.85644970703125 0.6892109999999999 0.863084716796875 0.6895733333333333
1 0.1284873046875 0.946239 0.13102783203125 0.936303 0.1256083984375 0.9231320000000001 0.116462890625 0.9016423333333333 0.1003740234375 0.912965 0.10342236328125 0.9259050000000001 0.108503173828125 0.9247496666666666 0.1208662109375 0.9448526666666667 0.1284873046875 0.946239
1 0.228269287109375 0.33527333333333337 0.233320068359375 0.3608983333333333 0.2646513671875 0.34772733333333333 0.25804638671875 0.3232336666666667 0.228269287109375 0.33527333333333337
1 0.2422958984375 0.330859 0.23162646484375 0.31653266666666663 0.22078759765625 0.317457 0.211303466796875 0.32230933333333334 0.21164208984375 0.3287793333333333 0.212489013671875 0.330397 0.215706787109375 0.33987066666666665 0.22485205078125 0.3424126666666667 0.237384521484375 0.33594266666666667 0.2422958984375 0.330859
1 0.673828125 0.5036736666666667 0.65358642578125 0.5028583333333333 0.6587861328125 0.511223 0.67197119140625 0.511223 0.673828125 0.5036736666666667
1 0.67308544921875 0.8210369999999999 0.6771708984375 0.8182486666666667 0.674013916015625 0.8119116666666667 0.667978515625 0.8064103333333335 0.657300537109375 0.8103906666666667 0.65934326171875 0.8172346666666668 0.663614501953125 0.8220506666666667 0.67308544921875 0.8210369999999999
1 0.485799072265625 0.6922476666666666 0.48762109375 0.7081023333333333 0.494681396484375 0.7093456666666667 0.504474853515625 0.7049936666666667 0.511762939453125 0.6872736666666667 0.5165458984375 0.676393 0.516887451171875 0.6648326666666666 0.506296875 0.6670666666666667 0.496958984375 0.6732843333333334 0.49058203125 0.6841649999999999 0.485799072265625 0.6922476666666666
1 0.55959130859375 0.6981543333333334 0.55583349609375 0.6890873333333334 0.54820361328125 0.6897606666666667 0.543193115234375 0.6928693333333333 0.5475205078125 0.701574 0.55959130859375 0.6981543333333334
1 0.484091064453125 0.7166073333333334 0.46120166015625 0.7348376666666666 0.466667724609375 0.7469616666666667 0.490354248046875 0.7279983333333333 0.484091064453125 0.7166073333333334
1 0.467692626953125 0.6998156666666667 0.460290771484375 0.708724 0.4750947265625 0.7233353333333333 0.48078857421875 0.7146306666666666 0.467692626953125 0.6998156666666667
1 0.57189013671875 0.113967 0.561185791015625 0.145589 0.576217529296875 0.15305 0.585555419921875 0.12165166666666666 0.57189013671875 0.113967
1 0.604914306640625 0.20185766666666666 0.614252197265625 0.1912876666666667 0.614252197265625 0.182894 0.599220458984375 0.17740266666666665 0.572117919921875 0.19035500000000002 0.56369091796875 0.21553599999999998 0.592387939453125 0.21180566666666667 0.604914306640625 0.20185766666666666
1 0.6345224609375 0.21677966666666668 0.64431591796875 0.19792600000000002 0.6181240234375 0.18538100000000002 0.607875244140625 0.20279033333333332 0.6345224609375 0.21677966666666668
1 0.78665771484375 0.9831236666666667 0.787894775390625 0.9740013333333333 0.785420654296875 0.9694403333333333 0.78233154296875 0.9669376666666667 0.78022509765625 0.9712983333333334 0.7784931640625 0.9805896666666666 0.78282275390625 0.987516 0.78665771484375 0.9831236666666667
1 0.661534912109375 0.842619 0.649896484375 0.845777 0.654298828125 0.8796326666666667 0.6665791015625 0.876785 0.661534912109375 0.842619
1 0.588263671875 0.8584333333333334 0.58617822265625 0.837234 0.57395751953125 0.83669 0.573202880859375 0.8536870000000001 0.573898193359375 0.8714059999999999 0.585019775390625 0.875203 0.588263671875 0.8584333333333334
1 0.560204833984375 0.8929893333333333 0.550324951171875 0.8934416666666666 0.548519287109375 0.9065126666666666 0.568325439453125 0.9062423333333333 0.57010791015625 0.892719 0.560204833984375 0.8929893333333333
1 0.594561279296875 0.824597 0.5813974609375 0.8431803333333334 0.605956787109375 0.8686043333333334 0.62061328125 0.8483193333333333 0.594561279296875 0.824597
1 0.527722900390625 0.8201906666666667 0.535447265625 0.8228953333333334 0.5483212890625 0.8250590000000001 0.5546591796875 0.8210019999999999 0.5526787109375 0.81397 0.546538818359375 0.8026103333333334 0.54259130859375 0.8001003333333333 0.53604150390625 0.7999056666666667 0.5249501953125 0.8017989999999999 0.51801806640625 0.8031513333333334 0.527722900390625 0.8201906666666667
1 0.574663330078125 0.7324733333333333 0.574069091796875 0.727064 0.5697119140625 0.7230070000000001 0.56594873046875 0.7186793333333333 0.56393603515625 0.7202743333333332 0.558818603515625 0.723548 0.562977783203125 0.7319323333333333 0.57010791015625 0.7359893333333333 0.574663330078125 0.7324733333333333
1 0.552876708984375 0.8339846666666667 0.546538818359375 0.8247886666666666 0.53300146484375 0.8216406666666667 0.526732666015625 0.8239773333333332 0.529901611328125 0.8323616666666667 0.546538818359375 0.8388530000000001 0.552876708984375 0.8339846666666667
1 0.651708740234375 0.9241793333333334 0.651114501953125 0.9174176666666667 0.64838720703125 0.9137146666666666 0.642597900390625 0.9168766666666667 0.64140966796875 0.9255316666666666 0.6461630859375 0.9279656666666667 0.651708740234375 0.9241793333333334
1 0.65666015625 0.972593 0.656462158203125 0.9677243333333333 0.650862060546875 0.9660873333333334 0.644974609375 0.9682653333333333 0.644380615234375 0.9739453333333332 0.650322265625 0.9769203333333333 0.65666015625 0.972593
1 0.682408203125 0.9423006666666667 0.687953857421875 0.9171469999999999 0.67072265625 0.914172 0.66893994140625 0.9184993333333333 0.663394287109375 0.939055 0.682408203125 0.9423006666666667
1 0.6704208984375 0.9561963333333333 0.668087646484375 0.961093 0.671850341796875 0.965243 0.675178955078125 0.9601046666666666 0.6704208984375 0.9561963333333333
1 0.6696796875 0.519121 0.6809677734375 0.5189233333333333 0.687480224609375 0.505287 0.682559814453125 0.5064726666666667 0.68579150390625 0.499448 0.67271875 0.5007416666666666 0.667653564453125 0.514378 0.671416259765625 0.5139826666666667 0.6696796875 0.519121
1 0.654146484375 0.5327783333333334 0.62018505859375 0.547184 0.628434326171875 0.5659586666666666 0.65954931640625 0.5513343333333333 0.654146484375 0.5327783333333334
1 0.627855224609375 0.5404963333333334 0.63653857421875 0.540101 0.652023681640625 0.53101 0.65665478515625 0.5254766666666667 0.654824462890625 0.5151873333333333 0.6436298828125 0.5157926666666667 0.611501953125 0.5339746666666667 0.62004052734375 0.540694 0.627855224609375 0.5404963333333334
1 0.6035146484375 0.4297013333333333 0.604555419921875 0.4404023333333334 0.620474609375 0.43684500000000004 0.618882568359375 0.42538266666666663 0.6035146484375 0.4297013333333333
1 0.64487890625 0.38526099999999996 0.628868408203125 0.3956753333333334 0.636683349609375 0.40437100000000004 0.651734375 0.39271100000000003 0.64487890625 0.38526099999999996
1 0.6512080078125 0.5870943333333333 0.632920654296875 0.589966 0.650142333984375 0.6391753333333333 0.668377197265625 0.6364086666666667 0.6512080078125 0.5870943333333333
1 0.70658349609375 0.6544556666666667 0.70889892578125 0.6477363333333334 0.704123046875 0.6465503333333333 0.6998056640625 0.6466566666666667 0.698623779296875 0.6508983333333334 0.6994921875 0.6532696666666666 0.70296533203125 0.654258 0.70658349609375 0.6544556666666667
1 0.64623486328125 0.457596 0.66707470703125 0.46589633333333336 0.6748896484375 0.459177 0.68198095703125 0.44810966666666663 0.68950634765625 0.432497 0.695150390625 0.4232086666666667 0.6987685546875 0.4149083333333333 0.687335693359375 0.411351 0.674941650390625 0.40871566666666664 0.6659169921875 0.4196513333333333 0.6585361328125 0.4311136666666666 0.65187890625 0.4457383333333333 0.64623486328125 0.457596
1 0.741895263671875 0.4285446666666667 0.747539306640625 0.4257776666666667 0.7526044921875 0.4200466666666667 0.755354248046875 0.41392 0.752923828125 0.405938 0.74840771484375 0.40917699999999996 0.744934326171875 0.414513 0.74030322265625 0.41886100000000004 0.741895263671875 0.4285446666666667
1 0.5526728515625 0.40484333333333333 0.558684326171875 0.401325 0.566070068359375 0.39077033333333333 0.570364013671875 0.38115366666666667 0.5700693359375 0.371901 0.5585126953125 0.3729443333333334 0.55026806640625 0.385141 0.54803515625 0.3989796666666667 0.5526728515625 0.40484333333333333
1 0.558684326171875 0.47481466666666666 0.557997314453125 0.468951 0.553704833984375 0.46456866666666663 0.54837890625 0.467309 0.549237548828125 0.47340733333333335 0.554390380859375 0.47739466666666663 0.558684326171875 0.47481466666666666
1 0.52244287109375 0.4323606666666667 0.53137451171875 0.43799 0.543397705078125 0.43752100000000005 0.549237548828125 0.433299 0.545630615234375 0.42508966666666664 0.542705810546875 0.42061566666666667 0.53274853515625 0.41547300000000004 0.521584228515625 0.416411 0.51522900390625 0.42204033333333335 0.52244287109375 0.4323606666666667
1 0.5526318359375 0.41841799999999996 0.5466611328125 0.4340026666666667 0.555077392578125 0.43752100000000005 0.56211962890625 0.422744 0.5526318359375 0.41841799999999996
1 0.506221435546875 0.23894333333333334 0.492213134765625 0.2541486666666667 0.496678955078125 0.26986366666666667 0.511450439453125 0.2527413333333334 0.506221435546875 0.23894333333333334
1 0.536803955078125 0.26238466666666665 0.533435546875 0.27197466666666664 0.539275390625 0.273851 0.542710693359375 0.2642346666666667 0.536803955078125 0.26238466666666665
1 0.54614599609375 0.23534733333333335 0.550955078125 0.22479233333333332 0.542705810546875 0.21367033333333332 0.532576904296875 0.2236196666666667 0.52467578125 0.23558166666666666 0.533092041015625 0.24637133333333333 0.54614599609375 0.23534733333333335
1 0.557997314453125 0.23464366666666667 0.556966796875 0.21541033333333334 0.5443154296875 0.21660033333333334 0.5439130859375 0.23909999999999998 0.545458740234375 0.25340766666666664 0.560917236328125 0.24988933333333332 0.557997314453125 0.23464366666666667
1 0.6019931640625 0.249199 0.60317041015625 0.26044433333333333 0.612273681640625 0.25997533333333334 0.611586669921875 0.24942033333333333 0.6019931640625 0.249199
1 0.5883115234375 0.2741056666666667 0.5875400390625 0.28202299999999997 0.600422119140625 0.28202299999999997 0.601281005859375 0.2733446666666667 0.5883115234375 0.2741056666666667
1 0.585822509765625 0.06135733333333333 0.59423876953125 0.06018433333333333 0.598876220703125 0.05760433333333333 0.60162451171875 0.044704 0.583482666015625 0.039689666666666665 0.580841552734375 0.048457 0.57534521484375 0.049160666666666665 0.577578125 0.06065366666666667 0.585822509765625 0.06135733333333333
1 0.153830810546875 0.5769726666666666 0.19301513671875 0.6081546666666666 0.215849365234375 0.6266326666666666 0.2299443359375 0.6069996666666667 0.234736572265625 0.5900613333333333 0.234736572265625 0.576588 0.215285400390625 0.557725 0.19470654296875 0.5411716666666667 0.1775107421875 0.5246183333333333 0.16555078125 0.5111926666666666 0.157777587890625 0.5230786666666667 0.145092041015625 0.538862 0.13550732421875 0.5600346666666667 0.153830810546875 0.5769726666666666
1 0.21442333984375 0.5406489999999999 0.210211181640625 0.5619593333333333 0.229662353515625 0.5692736666666667 0.233045166015625 0.5500256666666666 0.21442333984375 0.5406489999999999
1 0.205982666015625 0.674875 0.2223330078125 0.6683306666666666 0.222896728515625 0.655242 0.2181044921875 0.6413836666666667 0.226843505859375 0.627525 0.23952880859375 0.6132816666666667 0.219513916015625 0.5959583333333334 0.20485498046875 0.600578 0.199453369140625 0.6145903333333333 0.1944248046875 0.6298346666666667 0.192451416015625 0.646003 0.194988525390625 0.665636 0.205982666015625 0.674875
1 0.285865966796875 0.9649776666666666 0.281985107421875 0.9564396666666667 0.271410400390625 0.9541653333333333 0.26430615234375 0.9608556666666667 0.26840234375 0.9673329999999999 0.27659521484375 0.969394 0.285865966796875 0.9649776666666666
1 0.349898681640625 0.8881346666666666 0.3462333984375 0.8740026666666666 0.3520546875 0.8657590000000001 0.343472412109375 0.8525586666666667 0.3339443359375 0.8642869999999999 0.334159912109375 0.88048 0.346017822265625 0.8928453333333334 0.349898681640625 0.8881346666666666
1 0.149870849609375 0.8474923333333333 0.147499267578125 0.8383653333333333 0.138875244140625 0.8413096666666667 0.13705224609375 0.8373866666666666 0.123136474609375 0.8427816666666667 0.129388916015625 0.855736 0.1418935546875 0.8510253333333333 0.149870849609375 0.8474923333333333
1 0.128526611328125 0.7927310000000001 0.13542578125 0.8092183333333334 0.139306396484375 0.8180506666666667 0.163022216796875 0.8192283333333333 0.15957275390625 0.8074516666666667 0.15849462890625 0.7974416666666666 0.14922412109375 0.785076 0.149870849609375 0.7847816666666666 0.144912109375 0.783015 0.1324072265625 0.781543 0.127017333984375 0.7827206666666666 0.128526611328125 0.7927310000000001
1 0.08389453125 0.9879026666666667 0.09607861328125 0.982739 0.0903388671875 0.9728126666666667 0.080953369140625 0.970499 0.071710205078125 0.9745153333333333 0.076471923828125 0.9833126666666667 0.08389453125 0.9879026666666667
1 0.0907763671875 0.893073 0.089776611328125 0.905605 0.099159912109375 0.9113426666666666 0.100700439453125 0.9012063333333333 0.0907763671875 0.893073
1 0.0285751953125 0.536193 0.02602978515625 0.534095 0.021292724609375 0.5480503333333333 0.034457275390625 0.55111 0.033757080078125 0.5390616666666667 0.0285751953125 0.536193
1 0.058265625 0.34740966666666667 0.052243408203125 0.33421366666666663 0.04659130859375 0.32683133333333336 0.035157470703125 0.329241 0.032776611328125 0.34817466666666663 0.0432802734375 0.355442 0.058265625 0.34740966666666667
1 0.059385986328125 0.38033466666666665 0.06680859375 0.36885966666666664 0.06452783203125 0.358787 0.05350390625 0.36101866666666665 0.049442626953125 0.3703896666666667 0.051543212890625 0.383777 0.059385986328125 0.38033466666666665
1 0.048409912109375 0.411968 0.034062744140625 0.41447266666666666 0.04390234375 0.438793 0.05708740234375 0.433687 0.048409912109375 0.411968
1 0.085601318359375 0.402316 0.075290771484375 0.41648799999999997 0.087885498046875 0.41944400000000004 0.098906005859375 0.40520100000000003 0.085601318359375 0.402316
1 0.145841064453125 0.4163536666666666 0.138468017578125 0.41637433333333335 0.13718212890625 0.42401266666666665 0.14810400390625 0.4257593333333333 0.14879296875 0.417563 0.145841064453125 0.4163536666666666
1 0.215826904296875 0.4291003333333333 0.224067626953125 0.43065233333333336 0.232450439453125 0.42405566666666666 0.2358603515625 0.419981 0.2243544921875 0.41580566666666663 0.216821533203125 0.41707066666666665 0.21085400390625 0.419593 0.207444091796875 0.4242496666666667 0.215826904296875 0.4291003333333333
1 0.247460693359375 0.409833 0.243857177734375 0.40033833333333335 0.23857373046875 0.4114986666666667 0.2431044921875 0.41839933333333335 0.245892333984375 0.4160196666666667 0.247460693359375 0.409833
1 0.17282275390625 0.4362123333333333 0.170579345703125 0.42835399999999996 0.166775634765625 0.42648933333333333 0.164044677734375 0.4322163333333333 0.1660927734375 0.4386096666666667 0.17165234375 0.441673 0.17282275390625 0.4362123333333333
1 0.30782421875 0.8499826666666667 0.313644775390625 0.8488193333333334 0.31818798828125 0.8408706666666667 0.311320556640625 0.836598 0.30768212890625 0.8369933333333334 0.303990966796875 0.842034 0.301861328125 0.846299 0.30782421875 0.8499826666666667
1 0.352419921875 0.7474313333333333 0.36176416015625 0.7489229999999999 0.367225341796875 0.7480943333333333 0.36965234375 0.741797 0.371593994140625 0.735831 0.359373046875 0.731431 0.3529052734375 0.7331793333333333 0.349628662109375 0.738814 0.345988037109375 0.7432883333333332 0.352419921875 0.7474313333333333
1 0.362977783203125 0.7615176666666666 0.36419140625 0.7587003333333334 0.363341796875 0.7552203333333334 0.356181884765625 0.7504143333333333 0.350963623046875 0.7512429999999999 0.3515703125 0.757872 0.355939208984375 0.760689 0.362977783203125 0.7615176666666666
1 0.31710498046875 0.6276566666666666 0.3167412109375 0.637287 0.327906005859375 0.637287 0.327784423828125 0.6273436666666666 0.31710498046875 0.6276566666666666
1 0.28791552734375 0.49981499999999995 0.250723388671875 0.49728633333333333 0.2480537109375 0.5238016666666666 0.285552734375 0.5274473333333334 0.28791552734375 0.49981499999999995
1 0.375105224609375 0.3080523333333334 0.3620439453125 0.307439 0.355005126953125 0.329977 0.36701953125 0.33097133333333334 0.375105224609375 0.3080523333333334
1 0.3512431640625 0.23425033333333334 0.356097412109375 0.23756466666666665 0.365077880859375 0.24021633333333334 0.3774560546875 0.23375300000000002 0.38582958984375 0.2234783333333333 0.3882568359375 0.2166836666666667 0.399906982421875 0.21552366666666667 0.403304931640625 0.20889499999999997 0.396751708984375 0.20143733333333333 0.38934912109375 0.19497433333333333 0.383255615234375 0.18952666666666668 0.370053466796875 0.19978033333333334 0.36046630859375 0.21088366666666666 0.353791748046875 0.22331266666666666 0.3512431640625 0.23425033333333334
1 0.689987548828125 0.073403 0.68385400390625 0.057201 0.66887255859375 0.06365433333333333 0.6569072265625 0.07051966666666666 0.662839599609375 0.087683 0.689987548828125 0.073403
1 0.6851611328125 0.059398 0.6902890625 0.06489033333333333 0.696422607421875 0.06942133333333333 0.705974609375 0.06406633333333334 0.7080859375 0.05788766666666667 0.71014697265625 0.048534999999999995 0.7057734375 0.049100000000000005 0.700042236328125 0.05157166666666667 0.69159619140625 0.055828 0.6851611328125 0.059398
1 0.632251708984375 0.06508566666666667 0.62403271484375 0.07334133333333333 0.631912109375 0.08447233333333333 0.64026708984375 0.07556733333333333 0.632251708984375 0.06508566666666667
1 0.65222216796875 0.032776 0.633406494140625 0.036579 0.63415380859375 0.04882333333333333 0.65398828125 0.047710333333333334 0.65222216796875 0.032776
1 0.684720458984375 0.003094 0.669809326171875 0.002128 0.669333984375 0.012980666666666666 0.684006103515625 0.013444666666666667 0.684720458984375 0.003094
1 0.648609130859375 0.13408033333333333 0.641452392578125 0.13458 0.64160888671875 0.15061166666666667 0.649044189453125 0.15007733333333334 0.648609130859375 0.13408033333333333
1 0.58312353515625 0.146569 0.57668115234375 0.17297933333333332 0.595964599609375 0.18061433333333332 0.6023544921875 0.15646266666666667 0.58312353515625 0.146569
1 0.32761328125 0.9025813333333333 0.317800048828125 0.9105386666666666 0.3234072265625 0.9188919999999999 0.334876220703125 0.9084506666666666 0.32761328125 0.9025813333333333
1 0.372813232421875 0.5916486666666666 0.383060791015625 0.591022 0.385660888671875 0.5860093333333334 0.379829833984375 0.572528 0.372660400390625 0.5718066666666667 0.3614951171875 0.5745216666666667 0.36853076171875 0.58956 0.372813232421875 0.5916486666666666
1 0.344670654296875 0.5592746666666667 0.349412109375 0.5492493333333334 0.34351904296875 0.541869 0.331211181640625 0.543819 0.32126953125 0.5538443333333333 0.329987548828125 0.5615723333333333 0.344670654296875 0.5592746666666667
1 0.35400048828125 0.28616633333333336 0.359506591796875 0.27405199999999996 0.352470947265625 0.25817833333333334 0.353388671875 0.25212133333333336 0.3186748046875 0.25550066666666665 0.301692138671875 0.28366 0.3156103515625 0.2993246666666667 0.354918212890625 0.2930586666666667 0.35400048828125 0.28616633333333336
1 0.392390625 0.2671596666666667 0.38581396484375 0.254419 0.380613525390625 0.254419 0.356906494140625 0.2608936666666667 0.364248046875 0.27447 0.392390625 0.2671596666666667
1 0.249995361328125 0.24063400000000001 0.25473681640625 0.25504566666666667 0.28119677734375 0.29452066666666665 0.296032958984375 0.2867926666666667 0.29695068359375 0.2801093333333333 0.301997802734375 0.27530533333333335 0.2975625 0.2629823333333333 0.28869140625 0.26005833333333334 0.284255859375 0.24731766666666666 0.280126220703125 0.23791866666666667 0.274467041015625 0.24167833333333333 0.263607666015625 0.237292 0.258866455078125 0.23269700000000001 0.249995361328125 0.24063400000000001
1 0.240661376953125 0.19615333333333335 0.2398154296875 0.195082 0.218652587890625 0.2075823333333333 0.22609228515625 0.21872933333333333 0.247584228515625 0.20588933333333334 0.240661376953125 0.19615333333333335
1 0.227388916015625 0.2197603333333333 0.2265185546875 0.23650466666666667 0.23664453125 0.23636333333333334 0.23540478515625 0.22055999999999998 0.227388916015625 0.2197603333333333
1 0.134248779296875 0.27030933333333335 0.12959912109375 0.27891666666666665 0.137245361328125 0.2873826666666667 0.145304931640625 0.28822933333333334 0.147578125 0.29867066666666664 0.15636083984375 0.301916 0.168760009765625 0.30685433333333334 0.186635498046875 0.30389133333333335 0.197278076171875 0.29147466666666666 0.193351806640625 0.28032766666666664 0.186015625 0.27807000000000004 0.178162841796875 0.276659 0.174649658203125 0.2705916666666667 0.17020654296875 0.26861599999999997 0.165902099609375 0.2662523333333333 0.158117431640625 0.265371 0.14881787109375 0.26551199999999997 0.1427216796875 0.2666406666666667 0.134248779296875 0.27030933333333335
1 0.152950927734375 0.22255 0.158634033203125 0.210274 0.151216064453125 0.20653966666666668 0.15098779296875 0.20618233333333333 0.144271484375 0.21902233333333335 0.152950927734375 0.22255
1 0.194294677734375 0.07216233333333333 0.201950927734375 0.07054 0.2030068359375 0.06675433333333333 0.202667724609375 0.06231166666666667 0.19838671875 0.062969 0.193898681640625 0.064411 0.190070556640625 0.06693466666666667 0.194294677734375 0.07216233333333333
1 0.2243916015625 0.030046666666666666 0.21916162109375 0.0009456666666666667 0.17990625 0.004269333333333333 0.187298583984375 0.041042666666666665 0.2243916015625 0.030046666666666666
1 0.522392333984375 0.7596126666666667 0.5268828125 0.7558543333333334 0.51944287109375 0.7448463333333334 0.51297705078125 0.7447773333333333 0.499506103515625 0.7499203333333333 0.509500732421875 0.761393 0.522392333984375 0.7596126666666667
1 0.480519775390625 0.7554059999999999 0.473614501953125 0.74874 0.462832763671875 0.7447376666666667 0.463375732421875 0.7646729999999999 0.4683759765625 0.7695503333333332 0.48028173828125 0.7734523333333333 0.480519775390625 0.7554059999999999
1 0.467265869140625 0.5070830000000001 0.439206787109375 0.512031 0.44166357421875 0.5317029999999999 0.469804931640625 0.5263656666666666 0.467265869140625 0.5070830000000001
1 0.384128662109375 0.531654 0.38262841796875 0.550817 0.39092431640625 0.5494913333333333 0.40054443359375 0.5433446666666667 0.406545654296875 0.5332210000000001 0.40786962890625 0.5198429999999999 0.407340087890625 0.5104423333333333 0.407251708984375 0.5056216666666666 0.399308837890625 0.508273 0.392689453125 0.5123706666666666 0.3867763671875 0.5239406666666666 0.384128662109375 0.531654
1 0.4353173828125 0.6098093333333334 0.439377197265625 0.6067963333333333 0.44087744140625 0.5989623333333333 0.434081787109375 0.5999263333333333 0.430110107421875 0.602578 0.4306396484375 0.6092066666666667 0.4353173828125 0.6098093333333334
1 0.2081044921875 0.4313653333333333 0.2061962890625 0.44714499999999996 0.2136171875 0.44728966666666664 0.214677490234375 0.43165466666666663 0.2081044921875 0.4313653333333333
1 0.26840283203125 0.38530433333333336 0.25824853515625 0.38750033333333334 0.259414794921875 0.4042933333333334 0.26991015625 0.40255633333333335 0.26840283203125 0.38530433333333336
1 0.100792236328125 0.5595976666666667 0.09507373046875 0.5868376666666666 0.10515185546875 0.5912773333333333 0.111328857421875 0.563752 0.100792236328125 0.5595976666666667
1 0.014935791015625 0.5886843333333334 0.02615185546875 0.589794 0.031353515625 0.5855763333333334 0.026657958984375 0.567917 0.018674560546875 0.5593833333333333 0.006645751953125 0.5551656666666667 0.005182861328125 0.570704 0.014935791015625 0.5886843333333334
1 0.0503720703125 0.6889016666666666 0.059637451171875 0.687126 0.0643515625 0.6829083333333333 0.06397900390625 0.676761 0.0539482421875 0.6744733333333334 0.04712109375 0.677803 0.0450078125 0.686904 0.0503720703125 0.6889016666666666
1 0 0.830185 0.02111279296875 0.8435036666666667 0.0295654296875 0.8284093333333333 0.021925537109375 0.8188643333333333 0.00710888671875 0.8088296666666667 0 0.821084 0 0.830185
1 0.051347412109375 0.8466113333333333 0.060287841796875 0.840396 0.0542734375 0.8277433333333334 0.047771240234375 0.8215279999999999 0.042894775390625 0.8179763333333334 0.03362939453125 0.8170883333333333 0.0248515625 0.8215279999999999 0.029240478515625 0.8337366666666667 0.038018310546875 0.842172 0.051347412109375 0.8466113333333333
1 0.051184814453125 0.8475346666666667 0.04517041015625 0.8488666666666667 0.047608642578125 0.8604093333333334 0.057849609375 0.8604093333333334 0.0554111328125 0.8521963333333333 0.051184814453125 0.8475346666666667
1 0.21506787109375 0.9154196666666666 0.206313720703125 0.9183623333333333 0.207121826171875 0.9367540000000001 0.217626953125 0.9347310000000001 0.21506787109375 0.9154196666666666
1 0.203422119140625 0.8286073333333334 0.2127568359375 0.833122 0.22170263671875 0.8302006666666666 0.22870361328125 0.83923 0.23784375 0.8386990000000001 0.252818359375 0.8320596666666666 0.2668203125 0.81825 0.26176416015625 0.8150633333333334 0.27304345703125 0.8031126666666667 0.2508916015625 0.7731693333333333 0.1892255859375 0.8060339999999999 0.197393310546875 0.8179846666666667 0.203422119140625 0.8286073333333334
1 0.268971923828125 0.6958803333333333 0.2794287109375 0.680036 0.27670703125 0.6643873333333333 0.26668017578125 0.6698643333333334 0.259804443359375 0.6847303333333332 0.2615234375 0.6995966666666666 0.268971923828125 0.6958803333333333
1 0.4286728515625 0.5348613333333333 0.413495849609375 0.5381446666666666 0.410716796875 0.55511 0.425265380859375 0.5526546666666666 0.4286728515625 0.5348613333333333
1 0.45109326171875 0.580781 0.4576318359375 0.5852456666666667 0.46286279296875 0.5781023333333334 0.46269921875 0.5700663333333333 0.455670166015625 0.5626996666666666 0.4506298828125 0.5533366666666667 0.446843017578125 0.5528776666666667 0.438669677734375 0.5557796666666667 0.4442275390625 0.5660483333333334 0.45109326171875 0.580781
1 0.498132568359375 0.505699 0.503875 0.50366 0.499740478515625 0.4947203333333334 0.493423828125 0.49299499999999996 0.48641796875 0.49550466666666665 0.489059326171875 0.500837 0.491241455078125 0.5042873333333333 0.498132568359375 0.505699
1 0.42176220703125 0.5078086666666667 0.4309501953125 0.504829 0.428653076171875 0.49730066666666667 0.423599609375 0.492125 0.41739794921875 0.4888316666666666 0.41096630859375 0.48632233333333336 0.39844775390625 0.4918113333333333 0.404190185546875 0.503888 0.41142578125 0.5057699999999999 0.42176220703125 0.5078086666666667
1 0.369310546875 0.41621033333333335 0.375330810546875 0.41510366666666665 0.372675048828125 0.40744566666666665 0.367458251953125 0.40672433333333335 0.3661845703125 0.4070406666666667 0.36630029296875 0.4138386666666667 0.369310546875 0.41621033333333335
1 0.39628564453125 0.39913566666666667 0.39755908203125 0.39091466666666663 0.390728515625 0.38380033333333335 0.387949951171875 0.38111266666666666 0.3796142578125 0.380006 0.373760009765625 0.38004166666666667 0.363174560546875 0.3937603333333333 0.375562255859375 0.3992936666666667 0.389223388671875 0.4041946666666667 0.39628564453125 0.39913566666666667
1 0.19679150390625 0.254211 0.2003974609375 0.24573066666666668 0.201493896484375 0.23425066666666666 0.179563720703125 0.23834466666666668 0.175557373046875 0.24217433333333335 0.174155029296875 0.25886133333333333 0.19679150390625 0.254211
1 0.059723388671875 0.073574 0.069990966796875 0.08029266666666666 0.0811142578125 0.08175299999999999 0.08432275390625 0.075765 0.0837880859375 0.06743966666666666 0.083253173828125 0.06145166666666666 0.074503662109375 0.05550466666666667 0.06357373046875 0.050935666666666664 0.056621826171875 0.048745000000000004 0.052450439453125 0.06729366666666667 0.059723388671875 0.073574
1 0.113093505859375 0.07532666666666667 0.11555322265625 0.06904633333333333 0.113735107421875 0.06437266666666666 0.10423828125 0.058698 0.089991455078125 0.07021466666666668 0.09459033203125 0.076349 0.10218408203125 0.07985433333333333 0.113093505859375 0.07532666666666667
1 0.103360595703125 0.093776 0.0994033203125 0.09494433333333334 0.098547607421875 0.10137066666666668 0.118334228515625 0.10093266666666667 0.1176923828125 0.09567466666666667 0.103360595703125 0.093776
1 0.0453916015625 0.14715566666666666 0.05084619140625 0.15022266666666667 0.06079296875 0.15182933333333334 0.065177978515625 0.15007666666666666 0.07341357421875 0.143212 0.07405517578125 0.140437 0.070311767578125 0.13678566666666667 0.0630390625 0.13167366666666666 0.057130615234375 0.12643666666666667 0.0458193359375 0.12860666666666667 0.035337890625 0.13371866666666668 0.04111328125 0.14204366666666665 0.0453916015625 0.14715566666666666
1 0 0.11715633333333333 0.02561474609375 0.10926933333333333 0.024054931640625 0.091769 0 0.09919166666666666 0 0.11715633333333333
1 0.176646484375 0.16819766666666666 0.166939697265625 0.16884933333333332 0.1679521484375 0.187612 0.178075927734375 0.187612 0.176646484375 0.16819766666666666
1 0.380220703125 0.30587966666666666 0.3872119140625 0.302178 0.3872119140625 0.29555366666666666 0.38364501953125 0.2938 0.37936474609375 0.29555366666666666 0.375940673828125 0.297502 0.37636865234375 0.3029573333333333 0.380220703125 0.30587966666666666
1 0.392633544921875 0.30354166666666665 0.38806787109375 0.30412633333333333 0.38507177734375 0.31990766666666665 0.39391748046875 0.32166133333333335 0.397484375 0.3049056666666667 0.392633544921875 0.30354166666666665
1 0.3757978515625 0.35283466666666663 0.384072998046875 0.34250833333333336 0.38664111328125 0.3339356666666667 0.38521435546875 0.331208 0.3902080078125 0.32322 0.387782470703125 0.31873866666666667 0.384843505859375 0.31531233333333336 0.378080810546875 0.32399933333333336 0.373087158203125 0.33023399999999997 0.371232421875 0.33802733333333335 0.3757978515625 0.35283466666666663
1 0.46840478515625 0.914419 0.46893701171875 0.9258073333333333 0.478998046875 0.9242220000000001 0.47835302734375 0.9134773333333333 0.46840478515625 0.914419
1 0.482751953125 0.021895 0.45932177734375 0.03677733333333333 0.46651318359375 0.05751766666666667 0.491451171875 0.04311033333333333 0.482751953125 0.021895
1 0.429918212890625 0 0.414085693359375 0.008912666666666666 0.426380615234375 0.03329433333333333 0.4580458984375 0.007487666666666667 0.453290283203125 0 0.429918212890625 0
1 0.312939453125 0.037464333333333336 0.30668798828125 0.034476 0.301294677734375 0.041479999999999996 0.30644287109375 0.04499333333333333 0.311713623046875 0.04231633333333333 0.312939453125 0.037464333333333336
1 0.253373291015625 0.15326233333333333 0.239122802734375 0.16886600000000002 0.244447265625 0.173996 0.258071044921875 0.15924733333333335 0.253373291015625 0.15326233333333333
1 0.7798427734375 0.6186533333333334 0.7766552734375 0.6316516666666666 0.795143310546875 0.638178 0.79817138671875 0.6240376666666667 0.7798427734375 0.6186533333333334
1 0.91851318359375 0.6297363333333333 0.93359326171875 0.6365013333333333 0.93939306640625 0.6352059999999999 0.948884033203125 0.627433 0.942556884765625 0.620236 0.93232763671875 0.617933 0.934225830078125 0.6166716666666667 0.92462939453125 0.6167813333333334 0.915349365234375 0.6221073333333333 0.9216767578125 0.6268573333333333 0.91851318359375 0.6297363333333333
1 0.945517578125 0.6819766666666667 0.934440673828125 0.6869086666666667 0.937150146484375 0.6936523333333333 0.9497412109375 0.689084 0.945517578125 0.6819766666666667
1 0.864345703125 0.5947986666666667 0.8563837890625 0.5865656666666667 0.846733154296875 0.5829433333333333 0.8399775390625 0.580754 0.822364990234375 0.604349 0.834910888671875 0.610277 0.849386962890625 0.6109356666666667 0.864345703125 0.5947986666666667
1 0.93300146484375 0.896813 0.955373779296875 0.8906573333333334 0.95263232421875 0.8781043333333334 0.94343603515625 0.8719486666666667 0.931763427734375 0.8682070000000001 0.928624267578125 0.8657186666666666 0.909744873046875 0.8713449999999999 0.90903759765625 0.8820876666666666 0.917526611328125 0.890416 0.93300146484375 0.896813
1 0.93910302734375 0.8496009999999999 0.934327880859375 0.8788286666666666 0.97721533203125 0.8893296666666667 0.97977978515625 0.8586716666666666 0.93910302734375 0.8496009999999999
1 0.853283935546875 0.8414513333333332 0.846474853515625 0.8683356666666667 0.87857421875 0.8872856666666666 0.87963525390625 0.8571106666666666 0.853283935546875 0.8414513333333332
1 0.872118896484375 0.8134170000000001 0.842760986328125 0.8260906666666666 0.8493046875 0.8505926666666666 0.880784912109375 0.8353843333333333 0.872118896484375 0.8134170000000001
1 0.888035888671875 0.8455233333333334 0.887107421875 0.8313096666666667 0.879016357421875 0.8393676666666667 0.881669189453125 0.8575933333333334 0.886355712890625 0.8522823333333334 0.888035888671875 0.8455233333333334
1 0.445588134765625 0.9069126666666666 0.4412236328125 0.9154553333333333 0.450281982421875 0.922874 0.45299951171875 0.9154553333333333 0.445588134765625 0.9069126666666666
1 0.452834716796875 0.9183546666666667 0.4478115234375 0.9308543333333333 0.4543994140625 0.9337770000000001 0.45859912109375 0.923773 0.452834716796875 0.9183546666666667
1 0.26146044921875 0.8614343333333333 0.25976953125 0.856139 0.254099609375 0.8546619999999999 0.2520107421875 0.8709383333333334 0.256884765625 0.8751473333333334 0.261261474609375 0.8705309999999999 0.26146044921875 0.8614343333333333
1 0.6457314453125 0.510688 0.64639990234375 0.5036903333333334 0.643279541015625 0.4991266666666667 0.641607666015625 0.4976526666666667 0.63804150390625 0.501713 0.63770703125 0.5076456666666667 0.641942138671875 0.514187 0.6457314453125 0.510688
1 0.644728271484375 0.435223 0.642443603515625 0.43351533333333336 0.642945068359375 0.447849 0.648406005859375 0.44678433333333334 0.64818310546875 0.43720033333333336 0.644728271484375 0.435223
1 0.635756591796875 0.31322966666666663 0.6396015625 0.332953 0.649632080078125 0.329302 0.646511474609375 0.3104386666666667 0.635756591796875 0.31322966666666663
1 0.134917724609375 0.18273133333333333 0.146508544921875 0.181782 0.14882666015625 0.16564466666666666 0.13236767578125 0.15994899999999998 0.12935400390625 0.16564466666666666 0.124254150390625 0.17134 0.1232109375 0.17751033333333333 0.134917724609375 0.18273133333333333