1 0.442164099609375 0.7361768026666667 0.4391725874023438 0.7480877366666667 0.429200880859375 0.8004958459999999 0.429200880859375 0.8117261546666666 0.43069663671875 0.8141083413333334 0.4449063193359375 0.8236370886666667 0.45737095263671873 0.830103024 0.45986387939453127 0.8304433366666667 0.46260609912109374 0.8277208373333333 0.4678412451171875 0.7943702226666666 0.475320025390625 0.7569358593333333 0.4743228544921875 0.7521714853333333 0.4713313427734375 0.749108674 0.4638525625 0.7480877366666667 0.45662307470703123 0.7450249253333333 0.452135806640625 0.7419621133333333 0.44764853857421877 0.7358364906666667 0.4446570263671875 0.7348155533333334 0.442164099609375 0.7361768026666667
1 0.1477494521484375 0.43602126933333335 0.161709841796875 0.44520970400000004 0.16470135400390626 0.44623064133333334 0.16819145166015625 0.43942439333333333 0.18289971923828124 0.403691592 0.18215184130859374 0.39790628133333333 0.17367589013671875 0.3897387833333333 0.16470135400390626 0.37816816200000003 0.161709841796875 0.38191159866666663 0.148497330078125 0.41628315066666666 0.14425935498046874 0.42377002333333336 0.14326218408203126 0.43023595866666664 0.14425935498046874 0.43704220666666665 0.1477494521484375 0.43602126933333335
1 0.40900817431640624 0.4411259553333333 0.4184812958984375 0.46358657333333336 0.4222206860351562 0.4632462613333333 0.42945017333984375 0.443508142 0.43119522216796874 0.4315972086666667 0.43094592919921876 0.42513127266666667 0.4282037099609375 0.41458158866666667 0.4214728076171875 0.3975659686666667 0.41873058837890625 0.3931419073333333 0.4149911982421875 0.39790628133333333 0.4100053447265625 0.41049784 0.40701383251953127 0.42683283466666666 0.40701383251953127 0.4315972086666667 0.40900817431640624 0.4411259553333333
1 0.39828858935546874 0.5656802926666666 0.4007815161132813 0.5735074773333333 0.4100053447265625 0.5871199733333333 0.41873058837890625 0.5942665340000001 0.4217221005859375 0.5952874706666667 0.4232178564453125 0.5932455966666667 0.42471361279296876 0.5830362246666667 0.4249629052734375 0.5697640413333334 0.42197139306640624 0.5527484213333334 0.418979880859375 0.546282486 0.40452090625 0.5272249920000001 0.4015293940429687 0.520418744 0.39828858935546874 0.5197381186666666 0.39579566259765625 0.5231412426666666 0.39654354052734375 0.5558112326666667 0.39828858935546874 0.5656802926666666
1 0.8572364013671875 0.9907304753333332 0.8619729619140625 0.9757567300000001 0.8609757915039062 0.9706520439999999 0.8450210600585938 0.95874111 0.8367944018554687 0.9546573613333333 0.8335535971679687 0.9546573613333333 0.8290663291015625 0.968950482 0.8305620849609375 0.9730342306666666 0.8517519624023437 0.9900498506666666 0.8539955966796875 0.9914111 0.8572364013671875 0.9907304753333332
1 0.7941653549804687 0.962144234 0.7979047451171875 0.95874111 0.7979047451171875 0.9369611166666667 0.7896780869140625 0.9274323693333334 0.7809528432617188 0.9213067466666667 0.7779613310546875 0.9206261213333334 0.7749698188476563 0.931175806 0.7739726484375 0.9410448653333333 0.7747205263671875 0.9475108006666666 0.7814514287109375 0.9519348620000001 0.7899273793945313 0.960442672 0.7941653549804687 0.962144234
1 0.76833204296875 1 0.7662445751953125 0.9958351613333333 0.7647488193359375 0.9890289133333334 0.7610094291992188 0.98426454 0.75751933203125 0.986306414 0.754029234375 0.9985576606666667 0.752972662109375 1 0.76833204296875 1
1 0.48977900048828127 0.989709538 0.49227192724609375 0.989709538 0.495014146484375 0.9849451646666666 0.5004985854492188 0.9791598539999999 0.50349009765625 0.969290794 0.5052351459960938 0.9526154866666667 0.5019943413085938 0.9369611166666667 0.5004985854492188 0.93457893 0.4942662685546875 0.9369611166666667 0.4872860737304687 0.9563589233333334 0.4860396103515625 0.9750761053333334 0.48878182958984373 0.9886886006666666 0.48977900048828127 0.989709538
1 0.4760679033203125 0.9631651713333333 0.47831153759765627 0.9536364239999999 0.47706507421875 0.936620804 0.4745721474609375 0.9304951813333334 0.4713313427734375 0.9284533066666666 0.46833983056640627 0.93321768 0.465348318359375 0.9444479893333334 0.46659478173828123 0.9566992353333333 0.4705834643554688 0.9658876700000001 0.47407356201171874 0.9655473579999999 0.4760679033203125 0.9631651713333333
1 0.44191480712890624 0.915861748 0.4439091484375 0.9213067466666667 0.44590348974609373 0.9233486206666667 0.4481471240234375 0.9240292453333333 0.45188651416015624 0.9226679959999999 0.4536315625 0.9199454966666667 0.4543794409179687 0.9151811233333332 0.4546287333984375 0.908715188 0.4531329775390625 0.8971445659999999 0.45388085546875 0.8811498839999999 0.4511386357421875 0.8763855100000001 0.43942188037109375 0.8869351946666667 0.43867400244140625 0.889998006 0.4391725874023438 0.903950814 0.44191480712890624 0.915861748
1 0.40801100341796875 0.9645264206666667 0.40975605224609374 0.9716729813333334 0.41125180810546874 0.9733745433333334 0.4129968569335937 0.9737148553333334 0.41798271044921875 0.9686101693333333 0.4207249296875 0.9638457960000001 0.4217221005859375 0.9590814226666666 0.42271927099609374 0.9478511133333333 0.42022634423828126 0.9383223660000001 0.41773341748046877 0.9338983053333333 0.415739076171875 0.9335579926666666 0.412498271484375 0.9373014293333334 0.4102546376953125 0.9424061146666667 0.4082602958984375 0.9532961113333334 0.40801100341796875 0.9645264206666667
1 0.5129632192382813 0.5990309073333334 0.5244306821289062 0.6088999666666667 0.5269236088867187 0.6088999666666667 0.5301644135742187 0.594606846 0.528170072265625 0.5758896646666667 0.52293492578125 0.55683217 0.5211898774414062 0.5554709206666666 0.5189462431640625 0.5561515453333333 0.514957560546875 0.5524081093333333 0.5124646337890625 0.553088734 0.5109688774414063 0.5697640413333334 0.511467462890625 0.584397474 0.5102209995117187 0.5939262213333333 0.5129632192382813 0.5990309073333334
1 0.478560830078125 0.6167271520000001 0.48329739111328124 0.6174077766666667 0.49326909765625 0.6160465273333333 0.5019943413085938 0.6126434033333333 0.50349009765625 0.6102612166666667 0.5047365610351563 0.6000518446666666 0.5052351459960938 0.5939262213333333 0.5042379755859375 0.5898424726666667 0.5 0.5888215353333334 0.4800565859375 0.5935859086666667 0.4778129521484375 0.6092402793333334 0.4775636591796875 0.615365902 0.478560830078125 0.6167271520000001
1 0.7388223813476562 0.6167271520000001 0.7380745034179688 0.627276836 0.736080162109375 0.6364652706666667 0.7365787470703125 0.6402087073333333 0.7370773325195312 0.6415699566666666 0.74081672265625 0.6398683946666667 0.7517856000976563 0.6402087073333333 0.7542785268554687 0.6371458953333333 0.7567714536132812 0.6163868393333333 0.7567714536132812 0.5935859086666667 0.7552756977539062 0.5915440346666667 0.7460518686523437 0.5891618479999999 0.7410660151367188 0.58950216 0.7388223813476562 0.5915440346666667 0.7380745034179688 0.5935859086666667 0.7388223813476562 0.6167271520000001
1 0.7136438212890625 0.5176962446666666 0.7146409921875 0.511910934 0.7031735288085937 0.50850781 0.6927032368164062 0.511910934 0.6892131391601563 0.517355932 0.6827315297851563 0.5336909273333333 0.6849751635742187 0.537774676 0.6941989926757812 0.5387956133333333 0.7051678706054687 0.534371552 0.7136438212890625 0.5176962446666666
1 0.7809528432617188 0.11987105333333332 0.7814514287109375 0.12599667666666667 0.7836950625 0.14199135933333334 0.7849415258789062 0.14369292133333333 0.78718516015625 0.14471385866666667 0.8078764516601562 0.13926886 0.8103693784179687 0.137567298 0.8101200859375 0.12157261533333334 0.8088736225585937 0.11306480533333332 0.8071285737304688 0.10966168133333334 0.798403330078125 0.110001994 0.7961596962890625 0.11136324333333332 0.7924203061523437 0.108300432 0.7911738427734375 0.11068261866666668 0.7817007211914062 0.11714855466666667 0.7809528432617188 0.11987105333333332
1 0.6111845322265625 0.22945164533333332 0.6141760444335937 0.23421601866666666 0.6216548247070313 0.23421601866666666 0.6346180439453125 0.22979195733333332 0.6396038969726563 0.21856164866666666 0.6430939946289063 0.20699102666666666 0.643592580078125 0.2018863406666667 0.6406010678710937 0.19814290466666667 0.6348673364257813 0.19814290466666667 0.6278871416015624 0.20018477866666667 0.6226519956054688 0.20528946466666664 0.6164196787109375 0.21311665000000002 0.6131788740234375 0.22060352266666666 0.6111845322265625 0.22945164533333332
1 0.6042043374023438 0.32201661666666664 0.607195849609375 0.31657161866666667 0.6069465571289062 0.31044599533333334 0.6014621181640625 0.28934662666666666 0.5994677768554687 0.2828806913333333 0.5969748500976563 0.27913725466666667 0.5855073872070312 0.283561316 0.5837623383789062 0.28832568933333336 0.5917397041015625 0.3169119306666667 0.593983337890625 0.32269724133333333 0.5962269721679687 0.324739116 0.6042043374023438 0.32201661666666664
1 0.6408503603515625 0.27131007 0.6465840922851562 0.280158192 0.6495756040039062 0.28322100333333333 0.6523178237304688 0.2828806913333333 0.653564287109375 0.28117912933333333 0.6548107504882813 0.27777600533333335 0.6558079208984375 0.26178132266666665 0.6508220673828125 0.24850913933333335 0.6460855068359375 0.24204320399999998 0.643592580078125 0.24068195400000003 0.6408503603515625 0.24408507799999998 0.6393546044921875 0.24850913933333335 0.6373602631835937 0.26178132266666665 0.6408503603515625 0.27131007
1 0.6735077006835938 0.443508142 0.6757513349609375 0.44452907933333335 0.6804878955078125 0.441466268 0.6857230419921875 0.4319375206666667 0.68796667578125 0.42513127266666667 0.6884652612304687 0.419345962 0.6852244565429687 0.413900964 0.6812357739257813 0.413900964 0.6789921396484375 0.41594283800000004 0.6720119448242188 0.42819408466666664 0.670017603515625 0.438403456 0.6705161889648438 0.4411259553333333 0.6735077006835938 0.443508142
1 0.34294561572265625 0.056572948 0.339954103515625 0.05725357266666667 0.33521754296875 0.06950481866666666 0.33122885986328127 0.070525756 0.3187642260742187 0.05555201066666667 0.31303049462890625 0.05044732466666666 0.30879251953125 0.05895513466666667 0.30555171484375 0.072227318 0.3092911044921875 0.08368461533333334 0.31053756787109377 0.09400731133333333 0.313529080078125 0.09809106000000001 0.3187642260742187 0.10183449666666666 0.323500787109375 0.09945230999999999 0.328486640625 0.10353605866666667 0.33122885986328127 0.10047324666666667 0.333223201171875 0.094687936 0.3374611767578125 0.092986374 0.34294561572265625 0.094687936 0.3456878349609375 0.09196543733333334 0.34818076171875 0.08652043866666666 0.34967651806640626 0.07665137933333334 0.3489286396484375 0.06542107 0.3456878349609375 0.05827451 0.34294561572265625 0.056572948
1 0.1709336708984375 0.7640824193333333 0.17218013427734374 0.768166168 0.17716598779296874 0.7739514786666667 0.18040679248046876 0.7732708540000001 0.19337001171875 0.7303914920000001 0.19112637744140626 0.7246061813333334 0.18215184130859374 0.7167789966666666 0.17940962158203125 0.716438684 0.17118296337890626 0.7344752406666667 0.168440744140625 0.73719774 0.16071267138671874 0.740600864 0.16146054931640624 0.7460458626666667 0.164950646484375 0.7477474246666668 0.1674435732421875 0.7589777333333333 0.1709336708984375 0.7640824193333333
1 0.28411254443359374 0.5299474906666667 0.2866054711914062 0.553429046 0.290594154296875 0.5646593553333333 0.2945828369140625 0.5629577933333333 0.30081515380859375 0.5554709206666666 0.30256020263671873 0.5503662346666667 0.3030587880859375 0.539476238 0.3020616171875 0.5234815553333334 0.29931939794921875 0.5115706213333334 0.2963278857421875 0.5078271853333333 0.2895969833984375 0.511910934 0.2863561787109375 0.5159946826666667 0.2851097153320313 0.5200784313333333 0.28411254443359374 0.5299474906666667
1 0.3574045908203125 0.4523562646666667 0.36164256591796873 0.436701894 0.3606453955078125 0.42683283466666666 0.35765388330078124 0.4241103353333333 0.35192015185546877 0.4285343966666667 0.3486793471679687 0.436361582 0.3474328837890625 0.446911266 0.3486793471679687 0.45644001333333334 0.349925810546875 0.45814157533333333 0.35266802978515627 0.45814157533333333 0.3574045908203125 0.4523562646666667
1 0.33696259130859374 0.515314058 0.34045268896484376 0.5159946826666667 0.3484300546875 0.512251246 0.3474328837890625 0.5064659353333333 0.34469066455078123 0.5003403126666667 0.34169915234375 0.49523562666666665 0.3342203720703125 0.48740844133333333 0.330231689453125 0.4870681286666667 0.32325149462890623 0.4901309406666667 0.32300220166015625 0.49591625133333334 0.3279880551757812 0.5064659353333333 0.33147815283203125 0.5112303093333334 0.33696259130859374 0.515314058
1 0.4498921728515625 0.3015978733333333 0.45238509912109376 0.300917248 0.458866708984375 0.2934303753333333 0.462107513671875 0.28424194066666664 0.4643511474609375 0.26858757066666666 0.46235680615234376 0.25803788666666666 0.4611103427734375 0.2566766366666667 0.45712166015625 0.25803788666666666 0.45064005078125 0.2651844466666667 0.4464020751953125 0.27777600533333335 0.445404904296875 0.28866600200000003 0.4478978310546875 0.29989631133333333 0.4498921728515625 0.3015978733333333
1 0.39828858935546874 0.3431159853333334 0.39903646728515624 0.34856098399999996 0.4030251499023437 0.3543462946666667 0.40950675927734376 0.3618331673333333 0.41623766162109377 0.364215354 0.42197139306640624 0.3652362913333333 0.42546149072265627 0.3638750413333333 0.43044734423828124 0.35843004333333334 0.43618107568359377 0.35570754400000004 0.44116692919921874 0.34822067133333334 0.442164099609375 0.3444772346666667 0.44166551416015626 0.34209504799999996 0.43119522216796874 0.32712130266666667 0.42421502734375 0.3243988033333333 0.4217221005859375 0.32201661666666664 0.40875888134765626 0.3295034893333333 0.39828858935546874 0.3431159853333334
1 0.415739076171875 0.28798537733333335 0.41873058837890625 0.28322100333333333 0.41873058837890625 0.271650382 0.415739076171875 0.24000132933333335 0.4129968569335937 0.23795945466666668 0.40128010107421874 0.24272382866666664 0.4002829306640625 0.24476570266666667 0.4020279794921875 0.28322100333333333 0.406016662109375 0.290367564 0.40726312548828125 0.2910481886666667 0.415739076171875 0.28798537733333335
1 0.3589003466796875 0.321335992 0.3601468100585937 0.32507942866666667 0.3721128583984375 0.346859422 0.38108739453125 0.33903223666666665 0.38432819921875 0.33052442666666665 0.38731971142578125 0.317932868 0.389314052734375 0.3152103686666667 0.39056051611328124 0.31044599533333334 0.3888154677734375 0.3053413093333333 0.386322541015625 0.3029591226666667 0.3770987119140625 0.3029591226666667 0.3721128583984375 0.305681622 0.36189185888671876 0.31589099400000004 0.3589003466796875 0.321335992
1 0.3372118842773438 0.08754137599999999 0.34045268896484376 0.09332668666666666 0.34294561572265625 0.09400731133333333 0.3456878349609375 0.09094450000000001 0.3489286396484375 0.08209637733333333 0.34967651806640626 0.07426919266666666 0.34818076171875 0.06405982066666667 0.34618642041015624 0.05929544666666666 0.34294561572265625 0.05623263533333333 0.339954103515625 0.05759388533333333 0.33696259130859374 0.06474044533333334 0.3357161279296875 0.07120638066666667 0.33546683544921874 0.07665137933333334 0.3372118842773438 0.08754137599999999
1 0.24622005810546874 0.15594416733333333 0.2532002529296875 0.15730541733333334 0.260679033203125 0.15356198066666668 0.2651663012695312 0.14811698266666667 0.2684071064453125 0.13586573600000001 0.2666620576171875 0.13314323666666666 0.260928326171875 0.13042073799999998 0.25718893603515625 0.13110136266666667 0.25120591162109374 0.13586573600000001 0.24622005810546874 0.140970422 0.2434778388671875 0.14743635733333335 0.24248066796875 0.15254104333333335 0.24622005810546874 0.15594416733333333
1 0.44532776123046874 0 0.442164099609375 0.010630774666666665 0.442164099609375 0.016756397333333332 0.445404904296875 0.027986706666666666 0.4498921728515625 0.036494516666666664 0.45088934326171876 0.037855766 0.45413014794921874 0.037175141333333335 0.46160892822265626 0.02696576933333333 0.4628553916015625 0.021861083333333337 0.4611103427734375 0.010971086666666668 0.4578695380859375 0.0048454633333333335 0.45388085546875 0.00042140266666666667 0.4529890712890625 0 0.44532776123046874 0
1 0.4244643198242187 0.11374543066666666 0.42845300244140627 0.10387637066666668 0.42770512451171877 0.086180126 0.42620936865234377 0.08107544066666666 0.423965734375 0.079033566 0.41873058837890625 0.08005450333333333 0.4167362470703125 0.08754137599999999 0.41648695458984375 0.104897308 0.41873058837890625 0.11238418066666667 0.4214728076171875 0.11408574266666667 0.4244643198242187 0.11374543066666666
1 0.569217416015625 0 0.56930336328125 0.005866400666666666 0.5715469975585937 0.010971086666666668 0.5735413388671875 0.013353273333333334 0.5765328505859375 0.013012961333333335 0.581020119140625 0.007908275333333334 0.5822665825195312 0.004164838666666667 0.5822665825195312 0 0.569217416015625 0
1 0.7315928935546875 0.22196477266666667 0.732590064453125 0.21890196066666665 0.7313436010742187 0.208011964 0.7283520888671875 0.19610103 0.7223690649414063 0.19712196733333334 0.7188789672851562 0.20154602866666668 0.7233662353515625 0.223666334 0.7248619916992187 0.22468727133333335 0.7295985522460937 0.223666334 0.7315928935546875 0.22196477266666667
1 0.7500405517578125 0.15015885666666667 0.7510377221679687 0.12803855133333333 0.7470490395507813 0.11885011599999999 0.7445561127929687 0.116808242 0.7428110639648438 0.116808242 0.7403181372070312 0.11987105333333332 0.739071673828125 0.12497573933333332 0.7388223813476562 0.15900697933333333 0.7400688447265625 0.16343104 0.745802576171875 0.16343104 0.7500405517578125 0.15015885666666667
1 0.8203410854492188 0.04908607533333333 0.8228340122070312 0.04534263866666667 0.82333259765625 0.03819607866666667 0.8188453295898438 0.02866733133333333 0.8158538173828125 0.029007644 0.8101200859375 0.03275108 0.8013948422851562 0.042620139333333334 0.8013948422851562 0.050107012 0.8043863544921875 0.05759388533333333 0.8076271591796875 0.05929544666666666 0.8203410854492188 0.04908607533333333
1 0.8452703530273438 0.070525756 0.8487604501953125 0.06576138266666666 0.848261865234375 0.05793419733333333 0.8457689384765625 0.054871386 0.8405337919921875 0.053510136 0.8323071337890625 0.05453107333333333 0.8288170366210937 0.05691326 0.8260748168945312 0.06065669666666667 0.8258255244140625 0.06542107 0.8278198657226562 0.06916450666666667 0.8305620849609375 0.07120638066666667 0.8452703530273438 0.070525756
1 0.7024256508789063 0.7031665006666667 0.6991848461914062 0.7062293119999999 0.6976890903320313 0.7137161846666666 0.7011791875 0.7429830506666667 0.7019270654296875 0.7443443006666667 0.7051678706054687 0.7443443006666667 0.7106523090820313 0.7412814886666667 0.7181310893554688 0.7331139913333333 0.7201254306640625 0.7276689933333333 0.7201254306640625 0.719841808 0.7188789672851562 0.7143968093333333 0.7173832114257812 0.7133758726666667 0.7114001870117187 0.7150774346666667 0.7081593823242187 0.7143968093333333 0.7059157485351563 0.7069099366666666 0.7024256508789063 0.7031665006666667
1 0.6670260913085938 0.8083230306666666 0.6705161889648438 0.7872236626666667 0.6707654814453125 0.7787158526666667 0.670017603515625 0.7756530406666667 0.6685218471679687 0.7742917913333334 0.660045896484375 0.771569292 0.6538135795898438 0.7787158526666667 0.653564287109375 0.8059408440000001 0.6573036772460937 0.809003656 0.66478245703125 0.8103649053333334 0.6670260913085938 0.8083230306666666
1 0.7330886499023438 0.9652070453333333 0.7368280400390625 0.9641861086666667 0.7403181372070312 0.9522751746666667 0.7380745034179688 0.948531738 0.7298478452148438 0.9427464273333334 0.7283520888671875 0.9403642406666666 0.7223690649414063 0.9393433033333334 0.7191282602539063 0.943427052 0.7158874555664062 0.9532961113333334 0.7196268452148438 0.9618039213333334 0.7278535034179687 0.969290794 0.7330886499023438 0.9652070453333333
1 0.7602615512695312 0.8872755066666667 0.7610094291992188 0.8757048853333333 0.7585165024414062 0.8631133266666667 0.7542785268554687 0.8569877033333334 0.7515363076171875 0.855626454 0.7477969174804687 0.8603908273333333 0.747547625 0.869579262 0.7495419663085937 0.8821708206666667 0.7547771123046875 0.889998006 0.75751933203125 0.8906786306666666 0.7602615512695312 0.8872755066666667
1 0.8041370620117188 0.6973811900000001 0.8096215004882813 0.7031665006666667 0.8143580615234375 0.702826188 0.8210889633789062 0.6967005646666666 0.8238311831054688 0.6915958793333332 0.8101200859375 0.669815886 0.8028905986328125 0.6609677633333333 0.7981540375976562 0.6582452639999999 0.788680916015625 0.6687949486666667 0.7874344526367187 0.6756011966666666 0.795162525390625 0.684109006 0.800397671875 0.6847896313333334 0.8041370620117188 0.6929571286666666 0.8041370620117188 0.6973811900000001
1 0.8405337919921875 0.6589258886666667 0.8455196455078124 0.6592662013333334 0.8510040844726563 0.6575646393333333 0.8539955966796875 0.649737454 0.8539955966796875 0.625575274 0.8524998403320313 0.6197899633333334 0.8505054990234375 0.617067464 0.836545109375 0.6167271520000001 0.8335535971679687 0.6208109006666667 0.8325564267578125 0.6259155866666667 0.8335535971679687 0.653140578 0.8355479384765625 0.6575646393333333 0.8405337919921875 0.6589258886666667
1 0.834800060546875 0.6919361913333334 0.8300635 0.692276504 0.8288170366210937 0.6967005646666666 0.8288170366210937 0.702485876 0.8335535971679687 0.7048680626666666 0.8395366215820312 0.7052083746666667 0.8417802553710938 0.6973811900000001 0.8402844995117188 0.693978066 0.834800060546875 0.6919361913333334
1 0.8589814501953125 0.7685064806666666 0.8582335717773437 0.76272117 0.8507547915039062 0.7589777333333333 0.8487604501953125 0.7623808573333334 0.8490097431640625 0.768166168 0.851253376953125 0.7712289800000001 0.8554913525390625 0.7732708540000001 0.8572364013671875 0.7736111666666667 0.8582335717773437 0.7719096046666667 0.8589814501953125 0.7685064806666666
1 0.48353183349609374 1 0.48404526904296874 0.9971964106666666 0.48329739111328124 0.9876676640000001 0.47881012255859373 0.9788195413333333 0.47382426904296876 0.9747357926666667 0.4713313427734375 0.9798404786666667 0.4713313427734375 0.9873273513333334 0.475320025390625 0.9975367233333333 0.47726327978515626 1 0.48353183349609374 1
1 0.35192015185546877 0.7559149219999999 0.35615812744140624 0.7535327353333334 0.3608946879882812 0.7463861746666667 0.3601468100585937 0.7412814886666667 0.3441920791015625 0.7157580593333334 0.339954103515625 0.7120146226666667 0.33397107958984373 0.7225643073333334 0.3307302744140625 0.7242658693333333 0.3317274453125 0.7300511799999999 0.3409512744140625 0.7457055499999999 0.3489286396484375 0.754553672 0.35192015185546877 0.7559149219999999
1 0.37784658984375 0.5983502826666667 0.3738579072265625 0.6037952806666667 0.373110029296875 0.6068580926666667 0.3736086142578125 0.6126434033333333 0.37784658984375 0.6245543366666667 0.3808381020507812 0.6262558986666666 0.38657183349609375 0.6160465273333333 0.3808381020507812 0.597669658 0.37784658984375 0.5983502826666667
1 0.4695862939453125 0.15662479199999998 0.46260609912109374 0.153221668 0.4611103427734375 0.15696510466666666 0.46036246484375 0.16479229 0.4628553916015625 0.175001662 0.46833983056640627 0.17466134933333335 0.4713313427734375 0.169896976 0.471829927734375 0.163090728 0.4695862939453125 0.15662479199999998
1 0.20832757177734376 0.871280824 0.20832757177734376 0.867537388 0.20608393798828126 0.8546055166666666 0.20184596240234376 0.8525636426666666 0.198106572265625 0.8525636426666666 0.19536435302734376 0.8549458293333334 0.19436718212890625 0.8617520773333334 0.19586293798828125 0.8723017613333333 0.20010091357421875 0.8774064473333333 0.20533606005859376 0.8770661346666667 0.20832757177734376 0.871280824
1 0.208078279296875 0.8331658359999999 0.20683181591796876 0.8270402126666666 0.201596669921875 0.814448654 0.19985162109375 0.8124067793333334 0.1971094013671875 0.8127470920000001 0.19312071875 0.816150216 0.19312071875 0.8222758393333334 0.19661081640625 0.8362286473333334 0.20184596240234376 0.8389511466666666 0.20832757177734376 0.838610834 0.208078279296875 0.8331658359999999
1 0.21406130322265626 0.7569358593333333 0.2195457421875 0.756255234 0.2260273515625 0.7511505486666666 0.22652593701171875 0.7463861746666667 0.22110955517578126 0.7423953313333334 0.20907544970703126 0.726648056 0.2055853525390625 0.7263077433333333 0.2020952548828125 0.7303914920000001 0.20035020654296876 0.735496178 0.20433888916015625 0.7433233633333333 0.2120669619140625 0.75421336 0.21406130322265626 0.7569358593333333
1 0.18439547509765625 0.5830362246666667 0.18464476806640626 0.5718059153333334 0.18364759716796875 0.5663609173333334 0.18215184130859374 0.5646593553333333 0.17542093896484376 0.5646593553333333 0.1644520615234375 0.5667012293333333 0.16295630517578125 0.5711252906666667 0.163454890625 0.5833765373333333 0.1644520615234375 0.586099036 0.17990820703125 0.5847377866666666 0.18439547509765625 0.5830362246666667
1 0.23250896142578126 0.5660206046666666 0.23500188818359374 0.5605756066666667 0.2260273515625 0.550025922 0.22004432763671875 0.5490049853333333 0.211319083984375 0.5561515453333333 0.21106979150390626 0.5612562313333334 0.2163049375 0.570444666 0.2237837177734375 0.5711252906666667 0.22827098583984376 0.5697640413333334 0.23250896142578126 0.5660206046666666
1 0.1427635986328125 0.5782718513333334 0.1412678427734375 0.5830362246666667 0.14002137939453124 0.6017534066666667 0.1410185498046875 0.6054968426666667 0.1435114765625 0.6061774673333333 0.14700157421875 0.6068580926666667 0.1494945009765625 0.6054968426666667 0.151987427734375 0.5915440346666667 0.1592169150390625 0.5881409106666666 0.15971550048828126 0.5820152873333333 0.158718330078125 0.577250914 0.15747186669921875 0.5782718513333334 0.15697328125 0.58099435 0.15398176904296876 0.5823556 0.15049167138671876 0.5779315386666667 0.14401006201171876 0.577250914 0.1427635986328125 0.5782718513333334
1 0.1559761103515625 0.6623290126666667 0.15821974462890626 0.6636902626666666 0.16295630517578125 0.6647112 0.1666956953125 0.6633499500000001 0.1691886220703125 0.6585855766666667 0.17018579296875 0.6517793286666667 0.1699365 0.640889332 0.1674435732421875 0.6361249586666667 0.16320559814453126 0.6354443333333334 0.15896762255859376 0.6368055833333334 0.15348318359375 0.6398683946666667 0.151987427734375 0.642590894 0.1544803544921875 0.6592662013333334 0.1559761103515625 0.6623290126666667
1 0.17691669482421876 0.6248946493333334 0.1776645732421875 0.620470588 0.17716598779296874 0.615365902 0.17616881689453126 0.6140046526666667 0.1731773046875 0.6129837153333334 0.17018579296875 0.6157062146666666 0.16869003662109375 0.620470588 0.16819145166015625 0.6262558986666666 0.17018579296875 0.6334024593333334 0.17342659765625 0.633742772 0.17691669482421876 0.6248946493333334
1 0.1337890625 0.24133827066666666 0.1337890625 0.267634696 0.1380270380859375 0.26994882 0.1410185498046875 0.26994882 0.14475793994140626 0.2573572613333333 0.14500723291015624 0.250891326 0.13827633056640626 0.243744766 0.1337890625 0.24133827066666666
1 0.1337890625 0.21057431666666665 0.1337890625 0.230562138 0.14176642822265625 0.23285476933333332 0.1445086474609375 0.23115320733333333 0.14575511083984374 0.22706945800000003 0.14575511083984374 0.223326022 0.1412678427734375 0.21447789933333336 0.1337890625 0.21057431666666665
1 0.19112637744140626 0.26076038533333334 0.1938685966796875 0.27062944466666666 0.19661081640625 0.274713194 0.201347376953125 0.26994882 0.20633323046875 0.267906946 0.22303583984375 0.275053506 0.22577805908203125 0.275053506 0.22727381494140625 0.27267131933333333 0.23151179052734375 0.25633632466666667 0.231013205078125 0.25191226333333333 0.199602328125 0.231833832 0.19661081640625 0.233875706 0.1938685966796875 0.23829976733333336 0.1906277919921875 0.24884945133333333 0.19112637744140626 0.26076038533333334
1 0.24397642431640626 0.2753938186666667 0.2492115703125 0.273011632 0.2522030825195313 0.2675666333333333 0.2536988383789063 0.26178132266666665 0.25270166796875 0.2573572613333333 0.2499594482421875 0.2556556993333333 0.245970765625 0.2556556993333333 0.2417327900390625 0.259739448 0.237744107421875 0.266545696 0.23749481494140626 0.27267131933333333 0.23899057080078126 0.274713194 0.24397642431640626 0.2753938186666667
1 0.21331342529296876 0.412539714 0.21829927880859376 0.39994815533333333 0.21904715673828126 0.3921209706666667 0.21505847412109375 0.38701628466666665 0.211319083984375 0.38701628466666665 0.20832757177734376 0.3911000333333333 0.20633323046875 0.39790628133333333 0.20533606005859376 0.4098172153333333 0.207828986328125 0.4149219006666666 0.2105712060546875 0.41526221333333335 0.21331342529296876 0.412539714
1 0.239101505859375 0.4357000146666667 0.244087359375 0.4363806393333333 0.2465802861328125 0.43501939 0.2500703837890625 0.42991470400000004 0.2518154321289062 0.42446970533333334 0.25131684716796876 0.4186843946666667 0.2468295791015625 0.40507189866666665 0.245832408203125 0.40268971200000003 0.2433394814453125 0.40098815 0.23960009130859375 0.40200908733333335 0.2351128232421875 0.409155648 0.2333677744140625 0.4132393966666667 0.239101505859375 0.4357000146666667
1 0.3364640063476563 0.39790628133333333 0.33546683544921874 0.39280159533333336 0.3317274453125 0.3907597206666667 0.32499654296875 0.391780658 0.3225036162109375 0.39790628133333333 0.323500787109375 0.4016497173333333 0.3252458359375 0.40335127933333337 0.3317274453125 0.404031904 0.333472494140625 0.4030109673333333 0.3364640063476563 0.39790628133333333
1 0.3309795673828125 0.4101575273333334 0.32474725048828124 0.41151877733333336 0.32225432373046875 0.414241276 0.32300220166015625 0.421047524 0.3257444213867188 0.42581189733333336 0.3309795673828125 0.4254715853333333 0.33397107958984373 0.4234297106666667 0.3342203720703125 0.41594283800000004 0.3309795673828125 0.4101575273333334
1 0.7487940883789063 0.7576164839999999 0.7512870151367188 0.76272117 0.7577686245117188 0.76272117 0.75751933203125 0.7586374213333333 0.7597629658203126 0.7528521106666667 0.7620066000976562 0.7511505486666666 0.7630037705078125 0.7409411766666667 0.7627544780273438 0.735496178 0.7547771123046875 0.726648056 0.7515363076171875 0.7273286806666667 0.749292673828125 0.735155866 0.7520348930664063 0.747407112 0.7495419663085937 0.7504699233333334 0.7487940883789063 0.7576164839999999
1 0.7976554521484375 0.7899461613333333 0.795411818359375 0.780077102 0.7869358671875 0.7787158526666667 0.7849415258789062 0.7848414753333334 0.7896780869140625 0.7994749086666667 0.798403330078125 0.8062811566666666 0.8006469643554688 0.8004958459999999 0.8006469643554688 0.7950508473333333 0.7976554521484375 0.7899461613333333
1 0.8088736225585937 0.255996012 0.8056328178710938 0.28049850466666665 0.8073778666992187 0.299215686 0.81361018359375 0.309425058 0.8230833051757812 0.307723496 0.8253269389648438 0.304320372 0.8260748168945312 0.29819474933333334 0.8253269389648438 0.2839016286666667 0.8240804755859376 0.27879694266666666 0.8238311831054688 0.27199069466666664 0.825077646484375 0.2672263213333333 0.8245790610351562 0.2621216353333333 0.8190946220703125 0.25157195066666665 0.8163524028320313 0.24884945133333333 0.8103693784179687 0.2532735126666667 0.8088736225585937 0.255996012
1 0.75751933203125 0.35128348266666665 0.7595136733398438 0.357409106 0.7625051850585938 0.3601316053333333 0.7649981118164062 0.3597912926666667 0.7724768920898437 0.354005982 0.7749698188476563 0.348901296 0.7784599165039062 0.345498172 0.778709208984375 0.3431159853333334 0.7764655751953125 0.340393486 0.7752191118164062 0.33596942533333335 0.7727261850585937 0.333587238 0.7664938681640625 0.3325663013333333 0.7632530634765625 0.3339275506666667 0.7577686245117188 0.3407337986666667 0.75751933203125 0.35128348266666665
1 0.73664805078125 0.3636865086666667 0.73664805078125 0.35688026066666667 0.734653708984375 0.354498074 0.731412904296875 0.3551786986666667 0.7301664409179688 0.35892213466666667 0.7304157338867188 0.3681105693333333 0.7321607827148437 0.37015244399999997 0.7341551240234375 0.3704927566666667 0.7356508798828125 0.36879119466666666 0.73664805078125 0.3636865086666667
1 0.732590064453125 0.21924227333333332 0.7315928935546875 0.20835227666666667 0.7283520888671875 0.19610103 0.722618357421875 0.19678165533333333 0.7188789672851562 0.20154602866666668 0.7223690649414063 0.22196477266666667 0.7246126987304687 0.22468727133333335 0.7298478452148438 0.223666334 0.7313436010742187 0.22264539733333333 0.732590064453125 0.21924227333333332
1 0.8013948422851562 0.43261814533333337 0.798652623046875 0.43602126933333335 0.7974061596679688 0.44248720533333336 0.7981540375976562 0.446570954 0.7994005009765625 0.44759189066666666 0.8073778666992187 0.446911266 0.8088736225585937 0.43500033266666666 0.8071285737304688 0.4309165833333333 0.8013948422851562 0.43261814533333337
1 0.511716755859375 0.8825111333333333 0.5122153408203125 0.8740033233333333 0.5122153408203125 0.871280824 0.5104702924804687 0.8671970753333333 0.506481609375 0.8644745760000001 0.5047365610351563 0.8661761379999999 0.5037393901367188 0.8753645726666667 0.5039886826171875 0.8821708206666667 0.5057337314453125 0.8859142573333334 0.5092238291015625 0.8859142573333334 0.511716755859375 0.8825111333333333
1 0.40103080859375 0.9151811233333332 0.4035237353515625 0.9093958126666667 0.40103080859375 0.9029298773333333 0.3923055649414062 0.9022492520000001 0.389314052734375 0.896804254 0.38657183349609375 0.8971445659999999 0.38582395556640625 0.8998670653333334 0.38731971142578125 0.9053120640000001 0.386322541015625 0.9100764373333333 0.389314052734375 0.9165423726666666 0.3910591015625 0.9179036226666667 0.40103080859375 0.9151811233333332
1 0.4030251499023437 0.8566473913333332 0.4100053447265625 0.8624327020000001 0.4149911982421875 0.8603908273333333 0.41648695458984375 0.8576683286666666 0.41972775927734374 0.8440558326666666 0.418979880859375 0.8389511466666666 0.41449261279296873 0.8389511466666666 0.40751241796875 0.834867398 0.40377302783203123 0.8352077099999999 0.4015293940429687 0.836909272 0.399285759765625 0.8443961446666667 0.40053222314453124 0.85222333 0.4030251499023437 0.8566473913333332
1 0.43942188037109375 0.840312396 0.4366796611328125 0.8430348953333334 0.43518390478515623 0.8488202060000001 0.43543319775390626 0.8552861413333334 0.43842470947265627 0.8614117646666667 0.442164099609375 0.8607311400000001 0.4449063193359375 0.8529039546666666 0.44341056298828124 0.8443961446666667 0.43942188037109375 0.840312396
1 0.3272401772460938 0.615365902 0.3225036162109375 0.6068580926666667 0.31901351904296876 0.6068580926666667 0.3157727143554688 0.609920904 0.3162712998046875 0.6194496513333333 0.3175177626953125 0.623873712 0.3187642260742187 0.6248946493333334 0.3225036162109375 0.6245543366666667 0.326990884765625 0.6197899633333334 0.3272401772460938 0.615365902
1 0.15647469580078124 0.8552861413333334 0.15697328125 0.8495008306666667 0.15547752490234376 0.842013958 0.14326218408203126 0.8328255233333333 0.138774916015625 0.8328255233333333 0.13678057470703125 0.834867398 0.1337890625 0.8490034513333333 0.1337890625 0.8974063453333333 0.13603269677734375 0.8995267533333334 0.13827633056640626 0.903950814 0.1412678427734375 0.8995267533333334 0.14475793994140626 0.8910189433333333 0.14999308642578124 0.8825111333333333 0.15647469580078124 0.8552861413333334
1 0.18788557275390624 0.9546573613333333 0.18614052392578126 0.9584007973333334 0.18763627978515626 0.9750761053333334 0.1938685966796875 0.9747357926666667 0.194865767578125 0.9716729813333334 0.1938685966796875 0.9556782986666668 0.1923728408203125 0.9536364239999999 0.18788557275390624 0.9546573613333333
1 0.7338365278320312 0.9373014293333334 0.7340858203125 0.9355998673333333 0.7303464301757813 0.9209664339999999 0.7286013818359375 0.9192648720000001 0.7253605771484375 0.9192648720000001 0.722618357421875 0.9233486206666667 0.7216211870117187 0.931516118 0.7233662353515625 0.934919242 0.7286013818359375 0.9383223660000001 0.7313436010742187 0.9390029913333333 0.7338365278320312 0.9373014293333334
1 0.7587657954101562 0.9206261213333334 0.7567714536132812 0.931516118 0.7585165024414062 0.936620804 0.7635023559570312 0.936620804 0.7659952827148437 0.9335579926666666 0.7664938681640625 0.9199454966666667 0.7625051850585938 0.9189245593333334 0.7587657954101562 0.9206261213333334
1 0.7659952827148437 0.9543170486666667 0.7649981118164062 0.9475108006666666 0.76051084375 0.9437673646666667 0.7580179169921875 0.946830176 0.75751933203125 0.9512542373333334 0.7577686245117188 0.9573798606666666 0.7595136733398438 0.9611232966666666 0.76051084375 0.9624845466666667 0.7637516484375 0.9611232966666666 0.7659952827148437 0.9543170486666667
1 0.6525671162109375 0.8784273846666667 0.6578022622070312 0.8665164506666667 0.6578022622070312 0.8600505153333333 0.6525671162109375 0.8535845793333333 0.6493263115234374 0.857328016 0.6463347993164062 0.8637939513333334 0.6445897504882813 0.870940512 0.6458362138671875 0.8767258226666667 0.6488277260742188 0.8804692586666667 0.6495756040039062 0.8811498839999999 0.6525671162109375 0.8784273846666667
1 0.5561591689453125 1 0.557835900390625 0.9852854766666667 0.5565894370117187 0.9818823526666667 0.5506064125976563 0.9747357926666667 0.547864193359375 0.9747357926666667 0.5438755107421875 0.9801807906666666 0.5438755107421875 0.9866467266666666 0.5453712666015625 0.9910707873333334 0.5509432392578125 1 0.5561591689453125 1
1 0.52318421875 0.8168308406666667 0.524679974609375 0.8178517780000001 0.5266743159179688 0.8185324026666667 0.527920779296875 0.8171711533333333 0.529665828125 0.8117261546666666 0.5309122915039063 0.8008361580000001 0.5309122915039063 0.7831399133333333 0.5301644135742187 0.7793964773333334 0.5271729013671875 0.7776949153333333 0.5239320966796875 0.7787158526666667 0.52318421875 0.7804174146666666 0.521439169921875 0.79539116 0.521439169921875 0.8120664673333334 0.52318421875 0.8168308406666667
1 0.5383910717773438 0.6946586906666666 0.5418811689453125 0.6915958793333332 0.544374095703125 0.6861508806666667 0.5466177299804688 0.6756011966666666 0.5448726811523438 0.6647112 0.5388896572265625 0.6602871386666667 0.5353995595703125 0.6643708873333334 0.5329066328125 0.669815886 0.5306629990234375 0.68036557 0.5309122915039063 0.6912555666666667 0.5339038037109375 0.6949990026666666 0.5383910717773438 0.6946586906666666
1 0.46833983056640627 0.7273286806666667 0.47083275732421875 0.7252868060000001 0.475320025390625 0.7191611833333333 0.47706507421875 0.7133758726666667 0.4713313427734375 0.7065696246666666 0.46260609912109374 0.7031665006666667 0.4596145869140625 0.7048680626666666 0.45338227001953124 0.7130355599999999 0.4531329775390625 0.7188208706666666 0.45911600146484377 0.7246061813333334 0.46659478173828123 0.726988368 0.46833983056640627 0.7273286806666667
1 0.6827315297851563 0.735155866 0.68148506640625 0.7320930539999999 0.6787428471679687 0.7300511799999999 0.6757513349609375 0.7320930539999999 0.6727598227539062 0.7409411766666667 0.673009115234375 0.7463861746666667 0.6757513349609375 0.7504699233333334 0.6787428471679687 0.750810236 0.6822329443359375 0.7416218013333333 0.6827315297851563 0.735155866
1 0.61567180078125 0.36557660333333336 0.6149239223632812 0.35230442 0.6116831176757812 0.350262546 0.6064479716796874 0.3499222333333333 0.5929861674804687 0.3516237953333333 0.5914904111328125 0.3543462946666667 0.5919889965820313 0.369660352 0.5937340454101563 0.3720425393333333 0.5969748500976563 0.37306347600000006 0.6144253374023437 0.37374410133333336 0.61567180078125 0.36557660333333336
1 0.6321251171875 0.369660352 0.6291336049804688 0.3645556666666666 0.6261420927734375 0.3652362913333333 0.623649166015625 0.367618478 0.6196604833984375 0.3751053506666666 0.6201590688476563 0.38565503466666673 0.6224027026367187 0.3887178466666667 0.6266406782226562 0.38735659666666666 0.63187582421875 0.37612628800000003 0.6321251171875 0.369660352
1 0.5909918256835938 0.195760718 0.593983337890625 0.19303821866666665 0.5982213134765625 0.18419009666666666 0.5984706059570313 0.17738384866666668 0.597224142578125 0.168535726 0.593983337890625 0.16206979066666666 0.5912411186523437 0.16070854133333334 0.5855073872070312 0.16819541400000002 0.584011630859375 0.173640412 0.5850088017578124 0.19031571933333333 0.587501728515625 0.195760718 0.5909918256835938 0.195760718
1 0.3486793471679687 0.12463542733333333 0.3506736884765625 0.127017614 0.35441307861328125 0.12599667666666667 0.35840176123046874 0.12157261533333334 0.36438478564453125 0.10796011933333334 0.3656312490234375 0.09672981066666667 0.36488337109375 0.08754137599999999 0.363138322265625 0.08413825200000001 0.359897517578125 0.08447856399999999 0.3556595419921875 0.087881688 0.35266802978515627 0.09264606199999999 0.3484300546875 0.10523762066666666 0.3471835913085938 0.11476636733333334 0.3486793471679687 0.12463542733333333
1 0.34493995703125 0.9638457960000001 0.34493995703125 0.9584007973333334 0.34269632275390627 0.9580604853333332 0.34219773779296875 0.9645264206666667 0.34294561572265625 0.9662279826666667 0.34493995703125 0.9638457960000001
1 0.36039610302734376 0.9532961113333334 0.36039610302734376 0.9475108006666666 0.35441307861328125 0.9424061146666667 0.351670859375 0.944788302 0.3459371279296875 0.9584007973333334 0.346685005859375 0.9607829846666667 0.353166615234375 0.9638457960000001 0.35441307861328125 0.9641861086666667 0.35765388330078124 0.9614636093333333 0.36039610302734376 0.9532961113333334
1 0.6478305556640624 0.7569358593333333 0.6378588486328125 0.7409411766666667 0.6348673364257813 0.7412814886666667 0.6261420927734375 0.764763044 0.62539421484375 0.768166168 0.6258928002929688 0.7790561646666667 0.627139263671875 0.7797367893333333 0.6343687509765625 0.7790561646666667 0.6366123852539063 0.7773546026666667 0.6478305556640624 0.7569358593333333
1 0.5962269721679687 0.5714656033333333 0.594232630859375 0.5779315386666667 0.597473435546875 0.5830362246666667 0.6024592890625 0.582695912 0.60570009375 0.577250914 0.60570009375 0.5718059153333334 0.5999663623046875 0.5684027913333334 0.5962269721679687 0.5714656033333333
1 0.472079220703125 0.46869125933333333 0.46559761083984375 0.46869125933333333 0.4646004404296875 0.47447657 0.4678412451171875 0.48298438000000005 0.4695862939453125 0.4850262546666667 0.47482143994140624 0.48434563 0.4758186108398437 0.4806021933333333 0.475320025390625 0.47617813200000003 0.472079220703125 0.46869125933333333
1 0.20583464501953125 0.767825856 0.2040895966796875 0.7630614820000001 0.19112637744140626 0.7555746093333334 0.18788557275390624 0.756255234 0.1873869873046875 0.7702080426666666 0.188134865234375 0.7732708540000001 0.20035020654296876 0.7807577266666668 0.20309242578125 0.7810980393333332 0.2055853525390625 0.7790561646666667 0.20583464501953125 0.767825856
1 0.17981098291015624 0.8358287799999999 0.1778166416015625 0.8433156533333334 0.18130673876953124 0.8514831506666666 0.186791177734375 0.8514831506666666 0.18878551904296875 0.8439962780000001 0.1860432998046875 0.8382109673333332 0.1828024951171875 0.835488468 0.17981098291015624 0.8358287799999999
1 0.15647469580078124 0.8324852113333333 0.15547752490234376 0.8392914586666668 0.158469037109375 0.84371552 0.16146054931640624 0.8440558326666666 0.1627070126953125 0.8423542706666667 0.1644520615234375 0.8331658359999999 0.15896762255859376 0.8304433366666667 0.15647469580078124 0.8324852113333333
1 0.2413185224609375 1 0.24223137548828125 0.9927723493333332 0.24572147314453124 0.9893692253333334 0.24971015576171876 0.9920917246666666 0.25394813134765626 0.9869870386666666 0.2544467163085937 0.9822226653333334 0.2536988383789063 0.9784792286666667 0.2492115703125 0.9733745433333334 0.237744107421875 0.9679295446666667 0.23475259521484376 0.9679295446666667 0.231013205078125 0.969290794 0.22926815625 0.9750761053333334 0.23400471728515626 0.989709538 0.23475259521484376 0.9975367233333333 0.235594671875 1 0.2413185224609375 1
1 0.5832637529296875 0.757956796 0.587501728515625 0.7582971086666667 0.588997484375 0.7565955466666666 0.5914904111328125 0.7429830506666667 0.5909918256835938 0.7382186773333332 0.58924677734375 0.7365171153333334 0.5852580942382812 0.7358364906666667 0.5830144604492188 0.7395799266666666 0.5762835581054687 0.7409411766666667 0.5727934604492187 0.7453652373333333 0.5730427534179687 0.7487683613333334 0.5747878022460937 0.7518311733333334 0.5832637529296875 0.757956796
1 0.6261420927734375 0.6282977733333333 0.6266406782226562 0.625234962 0.6256435073242187 0.620130276 0.6281364340820312 0.618769026 0.6293828974609375 0.6157062146666666 0.6296321904296875 0.6102612166666667 0.6283857270507812 0.6075387173333333 0.623649166015625 0.6054968426666667 0.6206576538085937 0.6068580926666667 0.6186633125 0.61502559 0.6201590688476563 0.6276171486666666 0.6261420927734375 0.6282977733333333
1 0.6174168491210937 0.5867796613333334 0.6114338251953125 0.5850780993333333 0.6099380688476562 0.5932455966666667 0.6109352397460938 0.6129837153333334 0.6119324106445313 0.6167271520000001 0.6166689711914063 0.621831838 0.6181647270507813 0.62217215 0.6201590688476563 0.6194496513333333 0.6231505805664063 0.620470588 0.6278871416015624 0.618428714 0.6291336049804688 0.6160465273333333 0.6293828974609375 0.609920904 0.6261420927734375 0.6061774673333333 0.62215341015625 0.6078790293333333 0.6209069467773437 0.6054968426666667 0.6214055322265625 0.5986905946666666 0.620408361328125 0.59086341 0.6174168491210937 0.5867796613333334
1 0.607195849609375 0.49421468933333335 0.6119324106445313 0.5010209373333333 0.6144253374023437 0.5003403126666667 0.6159210932617187 0.4976178133333334 0.616918263671875 0.49047125266666664 0.6059493862304688 0.4816231306666667 0.6027085815429688 0.4816231306666667 0.6009635327148437 0.484685942 0.600714240234375 0.488089066 0.600714240234375 0.4901309406666667 0.6024592890625 0.4925131273333333 0.607195849609375 0.49421468933333335
1 0.70142848046875 0.3458384846666667 0.7031735288085937 0.345498172 0.7049185776367187 0.3431159853333334 0.709655138671875 0.333246926 0.7099044311523437 0.32576005333333335 0.7089072602539063 0.31929411733333335 0.70791008984375 0.3152103686666667 0.7056664555664063 0.3131684946666667 0.7039214072265625 0.31384911933333337 0.70142848046875 0.317932868 0.696193333984375 0.321335992 0.6981876752929688 0.33937254933333333 0.70142848046875 0.3458384846666667
1 0.8131115981445313 0.6211512133333333 0.8128623051757813 0.6157062146666666 0.8041370620117188 0.6085596546666666 0.80014837890625 0.6123030906666667 0.7989019155273438 0.6211512133333333 0.801893427734375 0.6262558986666666 0.80687928125 0.630339648 0.8096215004882813 0.630339648 0.8113665493164063 0.6279574606666667 0.8131115981445313 0.6211512133333333
1 0.8240804755859376 0.6211512133333333 0.8190946220703125 0.620470588 0.81685098828125 0.6225124626666666 0.8156045249023437 0.6262558986666666 0.8166016953125 0.6327218346666666 0.8188453295898438 0.634083084 0.8243297685546875 0.6327218346666666 0.8258255244140625 0.6262558986666666 0.8240804755859376 0.6211512133333333
1 0.42620936865234377 0.30329943533333337 0.42745583203125 0.3046606846666666 0.43044734423828124 0.3046606846666666 0.4331895634765625 0.302278498 0.4344360268554687 0.29989631133333333 0.4344360268554687 0.29445131266666663 0.43019805126953126 0.283561316 0.42745583203125 0.28049850466666665 0.42421502734375 0.280158192 0.42047563720703124 0.28322100333333333 0.42047563720703124 0.28866600200000003 0.4237164418945312 0.29989631133333333 0.42620936865234377 0.30329943533333337
1 0.46833983056640627 0.2951319373333333 0.4658469038085937 0.29547225 0.46484973291015624 0.298875374 0.46484973291015624 0.305681622 0.4670933671875 0.309084746 0.4693370009765625 0.309425058 0.4713313427734375 0.3067025586666667 0.4713313427734375 0.29853506133333335 0.46833983056640627 0.2951319373333333
1 0.47332568408203124 0.22706945800000003 0.4725778056640625 0.235577268 0.47407356201171874 0.24000132933333335 0.5 0.259399136 0.50349009765625 0.27028913266666665 0.5062323168945313 0.274713194 0.5092238291015625 0.2740325686666667 0.5167026088867187 0.2668860086666667 0.5122153408203125 0.22945164533333332 0.5092238291015625 0.223326022 0.5 0.22434695933333335 0.48878182958984373 0.21447789933333336 0.4860396103515625 0.21277633733333334 0.48304809814453126 0.21311665000000002 0.47332568408203124 0.22706945800000003
1 0.328486640625 0.767825856 0.32624300634765624 0.7613599200000001 0.3225036162109375 0.757956796 0.3192628115234375 0.7620405453333333 0.31901351904296876 0.764763044 0.320010689453125 0.7766739779999999 0.32175573828125 0.7814383513333334 0.326741591796875 0.7790561646666667 0.3287359331054687 0.7736111666666667 0.328486640625 0.767825856
1 0.37784658984375 0.7222239946666666 0.37435649267578125 0.721883682 0.3716142729492187 0.7246061813333334 0.3708663950195312 0.7307318046666667 0.373110029296875 0.7358364906666667 0.37510437060546875 0.7365171153333334 0.37834517529296874 0.7341349286666666 0.37909305322265624 0.72868993 0.37784658984375 0.7222239946666666
1 0.3606453955078125 0.7089518113333334 0.3601468100585937 0.7048680626666666 0.3541637861328125 0.7035068126666667 0.3524187373046875 0.7052083746666667 0.349925810546875 0.7133758726666667 0.3501751030273437 0.7184805580000001 0.35142156640625 0.7201821199999999 0.3571552978515625 0.7201821199999999 0.3589003466796875 0.7188208706666666 0.3606453955078125 0.7089518113333334
1 0.336713298828125 0.6585855766666667 0.33372178662109375 0.6582452639999999 0.328486640625 0.6633499500000001 0.3279880551757812 0.6701561979999999 0.3294838110351562 0.6721980726666666 0.33397107958984373 0.6721980726666666 0.3377104697265625 0.6691352606666667 0.33895693310546876 0.6640305746666667 0.336713298828125 0.6585855766666667
1 0.2878519345703125 0.6027743433333334 0.2848604228515625 0.6024340313333333 0.2813703251953125 0.6044759053333333 0.28087173974609375 0.6106015286666666 0.28336466650390624 0.613324028 0.287104056640625 0.6126434033333333 0.28909839794921877 0.6102612166666667 0.28934769091796875 0.604816218 0.2878519345703125 0.6027743433333334
1 0.2940248500976563 1 0.29483212939453124 0.9988979726666667 0.2965771782226562 0.9910707873333334 0.2950814223632813 0.97439548 0.2930870810546875 0.9662279826666667 0.290594154296875 0.9638457960000001 0.2851097153320313 0.9658876700000001 0.28261678857421874 0.9747357926666667 0.28261678857421874 0.980861416 0.2846111298828125 0.9869870386666666 0.28560830078125 0.9971964106666666 0.28718810302734377 1 0.2940248500976563 1
1 0.24971015576171876 0.859029578 0.245970765625 0.8603908273333333 0.2434778388671875 0.8644745760000001 0.24297925341796875 0.8665164506666667 0.24397642431640626 0.8723017613333333 0.2467186435546875 0.8736630106666666 0.250956619140625 0.8678777 0.2517044970703125 0.865835826 0.24971015576171876 0.859029578
1 0.31851493359375 0.8706001993333333 0.32075856787109375 0.8661761379999999 0.31976139697265626 0.8634536393333333 0.316769884765625 0.8614117646666667 0.313529080078125 0.8614117646666667 0.31228261669921875 0.8627730140000001 0.310288275390625 0.8654955133333333 0.310288275390625 0.8671970753333333 0.31253190966796873 0.8716211366666666 0.316769884765625 0.8719614486666666 0.31851493359375 0.8706001993333333
1 0.3359654208984375 0.8171711533333333 0.3359654208984375 0.8124067793333334 0.33397107958984373 0.809343968 0.3309795673828125 0.8083230306666666 0.3287359331054687 0.8120664673333334 0.3272401772460938 0.8226161513333333 0.32898522607421876 0.8253386506666668 0.3309795673828125 0.8260192753333334 0.33471895751953123 0.8215952146666666 0.3359654208984375 0.8171711533333333
1 0.24248066796875 0.7746321039999999 0.24248066796875 0.767825856 0.24048632666015626 0.764763044 0.237744107421875 0.764763044 0.23225966845703125 0.769527418 0.231262498046875 0.7739514786666667 0.23300754638671875 0.7790561646666667 0.23550047314453126 0.780077102 0.24148349755859375 0.77837554 0.24248066796875 0.7746321039999999
1 0.28685476416015626 0.39348222000000005 0.29009556884765625 0.3931419073333333 0.29184061767578123 0.386675972 0.290344861328125 0.38429378533333336 0.283863251953125 0.381230974 0.280622447265625 0.38701628466666665 0.28685476416015626 0.39348222000000005
1 0.30754605615234376 0.281519442 0.305302421875 0.281859754 0.30405595849609374 0.283561316 0.3050531293945313 0.2910481886666667 0.307047470703125 0.2947916253333333 0.3110361533203125 0.2951319373333333 0.31228261669921875 0.294111 0.31153473876953125 0.283561316 0.30754605615234376 0.281519442
1 0.3165205922851563 0.3975659686666667 0.31327978759765623 0.39722565666666665 0.31178403125 0.39926753066666665 0.3110361533203125 0.40335127933333337 0.31228261669921875 0.4098172153333333 0.3162712998046875 0.410838152 0.3177670556640625 0.408796278 0.31826564111328126 0.4026706546666667 0.3165205922851563 0.3975659686666667
1 0.35142156640625 0.31895380533333334 0.3486793471679687 0.31895380533333334 0.3471835913085938 0.321335992 0.346685005859375 0.32678099066666666 0.3479314692382813 0.330184114 0.3494272250976562 0.3308647393333333 0.351670859375 0.3284825526666667 0.3521694443359375 0.321335992 0.35142156640625 0.31895380533333334
1 0.40751241796875 0.19065603199999998 0.4035237353515625 0.19099634399999998 0.4020279794921875 0.195760718 0.40402232080078126 0.20597009 0.4050194912109375 0.20699102666666666 0.4085095888671875 0.20699102666666666 0.4102546376953125 0.20324759066666664 0.40900817431640624 0.19371884333333333 0.40751241796875 0.19065603199999998
1 0.5152068530273437 0.118509804 0.514957560546875 0.13110136266666667 0.517949072265625 0.135525424 0.5211898774414062 0.13518511133333333 0.5219377553710938 0.1321223 0.521439169921875 0.12361449000000001 0.5201927065429688 0.11987105333333332 0.5152068530273437 0.118509804
1 0.49127475634765627 0.04500232666666667 0.49626060986328124 0.04091857733333333 0.49775636572265625 0.03819607866666667 0.49800565869140623 0.024583582666666666 0.4967591953125 0.01573546 0.495014146484375 0.013353273333333334 0.48878182958984373 0.018117647333333334 0.48554102490234374 0.022201395999999998 0.48379597607421876 0.027306082 0.485042439453125 0.039557327999999996 0.488283244140625 0.04568295133333333 0.49127475634765627 0.04500232666666667
1 0.747547625 0.5010209373333333 0.7477969174804687 0.5125915586666666 0.75053913671875 0.5159946826666667 0.7545278198242188 0.5163349953333333 0.7567714536132812 0.5108899966666667 0.7565221611328125 0.5013612493333334 0.752533478515625 0.49727750066666665 0.747547625 0.5010209373333333
1 0.7203747236328125 0.5983502826666667 0.717881796875 0.599711532 0.7156381625976562 0.6078790293333333 0.7163860405273438 0.6123030906666667 0.7188789672851562 0.6143449653333333 0.7256098696289063 0.6109418413333334 0.7271056254882813 0.6051565306666666 0.7253605771484375 0.601413094 0.7203747236328125 0.5983502826666667
1 0.7196268452148438 0.5336909273333333 0.7163860405273438 0.5330103026666666 0.7146409921875 0.5398165506666667 0.7166353334960938 0.5459421733333334 0.7181310893554688 0.5473034233333334 0.7196268452148438 0.547984048 0.72087330859375 0.5459421733333334 0.7218704794921875 0.5387956133333333 0.7196268452148438 0.5336909273333333
1 0.848261865234375 0.5918843466666667 0.8455196455078124 0.58950216 0.84302671875 0.5939262213333333 0.8422788408203125 0.5986905946666666 0.8445224750976562 0.6058371553333333 0.8452703530273438 0.60651778 0.848012572265625 0.604816218 0.8492590356445312 0.59937122 0.848261865234375 0.5918843466666667
1 0.8534970112304687 0.46869125933333333 0.8574856938476563 0.4629059486666667 0.857984279296875 0.45644001333333334 0.8572364013671875 0.4523562646666667 0.8542448891601563 0.44759189066666666 0.8510040844726563 0.448272516 0.8492590356445312 0.45201595199999994 0.8495083286132813 0.4591625126666667 0.848261865234375 0.4629059486666667 0.848261865234375 0.46869125933333333 0.8495083286132813 0.4697121966666667 0.8534970112304687 0.46869125933333333
1 0.8372929873046875 0.8937414426666666 0.8367944018554687 0.8767258226666667 0.8335535971679687 0.872982386 0.8278198657226562 0.8743436360000001 0.8268226953125 0.8770661346666667 0.8275705732421875 0.8886367566666666 0.8308113779296875 0.898846128 0.8335535971679687 0.8998670653333334 0.8355479384765625 0.898505816 0.8372929873046875 0.8937414426666666
1 0.561076705078125 0.7361768026666667 0.5585837783203125 0.7361768026666667 0.5548443881835937 0.7436636753333333 0.5540965102539063 0.7572761713333332 0.5563401440429687 0.7603389833333334 0.5588330708007813 0.7606792953333333 0.5623231684570312 0.7548939846666667 0.5633203388671875 0.740600864 0.561076705078125 0.7361768026666667
1 0.54611914453125 0.7950508473333333 0.5441248032226562 0.7913074113333334 0.5386403642578125 0.7896058493333333 0.5371446083984375 0.7943702226666666 0.5371446083984375 0.8018570953333333 0.5376431938476562 0.8062811566666666 0.53963753515625 0.8083230306666666 0.5438755107421875 0.8086633433333333 0.5448726811523438 0.8076424059999999 0.54611914453125 0.7950508473333333
1 0.5645668022460938 0.5711252906666667 0.5625724609375 0.5731671653333333 0.5620738754882812 0.5799734133333333 0.5625724609375 0.582695912 0.5640682172851562 0.584057162 0.567558314453125 0.584057162 0.5685554853515625 0.582695912 0.5680568999023438 0.5718059153333334 0.5645668022460938 0.5711252906666667
1 0.5506064125976563 0.626936524 0.5448726811523438 0.6242140246666666 0.5416318764648438 0.625575274 0.541382583984375 0.632381522 0.5426290473632812 0.6351040213333333 0.544374095703125 0.637486208 0.5501078271484375 0.6368055833333334 0.5516035834960937 0.632381522 0.5506064125976563 0.626936524
1 0.6002156547851563 0.6915958793333332 0.597224142578125 0.6885330673333333 0.5912411186523437 0.6898943173333334 0.5904932407226563 0.6912555666666667 0.5909918256835938 0.6973811900000001 0.593983337890625 0.6994230640000001 0.5969748500976563 0.7052083746666667 0.5999663623046875 0.7055486873333333 0.6019607036132812 0.702826188 0.6002156547851563 0.6915958793333332
1 0.6553093354492188 0.690574942 0.6528164086914062 0.6912555666666667 0.6505727749023438 0.6970408773333333 0.6495756040039062 0.7031665006666667 0.6515699453125 0.709632436 0.65506004296875 0.709632436 0.6573036772460937 0.7048680626666666 0.6575529697265625 0.6967005646666666 0.6553093354492188 0.690574942
1 0.6627881157226563 0.7565955466666666 0.66154165234375 0.7514908606666666 0.6587994331054687 0.7501296113333333 0.648329140625 0.7514908606666666 0.648329140625 0.7576164839999999 0.653314994140625 0.7651033566666666 0.6573036772460937 0.7749724160000001 0.65830084765625 0.7753127286666667 0.6625388232421875 0.7630614820000001 0.6627881157226563 0.7565955466666666
1 0.3077953486328125 0.7126952473333334 0.3058010073242188 0.7174596213333333 0.306798177734375 0.7246061813333334 0.3110361533203125 0.7242658693333333 0.31327978759765623 0.7188208706666666 0.313778373046875 0.7133758726666667 0.3110361533203125 0.7099727486666667 0.3077953486328125 0.7126952473333334
1 0.2958293002929688 0.5602352939999999 0.290344861328125 0.559894982 0.2895969833984375 0.5609159186666667 0.2898462763671875 0.5667012293333333 0.2943335444335938 0.575549352 0.2960785927734375 0.5765702893333333 0.29907010498046877 0.5731671653333333 0.2988208125 0.5663609173333334 0.2958293002929688 0.5602352939999999
1 0.161709841796875 0.299215686 0.16794215869140625 0.294111 0.16893932958984376 0.28832568933333336 0.16719428076171874 0.281519442 0.1644520615234375 0.27981787999999996 0.15996479345703124 0.28254037866666665 0.15747186669921875 0.2859435026666667 0.1562254033203125 0.28900631466666665 0.15797045166015625 0.2968334993333333 0.158718330078125 0.29955599866666666 0.161709841796875 0.299215686
1 0.4217221005859375 0.11612761733333334 0.4184812958984375 0.12531605199999998 0.41972775927734374 0.13110136266666667 0.42197139306640624 0.13178198733333332 0.4229685639648437 0.13076105 0.4249629052734375 0.12293386533333334 0.42471361279296876 0.11885011599999999 0.4217221005859375 0.11612761733333334
1 0.389314052734375 0.06576138266666666 0.392804150390625 0.060316384 0.39330273583984376 0.05419076133333333 0.38482678466796877 0.03853639066666667 0.38258315087890626 0.03751545333333334 0.3808381020507812 0.037855766 0.3770987119140625 0.04364107666666666 0.376101541015625 0.050107012 0.3838296142578125 0.06405982066666667 0.38657183349609375 0.067122632 0.389314052734375 0.06576138266666666
1 0.3970421259765625 0.06746294466666666 0.3985378818359375 0.06882419399999999 0.40402232080078126 0.067122632 0.41399402783203126 0.05623263533333333 0.415739076171875 0.04840545 0.412747564453125 0.039557327999999996 0.40726312548828125 0.039897640666666664 0.40452090625 0.04500232666666667 0.40128010107421874 0.04568295133333333 0.39554636962890627 0.05453107333333333 0.39479849169921877 0.06133732133333333 0.3952970771484375 0.06474044533333334 0.3970421259765625 0.06746294466666666
1 0.402526564453125 0.04704420066666666 0.40701383251953127 0.04023795266666667 0.40726312548828125 0.03173014266666667 0.40626595458984377 0.02560452 0.40427161328125 0.021861083333333337 0.39828858935546874 0.017777334666666665 0.3923055649414062 0.01573546 0.3900619311523438 0.017096709999999998 0.389314052734375 0.02356264533333333 0.3920562724609375 0.04330076466666667 0.3952970771484375 0.04670388866666667 0.402526564453125 0.04704420066666666
1 0.6283857270507812 0.3012575606666667 0.6291336049804688 0.297514124 0.62863501953125 0.28900631466666665 0.6266406782226562 0.28424194066666664 0.623649166015625 0.28220006666666664 0.62215341015625 0.283561316 0.620408361328125 0.28900631466666665 0.6209069467773437 0.30023662333333334 0.6224027026367187 0.304320372 0.6263913857421874 0.304320372 0.6283857270507812 0.3012575606666667
1 0.63511662890625 0.12667730133333333 0.6326237021484376 0.120551678 0.6291336049804688 0.118509804 0.6261420927734375 0.120211366 0.62539421484375 0.12395480199999999 0.6261420927734375 0.129059488 0.6291336049804688 0.133823862 0.6321251171875 0.13518511133333333 0.6348673364257813 0.13076105 0.63511662890625 0.12667730133333333
1 0.6612923598632813 0.21549883666666664 0.6590487255859375 0.20699102666666666 0.6528164086914062 0.20562977733333332 0.6503234819335938 0.20699102666666666 0.6498248969726562 0.21277633733333334 0.65181923828125 0.218221336 0.653564287109375 0.21958258533333333 0.6580515551757813 0.22230508466666668 0.6610430668945313 0.219922898 0.6612923598632813 0.21549883666666664
1 0.7283520888671875 0.14845729466666668 0.7303464301757813 0.14641542066666666 0.73109430859375 0.13858823533333334 0.7303464301757813 0.13144167466666667 0.7256098696289063 0.12531605199999998 0.7166353334960938 0.12225324 0.7148902846679688 0.12531605199999998 0.7141424067382812 0.13008042533333333 0.7148902846679688 0.13858823533333334 0.7168846259765626 0.14131073466666666 0.7268563330078125 0.14811698266666667 0.7283520888671875 0.14845729466666668
1 0.8425281333007812 0.13926886 0.8392873286132813 0.140970422 0.8385394506835937 0.14641542066666666 0.838290158203125 0.15356198066666668 0.8402844995117188 0.157986042 0.84327601171875 0.158326354 0.8450210600585938 0.15186041866666666 0.8450210600585938 0.14165104666666667 0.8425281333007812 0.13926886
1 0.6777456762695313 0.010290462 0.6769977983398437 0.005866400666666666 0.6727598227539062 0.002803589333333333 0.6707654814453125 0.0051857760000000004 0.6707654814453125 0.011992024 0.671513359375 0.016756397333333332 0.673258408203125 0.018117647333333334 0.6757513349609375 0.018457959333333333 0.6772470908203125 0.016756397333333332 0.6777456762695313 0.010290462
1 0.4030251499023437 0.479581256 0.4020279794921875 0.486047192 0.40377302783203123 0.49523562666666665 0.40701383251953127 0.4955759386666667 0.40975605224609374 0.4925131273333333 0.4115011010742187 0.4806021933333333 0.4100053447265625 0.4768587573333333 0.4030251499023437 0.479581256
1 0.43094592919921876 0.479581256 0.42745583203125 0.477539382 0.422469978515625 0.4789006313333333 0.42122351513671874 0.4850262546666667 0.4229685639648437 0.488089066 0.4244643198242187 0.4891100033333333 0.42745583203125 0.48842937866666664 0.43019805126953126 0.486047192 0.43094592919921876 0.479581256
1 0.39878717431640626 0.6007324693333334 0.3952970771484375 0.6020937186666667 0.39429990625 0.604816218 0.39429990625 0.6109418413333334 0.39554636962890627 0.6146852773333333 0.39878717431640626 0.61502559 0.4007815161132813 0.6112821533333334 0.4007815161132813 0.6037952806666667 0.39878717431640626 0.6007324693333334
1 0.15572681787109374 0.9233486206666667 0.15298459814453125 0.9223276833333333 0.14974379345703126 0.9253904953333334 0.14899591552734376 0.9308354933333334 0.14974379345703126 0.9342386173333332 0.15348318359375 0.934919242 0.15547752490234376 0.93321768 0.15647469580078124 0.9308354933333334 0.15572681787109374 0.9233486206666667
1 0.18190254833984376 0.970992356 0.18215184130859374 0.9635054833333334 0.1791603291015625 0.9580604853333332 0.174922353515625 0.9584007973333334 0.171930841796875 0.9641861086666667 0.171930841796875 0.9726939179999999 0.1731773046875 0.9771179793333334 0.17616881689453126 0.977458292 0.17891103662109376 0.9757567300000001 0.18190254833984376 0.970992356
1 0.1756702314453125 0.9968560986666667 0.17791386572265624 0.9965157859999999 0.17940962158203125 0.9903901626666667 0.17691669482421876 0.9832436026666665 0.17342659765625 0.981201728 0.17118296337890626 0.9866467266666666 0.1756702314453125 0.9968560986666667
1 0.6553093354492188 0.948531738 0.6530657016601562 0.9475108006666666 0.64857843359375 0.9481914260000001 0.6478305556640624 0.9536364239999999 0.6508220673828125 0.95874111 0.65506004296875 0.9590814226666666 0.6563065063476563 0.9577201726666668 0.6573036772460937 0.9526154866666667 0.6553093354492188 0.948531738
1 0.6991848461914062 0.912118312 0.6981876752929688 0.9168826853333333 0.699434138671875 0.9209664339999999 0.7049185776367187 0.9202858093333333 0.7056664555664063 0.9145004986666666 0.70466928515625 0.912118312 0.7026749438476563 0.9110973746666667 0.6991848461914062 0.912118312
1 0.7179087202148438 0.7862027253333334 0.7166622568359375 0.790286474 0.7189058911132813 0.79539116 0.72239598828125 0.79539116 0.72563679296875 0.7909670986666667 0.7246396225585937 0.7841608506666666 0.7204016469726563 0.7838205386666667 0.7179087202148438 0.7862027253333334
1 0.2163049375 0.528926554 0.211319083984375 0.527565304 0.20832757177734376 0.5302878033333334 0.20658252294921875 0.5340312393333334 0.20683181591796876 0.539476238 0.21156837646484375 0.5401568626666666 0.21406130322265626 0.5391359253333333 0.21680352294921876 0.5340312393333334 0.2163049375 0.528926554
1 0.26691135009765626 0.403691592 0.2636705454101563 0.403691592 0.25943256982421875 0.4081156533333334 0.2601804482421875 0.4118590893333333 0.26192549658203124 0.413900964 0.2649170087890625 0.413900964 0.26790852099609375 0.41049784 0.26865639892578125 0.40777534066666665 0.26691135009765626 0.403691592
1 0.1576439853515625 0 0.1577211591796875 0.00042140266666666667 0.16395347607421876 0.009950149333333333 0.16893932958984376 0.007227650666666667 0.16968720751953126 0.005866400666666666 0.1691886220703125 0.00042140266666666667 0.1690246279296875 0 0.1576439853515625 0
1 0.40402232080078126 0.7082711866666667 0.4002829306640625 0.707930874 0.39779000390625 0.7103130606666667 0.3970421259765625 0.714737122 0.39828858935546874 0.7191611833333333 0.40128010107421874 0.7195014953333333 0.40402232080078126 0.7171193086666667 0.4050194912109375 0.7137161846666666 0.40402232080078126 0.7082711866666667
1 0.389314052734375 0.7477474246666668 0.38657183349609375 0.7480877366666667 0.38482678466796877 0.7514908606666666 0.38482678466796877 0.7569358593333333 0.3868211259765625 0.7599986706666667 0.389314052734375 0.7606792953333333 0.39130839453125 0.7565955466666666 0.3915576870117187 0.7511505486666666 0.389314052734375 0.7477474246666668
1 0.3582803559570312 0.99560545 0.36226205859375 0.99462501 0.36167472509765625 0.9849094319999999 0.35769277294921875 0.9864248426666666 0.3582803559570312 0.99560545
1 0.17436094677734376 0.889237748 0.174083982421875 0.88394589 0.17131583642578124 0.88366241 0.16958574560546874 0.8858359853333333 0.1652951689453125 0.8890488746666667 0.16536422314453125 0.8946242126666666 0.17013942431640625 0.8963250939999999 0.17214623046875 0.8931122046666666 0.17436094677734376 0.889237748
1 0.14272770068359375 0.7972914640000001 0.14134362744140624 0.790392992 0.13449256640625 0.7897314246666667 0.1337890625 0.7937940873333333 0.1337890625 0.7944922333333334 0.14272770068359375 0.7972914640000001
1 0.1771275966796875 0.43522221599999994 0.17961902783203124 0.4411756413333333 0.1839789072265625 0.440986768 0.18522437353515625 0.4392858866666666 0.1829408525390625 0.43456098933333337 0.1803801181640625 0.43418290200000004 0.1771275966796875 0.43522221599999994
1 0.38557890087890623 0.378712662 0.38978172607421874 0.3790904086666667 0.389851029296875 0.36888478 0.385975525390625 0.36841208666666664 0.38557890087890623 0.378712662
1 0.8467120122070313 0.3346292746666667 0.8483214458007813 0.34270863133333335 0.8515739672851562 0.34110235666666666 0.85018989453125 0.33221952266666666 0.8467120122070313 0.3346292746666667
1 0.844099923828125 0.32437634266666665 0.8488058217773438 0.32305320866666665 0.8483214458007813 0.3163439493333333 0.8437539057617187 0.31889527133333334 0.844099923828125 0.32437634266666665
1 0.833373109375 0.22014478133333334 0.83413444921875 0.22439732533333331 0.8357261831054688 0.22864986933333334 0.8388403471679687 0.22713786133333333 0.8390480078125 0.22307419066666667 0.83724861328125 0.22005051533333336 0.833373109375 0.22014478133333334
1 0.7285475346679687 0.47751011466666665 0.7310910673828125 0.49730744800000004 0.7369043232421875 0.49938641666666667 0.74465508203125 0.49872484933333333 0.74513970703125 0.49125975666666666 0.7348972680664062 0.47576192999999994 0.7285475346679687 0.47751011466666665
1 0.7478385493164063 0.44996386866666666 0.74410165234375 0.44779063333333335 0.7413332573242187 0.4503419553333333 0.7393955053710938 0.457523908 0.7387727719726562 0.4603587106666666 0.7402261484375 0.4637608133333333 0.7435479731445312 0.46546169466666665 0.74617776171875 0.4613983646666666 0.7478385493164063 0.44996386866666666
1 0.72963769140625 0.46328811933333336 0.726385169921875 0.46735179 0.7226480234375 0.4652728213333333 0.719395501953125 0.465367088 0.7191185375976562 0.46848571066666667 0.7226480234375 0.4716039933333333 0.7247934360351562 0.476706978 0.73275185546875 0.468107624 0.72963769140625 0.46328811933333336
1 0.7425099184570313 0.44041980733333336 0.741264203125 0.4395693666666667 0.7368350200195313 0.438529712 0.734412892578125 0.441081034 0.7328904619140625 0.4446720106666667 0.7380807353515625 0.4476960266666667 0.7422329545898437 0.44684558599999996 0.7432710092773438 0.44542818466666667 0.7425099184570313 0.44041980733333336
1 0.7567659692382812 0.46149263133333335 0.7568352729492187 0.45440528533333335 0.753029072265625 0.4563899873333333 0.7491069506835938 0.46007523 0.750468337890625 0.46489473466666664 0.7567659692382812 0.46149263133333335
1 0.5114390434570313 0.6306704313333333 0.5164268916015625 0.6691662293333333 0.5288965107421875 0.6670933866666666 0.5232580092773438 0.6268211579999999 0.5114390434570313 0.6306704313333333
1 0.4967265380859375 0.6654646513333333 0.5033068671875 0.710030942 0.5226076044921875 0.7042565213333334 0.5157764868164062 0.658209872 0.4967265380859375 0.6654646513333333
1 0.50374063671875 0.7036643773333333 0.500812943359375 0.6938923073333334 0.49907811572265626 0.6937442713333333 0.4961504223632813 0.7049970406666667 0.4921385556640625 0.7057372206666667 0.49506599951171876 0.723060142 0.5003791743164062 0.72024712 0.5000538471679687 0.7128439639999999 0.50374063671875 0.7036643773333333
1 0.4912710170898438 0.76881106 0.4893193046875 0.7560779313333335 0.485524322265625 0.7562259673333332 0.4837892451171875 0.7609637966666666 0.48660849609375 0.7720681899999999 0.4912710170898438 0.76881106
1 0.31784159423828123 0.747934596 0.32315476904296875 0.7480826319999999 0.32304632666015626 0.740679476 0.31751626708984376 0.7402353686666667 0.31784159423828123 0.747934596
1 0.35741880029296874 0.7788792026666667 0.35752724267578123 0.792648582 0.3670691689453125 0.7911682233333333 0.36685228466796876 0.77606584 0.35741880029296874 0.7788792026666667
1 0.23455341064453125 0.681899358 0.23932437353515626 0.6864894913333333 0.24095100830078126 0.6813072146666667 0.23693889208984376 0.677753672 0.23455341064453125 0.681899358
1 0.2747812705078125 0.637185372 0.2779258486328125 0.64740155 0.28280525390625 0.6453287073333334 0.27955223388671874 0.6345200453333334 0.2747812705078125 0.637185372
1 0.2608253681640625 0.6432558646666666 0.2635045166015625 0.6429594519999999 0.2635045166015625 0.6318550586666667 0.25981772705078127 0.6321511306666666 0.2608253681640625 0.6432558646666666
1 0.2622897133789063 0.5617483233333334 0.26534778662109376 0.570261918 0.268600806640625 0.5696697746666667 0.269468095703125 0.5650799813333333 0.266757287109375 0.5578248613333333 0.26426336328125 0.557380754 0.2622897133789063 0.5617483233333334
1 0.24235153466796874 0.5147392700000001 0.24376128466796876 0.5276204346666666 0.24733938232421876 0.5234747493333334 0.24647184375 0.51222232 0.24235153466796874 0.5147392700000001
1 0.2400009541015625 0.4857936593333333 0.24636365087890624 0.49119782 0.24723093994140624 0.4848309153333333 0.24126736083984374 0.4818698573333334 0.2400009541015625 0.4857936593333333
1 0.17782636376953126 0.7809520453333333 0.18053717236328126 0.7947214253333333 0.1882358291015625 0.7873186093333334 0.18574190478515626 0.7735488893333333 0.17782636376953126 0.7809520453333333
1 0.6605178076171875 0.19920638066666668 0.6611355546875 0.20933952266666667 0.672878486328125 0.20666704933333332 0.6733675981445313 0.19397305666666667 0.6605178076171875 0.19920638066666668
1 0.36687771240234374 0.9025895646666666 0.3693706391601563 0.9029298773333333 0.37136498046875 0.9015686273333334 0.376101541015625 0.8940817546666667 0.37759729736328124 0.8896576933333334 0.37784658984375 0.8872755066666667 0.376350833984375 0.8825111333333333 0.3721128583984375 0.8791080093333333 0.36912134619140624 0.879448322 0.366379126953125 0.8825111333333333 0.3613932734375 0.8927205053333334 0.36338761474609377 0.8991864406666666 0.36687771240234374 0.9025895646666666
1 0.3686227612304688 0.9093958126666667 0.3671270048828125 0.905652376 0.362889029296875 0.903610502 0.35615812744140624 0.9049717513333333 0.3549116640625 0.9083748753333333 0.35516095654296875 0.910757062 0.3589003466796875 0.915521436 0.36363690771484375 0.9172229980000001 0.3686227612304688 0.9151811233333332 0.3686227612304688 0.9093958126666667
1 0.6062393134765625 0.9838207726666667 0.6229740815429687 0.9908938253333334 0.626161787109375 0.9756597406666666 0.61052266015625 0.9689947226666666 0.6062393134765625 0.9838207726666667
1 0.5990671635742187 0.98599707 0.6069365854492188 0.9994628913333333 0.61112021484375 0.9948383860000001 0.6039483139648437 0.9804203706666668 0.5990671635742187 0.98599707
1 0.6386214345703125 0.9853171260000001 0.6380238803710937 0.9911657346666666 0.6406137817382812 0.991981804 0.643900955078125 0.9889894373333333 0.643900955078125 0.983412738 0.6409124345703126 0.9842288066666667 0.6386214345703125 0.9853171260000001
1 0.8086253271484375 0.8698368786666667 0.81898493359375 0.8745975086666667 0.825260626953125 0.8741894739999999 0.8257587138671875 0.8672525466666666 0.8223718237304688 0.8554188633333333 0.8193835522460937 0.849841824 0.8163950317382812 0.8490257546666666 0.809223130859375 0.8476655260000001 0.8031583388671875 0.8458976033333333 0.803047154296875 0.856779092 0.8086253271484375 0.8698368786666667
1 0.8039057182617187 0.8293710120000001 0.8119125004882812 0.8506582333333335 0.8193835522460937 0.8420888266666666 0.8113149458007812 0.820461974 0.8039057182617187 0.8293710120000001
1 0.70557371875 0.7703240893333333 0.7132419614257812 0.7706820980000001 0.7131108334960937 0.7645067886666668 0.705835974609375 0.7648647973333333 0.70557371875 0.7703240893333333
1 0.3968990317382812 0.4308097253333334 0.39921471142578124 0.42614200066666663 0.39745046728515626 0.42102234066666666 0.3930599248046875 0.4250877126666667 0.39370110546875 0.4303577906666667 0.3968990317382812 0.4308097253333334
1 0.14143960546875 0.4442108873333333 0.1337890625 0.441680172 0.1337890625 0.46266410933333335 0.13724924462890625 0.463334062 0.14143960546875 0.4442108873333333
1 0.3885669228515625 0.25112069666666664 0.3876086416015625 0.25091957200000004 0.38740098095703124 0.2510203046666667 0.3876086416015625 0.25484575600000003 0.38989415673828126 0.2557516673333333 0.3918847587890625 0.2536376473333333 0.39070510595703123 0.2510203046666667 0.3885669228515625 0.25112069666666664
1 0.40449173876953126 0.30437584333333334 0.40117415185546873 0.3029666093333333 0.399478462890625 0.30437584333333334 0.3988148461914062 0.3165573253333333 0.40382837109375 0.3130337306666667 0.40449173876953126 0.30437584333333334