1 0.47788565283203127 0.5342415313333333 0.4991909384765625 0.5224594993333334 0.5037756201171875 0.5180412373333334 0.5021574970703125 0.5132547866666667 0.495415318359375 0.5007363773333333 0.49190938525390626 0.4992636226666667 0.4870550161132812 0.5003681886666667 0.4727615966796875 0.5077319586666666 0.4638619204101562 0.5136229746666667 0.4638619204101562 0.5180412373333334 0.47141316064453126 0.5309278353333333 0.473570658203125 0.5338733433333334 0.476537216796875 0.5342415313333333 0.47788565283203127 0.5342415313333333
1 0.34007551220703125 0.12187039733333334 0.3446601943359375 0.11597938133333334 0.34870550146484375 0.10824742266666668 0.35113268603515624 0.09904271 0.3522114345703125 0.09020618533333334 0.3522114345703125 0.082106038 0.34789643994140623 0.07179676 0.3446601943359375 0.068851252 0.335760517578125 0.080633284 0.33333333349609373 0.094992636 0.33333333349609373 0.10382916066666667 0.3365695791015625 0.11671575866666666 0.3398058251953125 0.12187039733333334 0.34007551220703125 0.12187039733333334
1 0.387540453125 0.30117820333333334 0.39805825244140625 0.2978645066666667 0.4023732470703125 0.29491899866666665 0.4053398056640625 0.28976435933333333 0.404800431640625 0.2798232693333333 0.40129449853515625 0.27724595 0.395361380859375 0.27724595 0.38700107861328126 0.28055964666666666 0.3821467099609375 0.28460972 0.37864077685546876 0.28976435933333333 0.3789104638671875 0.2978645066666667 0.3818770224609375 0.3008100146666666 0.38619201708984374 0.30117820333333334 0.387540453125 0.30117820333333334
1 0.676645091796875 0.06553755533333333 0.6806903989257812 0.06369661266666667 0.6823085219726562 0.06148748133333334 0.6850053935546875 0.05559646533333334 0.687432578125 0.04528718733333333 0.6866235166015625 0.03792341666666667 0.6847357065429688 0.033136966000000004 0.6817691479492187 0.029823269333333333 0.676645091796875 0.031664212000000004 0.6742179072265625 0.03497790866666666 0.67206041015625 0.038659794 0.6693635380859375 0.04786450666666667 0.6696332255859375 0.05265095733333334 0.6728694711914063 0.06222385866666666 0.676375404296875 0.06553755533333333 0.676645091796875 0.06553755533333333
1 0.6100323623046875 0.10272459466666667 0.6167745415039062 0.10014727533333333 0.620280474609375 0.09536082466666666 0.6216289106445313 0.09167893933333333 0.6210895361328125 0.08873343133333333 0.6186623515625 0.08284241533333334 0.6081445522460938 0.068851252 0.5989751889648437 0.06811487466666667 0.5943905068359375 0.07253313666666666 0.59061488671875 0.07805596466666666 0.59061488671875 0.08247422666666668 0.6005933115234375 0.09941089866666666 0.6084142392578125 0.10272459466666667 0.6100323623046875 0.10272459466666667
1 0.2589434091796875 1 0.260787486328125 0.9915316639999999 0.2602481123046875 0.9860088366666667 0.25809061474609374 0.978645066 0.25269687158203125 0.966863034 0.25107874853515627 0.9591310753333334 0.24892125146484376 0.9572901326666666 0.245145630859375 0.961340206 0.2367853291015625 0.9760677466666666 0.2351672060546875 0.9856406480000001 0.23624595458984374 0.991163476 0.239611650390625 1 0.2589434091796875 1
1 0.3917655522460938 1 0.392125134765625 0.9970544920000001 0.388888888671875 0.9882179673333333 0.388888888671875 0.9837997053333334 0.39023732470703126 0.979749632 0.389158576171875 0.9753313693333333 0.38727076611328126 0.9742268040000001 0.38322545849609374 0.975699558 0.38160733544921877 0.9790132546666667 0.3789104638671875 0.979749632 0.37837108935546876 0.984167894 0.37540453076171876 0.9889543446666667 0.3705501616210938 0.9926362300000001 0.36542610595703123 0.9904270986666667 0.35302049609375 0.9804860086666666 0.34789643994140623 0.9826951399999999 0.34412081982421877 0.9918998526666666 0.34492988134765623 0.9966863033333334 0.3460086298828125 0.9981590573333333 0.3482692431640625 1 0.3917655522460938 1
1 0.7370550161132813 0.9687039766666666 0.7411003237304687 0.9661266566666666 0.7429881337890625 0.9635493373333334 0.745415318359375 0.9580265093333334 0.74703344140625 0.951030928 0.7464940668945312 0.9451399113333333 0.7443365693359375 0.9407216493333334 0.7413700107421874 0.9366715760000001 0.7378640776367188 0.9355670100000001 0.7351672060546875 0.9366715760000001 0.7305825244140625 0.941089838 0.7278856528320312 0.949558174 0.7284250268554687 0.9572901326666666 0.7300431499023438 0.962444772 0.732740021484375 0.966863034 0.7367853291015625 0.9687039766666666 0.7370550161132813 0.9687039766666666
1 0.0811758359375 0.8070692193333333 0.0914239482421875 0.8044919 0.10652642919921874 0.7986008833333333 0.11138079833984375 0.79455081 0.111111111328125 0.7897643593333333 0.1070658037109375 0.7849779086666667 0.09897518896484375 0.7824005893333333 0.08926645068359375 0.7835051546666667 0.07470334423828125 0.7893961706666667 0.07200647265625 0.7919734906666666 0.0711974111328125 0.7941826213333334 0.07227615966796876 0.8026509573333332 0.07605177978515625 0.8070692193333333 0.0794679072265625 0.8070692193333333 0.0811758359375 0.8070692193333333
1 0.20604099267578124 0.823269514 0.20738942822265624 0.8155375553333333 0.20954692578125 0.810382916 0.2084681767578125 0.8059646540000001 0.20334412060546875 0.7986008833333333 0.1976806904296875 0.7927098673333334 0.1928263212890625 0.793078056 0.1868932041015625 0.7978645066666666 0.18554476806640624 0.8033873340000001 0.1898597626953125 0.8107511046666667 0.1992988134765625 0.82179676 0.201725998046875 0.823269514 0.2046027509765625 0.823269514 0.20604099267578124 0.823269514
1 0.314185544921875 0.8674521353333333 0.3182308520507813 0.8641384386666667 0.320388349609375 0.8597201766666667 0.3195792880859375 0.8541973493333334 0.3098705502929687 0.8442562593333334 0.3055555556640625 0.8457290133333333 0.3023193095703125 0.8527245946666667 0.30285868408203126 0.8571428573333333 0.30825242724609375 0.8645066273333334 0.31364617041015624 0.8674521353333333 0.314185544921875 0.8674521353333333
1 0.2661812299804687 0.23379970533333336 0.27535059326171873 0.22901325466666667 0.27912621337890625 0.2245949926666667 0.276429341796875 0.22017673066666668 0.270496224609375 0.21575846866666665 0.26456310693359375 0.20508100133333335 0.257820927734375 0.199558174 0.2556634306640625 0.19918998533333335 0.2446062568359375 0.199558174 0.23948220068359374 0.20324005866666667 0.239212513671875 0.20802650933333333 0.2400215751953125 0.21207658333333332 0.24568500537109375 0.22238586133333335 0.2478425029296875 0.22496318133333335 0.25836030224609374 0.23232695133333334 0.2646529125976563 0.23379970533333336 0.2661812299804687 0.23379970533333336
1 0.279665587890625 0.19734904266666667 0.2882955771484375 0.19072164933333333 0.292071197265625 0.1859351986666667 0.29261057177734373 0.181148748 0.28856526416015627 0.17746686333333334 0.28478964404296875 0.17709867466666665 0.2788565263671875 0.18078055933333334 0.27615965478515625 0.18556700999999998 0.27615965478515625 0.18814433 0.27696871630859377 0.1947717233333333 0.27939590087890626 0.19734904266666667 0.279665587890625 0.19734904266666667
1 0.8697411000976563 0.14617083933333333 0.87513484375 0.14432989666666665 0.8799892124023437 0.13880706933333334 0.879719525390625 0.13402061866666665 0.873247033203125 0.127761414 0.8710895361328125 0.12665684800000002 0.857874865234375 0.12702503666666667 0.8535598706054688 0.12997054466666666 0.851402373046875 0.13365243 0.8522114345703125 0.13843888066666668 0.8565264291992187 0.14396170866666666 0.8616504853515625 0.14580265066666667 0.868212783203125 0.14617083933333333 0.8697411000976563 0.14617083933333333
1 0.9147788564453125 0.49005890999999996 0.9180151025390625 0.488586156 0.9231391586914063 0.4804860086666667 0.923408845703125 0.4749631813333333 0.9088457387695312 0.460972018 0.9053398056640625 0.4594992633333333 0.9004854370117188 0.46023564066666667 0.8942826323242188 0.4687039766666667 0.8937432578125 0.4716494846666667 0.8948220063476563 0.4749631813333333 0.9091154262695312 0.48784977933333334 0.9131607333984375 0.49005890999999996 0.9147788564453125 0.49005890999999996
1 0.7419093852539063 0.7558910160000001 0.7456850053710937 0.7511045653333334 0.7473031284179688 0.7463181146666668 0.7535059331054688 0.7418998526666666 0.7553937431640625 0.7382179673333333 0.75323624609375 0.734167894 0.75296655859375 0.7253313693333333 0.751618123046875 0.7201767306666668 0.7497303129882813 0.7164948453333333 0.7429881337890625 0.713917526 0.7332793959960937 0.7135493373333334 0.726537216796875 0.7150220913333333 0.72491909375 0.7164948453333333 0.72491909375 0.7190721646666666 0.7278856528320312 0.737113402 0.7346278315429687 0.7474226806666667 0.735976267578125 0.7522091313333333 0.7402912622070312 0.7558910160000001 0.7419093852539063 0.7558910160000001
1 0.8549083061523437 0.7754050073333333 0.8589536137695313 0.7739322533333334 0.8605717368164062 0.7709867453333333 0.8600323623046875 0.7639911633333333 0.8554476806640625 0.7562592046666667 0.845469255859375 0.7511045653333334 0.8354908305664063 0.7511045653333334 0.8341423950195312 0.7558910160000001 0.8400755122070312 0.7684094253333332 0.8460086298828124 0.7731958760000001 0.8524811220703125 0.7754050073333333 0.8549083061523437 0.7754050073333333
1 0.879719525390625 0.7879234166666667 0.8834951455078125 0.786082474 0.8848435815429687 0.7820324006666667 0.8818770224609375 0.7768777613333333 0.87486515625 0.7709867453333333 0.8705501616210938 0.7706185566666667 0.8659654799804688 0.774300442 0.8651564184570313 0.77724595 0.8686623515625 0.781664212 0.87486515625 0.78718704 0.87810140234375 0.7879234166666667 0.879719525390625 0.7879234166666667
1 0.69066882421875 0.32179675999999996 0.6941747573242187 0.32069219466666665 0.6982200649414062 0.31553755533333333 0.6979503774414062 0.31075110466666667 0.6963322543945313 0.30706921933333337 0.6901294497070313 0.298969072 0.6852750810546875 0.29565537533333336 0.6804207119140625 0.2971281293333333 0.6774541533203124 0.29933726066666666 0.6761057172851562 0.303019146 0.6847357065429688 0.317746686 0.689050701171875 0.32179675999999996 0.69066882421875 0.32179675999999996
1 0.6731391586914063 0.28865979399999997 0.6777238403320313 0.287555228 0.6806903989257812 0.28460972 0.6814994604492187 0.28055964666666666 0.679611650390625 0.2765095726666667 0.676645091796875 0.2750368186666667 0.6723300971679688 0.275773196 0.6677454155273438 0.28055964666666666 0.6680151025390625 0.28608247400000003 0.67206041015625 0.28865979399999997 0.6731391586914063 0.28865979399999997
1 0.5819848974609375 0.241163476 0.5871089536132813 0.23748159066666666 0.5871089536132813 0.23306332866666665 0.585760517578125 0.228645066 0.5822545844726562 0.22349042733333332 0.5790183388671875 0.22164948466666665 0.5728155341796874 0.221281296 0.5711974111328125 0.22238586133333335 0.5695792880859375 0.2245949926666667 0.5690399135742188 0.22901325466666667 0.5711974111328125 0.23490427066666666 0.5747033442382813 0.238586156 0.5814455229492187 0.241163476 0.5819848974609375 0.241163476
1 0.495415318359375 0.130706922 0.49946062548828124 0.12923416799999998 0.5021574970703125 0.12665684800000002 0.5037756201171875 0.12113402066666666 0.5018878100585937 0.11818851266666666 0.495415318359375 0.11413843866666668 0.49029126220703123 0.11377025066666666 0.4870550161132812 0.11597938133333334 0.48300970849609376 0.12113402066666666 0.4840884575195312 0.12592047133333334 0.49110032373046875 0.12997054466666666 0.49487594384765626 0.130706922 0.495415318359375 0.130706922
1 0.47680690380859375 0.08726067733333334 0.47923408837890624 0.08652430066666666 0.4803128369140625 0.08394698066666667 0.4805825244140625 0.082106038 0.47923408837890624 0.07842415333333333 0.47815533984375 0.07731958733333334 0.47060409912109374 0.07805596466666666 0.4695253505859375 0.07989690733333334 0.4695253505859375 0.084683358 0.4711434736328125 0.08652430066666666 0.47518878125 0.08726067733333334 0.47680690380859375 0.08726067733333334
1 0.5841423950195312 0.050441826 0.5862998920898438 0.04970544933333333 0.587648328125 0.04786450666666667 0.5871089536132813 0.039027981999999996 0.5846817690429688 0.03534609733333333 0.5738942827148438 0.031664212000000004 0.5682308520507813 0.032400589333333334 0.5649946064453125 0.03497790866666666 0.5644552319335937 0.04270986733333333 0.5668824165039063 0.046391752666666675 0.5823894282226563 0.050441826 0.5841423950195312 0.050441826
1 0.4271844658203125 0.030559646666666666 0.4304207119140625 0.029455081333333334 0.4314994604492188 0.027614138666666666 0.43257820947265624 0.020986745333333334 0.4312297734375 0.016200294666666667 0.43015102490234375 0.015095729333333334 0.42475728173828126 0.014727540666666667 0.4188241640625 0.017673048666666667 0.417206041015625 0.026509572666666665 0.42179072265625 0.030559646666666666 0.4258360302734375 0.030559646666666666 0.4271844658203125 0.030559646666666666
1 0.21979503759765626 0.271354934 0.22384034521484375 0.27098674533333333 0.22761596533203124 0.2669366713333333 0.22923408837890624 0.2518409426666667 0.22788565283203124 0.24558173800000002 0.2227615966796875 0.24521354933333336 0.21925566357421875 0.24631811466666667 0.21817691455078125 0.24889543466666664 0.2165587919921875 0.2551546393333333 0.21601941748046874 0.2647275406666667 0.21682847900390625 0.268777614 0.21925566357421875 0.271354934 0.21979503759765626 0.271354934
1 0.279665587890625 0.05854197333333334 0.28425026953125 0.05633284266666667 0.28398058251953123 0.05081001466666667 0.28236245947265626 0.04712812933333333 0.27939590087890626 0.04491899866666666 0.2742718447265625 0.04344624466666666 0.270496224609375 0.04418262133333333 0.2680690400390625 0.04712812933333333 0.2691477885742187 0.05191458 0.2710355986328125 0.054491899999999996 0.27939590087890626 0.05854197333333334 0.279665587890625 0.05854197333333334
1 0.04665587939453125 0.16273932266666666 0.0509708740234375 0.15979381466666667 0.0507011865234375 0.15574374066666666 0.04557713037109375 0.15427098666666667 0.04180151025390625 0.15574374066666666 0.04045307421875 0.16016200266666666 0.042071197265625 0.162371134 0.045172599609375 0.16273932266666666 0.04665587939453125 0.16273932266666666
1 0.1289104638671875 0.296023564 0.13322545849609374 0.2938144326666667 0.1334951455078125 0.2853460973333333 0.132686083984375 0.28276877733333333 0.12459546923828126 0.2798232693333333 0.12001078759765625 0.2798232693333333 0.11839266455078125 0.2809278353333333 0.11596547998046874 0.2853460973333333 0.1165048544921875 0.29086892466666664 0.11974110009765625 0.29491899866666665 0.1274271845703125 0.296023564 0.1289104638671875 0.296023564
1 0.18473570654296875 0.5139911633333334 0.189050701171875 0.5106774666666667 0.1930960087890625 0.501472754 0.19255663427734376 0.4937407953333333 0.192017259765625 0.49226804133333335 0.18959007568359376 0.4907952873333334 0.1850053935546875 0.49226804133333335 0.1820388349609375 0.49594992666666665 0.17826321484375 0.5051546393333333 0.179881337890625 0.5136229746666667 0.1832073896484375 0.5139911633333334 0.18473570654296875 0.5139911633333334
1 0.210895361328125 0.5736377026666667 0.2146709814453125 0.5736377026666667 0.21925566357421875 0.5710603826666666 0.21979503759765626 0.5651693666666666 0.214131607421875 0.5559646540000001 0.210895361328125 0.5537555226666667 0.20577130517578124 0.5548600886666667 0.2038834951171875 0.5567010306666667 0.2025350595703125 0.5614874813333334 0.20604099267578124 0.568851252 0.21062567431640625 0.5740058913333334 0.210895361328125 0.5736377026666667
1 0.28802589013671875 0.5452871873333334 0.29018338720703124 0.5434462446666667 0.29099244873046876 0.539027982 0.28775620263671875 0.5324005893333333 0.28451995703125 0.5305596466666667 0.2804746494140625 0.5305596466666667 0.2777777778320312 0.5320324006666667 0.27615965478515625 0.5353460973333333 0.2775080908203125 0.540132548 0.2820927724609375 0.54455081 0.2865876484375 0.5452871873333334 0.28802589013671875 0.5452871873333334
1 0.5132146708984375 0.6288659793333333 0.52184466015625 0.6240795286666666 0.5226537216796875 0.6200294553333333 0.512675296875 0.5938880706666666 0.5099784248046875 0.5916789393333334 0.5072815532226562 0.5916789393333334 0.498381876953125 0.5957290133333334 0.49811218994140627 0.6001472753333333 0.49946062548828124 0.604933726 0.5018878100585937 0.6089838 0.50296655859375 0.6137702506666667 0.5051240561523438 0.6170839466666667 0.5075512407226562 0.6270250366666666 0.510787486328125 0.6288659793333333 0.5132146708984375 0.6288659793333333
1 0.3961704423828125 0.6332842413333334 0.40587918017578123 0.632179676 0.4085760517578125 0.630706922 0.40992448779296875 0.6259204713333334 0.40884573876953123 0.619293078 0.4061488671875 0.617820324 0.40318230859375 0.617820324 0.3915857607421875 0.619293078 0.3899676376953125 0.6218703973333334 0.39050701171875 0.6299705446666667 0.39185544775390624 0.6325478646666667 0.3959007548828125 0.6332842413333334 0.3961704423828125 0.6332842413333334
1 0.4870550161132812 0.8096465393333333 0.49649406689453124 0.807437408 0.5021574970703125 0.8030191459999999 0.5035059331054688 0.7986008833333333 0.4986515639648437 0.7919734906666666 0.49083063623046874 0.78718704 0.4851672060546875 0.7868188513333333 0.47384034521484375 0.7893961706666667 0.4722222221679688 0.7938144326666667 0.473570658203125 0.798969072 0.47869471435546873 0.8059646540000001 0.48624595458984377 0.8096465393333333 0.4870550161132812 0.8096465393333333
1 0.5477346279296875 0.7175994106666667 0.5501618125 0.7161266566666666 0.5509708740234375 0.7131811486666667 0.5507011865234375 0.7080265093333334 0.5496224379882813 0.706921944 0.5458468178710938 0.70544919 0.5382955771484375 0.70544919 0.5364077670898437 0.7072901326666666 0.535868392578125 0.71281296 0.5377562026367187 0.7161266566666666 0.5463187700195312 0.7175994106666667 0.5477346279296875 0.7175994106666667
1 0.64670981640625 0.734167894 0.6539913701171876 0.729749632 0.6556094931640625 0.7260677466666666 0.6550701186523438 0.72275405 0.6521035600585937 0.7172312226666666 0.6504854370117188 0.7150220913333333 0.6475188779296875 0.713917526 0.6413160732421875 0.716863034 0.6372707661132813 0.7209131073333332 0.637540453125 0.7253313693333333 0.6415857607421875 0.7330633286666666 0.6450916938476563 0.734167894 0.64670981640625 0.734167894
1 0.6895900756835938 0.7308541973333335 0.692286947265625 0.7293814433333333 0.6947141318359376 0.725699558 0.6939050703125 0.7212812959999999 0.6909385112304688 0.7164948453333333 0.687432578125 0.714285714 0.6839266450195313 0.713917526 0.67826321484375 0.7164948453333333 0.676645091796875 0.7212812959999999 0.67826321484375 0.7253313693333333 0.682847896484375 0.729749632 0.6880617583007812 0.7308541973333335 0.6895900756835938 0.7308541973333335
1 0.6165048544921875 0.8869661266666667 0.6197411000976563 0.8843888073333332 0.6216289106445313 0.870765832 0.6194714130859375 0.8674521353333333 0.6119201723632812 0.8670839466666667 0.6097626752929688 0.8726067746666666 0.6081445522460938 0.8803387333333333 0.6084142392578125 0.8836524299999999 0.60949298828125 0.8854933726666666 0.6151564184570313 0.8869661266666667 0.6165048544921875 0.8869661266666667
1 0.6941747573242187 0.8549337260000001 0.6979503774414062 0.8523564066666666 0.7019956850585938 0.8416789393333334 0.7019956850585938 0.8357879233333333 0.6979503774414062 0.8313696613333333 0.6928263212890625 0.8324742266666667 0.6863538295898437 0.8460972019999999 0.6887810141601562 0.8523564066666666 0.6933656958007812 0.8549337260000001 0.6941747573242187 0.8549337260000001
1 0.10814455224609375 0.9421944033333333 0.11272923388671875 0.941089838 0.11677454150390625 0.9370397646666667 0.11596547998046874 0.932253314 0.11192017236328125 0.9274668633333334 0.10895361376953125 0.9263622973333333 0.1024811220703125 0.9270986746666667 0.09789643994140625 0.929675994 0.09573894287109375 0.932253314 0.0962783173828125 0.9363033873333334 0.098435814453125 0.9392488953333333 0.1022114345703125 0.9414580266666667 0.10679611669921875 0.9421944033333333 0.10814455224609375 0.9421944033333333
1 0.370280474609375 0.9171575846666666 0.37189859765625 0.9149484533333333 0.370280474609375 0.907952872 0.36596547998046874 0.9072164946666667 0.36272923388671874 0.9108983799999999 0.36569579296875 0.916789396 0.3686623515625 0.9171575846666666 0.370280474609375 0.9171575846666666
1 0.1634304208984375 0.8413107513333333 0.167206041015625 0.8383652433333333 0.167206041015625 0.8280559646666668 0.1631607333984375 0.8280559646666668 0.162621359375 0.82916053 0.1615426103515625 0.8372606773333333 0.16289104638671875 0.8413107513333333 0.1634304208984375 0.8413107513333333
1 0.1804207119140625 0.7868188513333333 0.18311758349609375 0.7827687773333334 0.18338727099609375 0.7798232693333332 0.18230852197265626 0.7768777613333333 0.179611650390625 0.7761413846666666 0.176375404296875 0.77724595 0.17529665576171874 0.7805596466666666 0.17529665576171874 0.785714286 0.17610571728515625 0.7868188513333333 0.17898247021484376 0.7868188513333333 0.1804207119140625 0.7868188513333333
1 0.23408845751953125 0.728276878 0.23651564208984374 0.7264359353333333 0.235976267578125 0.7209131073333332 0.22761596533203124 0.7194403533333334 0.2257281552734375 0.7249631813333334 0.22761596533203124 0.7268041239999999 0.232740021484375 0.728276878 0.23408845751953125 0.728276878
1 0.25889967626953125 0.6929307806666667 0.262675296875 0.6914580266666667 0.26375404541015623 0.6877761413333333 0.2632146708984375 0.6844624446666667 0.257820927734375 0.67820324 0.2537756201171875 0.6789396173333334 0.2524271845703125 0.6870397646666667 0.2537756201171875 0.6907216493333334 0.2575512407226562 0.6929307806666667 0.25889967626953125 0.6929307806666667
1 0.5560949296875 0.45066273933333334 0.5598705502929687 0.44955817400000003 0.5620280473632813 0.44477172333333337 0.5622977348632813 0.439617084 0.5612189858398438 0.43225331399999994 0.5601402373046875 0.4307805593333333 0.5558252426757813 0.429675994 0.5426105717773437 0.42930780533333335 0.5388349516601563 0.4363033873333333 0.5385652641601563 0.44035346066666664 0.5558252426757813 0.451030928 0.5560949296875 0.45066273933333334
1 0.3570658037109375 0.44072164933333335 0.3619201723632812 0.4363033873333333 0.361111111328125 0.43004418266666666 0.3600323623046875 0.42820324 0.3570658037109375 0.4270986746666667 0.348435814453125 0.429675994 0.34789643994140623 0.4329896906666667 0.3503236245117187 0.4385125186666667 0.35275080908203127 0.44072164933333335 0.35562756201171875 0.44072164933333335 0.3570658037109375 0.44072164933333335
1 0.439050701171875 0.4723858613333333 0.4430960087890625 0.47017673066666665 0.4447141318359375 0.4672312226666666 0.4439050703125 0.46207658333333335 0.44066882421875 0.460972018 0.435814455078125 0.46134020600000003 0.4314994604492188 0.46502209133333333 0.4314994604492188 0.47054491866666665 0.4366235166015625 0.4723858613333333 0.439050701171875 0.4723858613333333
1 0.4695253505859375 0.600515464 0.473570658203125 0.5972017673333333 0.47464940673828127 0.5909425626666667 0.4722222221679688 0.5865243006666667 0.4695253505859375 0.5839469806666667 0.4638619204101562 0.5835787926666667 0.4606256743164063 0.5865243006666667 0.4606256743164063 0.5916789393333334 0.46440129443359374 0.5983063326666667 0.46898597607421877 0.600515464 0.4695253505859375 0.600515464
1 0.4228694711914063 0.6126656846666666 0.42556634326171877 0.6111929306666667 0.42691477880859374 0.6086156113333333 0.426645091796875 0.6012518406666666 0.4258360302734375 0.5997790866666667 0.4196332255859375 0.6001472753333333 0.41774541552734373 0.6012518406666666 0.41612729248046876 0.6045655373333333 0.41612729248046876 0.6089838 0.41774541552734373 0.6111929306666667 0.4212513486328125 0.6126656846666666 0.4228694711914063 0.6126656846666666
1 0.8460086298828124 0.340574374 0.8500539375 0.3394698086666667 0.8522114345703125 0.33689248866666666 0.8538295576171875 0.3328424153333333 0.8522114345703125 0.32400589133333335 0.8497842504882812 0.3195876286666667 0.8470873784179688 0.3166421206666667 0.8411542612304688 0.313328424 0.8317152104492187 0.313328424 0.82820927734375 0.3151693666666667 0.8257820927734375 0.3192194406666667 0.8257820927734375 0.32106038266666664 0.82820927734375 0.33173785 0.8319848974609375 0.3372606773333333 0.8349514565429688 0.3394698086666667 0.8441208198242187 0.340574374 0.8460086298828124 0.340574374
1 0.836030205078125 0.4256259206666667 0.8411542612304688 0.41458026533333336 0.8395361381835937 0.40905743733333333 0.8368392666015625 0.40611192933333334 0.8341423950195312 0.406848306 0.8311758359375 0.4097938146666667 0.8292880258789063 0.41715758466666664 0.8306364619140625 0.42452135466666663 0.8317152104492187 0.4256259206666667 0.8345919633789063 0.4256259206666667 0.836030205078125 0.4256259206666667
1 0.78425026953125 0.5265095726666666 0.7877562026367187 0.520250368 0.7909924487304687 0.5176730486666667 0.7912621357421875 0.5139911633333334 0.789104638671875 0.5117820326666667 0.7799352749023437 0.514359352 0.7772384033203125 0.5176730486666667 0.7769687163085938 0.522827688 0.77804746484375 0.5250368186666667 0.779665587890625 0.5265095726666666 0.7827219526367187 0.5265095726666666 0.78425026953125 0.5265095726666666
1 0.3071736787109375 0.9370397646666667 0.3098705502929687 0.9363033873333334 0.310949298828125 0.934094256 0.31121898583984375 0.9270986746666667 0.3096008627929687 0.9248895433333334 0.307713052734375 0.9245213546666667 0.30124056103515623 0.925257732 0.2993527509765625 0.9278350513333333 0.298543689453125 0.9329896906666666 0.3007011865234375 0.9366715760000001 0.3055555556640625 0.9370397646666667 0.3071736787109375 0.9370397646666667
1 0.21386192041015625 0.8788659793333333 0.22087378662109375 0.8766568479999999 0.2227615966796875 0.8718703973333333 0.223570658203125 0.867820324 0.22303128369140626 0.8641384386666667 0.21925566357421875 0.8600883653333333 0.21035598681640624 0.8600883653333333 0.20415318212890626 0.8626656846666666 0.201456310546875 0.8659793813333334 0.20118662353515626 0.8718703973333333 0.20307443359375 0.87628866 0.20604099267578124 0.8781296026666667 0.21233360302734375 0.8788659793333333 0.21386192041015625 0.8788659793333333
1 0.22384034521484375 0.9587628866666668 0.22761596533203124 0.9580265093333334 0.22707659130859376 0.9521354933333334 0.22384034521484375 0.9502945506666667 0.21898597607421874 0.9502945506666667 0.217367853515625 0.9536082473333333 0.21844660205078126 0.9580265093333334 0.22222222216796875 0.9587628866666668 0.22384034521484375 0.9587628866666668
1 0.00350593310546875 0.7967599413333334 0.00593311767578125 0.7941826213333334 0.0056634306640625 0.7897643593333333 0.0037756201171875 0.7864506626666666 0.00107874853515625 0.7897643593333333 0.00026968701171875 0.7934462446666667 0.0008090615234375 0.7952871873333334 0.00323624609375 0.7967599413333334 0.00350593310546875 0.7967599413333334
1 0.0555555556640625 0.7956553753333333 0.05879180126953125 0.790132548 0.057982740234375 0.785714286 0.0560949296875 0.7849779086666667 0.05447680712890625 0.7853460973333334 0.0523193095703125 0.7897643593333333 0.0523193095703125 0.7941826213333334 0.05447680712890625 0.7956553753333333 0.0555555556640625 0.7956553753333333
1 0.06121898583984375 0.770250368 0.06364617041015624 0.7695139913333334 0.06364617041015624 0.7639911633333333 0.05933117578125 0.7610456553333333 0.057713052734375 0.7636229746666666 0.057713052734375 0.7662002946666666 0.05933117578125 0.770250368 0.06121898583984375 0.770250368
1 0.8319848974609375 0.16347569933333334 0.8368392666015625 0.16016200266666666 0.8392664506835937 0.15279823266666667 0.8395361381835937 0.15022091333333332 0.8379180151367187 0.14322533133333334 0.823624595703125 0.13254786466666668 0.8185005395507813 0.13254786466666668 0.8168824165039063 0.13365243 0.8144552319335937 0.13733431533333335 0.8120280473632813 0.146539028 0.8131067958984375 0.15279823266666667 0.8149946064453125 0.155375552 0.8225458466796876 0.16016200266666666 0.8314455229492187 0.16347569933333334 0.8319848974609375 0.16347569933333334