1 0.5374112504882812 0.5965697240000001 0.5390496997070312 0.6017897093333333 0.5404150737304687 0.6029082773333334 0.5505188422851562 0.6025354213333334 0.560895685546875 0.594705444 0.56881485546875 0.585756898 0.5731840522460937 0.5753169273333333 0.5731840522460937 0.5704697986666667 0.5709994536132813 0.568605518 0.5567995629882813 0.5693512306666666 0.54942654296875 0.5719612226666666 0.5445111962890625 0.576435496 0.5395958491210937 0.5891126026666667 0.5374112504882812 0.5965697240000001
1 0.6365374111328125 0.6413124533333333 0.64309120703125 0.6387024606666667 0.6452758056640625 0.6364653246666667 0.6406335336914063 0.625652498 0.6310759150390625 0.6185682326666667 0.6212452211914062 0.61595824 0.605133806640625 0.6178225206666667 0.6045876572265625 0.6226696493333334 0.6105953032226562 0.6327367633333333 0.622883669921875 0.6413124533333333 0.6365374111328125 0.6413124533333333
1 0.7954669580078125 0.5831469053333334 0.7965592573242187 0.5749440713333334 0.7951938833007812 0.5484712900000001 0.7938285087890625 0.5462341533333334 0.7809939921875 0.5436241613333334 0.767613326171875 0.5436241613333334 0.7651556528320312 0.5566741239999999 0.76324412890625 0.578299776 0.7643364282226562 0.5835197613333333 0.7938285087890625 0.587248322 0.7954669580078125 0.5831469053333334
1 0.09421081396484375 0.4459358686666667 0.0922992900390625 0.452274422 0.0922992900390625 0.46196868 0.0936646640625 0.4656972406666666 0.0988530859375 0.46830723333333335 0.1160567998046875 0.47203579399999995 0.12124522119140625 0.47203579399999995 0.124522119140625 0.46942580133333334 0.1302566904296875 0.44929157333333336 0.1294374658203125 0.4466815806666667 0.12534134375 0.4440715886666667 0.10677225537109375 0.43885160333333334 0.0988530859375 0.4392244593333333 0.09557618798828126 0.442207308 0.09421081396484375 0.4459358686666667
1 0.3962315673828125 0.08389261733333334 0.39240852001953125 0.08090976866666667 0.3831239760742188 0.077554064 0.3713817587890625 0.07457121533333334 0.3656471875 0.07457121533333334 0.347078099609375 0.08090976866666667 0.34462042578125 0.08389261733333334 0.3440742763671875 0.08538404200000001 0.3468050244140625 0.09134973933333333 0.356089568359375 0.09806114866666667 0.359639541015625 0.10290827733333333 0.35690879296875 0.11595824 0.35800109228515625 0.11819537666666667 0.359639541015625 0.12043251333333334 0.3678317861328125 0.12453393 0.37957400341796876 0.12639821 0.3831239760742188 0.12453393 0.3918623701171875 0.11073825533333333 0.4104314580078125 0.10216256533333334 0.41015838330078125 0.09768829200000001 0.3962315673828125 0.08389261733333334
1 0.36318951416015627 0.018269948 0.35690879296875 0.03803132 0.3563626435546875 0.04213273666666667 0.35718186767578125 0.04436987333333334 0.36209721484375 0.04847129 0.36947023486328123 0.05070842666666667 0.387766248046875 0.05108128266666667 0.3935008193359375 0.04474272933333333 0.40660841064453124 0.038777032 0.41698525390625 0.015287099333333333 0.414254505859375 0.010812826000000001 0.399235390625 0.004474272666666667 0.3962315673828125 0.0037285606666666664 0.3869470234375 0.0055928413333333335 0.37930092822265626 0.00857569 0.36318951416015627 0.018269948
1 0.18432550537109374 0.09284116333333332 0.18077553271484376 0.09806114866666667 0.18268705615234376 0.107009694 0.187329328125 0.11372110333333334 0.19087930078125 0.12229679333333333 0.21217913720703124 0.15026099933333334 0.21709448388671876 0.14988814333333333 0.21982523193359374 0.14765100666666667 0.232386673828125 0.134228188 0.23566357177734376 0.12900820266666665 0.232386673828125 0.12080536933333334 0.203986892578125 0.078299776 0.18623702880859375 0.08612975399999999 0.18432550537109374 0.09284116333333332
1 0.32940625732421874 1 0.3309666850585937 0.9981357193333333 0.33369743310546873 0.9899328860000001 0.33943200439453125 0.98098434 0.34571272509765627 0.9675615213333334 0.34216275244140626 0.9634601046666667 0.3315128344726562 0.9567486953333334 0.32714363720703127 0.9552572706666667 0.32222829052734375 0.9560029826666667 0.31594756982421873 0.9675615213333334 0.3113052978515625 0.9720357940000001 0.3077553251953125 0.98098434 0.30447842724609375 0.9858314693333333 0.303113052734375 0.9895600299999999 0.303113052734375 0.9944071586666667 0.3061168759765625 0.9977628633333334 0.30986190234375 1 0.32940625732421874 1
1 0.39322774462890625 0.8340790453333334 0.39432004345703126 0.8325876213333333 0.39459311865234376 0.828113348 0.3784817041015625 0.8120805366666667 0.3651010375976563 0.8120805366666667 0.34352812646484376 0.825503356 0.33369743310546873 0.8359433260000001 0.33506280712890624 0.8392990306666667 0.3519934462890625 0.8545861299999999 0.3659202622070313 0.855331842 0.39322774462890625 0.8340790453333334
1 0.38585472412109373 0.9097688293333334 0.38339705078125 0.9108873973333332 0.3850354995117187 0.9120059660000001 0.387766248046875 0.9179716626666666 0.389677771484375 0.9198359433333333 0.4049699619140625 0.9258016406666667 0.42217367578125 0.9194630873333334 0.43173129443359376 0.9071588366666666 0.4314582197265625 0.902311708 0.4183506279296875 0.8989560026666666 0.39732386669921876 0.903803132 0.3918623701171875 0.9030574199999999 0.3891316220703125 0.905294556 0.38585472412109373 0.9097688293333334
1 0.5466957944335937 0.9582401193333333 0.55133806640625 0.9601044 0.5581649370117188 0.9589858313333334 0.5641725834960938 0.942207308 0.5625341342773438 0.9373601786666667 0.5406881484375 0.922818792 0.5319497543945313 0.9190902313333332 0.5283997817382813 0.923191648 0.5232113598632813 0.9366144666666667 0.5243036591796875 0.941834452 0.5417804477539062 0.952274422 0.5466957944335937 0.9582401193333333
1 0.8069361005859375 0.807606264 0.803113052734375 0.8161819539999999 0.8033861279296876 0.8236390753333334 0.8099399233398438 0.828113348 0.850628072265625 0.8456375840000001 0.859639541015625 0.8456375840000001 0.8610049155273437 0.8419090233333333 0.8678317861328125 0.8325876213333333 0.8672856362304687 0.828113348 0.8629164389648437 0.8199105146666668 0.8511742216796875 0.8072334080000001 0.845439650390625 0.8016405666666666 0.8317859091796875 0.7960477253333333 0.820589841796875 0.7964205813333333 0.8143091206054688 0.8005219986666666 0.8069361005859375 0.807606264
1 0.754505734375 0.84601044 0.758874931640625 0.8598061146666667 0.7728017475585938 0.865771812 0.7801747680664063 0.8676360926666666 0.7850901147460938 0.8672632366666667 0.7913708354492187 0.8627889633333332 0.7954669580078125 0.8534675613333333 0.796013107421875 0.845264728 0.7946477333984375 0.8437733033333333 0.773894046875 0.8359433260000001 0.7689787001953124 0.8348247573333333 0.7613326049804687 0.8359433260000001 0.7547788095703125 0.8407904546666667 0.754505734375 0.84601044
1 0.6805024575195312 0.9709172260000001 0.6886947021484375 0.9787472033333333 0.6927908247070312 0.9802386280000001 0.7007099946289063 0.9802386280000001 0.7099945385742188 0.9768829233333333 0.7179137084960937 0.97240865 0.7184598579101562 0.9690529453333333 0.7135445112304688 0.9582401193333333 0.7015292192382813 0.9530201340000001 0.68896777734375 0.9537658466666666 0.67667941015625 0.961595824 0.6753140361328125 0.9634601046666667 0.6805024575195312 0.9709172260000001
1 0.40442381201171873 0.2617449666666667 0.40578918603515624 0.277404922 0.40988530859375 0.2856077553333333 0.41316220654296876 0.288590604 0.42299289990234373 0.2923191646666667 0.433642818359375 0.29530201333333334 0.4377389404296875 0.2945563013333333 0.4385581650390625 0.2912005966666667 0.4377389404296875 0.277404922 0.43309666845703126 0.26882923200000003 0.4199890771484375 0.260999254 0.40988530859375 0.258389262 0.405516111328125 0.259134974 0.40442381201171873 0.2617449666666667
1 0.46996176953125 0.36353467533333333 0.4538503549804688 0.3777032066666666 0.45821955224609373 0.3821774793333333 0.4827962861328125 0.39112602533333335 0.4898962314453125 0.38926174466666663 0.49672310205078124 0.38441461600000004 0.502730748046875 0.38404176 0.5049153466796875 0.385160328 0.5054614965820312 0.38702460866666666 0.514199890625 0.3866517526666666 0.5152921899414062 0.3829231913333333 0.514199890625 0.37807606266666666 0.5049153466796875 0.3709917973333334 0.48661933349609376 0.36204325133333337 0.47951938818359374 0.36017897066666665 0.46996176953125 0.36353467533333333
1 0.6064991806640625 0.23415361666666668 0.6100491533203125 0.23340790466666667 0.61141452734375 0.231170768 0.6152375751953125 0.220730798 0.6163298745117187 0.212155108 0.6111414526367187 0.20805369133333332 0.5841070454101562 0.19724086533333332 0.5819224467773437 0.19910514533333332 0.5761878754882812 0.2136465326666667 0.5772801748046875 0.220730798 0.5824685961914062 0.22557792666666668 0.6064991806640625 0.23415361666666668
1 0.647460404296875 0.24533929933333332 0.6499180776367187 0.2472035793333333 0.6712179135742188 0.24123788200000001 0.6777717094726563 0.2382550333333333 0.6788640087890625 0.23527218466666666 0.67667941015625 0.22371364666666665 0.6734025122070313 0.222222222 0.6619333696289063 0.22520507066666667 0.645821955078125 0.232289336 0.6447296557617187 0.23378076066666664 0.6452758056640625 0.23900074600000001 0.647460404296875 0.24533929933333332
1 0.8022938286132812 0.45935868733333335 0.8107591479492188 0.462341536 0.8298743857421875 0.46047725599999995 0.8459858002929688 0.4481730053333333 0.8478973237304688 0.4440715886666667 0.8328782084960937 0.43064876933333335 0.8203167666015625 0.42878448933333335 0.8025669033203126 0.4302759133333333 0.78973238671875 0.44258016399999994 0.788913162109375 0.4459358686666667 0.7900054614257812 0.44891871733333333 0.8022938286132812 0.45935868733333335
1 0.7525942109375 0.414988814 0.7523211362304687 0.41759880666666666 0.7646095029296875 0.4261744966666667 0.771163298828125 0.42878448933333335 0.7771709448242188 0.42878448933333335 0.7812670673828125 0.4272930646666667 0.792463134765625 0.4172259506666667 0.796013107421875 0.413124534 0.796013107421875 0.4112602533333334 0.7949208081054687 0.4082774046666667 0.7886400874023437 0.40492170000000005 0.7872747133789062 0.40193885133333335 0.7785363188476563 0.4004474273333334 0.7648825776367187 0.40305742 0.7525942109375 0.414988814
1 0.4650464228515625 0.565995526 0.46450027294921875 0.5704697986666667 0.46668487158203126 0.5712155106666666 0.470780994140625 0.5835197613333333 0.4746040415039062 0.587248322 0.5060076459960937 0.576808352 0.5147460405273437 0.5730797913333333 0.5174767885742187 0.5704697986666667 0.5174767885742187 0.566741238 0.5139268159179687 0.5544369873333334 0.5101037685546875 0.547352722 0.49645002734375 0.5503355706666667 0.48252321142578125 0.557792692 0.4685963955078125 0.5626398213333333 0.4650464228515625 0.565995526
1 0.638722009765625 0 0.6357181870117188 0.0026099926666666665 0.6357181870117188 0.006711409333333334 0.6398143090820313 0.018269948 0.6433642817382812 0.022371364666666664 0.6471873291015625 0.036614466666666665 0.6460950302734375 0.057419836 0.6471873291015625 0.06338553333333333 0.6709448388671875 0.06263982133333333 0.6886947021484375 0.07121551066666668 0.6982523212890624 0.07158836666666667 0.7020753686523438 0.06897837466666666 0.7061714912109375 0.06189410866666666 0.709448388671875 0.059284116000000005 0.71545603515625 0.048844146000000005 0.7179137084960937 0.03504847133333333 0.7211906064453125 0.024981357333333336 0.7222829052734375 0.014541387333333333 0.725286728515625 0.006338553333333333 0.726105953125 0 0.638722009765625 0
1 0.594483888671875 0.06114839666666667 0.5936646640625 0.06338553333333333 0.5961223374023438 0.076435496 0.6062261059570313 0.09731543599999999 0.619333697265625 0.104399702 0.6277990170898438 0.10551827 0.6327143637695313 0.10290827733333333 0.6335335883789063 0.08948545866666666 0.6291643911132813 0.08090976866666667 0.6277990170898438 0.07233407933333333 0.6250682685546874 0.068232662 0.6185144731445312 0.06375838933333333 0.610322228515625 0.06114839666666667 0.5983069360351563 0.05891126 0.594483888671875 0.06114839666666667
1 0.30584380126953126 0.7028337060000001 0.29710540673828123 0.7046979866666667 0.2946477333984375 0.7140193886666666 0.294101583984375 0.7237136466666666 0.296013107421875 0.7259507826666667 0.32523211376953126 0.732289336 0.3306936098632812 0.730797912 0.33369743310546873 0.7147651006666667 0.33315128369140623 0.7106636839999999 0.3317859091796875 0.7091722593333334 0.32140906591796875 0.7069351233333333 0.315401419921875 0.7024608499999999 0.31512834521484373 0.70059657 0.31813216845703124 0.6968680086666666 0.3137629711914062 0.692393736 0.3061168759765625 0.6968680086666666 0.30584380126953126 0.7028337060000001
1 0.37465865625 0.68344519 0.38749317333984373 0.6890380313333333 0.39240852001953125 0.6894108873333333 0.39950846533203127 0.6856823266666667 0.409066083984375 0.6759880686666667 0.410704533203125 0.6703952273333333 0.40797378466796874 0.6659209546666667 0.3962315673828125 0.6614466813333334 0.39104314599609374 0.6614466813333334 0.3823047514648438 0.6651752426666667 0.371927908203125 0.6756152126666667 0.3713817587890625 0.6797166293333333 0.37465865625 0.68344519
1 0.47951938818359374 0.7002237133333333 0.4896231567382813 0.6961222966666666 0.4918077553710937 0.69388516 0.493719279296875 0.6882923193333332 0.48388858544921876 0.671886652 0.4705079189453125 0.6759880686666667 0.4677771708984375 0.6782252053333333 0.467231021484375 0.6797166293333333 0.470780994140625 0.6916480239999999 0.4756963408203125 0.6998508573333333 0.47951938818359374 0.7002237133333333
1 0.21654833447265626 0.8721103653333333 0.221736755859375 0.8713646533333333 0.2274713271484375 0.8586875466666667 0.22146368115234374 0.8534675613333333 0.21272528662109375 0.8523489933333334 0.2009830693359375 0.8575689786666667 0.19279082470703124 0.866517524 0.19279082470703124 0.8717375093333334 0.1944292734375 0.876211782 0.20835608935546876 0.876211782 0.21654833447265626 0.8721103653333333
1 0.1086522705078125 1 0.1078645546875 0.9944071586666667 0.1037684326171875 0.9843400446666666 0.07755324951171876 0.9828486206666667 0.0729109775390625 0.9862043253333332 0.0729109775390625 0.9940343026666666 0.0742407333984375 1 0.1086522705078125 1
1 0.09120699072265626 0.9548844146666667 0.0936646640625 0.9582401193333333 0.11114145263671875 0.9634601046666667 0.12179137060546875 0.963087248 0.12534134375 0.960477256 0.12479519384765625 0.9504101420000001 0.12179137060546875 0.9444444446666667 0.11469142529296875 0.94108874 0.1073184052734375 0.9399701713333334 0.09912616064453125 0.9332587619999999 0.09475696337890625 0.9347501866666666 0.09011469140625 0.9414615959999999 0.09120699072265626 0.9548844146666667
1 0.17640633544921874 0.6226696493333334 0.17859093408203125 0.6181953766666667 0.17831785888671875 0.6096196866666667 0.17422173681640624 0.6073825506666667 0.16712179150390624 0.607009694 0.16493719287109376 0.60551827 0.16247951953125 0.607009694 0.15619879833984374 0.607009694 0.15264882568359375 0.6126025353333333 0.15264882568359375 0.6189410886666667 0.16056799560546875 0.6226696493333334 0.17640633544921874 0.6226696493333334
1 0.12752594189453126 0.5529455633333333 0.1343528125 0.5656226693333333 0.139541234375 0.565995526 0.1460950302734375 0.5633855333333333 0.15210267626953125 0.5581655480000001 0.15401419970703126 0.5533184193333334 0.15346805029296876 0.5443698733333333 0.147460404296875 0.5343027593333334 0.14199890771484375 0.5335570466666666 0.13844893505859374 0.5346756153333333 0.12889131640625 0.5443698733333333 0.12697979248046876 0.5484712900000001 0.12752594189453126 0.5529455633333333
1 0.31813216845703124 0.490305742 0.3197706171875 0.489187174 0.3219552158203125 0.4832214766666667 0.320589841796875 0.47725577933333335 0.31813216845703124 0.4742729306666667 0.30065537939453124 0.4686800893333333 0.296013107421875 0.47054437 0.296013107421875 0.482102908 0.2990169306640625 0.48471290066666667 0.3132168212890625 0.48993288599999996 0.31813216845703124 0.490305742
1 0.8234478427734375 0.9954705446666667 0.8237594208984375 0.979304996 0.8158143090820312 0.9799429533333334 0.81519115234375 0.9956834453333333 0.8234478427734375 0.9954705446666667
1 0.7944718735351562 0.9686696493333333 0.7885521572265625 0.9646278893333333 0.7846575639648438 0.9676058913333333 0.7854363735351563 0.9705838926666667 0.7902657016601562 0.9716472780000001 0.7944718735351562 0.9686696493333333
1 0.8718967778320312 0.783825876 0.8655098305664063 0.766384042 0.8382474057617187 0.780422446 0.8455693608398438 0.7957375093333333 0.8718967778320312 0.783825876
1 0.8215783725585938 0.7215022373333333 0.8126987983398437 0.7417095453333333 0.7999243583984375 0.7300108126666667 0.7840344072265625 0.7502181206666667 0.8204879848632812 0.7880801639999999 0.8321717641601563 0.7631931393333332 0.827030857421875 0.7572375093333333 0.8329505732421875 0.7400082026666667 0.8215783725585938 0.7215022373333333
1 0.7960297651367187 0.711717748 0.79649699609375 0.70150783 0.79182359375 0.7032095453333334 0.7890193881835937 0.7038475019999999 0.7865267612304687 0.7044858313333334 0.7837228291015625 0.7102289333333334 0.7846575639648438 0.7172483220000001 0.7859036044921875 0.7187371366666666 0.7932255595703125 0.7166099926666667 0.7960297651367187 0.711717748
1 0.808492626953125 0.6336539893333334 0.8031957944335938 0.6217423566666667 0.7821649370117187 0.6321648026666666 0.7849688696289062 0.6434384786666667 0.808492626953125 0.6336539893333334
1 0.8628612778320313 0.6087669646666667 0.8711179682617187 0.5881342279999999 0.8613036591796875 0.5834548846666666 0.85257946484375 0.6032367633333333 0.8628612778320313 0.6087669646666667
1 0.8334180776367187 0.8776304993333334 0.8433883125 0.8699727813333333 0.84323238671875 0.853168904 0.8307697978515625 0.8574231913333333 0.8284328237304688 0.8693348246666666 0.8334180776367187 0.8776304993333334
1 0.8639519389648438 0.8638042506666668 0.8728315126953125 0.862527964 0.868936919921875 0.852530574 0.86223812109375 0.8489146160000001 0.8556952485351562 0.850190902 0.8577203715820313 0.8599753913333333 0.8639519389648438 0.8638042506666668
1 0.8795303115234375 0.8216879193333333 0.8887217368164062 0.8310473526666666 0.892460404296875 0.8216879193333333 0.8915256689453125 0.8072237133333333 0.8798418896484375 0.800629754 0.8771936098632812 0.810627144 0.8795303115234375 0.8216879193333333
1 0.8052209174804688 0.9812192393333333 0.8063115786132813 0.9748381806666666 0.80101474609375 0.974412752 0.799145548828125 0.9801558539999999 0.8052209174804688 0.9812192393333333
1 0.728263244140625 0.637482476 0.7324694155273438 0.6438639073333333 0.738077826171875 0.638546234 0.7429071547851562 0.629187174 0.740570453125 0.6259962713333334 0.7483596396484375 0.6157863533333333 0.73527362109375 0.6096178226666666 0.7281075913085937 0.6196152126666666 0.737921900390625 0.6236565993333334 0.7290423266601562 0.6325902313333334 0.728263244140625 0.637482476
1 0.6900961225585938 0.677684564 0.700222009765625 0.6804496646666667 0.6974180776367187 0.6689634600000001 0.6883825776367187 0.656626398 0.6807490444335937 0.654499254 0.6801258876953125 0.664709172 0.6900961225585938 0.677684564
1 0.7195393227539062 0.7657457120000001 0.71175013671875 0.7768064880000001 0.7005335883789062 0.7797844893333332 0.6963274165039063 0.7868038780000001 0.709725013671875 0.7912706933333333 0.7201624794921875 0.7906327366666666 0.7229666850585937 0.7961629379999999 0.73075587109375 0.7872293066666666 0.7195393227539062 0.7657457120000001
1 0.7513194975585937 0.9635645039999999 0.7489827963867187 0.9671804626666667 0.7432187329101563 0.967818792 0.7452438559570312 0.980368382 0.7552140908203125 0.9844097686666667 0.7639380122070313 0.98398434 0.7580182958984375 0.9684567486666666 0.7570835610351563 0.9639899326666667 0.7513194975585937 0.9635645039999999
1 0.7125292192382813 0.8548706186666667 0.7115944838867188 0.846574944 0.7061419990234375 0.84508613 0.7059860732421875 0.8544451900000001 0.7125292192382813 0.8548706186666667
1 0.89027935546875 0.8514671886666667 0.888410158203125 0.8499783746666667 0.8798418896484375 0.8582740493333334 0.8895005463867187 0.8693348246666666 0.89495303125 0.8697602533333334 0.8983803930664063 0.8789064133333333 0.8954202622070313 0.882735272 0.8842039868164062 0.8831607006666666 0.88591753125 0.8933706186666667 0.8963549970703125 0.8931580906666666 0.9055464228515625 0.8908184193333333 0.9099082470703125 0.8844369873333333 0.9125567998046875 0.8720999253333332 0.9095966684570312 0.8597628633333334 0.901807482421875 0.8533814319999999 0.89027935546875 0.8514671886666667
1 0.7393241396484375 0.5111338553333333 0.7279516655273438 0.517302386 0.728574822265625 0.527299776 0.747268978515625 0.5343191646666666 0.7577067177734375 0.523683818 0.7464901694335937 0.513898956 0.7429071547851562 0.5115592840000001 0.7393241396484375 0.5111338553333333
1 1 0.4413552386666667 0.9963689243164062 0.4398765846666667 0.9951226103515625 0.43136838200000005 0.9759609501953125 0.433495526 0.9751821411132813 0.43966405666666664 0.9789210815429688 0.442854586 0.96116166015625 0.4534899326666667 0.97533806640625 0.46603989533333334 0.99808246875 0.4681666666666667 1 0.4670031033333333 1 0.4413552386666667
1 0.9501007646484375 0.4973079793333333 0.95165865625 0.4434925426666667 0.9368590932617188 0.443705444 0.9343664663085938 0.49986017866666665 0.9501007646484375 0.4973079793333333
1 0.9832829052734375 0.394569724 0.9921627524414063 0.391166294 0.9954341889648437 0.38308352 0.9882681596679688 0.3769149886666667 0.9828156743164063 0.37712751666666666 0.9712875478515625 0.38648695 0.9832829052734375 0.394569724
1 0.8651982524414062 0.281196122 0.8606805024414063 0.28034526466666665 0.85740879296875 0.28353616733333337 0.8563184052734375 0.2890663686666667 0.859589841796875 0.2918314693333333 0.8628612778320313 0.2950223713333333 0.8676906064453125 0.29119351200000004 0.8683137631835938 0.286301268 0.8651982524414062 0.281196122
1 0.9145819223632813 0.6521595826666666 0.9245521572265625 0.606852722 0.9106873291015625 0.6015350486666667 0.897757236328125 0.6481181953333333 0.9145819223632813 0.6521595826666666
1 0.958669033203125 0.6096178226666666 0.9557091752929687 0.6085544366666666 0.951347078125 0.6094052946666667 0.9460505190429688 0.6134466813333334 0.9435578920898438 0.6206785979999999 0.9501007646484375 0.6236565993333334 0.9588246860351562 0.6213169273333333 0.96085008203125 0.6145100673333334 0.958669033203125 0.6096178226666666
1 0.7647170947265625 0.7302233406666666 0.7647170947265625 0.7270328113333333 0.7650286728515625 0.7221405666666666 0.761133806640625 0.721715138 0.7578623701171875 0.7229914239999999 0.7547468598632813 0.7293724833333334 0.7553700166015626 0.7342651006666666 0.7619128891601562 0.7357539146666666 0.7647170947265625 0.7302233406666666
1 0.4533743857421875 0.44671290066666663 0.4452788095703125 0.43676472800000005 0.43637383935546875 0.44201528733333334 0.4420406879882812 0.456108874 0.4234208081054687 0.4704783746666667 0.45620781005859373 0.4823612973333334 0.48251856884765626 0.48540119333333337 0.4918285087890625 0.47959768799999997 0.5126744946289062 0.456108874 0.4950666303710938 0.4489239373333333 0.486566357421875 0.44229157333333335 0.4764467504882812 0.44229157333333335 0.4703752045898438 0.4411860553333333 0.4533743857421875 0.44671290066666663
1 0.36675177490234373 0.4704783746666667 0.3736329873046875 0.46688590599999996 0.37484735107421874 0.4599776286666667 0.367966138671875 0.443673378 0.36412069921875 0.44090976866666665 0.359263244140625 0.44505518266666666 0.36675177490234373 0.4704783746666667
1 0.5215797377929687 0.46495152866666667 0.5126744946289062 0.46384638333333333 0.5102460405273438 0.4663333333333333 0.5035671762695313 0.47158389266666667 0.5051862368164063 0.48125577933333336 0.5181389951171875 0.48512453399999994 0.5296753139648438 0.483743102 0.5304849809570312 0.47241275200000005 0.5215797377929687 0.46495152866666667
1 0.4685535224609375 0.64789038 0.466125068359375 0.6376659206666666 0.45054096142578126 0.6398765846666666 0.45256499169921877 0.6503773306666667 0.4685535224609375 0.64789038
1 0.385169033203125 0.7374254286666666 0.399741125 0.7377017153333333 0.4070273076171875 0.7288586873333334 0.3989317314453125 0.7186342280000001 0.38860977587890627 0.7189105146666668 0.3778831240234375 0.726648024 0.385169033203125 0.7374254286666666
1 0.35076297119140626 0.684367636 0.3519773349609375 0.6702740493333333 0.340441015625 0.6697214766666667 0.33821463671875 0.6846439226666666 0.35076297119140626 0.684367636
1 0.4598509013671875 0.7984970173333333 0.45216002197265626 0.80098434 0.4497312944335938 0.8026420580000001 0.4471004916992187 0.806787472 0.44952894580078123 0.8112087993333333 0.45519606787109373 0.812314318 0.46268432568359374 0.8087218493333334 0.46410103759765625 0.8020894853333332 0.4598509013671875 0.7984970173333333
1 0.5128768432617188 0.809274422 0.5193533588867187 0.8040238626666666 0.5209726923828125 0.8007076806666668 0.5136865102539062 0.791865026 0.5086267065429687 0.788548844 0.50012643359375 0.7968389260000001 0.5128768432617188 0.809274422
1 0.5397949208984375 0.7846800893333334 0.5442474057617187 0.78191648 0.5428306938476563 0.7763896346666667 0.5381755869140625 0.7730734526666667 0.5359494809570312 0.7708627886666667 0.53250873828125 0.7777714393333334 0.5397949208984375 0.7846800893333334
1 0.5163175859375 0.7061987319999999 0.5122697978515625 0.7061987319999999 0.5120674497070312 0.7180812826666667 0.52056772265625 0.723608128 0.522186783203125 0.7122781506666667 0.5163175859375 0.7061987319999999
1 0.557807482421875 0.7462684566666666 0.56590305859375 0.7302404920000001 0.5565931186523437 0.727753542 0.5505215727539062 0.7272005966666667 0.5460688149414062 0.7274768826666667 0.538377935546875 0.7318985833333332 0.533116056640625 0.7451629379999999 0.5442474057617187 0.7504134973333333 0.5525453305664062 0.749584638 0.557807482421875 0.7462684566666666
1 0.5944399233398437 0.7741789706666666 0.585939650390625 0.770310216 0.5752129985351563 0.778324012 0.588166029296875 0.7893777033333335 0.601523484375 0.78191648 0.5944399233398437 0.7741789706666666
1 0.6803965048828124 0.7439768826666667 0.6692228291015625 0.7143277406666666 0.6333831240234375 0.74541648 0.6481406333007812 0.7690205073333333 0.6749150737304688 0.769308352 0.675336701171875 0.7828378073333333 0.6848238666992188 0.7903217746666666 0.6936783178710938 0.768732662 0.6803965048828124 0.7439768826666667
1 0.5872129985351563 0.9938366893333334 0.5905860185546875 0.9975786726666667 0.5981758603515624 0.9895190153333333 0.5985974877929687 0.985488814 0.5969107045898437 0.9820346753333333 0.5893211362304688 0.9860645039999999 0.5872129985351563 0.9938366893333334
1 0.6472973784179687 0.9875037286666667 0.6498271435546875 0.9748381806666666 0.643080830078125 0.972823266 0.6401294375 0.9852009693333332 0.6472973784179687 0.9875037286666667
1 0.5741419990234375 0.3455831466666667 0.584894046875 0.34155331866666666 0.5952241943359375 0.33435682333333333 0.6000731840820313 0.326584638 0.5962782631835938 0.31593400466666666 0.5872129985351563 0.3185246086666667 0.5692930092773437 0.3087375093333333 0.5604385581054687 0.320251678 0.5745636264648437 0.327160328 0.5684497543945313 0.333205444 0.5741419990234375 0.3455831466666667
1 0.5290259418945312 0.30413199133333335 0.534507373046875 0.2946327366666667 0.5237553251953125 0.28110328133333334 0.5203823046875 0.29089038 0.5290259418945312 0.30413199133333335
1 0.44554014208984377 0.266422446 0.46767667919921874 0.25174198333333336 0.4632493173828125 0.23907606266666667 0.44069142529296873 0.251166294 0.44554014208984377 0.266422446
1 0.44807018017578126 0.28254250533333336 0.45608137646484376 0.281391126 0.45776788623046877 0.27793698733333333 0.4537624248046875 0.27304325133333335 0.44469688671875 0.27304325133333335 0.442377935546875 0.2776491426666666 0.44807018017578126 0.28254250533333336
1 0.5357722553710937 0.36688478733333335 0.5522165483398438 0.364005966 0.5581196069335937 0.35306748666666665 0.5490540688476563 0.3470223713333333 0.5330316767578125 0.34932550333333334 0.5271286181640625 0.35997613733333333 0.5357722553710937 0.36688478733333335
1 0.47969360986328125 0.13084190933333334 0.47653113037109374 0.13947762866666666 0.4790611689453125 0.14897688266666667 0.4807476787109375 0.15358277399999998 0.4849639541015625 0.15358277399999998 0.4898129438476562 0.14120507066666665 0.485807482421875 0.13775055933333336 0.47969360986328125 0.13084190933333334
1 0.47779601318359377 0.23993959733333334 0.49128864013671875 0.23907606266666667 0.49719169873046876 0.230152498 0.48918050244140626 0.22410775533333332 0.4807476787109375 0.22381991066666668 0.46746586572265625 0.23360700999999998 0.47779601318359377 0.23993959733333334
1 0.415392681640625 0.23706114866666667 0.407170671875 0.21921401933333334 0.40000273095703126 0.2252591346666667 0.39937028955078124 0.22756189400000001 0.40695985791015626 0.24166703933333333 0.415392681640625 0.23706114866666667
1 0.39178044775390625 0.2520298286666667 0.39705106494140624 0.242530574 0.39178044775390625 0.2373489933333333 0.3867209174804688 0.24598471266666666 0.3816611142578125 0.24483333333333332 0.3791310756835938 0.2549082773333333 0.3957861826171875 0.2667102906666666 0.3974726923828125 0.255771812 0.39178044775390625 0.2520298286666667
1 0.37617968310546873 0.25001491400000003 0.3711198798828125 0.252605518 0.37133069384765627 0.265846756 0.3755472421875 0.26786204333333336 0.37744456591796877 0.26354399733333334 0.37617968310546873 0.25001491400000003
1 0.4438536318359375 0.367748322 0.447016111328125 0.352203952 0.421295740234375 0.3395380313333333 0.4139169853515625 0.35623378066666667 0.4438536318359375 0.367748322
1 0.5258637358398438 0.5280842653333333 0.5321884213867187 0.5300995526666666 0.5290259418945312 0.5355686053333333 0.5334533041992188 0.53758352 0.5366155107421875 0.5329780013333333 0.5471567451171875 0.5355686053333333 0.5505297651367187 0.5332658466666667 0.5511622065429688 0.5234787473333333 0.5471567451171875 0.5208881433333333 0.5444158930664063 0.5234787473333333 0.5376695795898437 0.5197363906666667 0.5323992353515625 0.5197363906666667 0.5296583833007813 0.5197363906666667 0.5258637358398438 0.5280842653333333
1 0.6144090659179687 0.5361442953333333 0.621998634765625 0.5315387773333333 0.6152523212890625 0.5119645786666667 0.6076627524414062 0.5185850113333333 0.6144090659179687 0.5361442953333333
1 0.6059762426757812 0.46619537666666666 0.6205229384765625 0.4687859806666667 0.6287449482421875 0.4621651753333333 0.6198904970703125 0.4512266966666667 0.610192517578125 0.44806040266666664 0.599651556640625 0.45410514533333335 0.6059762426757812 0.46619537666666666
1 0.6080843798828125 0.422153244 0.598386673828125 0.4290615213333333 0.60260294921875 0.44690865 0.626636810546875 0.43251603266666666 0.621998634765625 0.4169716626666667 0.6080843798828125 0.422153244
1 0.5467351171875 0.3018288593333333 0.550951392578125 0.3029802386666666 0.55390305859375 0.29693549599999997 0.5484216274414062 0.29146606999999997 0.5446267065429687 0.2923296046666667 0.5399888037109375 0.29693549599999997 0.5467351171875 0.3018288593333333
1 0.55790879296875 0.20654847133333332 0.571401419921875 0.212017524 0.5787801748046875 0.20885123066666667 0.5766717641601562 0.19589783733333335 0.5640223920898437 0.19071625666666667 0.552005734375 0.19445824 0.55790879296875 0.20654847133333332
1 0.06890879296875 0.9288788219999999 0.10095685400390625 0.9096651753333334 0.0941198798828125 0.8893445193333334 0.0630816494140625 0.9129776286666667 0.06890879296875 0.9288788219999999
1 0.5092845439453125 0.893363162 0.5070999453125 0.8907531693333334 0.4934462041015625 0.884787472 0.4877116328125 0.8840417600000001 0.4748771162109375 0.8900074573333333 0.4606772255859375 0.904548844 0.4598580009765625 0.9067859806666667 0.461223375 0.9112602533333334 0.4713271435546875 0.9276659206666666 0.48388858544921876 0.9302759133333334 0.49590387744140624 0.9381058913333333 0.5060076459960937 0.9373601786666667 0.5073730200195312 0.9332587619999999 0.5073730200195312 0.9284116333333333 0.5101037685546875 0.9250559286666666 0.5098306938476562 0.922445936 0.5040961225585937 0.9179716626666666 0.5032768979492187 0.9146159580000001 0.5095576186523437 0.8978374346666667 0.5092845439453125 0.893363162
1 0.06160988134765625 1 0.06198798486328125 0.9977628633333334 0.06744948095703125 0.9944071586666667 0.0652648828125 0.9847129006666667 0.0658110322265625 0.9765100673333333 0.05816493701171875 0.962341536 0.05270344091796875 0.9563758386666666 0.05133806640625 0.9504101420000001 0.05270344091796875 0.9455630126666666 0.05625341357421875 0.9414615959999999 0.05625341357421875 0.931767338 0.055707263671875 0.9284116333333333 0.05051884228515625 0.9198359433333333 0.04696886962890625 0.9175988066666667 0.0420535224609375 0.9187173753333333 0.02812670654296875 0.9325130500000001 0.02020753662109375 0.94295302 0.01174221728515625 0.9496644293333334 0.00901146923828125 0.9541387026666667 0.00764609521484375 0.961595824 0.00354997265625 0.9679343773333333 0.00382304736328125 0.9720357940000001 0.01583833984375 0.9899328860000001 0.02020753662109375 0.991797166 0.02594210791015625 0.9906785979999999 0.0294920810546875 0.9925428786666667 0.03468050244140625 0.9970171513333334 0.0369147509765625 1 0.06160988134765625 1
1 0 0.30368146333333335 0.00464227197265625 0.30201342266666664 0.0070999453125 0.297912006 0.0101037685546875 0.2859806113333333 0.0101037685546875 0.277404922 0.00764609521484375 0.27554064133333334 0 0.2761315833333334 0 0.30368146333333335
1 0.19907154541015626 0.2759134973333333 0.20316766796875 0.2747949293333333 0.20699071533203126 0.2651006713333333 0.2053522666015625 0.251304996 0.20425996728515625 0.250186428 0.1947023486328125 0.250559284 0.1788640087890625 0.248695004 0.1761332607421875 0.251304996 0.173948662109375 0.259880686 0.1731294375 0.2643549586666667 0.17558711083984374 0.26808351999999996 0.19907154541015626 0.2759134973333333
1 0 0.7511807113333333 0.02484980908203125 0.7624906786666668 0.0294920810546875 0.7628635346666667 0.03194975439453125 0.7598806859999999 0.0349535771484375 0.7453392993333333 0.032768978515625 0.7408650259999999 0.007919169921875 0.7285607753333334 0.0030038232421875 0.729306488 0 0.7317673379999999 0 0.7511807113333333
1 0.12714148583984375 0 0.11655980322265624 0.023409396000000002 0.1839961767578125 0.03945861266666667 0.18940169287109376 0.034846756 0.21453823046875 0.042225950666666665 0.21616002197265624 0.030604026666666666 0.213186783203125 0.03207979133333333 0.22170098291015625 0.017137584 0.20507837255859376 0.009942953333333332 0.210733072265625 0 0.12714148583984375 0
1 0 0.06907053199999999 0.0065993994140625 0.081816182 0.01290551611328125 0.08705294533333334 0.0302037138671875 0.090004474 0.0303388857421875 0.10125727066666668 0.01425696337890625 0.120627144 0.0211490986328125 0.13224869533333333 0.06912479541015625 0.13520022399999998 0.0964235390625 0.12394742733333333 0.110883943359375 0.10513124533333333 0.08331485546875 0.08096532466666667 0.11128945947265625 0.042225950666666665 0.09372091748046875 0.005700223999999999 0.05939459326171875 0.016768456666666667 0.03506881494140625 0.024372110666666665 0.00641862353515625 0.05495451133333333 0 0.06286817333333333 0 0.06907053199999999
1 0.03790688134765625 0.23244779999999998 0.03101474609375 0.233370246 0.02277089013671875 0.22968083533333333 0.0176354453125 0.222670768 0.0054726923828125 0.21935048466666668 0.0038509013671875 0.22227330333333334 0.0068241396484375 0.23613758399999998 0.013986619140625 0.23927330333333335 0.016283998046875 0.24185607733333334 0.0170950302734375 0.246652498 0.0172302021484375 0.25089522733333336 0.02520344091796875 0.25679828466666665 0.03196067724609375 0.25679828466666665 0.03533915869140625 0.2562449666666667 0.03858274169921875 0.25975018666666666 0.04047460400390625 0.25938105866666666 0.0439882578125 0.24554548866666667 0.04452894580078125 0.2389045486666667 0.04317749853515625 0.23060328133333333 0.03790688134765625 0.23244779999999998
1 0.0461507373046875 0.27636763599999997 0.0237168212890625 0.26932699466666665 0.016419169921875 0.28134862066666666 0.0341228837890625 0.289649888 0.04196122314453125 0.2857759133333333 0.0461507373046875 0.27636763599999997
1 0.09284243603515625 0.2812289333333333 0.08236892431640624 0.284668904 0.08696368115234375 0.29665958266666664 0.101829328125 0.30366964933333335 0.10926215185546875 0.298873602 0.1089918076171875 0.2914944073333333 0.0960182958984375 0.283008576 0.09284243603515625 0.2812289333333333
1 0.049258875 0.202194258 0.06682741650390625 0.18411595800000002 0.05412397607421875 0.175999254 0.047907427734375 0.17950410133333333 0.0413530859375 0.18047874733333333 0.04317749853515625 0.1881744966666667 0.0381772255859375 0.19961185666666664 0.04642080810546875 0.2204571213333333 0.05615128369140625 0.217136838 0.049258875 0.202194258
1 0.12831731298828125 0.12783668933333334 0.12399289990234375 0.10422408666666666 0.113722009765625 0.109344892 0.1141272529296875 0.119904176 0.11912752587890625 0.13355518266666666 0.12831731298828125 0.12783668933333334
1 0.1443992353515625 0.24851230400000002 0.1576433642578125 0.25902721866666667 0.1679139814453125 0.256813572 0.166157291015625 0.24998806866666667 0.15156198779296876 0.23725950799999998 0.14352075390625 0.23971103666666665 0.1443992353515625 0.24851230400000002
1 0.101829328125 0.25496868 0.11588421630859375 0.24334712933333333 0.11074877099609375 0.23209396 0.095207263671875 0.24592953 0.101829328125 0.25496868
1 0.1510212998046875 0.21309321399999998 0.15521081396484376 0.20903504866666667 0.15791343505859376 0.20054921733333334 0.152913162109375 0.197597688 0.14750764599609376 0.19888888866666665 0.1443992353515625 0.198520134 0.14075040966796876 0.19925801666666668 0.13412834521484376 0.20645227466666666 0.138723375 0.21530723333333332 0.1431829599609375 0.21290902333333334 0.1510212998046875 0.21309321399999998
1 0.3185562534179687 0.6836521253333334 0.334322228515625 0.6694865773333334 0.328933916015625 0.65695563 0.3095759150390625 0.6701137213333334 0.3185562534179687 0.6836521253333334
1 0.30598361572265625 0.7351826993333334 0.29720289453125 0.7340932139999999 0.28443063916015626 0.7365447426666666 0.27764527587890625 0.7449895599999999 0.2784434736328125 0.7531621926666666 0.2874240849609375 0.7545242353333333 0.3019923540039062 0.752072334 0.30877771728515624 0.7479862039999999 0.30598361572265625 0.7351826993333334
1 0.2662479521484375 0.9116331093333333 0.26488257763671874 0.9015659953333334 0.2610595302734375 0.8974645786666666 0.23921354443359374 0.9067859806666667 0.23839431982421874 0.9082774046666666 0.237575095703125 0.9120059660000001 0.2397596943359375 0.922818792 0.2433096669921875 0.9261744966666666 0.2594210815429687 0.9183445193333334 0.2662479521484375 0.9116331093333333
1 0.34380120166015626 0.8810589113333334 0.34161660302734376 0.893736018 0.34025122900390625 0.902684564 0.34298197705078126 0.9071588366666666 0.348989623046875 0.9093959733333333 0.35172037158203123 0.9157345266666667 0.35690879296875 0.9202087993333333 0.36155106494140626 0.9213273673333333 0.3659202622070313 0.9198359433333333 0.3664664116210937 0.8993288593333333 0.35882031689453125 0.8892617446666666 0.359639541015625 0.8795674866666666 0.35745494287109375 0.8743475019999999 0.3476242490234375 0.8743475019999999 0.34598580029296877 0.87546607 0.34380120166015626 0.8810589113333334
1 0.3122916440429688 0.06570954533333333 0.32058847607421875 0.051872856 0.31824003271484375 0.042878076 0.30399453857421876 0.0405522 0.2827913706054688 0.049986204 0.277951392578125 0.057533183999999994 0.27887329345703127 0.06916853066666667 0.2931624794921875 0.07294220733333333 0.3122916440429688 0.06570954533333333
1 0.2765685419921875 0.05470320666666667 0.3026116875 0.04180984333333333 0.3104478427734375 0.03552050733333333 0.29661960693359374 0.023256152 0.27495548876953124 0.026086502666666667 0.25861796826171873 0.03992841133333334 0.2765685419921875 0.05470320666666667
1 0 0.36778986533333335 0.00449672314453125 0.3758001493333334 0.01294019677734375 0.36994556333333334 0.0029743310546875 0.3535145413333333 0 0.3551112873333333 0 0.36778986533333335
1 0.04339131640625 0.546248322 0.0335638994140625 0.544359806 0.024013107421875 0.5536140940000001 0.01972228271484375 0.5698560773333333 0.0325950302734375 0.5696670393333333 0.03882359375 0.5600354213333333 0.04380639013671875 0.5468150633333333 0.04339131640625 0.546248322
1 0.087822228515625 0.5288732286666666 0.083116056640625 0.515275168 0.055113326171875 0.524197614 0.0586168759765625 0.5392606266666666 0.087822228515625 0.5288732286666666
1 0 0.6484858213333333 0.0107255595703125 0.6514988813333333 0.0064347353515625 0.6244917973333334 0 0.6214635086666667 0 0.6484858213333333
1 0.22211660302734376 0.995719612 0.22839759716796876 0.9808956 0.21719360986328126 0.977189784 0.21362889111328126 0.9903922446666668 0.22211660302734376 0.995719612
1 0.2127801748046875 0.9354970173333332 0.20666876025390624 0.9192833706666667 0.19394593115234374 0.9266569726666667 0.20004833447265624 0.9433724833333333 0.2127801748046875 0.9354970173333332
1 0.22092845458984375 0.9368870246666667 0.231792736328125 0.9549537659999999 0.24503358837890624 0.9477733033333334 0.23094401953125 0.9294750186666667 0.22483287841796876 0.9301696493333333 0.219230748046875 0.9310961966666667 0.22075860205078124 0.937118568 0.22092845458984375 0.9368870246666667
1 0.155063080078125 0.911606264 0.14810322216796876 0.8926129753333333 0.13622009814453126 0.9007196120000001 0.14385909326171875 0.9213344520000001 0.155063080078125 0.911606264
1 0.13757837255859376 0.808499254 0.13078809375 0.7948333333333333 0.11211496435546875 0.8078046233333332 0.11839595849609375 0.8214705446666667 0.13757837255859376 0.808499254
1 0.17085035498046874 0.8425484713333333 0.1869773349609375 0.8286506339999999 0.158304478515625 0.8028225206666666 0.14131294384765625 0.8175328113333333 0.17085035498046874 0.8425484713333333
1 0.19553713818359375 0.7732759133333333 0.19020262158203124 0.7742188666666666 0.1869773349609375 0.7795462340000001 0.1866376298828125 0.789274422 0.189523484375 0.7955283373333334 0.19563489892578126 0.7904325133333333 0.19919961767578126 0.7827889633333333 0.19553713818359375 0.7732759133333333
1 0.0609270888671875 0.8297617446666666 0.05270043701171875 0.8372207306666666 0.04777744384765625 0.8481073826666667 0.05405843798828125 0.8522766593333334 0.0659412890625 0.8488020133333333 0.072901419921875 0.8321252793333334 0.0661111416015625 0.8293456373333333 0.0609270888671875 0.8297617446666666
1 0.0491354453125 0.8617733033333334 0.04319415625 0.8481073826666667 0.029104314453125 0.8588739746666667 0.038101310546875 0.871269948 0.0491354453125 0.8617733033333334
1 0.05032386669921875 0.8698799406666667 0.0391198798828125 0.870806488 0.02995303125 0.8705749439999999 0.03182031689453125 0.8786819539999999 0.03046231591796875 0.8865570466666667 0.0598301474609375 0.8893366893333333 0.0625461494140625 0.8775238626666666 0.05864172607421875 0.8710380313333334 0.05032386669921875 0.8698799406666667
1 0.0567744404296875 0.734809098 0.05270043701171875 0.7072457120000001 0.0392875478515625 0.7115760626666667 0.0442124521484375 0.7378202833333333 0.0567744404296875 0.734809098
1 0.3284726923828125 0.28868344533333334 0.33038722021484374 0.26706413133333334 0.3230764609375 0.26436092466666666 0.31977007080078124 0.2865454886666667 0.3284726923828125 0.28868344533333334
1 0.16343937744140624 0.15910589133333333 0.156207263671875 0.15578784466666667 0.152300109375 0.164095078 0.148818951171875 0.17502349 0.15560704541015624 0.17692431 0.16343937744140624 0.15910589133333333
1 0.08755270361328125 0.41054064133333334 0.09677744384765626 0.403888516 0.11052758056640626 0.39224720333333335 0.11296422705078125 0.3836946306666667 0.10199890771484375 0.3806058913333333 0.08946723095703125 0.3777550333333334 0.0813904970703125 0.3820261 0.07014746044921875 0.38963385533333333 0.06353358837890626 0.40103765866666663 0.0757170947265625 0.408402312 0.08755270361328125 0.41054064133333334
1 0.07014746044921875 0.15954176 0.0512285634765625 0.15578784466666667 0.04873921337890625 0.17142058133333335 0.0595303115234375 0.17640976866666666 0.07032168212890624 0.17617225933333336 0.07014746044921875 0.15954176
1 0.1922449482421875 0.690095824 0.18937302001953124 0.6989988813333333 0.18763244140625 0.709214392 0.193376296875 0.710402312 0.196857181640625 0.7061260253333334 0.20068651025390624 0.6923467560000001 0.1996419990234375 0.68807047 0.1922449482421875 0.690095824
1 0.10687247412109376 0.6673620433333333 0.102347078125 0.680666294 0.09956226123046875 0.690406786 0.1084388310546875 0.6906442953333334 0.1154008740234375 0.685655108 0.11992627001953125 0.671162938 0.12097078076171874 0.6647486953333334 0.10687247412109376 0.6673620433333333
1 0.20477962841796876 0.37186428066666666 0.1991198798828125 0.3788251306666667 0.205733751953125 0.3864272933333333 0.21339213525390624 0.39046607 0.221398416015625 0.38310141666666664 0.21537766259765626 0.376331096 0.21008519921875 0.37074757666666663 0.20477962841796876 0.37186428066666666
1 0.6445944838867188 0.8537009693333333 0.6404172583007812 0.855838926 0.6364459311523437 0.8585712153333334 0.6350215727539062 0.8681927666666667 0.63467367578125 0.87650783 0.6398951391601563 0.879121178 0.6437241943359375 0.875795302 0.645986892578125 0.8610656226666666 0.6445944838867188 0.8537009693333333
1 0.6466832333984375 0.26352088 0.644942654296875 0.24712826266666665 0.6418096669921876 0.24332699466666668 0.6362400327148438 0.24261409399999997 0.6321370834960938 0.24671103666666666 0.634151556640625 0.2599571213333333 0.6357179135742187 0.2711230426666667 0.6388509013671875 0.27563721133333335 0.6458129438476562 0.275399702 0.6466832333984375 0.26352088
1 0.696910431640625 0.43386353466666666 0.693951392578125 0.4393277406666667 0.6956919716796875 0.449543624 0.6995212998046875 0.45572035800000005 0.7052648828125 0.4595216253333333 0.7073536318359375 0.44859321399999996 0.704742763671875 0.4364768826666667 0.696910431640625 0.43386353466666666
1 0.690110322265625 0.5039705446666667 0.6883817587890625 0.5123434006666666 0.6901223374023437 0.517095078 0.6936034951171876 0.5130563013333334 0.697780720703125 0.5049787473333334 0.6949959038085938 0.49903915 0.692558984375 0.49975205066666667 0.690110322265625 0.5039705446666667
1 0.284583833984375 0.48015137933333335 0.2633492626953125 0.47516219266666665 0.2609126162109375 0.487753542 0.2788399780273437 0.49369313933333336 0.28371354443359376 0.49511856800000004 0.284583833984375 0.48015137933333335
1 0.1742198251953125 0.5723340793333334 0.18535909326171876 0.5830824013333333 0.209077826171875 0.5910779266666667 0.227707263671875 0.5820335573333334 0.21330311328125 0.567222222 0.18881594775390625 0.5604064133333333 0.1742198251953125 0.5723340793333334
1 0.0380434189453125 0.31360738266666666 0.0313670126953125 0.31536204333333334 0.0292446748046875 0.321155854 0.033404423828125 0.32822445933333333 0.03747924609375 0.3326275166666667 0.04511933349609375 0.330310216 0.0450344072265625 0.3232416106666667 0.0380434189453125 0.31360738266666666
1 0.30257919189453125 0.8274645786666667 0.297983888671875 0.8346379566666666 0.30440715478515623 0.8375343026666666 0.3115185688476563 0.8389433260000001 0.3165079189453125 0.8348724833333334 0.31128918603515626 0.830645414 0.30434980908203124 0.8279839673333332 0.30257919189453125 0.8274645786666667
1 0.33593336962890624 0.7903825506666667 0.33748197705078126 0.8220082026666667 0.3492386674804687 0.8222431020000001 0.3472315673828125 0.7917915733333333 0.33593336962890624 0.7903825506666667
1 0.358357455078125 0.8163717373333333 0.3655262153320312 0.806508576 0.3476242490234375 0.7969765099999999 0.33788339697265624 0.8060387773333334 0.358357455078125 0.8163717373333333
1 0.384910431640625 0.8014463086666667 0.39466002197265626 0.7936964953333333 0.38405024560546874 0.779292692 0.3749888037109375 0.7881383293333333 0.384910431640625 0.8014463086666667
1 0.4115991259765625 0.7511375840000001 0.41916930615234377 0.7429962713333332 0.41217258349609376 0.731488814 0.40431567431640625 0.7382994033333333 0.4115991259765625 0.7511375840000001
1 0.427829328125 0.7610790453333334 0.42909093408203125 0.7483195373333333 0.416030857421875 0.7446360926666666 0.41492545068359377 0.7566953766666668 0.427829328125 0.7610790453333334
1 0.4312037138671875 0.8726953766666667 0.446458765625 0.8657281880000001 0.4462329326171875 0.8431491426666666 0.4314904423828125 0.852263982 0.4312037138671875 0.8726953766666667
1 0.4581581103515625 0.8547818793333333 0.46544156201171877 0.8441357193333333 0.4599934462890625 0.8375600299999999 0.45035854736328124 0.8473452646666666 0.4581581103515625 0.8547818793333333
1 0.4900447841796875 0.8607311706666666 0.4966400874023438 0.852668158 0.49119169873046875 0.8386562266666666 0.48494074267578124 0.8444489186666666 0.4900447841796875 0.8607311706666666
1 0.5843328784179688 0.36237248333333333 0.5935090112304687 0.366756152 0.594483888671875 0.35947613733333333 0.5896665756835937 0.3464030573333334 0.583175041015625 0.342301268 0.5814079736328125 0.3521178226666667 0.5843328784179688 0.36237248333333333
1 0.20662097216796876 0.239185682 0.20914609521484376 0.27002572733333335 0.219645548828125 0.2758307233333333 0.224563080078125 0.270569724 0.22323402490234376 0.2555126773333333 0.2212405791015625 0.24263273666666665 0.21286755859375 0.23846010466666667 0.20662097216796876 0.239185682
1 0.2927433095703125 0.1809217 0.300318951171875 0.16296196866666665 0.28052157275390627 0.16181133466666667 0.27121272509765626 0.173121178 0.2927433095703125 0.1809217
1 0.24968214111328124 0.07255853866666666 0.243036865234375 0.08217300533333333 0.245163298828125 0.09523489933333333 0.2499478427734375 0.10122110333333334 0.2559287275390625 0.10085831466666667 0.2591182412109375 0.08852237133333334 0.25619442919921875 0.07509806133333333 0.24968214111328124 0.07255853866666666
1 0.27499235400390626 0.09486987333333334 0.2679008740234375 0.09924235666666667 0.2642105405273438 0.10454474266666666 0.26605570703125 0.11143736 0.27159120703125 0.109714392 0.27644675048828127 0.10480984333333333 0.27712643359375 0.100435496 0.27499235400390626 0.09486987333333334
1 0.17017394873046876 0.6976409393333334 0.16519716015625 0.7000656226666667 0.16253058447265625 0.7025559286666666 0.158039595703125 0.7037050706666668 0.1548118515625 0.7054291573333333 0.150601583984375 0.7121338553333333 0.1536889677734375 0.7167311706666666 0.15874139794921874 0.7169228186666666 0.16224986328125 0.7186469053333333 0.16463571826171874 0.7207539146666666 0.16884598583984375 0.7182636093333333 0.17305625341796874 0.7123255033333333 0.17081075927734374 0.7042796419999999 0.17067039892578126 0.6987244593333333 0.17017394873046876 0.6976409393333334
1 0.09264063330078125 0.7887263233333333 0.0971316220703125 0.7889179713333333 0.1023241396484375 0.789301268 0.10246450048828125 0.78259657 0.1000786455078125 0.7772326620000001 0.098254232421875 0.7665055926666667 0.09642981982421875 0.7598008946666667 0.08941288916015624 0.7659306486666666 0.090816220703125 0.7751256526666667 0.089833970703125 0.7822132740000001 0.09264063330078125 0.7887263233333333
1 0.2728257783203125 0.8099578673333334 0.2705802841796875 0.8049776286666667 0.2649666850585938 0.8047859806666667 0.2634227197265625 0.8114906786666667 0.2644052431640625 0.818961596 0.266510376953125 0.8235589113333334 0.27212397607421873 0.8239418346666666 0.27408874951171874 0.8183866519999999 0.2728257783203125 0.8099578673333334
1 0.7481693061523438 0.008497762666666667 0.7418825776367187 0.008971662666666666 0.7406196069335937 0.018932886 0.7403388857421875 0.02161484 0.74833833984375 0.020082401333333333 0.7526889677734375 0.012419835999999998 0.7524082470703125 0.0072475766666666675 0.7481693061523438 0.008497762666666667
1 0.762066357421875 0.10941088733333333 0.757741125 0.11078709933333332 0.7561974331054687 0.11653393 0.7580218461914062 0.11902423533333333 0.7672842709960938 0.12132289333333333 0.7692490444335938 0.11940715866666667 0.7682667939453125 0.11040380333333333 0.762066357421875 0.10941088733333333
1 0.49266725634765623 0 0.49493418896484376 0.003670022666666667 0.5088522666015625 0.011522371333333331 0.5027282905273438 0.019627889333333332 0.5088522666015625 0.030013050000000003 0.5183164936523438 0.034065995333333335 0.5383582739257813 0.030772930666666667 0.5793700166015625 0.008736018 0.5832670673828125 0.006456376 0.5786229775390626 0 0.49266725634765623 0
1 0.21388339697265624 0.49748657733333335 0.2051654833984375 0.5008240119999999 0.1993184052734375 0.507499254 0.200913162109375 0.5238974646666666 0.2062288369140625 0.5238974646666666 0.21260759130859375 0.51997912 0.21409584912109375 0.5059030573333334 0.21388339697265624 0.49748657733333335
1 0.17709885302734374 0.42833892599999995 0.1732714365234375 0.43632028333333334 0.17316521044921876 0.44778411599999995 0.17507891845703125 0.4572166293333333 0.18071354443359375 0.4591032813333334 0.1846471875 0.4483646533333333 0.1833713818359375 0.43646532466666665 0.17709885302734374 0.42833892599999995
1 0.1757168212890625 0.11895302 0.17582304736328125 0.11953355733333333 0.1774178046875 0.13099739 0.193364828125 0.128820656 0.1924079736328125 0.11692132733333334 0.1757168212890625 0.11895302
1 0.346692791015625 0.11394705466666666 0.3507400327148438 0.10747576466666667 0.347039595703125 0.101004474 0.34241425439453127 0.09768978399999999 0.3379770615234375 0.096483594 0.3248375205078125 0.10400335599999999 0.32472173681640626 0.11142170000000001 0.3273814853515625 0.11599888133333333 0.33547596923828127 0.11663049933333333 0.346692791015625 0.11394705466666666
1 0.25075860205078127 0.17152125266666668 0.25160622607421873 0.16182960466666665 0.24023484423828126 0.16284787466666667 0.23963134912109374 0.171087248 0.25075860205078127 0.17152125266666668
1 0.06675641748046875 0.25006226666666664 0.075316220703125 0.23914429533333334 0.05903850341796875 0.21832885933333335 0.050619060546875 0.22707680866666666 0.06675641748046875 0.25006226666666664
1 0.4802050791015625 0.304930276 0.4819819770507813 0.31972669666666664 0.492466138671875 0.31948396733333334 0.50970289453125 0.312692394 0.5162777172851563 0.30323228933333335 0.5189432001953125 0.294014914 0.52080884765625 0.287171514 0.5104137084960938 0.28625316933333333 0.49975177490234374 0.28989149866666664 0.48837902783203124 0.2974108873333333 0.4802050791015625 0.304930276
1 0.8487408520507812 0.4941222966666667 0.8470873837890625 0.4832885906666667 0.839398689453125 0.48323005199999997 0.8411348989257813 0.49479940333333333 0.8487408520507812 0.4941222966666667
1 0.9261234296875 0.5979645786666666 0.9494374658203125 0.561851976 0.9128129438476562 0.5624735273333333 0.8940461494140625 0.5970615213333333 0.9261234296875 0.5979645786666666
1 0.8427883671875 0.6537408653333333 0.8561815947265625 0.6469697986666667 0.8465914799804688 0.6342669646666667 0.8356783178710937 0.639296048 0.8427883671875 0.6537408653333333
1 0.821127798828125 0.6379418346666667 0.8255922993164062 0.648324012 0.8346862368164063 0.6490011186666667 0.837827962890625 0.639296048 0.8343555434570312 0.6284623413333333 0.8241040415039063 0.6280108126666667 0.821127798828125 0.6379418346666667
1 0.8155060078125 0.608825876 0.8267495903320312 0.590995526 0.8059158930664062 0.5618795673333333 0.7959950844726562 0.577227442 0.8155060078125 0.608825876
1 0.9033055708007812 0.8363814319999999 0.9133918623046875 0.8318672633333334 0.9095887495117188 0.8239097686666668 0.9001638447265625 0.8289332586666666 0.9033055708007812 0.8363814319999999
1 0.877180775390625 0.988985086 0.8728817587890625 0.9878564506666666 0.8705669033203125 0.9901133480000001 0.871889677734375 0.9944019386666667 0.87685008203125 0.9968844146666667 0.8796608413085938 0.9957561519999999 0.8793301474609375 0.99191909 0.877180775390625 0.988985086
1 0.9729169853515625 0.9964332586666667 0.99358547265625 0.951969426 0.975066357421875 0.913312826 0.9558861279296875 0.95151827 0.9729169853515625 0.9964332586666667
1 0.6810917529296875 0.8073590606666666 0.685142818359375 0.80450522 0.6815491533203125 0.799910142 0.6765180229492187 0.8027211033333334 0.6810917529296875 0.8073590606666666
1 0.6829213544921875 0.6069429533333334 0.6788702895507812 0.6066413126666667 0.6752113598632813 0.6080682326666667 0.6723364282226563 0.610922446 0.6762566904296875 0.6139545113333333 0.6821370834960937 0.6137762866666667 0.6864494809570313 0.6114574946666667 0.6829213544921875 0.6069429533333334
1 0.6997785361328125 0.602695004 0.7068350629882812 0.596095078 0.7030453305664063 0.5916357193333334 0.6944208081054688 0.5966301266666667 0.6997785361328125 0.602695004
1 0.6660638994140625 0.5977005966666666 0.65913817578125 0.5939545113333333 0.6540417802734375 0.593597688 0.645025123046875 0.5918139446666667 0.649860185546875 0.6126841906666667 0.6663252319335937 0.6180354213333333 0.668416166015625 0.6175003726666667 0.6660638994140625 0.5977005966666666
1 0.7055283999023437 0.5322289333333333 0.6989945385742188 0.5234884413333334 0.695466138671875 0.517551454 0.6756034951171875 0.5149261746666667 0.6630584379882812 0.5199209546666667 0.670376296875 0.5325857566666666 0.6812225561523437 0.5404340046666667 0.6944208081054688 0.5406126026666667 0.7055283999023437 0.5322289333333333
1 0.6608369741210938 0.351660328 0.6654107045898437 0.3495197613333333 0.6607061713867187 0.33917375066666666 0.656394046875 0.34238478733333333 0.6608369741210938 0.351660328
1 0.6512976513671875 0.3809142433333333 0.6546952485351563 0.37181692733333327 0.6495988530273438 0.36820954533333333 0.6459399233398437 0.3778818046666667 0.6512976513671875 0.3809142433333333
1 0.6448943198242187 0.4126651753333333 0.6523429819335937 0.4071353466666667 0.6430649916992187 0.40000037266666666 0.6379685961914062 0.40517337800000003 0.6448943198242187 0.4126651753333333
1 0.7107553251953125 0.22657419866666664 0.702 0.22354175999999998 0.6949434736328125 0.22675279666666665 0.691807208984375 0.23442281866666667 0.7025226650390625 0.237277032 0.7107553251953125 0.22657419866666664
1 0.7713894047851563 0.21426621933333334 0.773872201171875 0.20802311733333334 0.7670770073242188 0.20356375866666668 0.7640712724609375 0.209271812 0.7713894047851563 0.21426621933333334
1 0.7875931186523437 0.20338516 0.7902067177734375 0.19803393000000002 0.7840649916992187 0.19451193133333333 0.7810592573242188 0.19946085000000002 0.7875931186523437 0.20338516
1 0.42663817578125 0.08836055200000001 0.4232992900390625 0.13462080533333334 0.4595259418945313 0.11114876933333333 0.46102839990234373 0.091095078 0.46269797900390625 0.056388516 0.4323143090820312 0.07491573466666666 0.42663817578125 0.08836055200000001
1 0.48421873291015627 0.06184787466666666 0.5059855268554687 0.05322669666666667 0.495045603515625 0.03752386266666667 0.4675270341796875 0.044759508 0.48421873291015627 0.06184787466666666
1 0.4749705078125 0.07293214 0.48534653173828124 0.08909694266666666 0.49008328759765624 0.07431767333333333 0.4899705078125 0.057844891999999995 0.4799330966796875 0.041372483333333335 0.4736171489257813 0.056613348 0.4749705078125 0.07293214
1 0.47722610595703124 0.031821402 0.4883915893554687 0.025817300666666668 0.48331649365234375 0.020736763333333335 0.47271490966796875 0.025663310666666665 0.47722610595703124 0.031821402
1 0.460421900390625 0.02766480266666667 0.4631286181640625 0.020736763333333335 0.45297815380859374 0.014579045333333334 0.4488052978515625 0.022892244666666665 0.460421900390625 0.02766480266666667
1 0.5367747133789063 0.160080164 0.529782359375 0.16269724066666666 0.5340679956054688 0.16823937333333333 0.5349702348632812 0.17424347533333331 0.5418498090820313 0.175782998 0.5499702348632812 0.17008687533333333 0.543654287109375 0.15977218466666668 0.5367747133789063 0.160080164
1 0.5486166030273437 0.27034563733333333 0.5399325502929687 0.26726659199999997 0.5397069907226563 0.2751178226666667 0.5445565263671875 0.277119314 0.5489552158203125 0.2751178226666667 0.5486166030273437 0.27034563733333333
1 0.4747449482421875 0.34102087999999997 0.46865483349609377 0.33378523466666665 0.4645947568359375 0.338711782 0.4684292734375 0.34502349 0.47451938818359374 0.34456189400000004 0.4747449482421875 0.34102087999999997
1 0.103782359375 0.521398956 0.11668186767578125 0.5117505593333334 0.10908356103515625 0.5050570466666666 0.09742080810546876 0.5122330353333333 0.103782359375 0.521398956
1 0.11456144189453125 0.56457569 0.12392681591796875 0.5573392993333334 0.1230434189453125 0.537077554 0.11297105419921875 0.5447964206666667 0.11456144189453125 0.56457569
1 0.08717176416015625 0.7544567486666667 0.11509147998046874 0.742155108 0.09370999462890625 0.725100298 0.068441015625 0.731300522 0.08717176416015625 0.7544567486666667
1 0.03203932275390625 0.8077938106666667 0.03857755322265625 0.8058639073333334 0.0316859638671875 0.7920540639999999 0.02338066650390625 0.7945272186666666 0.03203932275390625 0.8077938106666667
1 0.06773402490234375 0.813341536 0.0552763515625 0.8090641313333334 0.05359748779296875 0.8234724086666667 0.06225614404296875 0.831190902 0.0670273076171875 0.829985086 0.06773402490234375 0.813341536
1 0.12481048583984375 0.9378251306666666 0.12481048583984375 0.9260059660000001 0.1133244130859375 0.9284951526666667 0.1142080830078125 0.9402375093333334 0.12481048583984375 0.9378251306666666
1 0.16633642822265626 0.7721487693333333 0.16244893505859376 0.7759243100000001 0.1615655380859375 0.7826782253333334 0.1626256142578125 0.7882259506666666 0.16633642822265626 0.7853314693333333 0.1681034951171875 0.7807486953333334 0.1682801748046875 0.7759243100000001 0.16633642822265626 0.7721487693333333
1 0.25097897314453127 0.7624164800000001 0.25380639013671874 0.7662759133333334 0.25557345703125 0.760969426 0.2552200981445312 0.7554217 0.2506256142578125 0.7504340046666667 0.24938858544921874 0.7551804626666667 0.25097897314453127 0.7624164800000001
1 0.258930912109375 0.7752005966666667 0.2771316220703125 0.776889262 0.27289077001953127 0.7641868006666667 0.25751720361328123 0.7616931393333333 0.258930912109375 0.7752005966666667
1 0.02036592041015625 0.6423829233333334 0.01432304736328125 0.642016406 0.0098918623046875 0.6465988066666666 0.01539732373046875 0.6504481733333334 0.0211714912109375 0.6513646533333333 0.0266772255859375 0.6439004473333334 0.02036592041015625 0.6423829233333334
1 0.03970262158203125 0.3103452646666667 0.04681949755859375 0.307412752 0.05004232666015625 0.30177032066666665 0.04426815966796875 0.2984310213333333 0.03889677783203125 0.2975145413333333 0.0344655927734375 0.30081394466666667 0.02963134912109375 0.30631282600000004 0.0331226103515625 0.31089522733333336 0.03970262158203125 0.3103452646666667
1 0.13061196044921874 0.329775168 0.13235772802734375 0.30594630866666667 0.09072992919921875 0.30012043266666666 0.0881785908203125 0.3235428786666667 0.13061196044921874 0.329775168
1 0.13947460400390624 0.168587248 0.1400117421875 0.15355704666666667 0.124166302734375 0.151174124 0.121883669921875 0.16602125266666667 0.13947460400390624 0.168587248
1 0.127523484375 0.18490119333333332 0.14081731298828126 0.18655070866666665 0.147800109375 0.18288478733333333 0.1432345712890625 0.17481953733333333 0.13719169873046874 0.16693773333333334 0.121883669921875 0.16987061866666667 0.127523484375 0.18490119333333332
1 0.23199535791015624 0.18584116333333334 0.22635554345703124 0.18804064133333334 0.21453850341796876 0.1926230426666667 0.21306144189453124 0.20233780733333334 0.2207154560546875 0.20912005933333333 0.23212971044921876 0.19940529466666665 0.2340095576171875 0.19079008199999997 0.23199535791015624 0.18584116333333334
1 0.177678044921875 0.37174720333333333 0.1723066630859375 0.36282587600000005 0.1599527578125 0.373580164 0.155386947265625 0.3788956 0.161295466796875 0.3880607753333334 0.177678044921875 0.37174720333333333
1 0.196074822265625 0.417777778 0.19191206982421874 0.41649478 0.18761496435546876 0.415355332 0.18372064453125 0.41796085 0.18358629150390626 0.42492654733333335 0.18788339697265624 0.42767598800000006 0.1951346259765625 0.4278590606666667 0.19701474609375 0.42236017866666664 0.196074822265625 0.417777778
1 0.15283560888671874 0.49020357933333336 0.14571873291015625 0.489061894 0.13900464208984376 0.500284862 0.1447788095703125 0.5028512306666667 0.15109011474609374 0.49771886666666665 0.15283560888671874 0.49020357933333336
1 0.1348418896484375 0.49496942600000005 0.135110322265625 0.4803053693333333 0.12879901708984376 0.4781058913333333 0.1283962314453125 0.49276957466666665 0.1348418896484375 0.49496942600000005
1 0.11201365380859375 0.9111789706666666 0.11040251220703125 0.9175943326666667 0.11496805029296875 0.9232766593333334 0.12275641748046875 0.9227266966666666 0.131216275390625 0.9203437733333334 0.13215619873046874 0.9102624906666666 0.13282768994140626 0.9068236393333333 0.12826187890625 0.9038467560000001 0.12127935546875 0.903663684 0.11402812646484375 0.9069630873333334 0.11201365380859375 0.9111789706666666
1 0.12745630810546876 0.9832378820000001 0.13027607861328125 0.9768225206666666 0.11604232666015625 0.9757225953333333 0.11402812646484375 0.9832378820000001 0.12745630810546876 0.9832378820000001
1 0.18553358837890624 0.928692394 0.1867419443359375 0.9363907533333333 0.1918448935546875 0.9396901566666667 0.196813216796875 0.9389571213333333 0.195604587890625 0.9341912753333332 0.19265046435546876 0.9301588366666667 0.1899647734375 0.9292423566666667 0.18553358837890624 0.928692394
1 0.1819079736328125 0.907796048 0.186876296875 0.89753132 0.18217640625 0.8914220733333333 0.17586510107421874 0.904496644 0.1819079736328125 0.907796048
1 0.29658519921875 0.9064828486666667 0.29671955224609375 0.8987844893333332 0.28570835595703126 0.8982345266666666 0.28557400341796874 0.9072162566666666 0.29658519921875 0.9064828486666667
1 0.28033697412109376 0.808580164 0.27859147998046874 0.8016144666666667 0.2699972690429687 0.8025894853333333 0.27134025146484375 0.8111461593333333 0.28033697412109376 0.808580164
1 0.33326215185546876 0.45733706199999996 0.332458765625 0.452793438 0.3323438012695312 0.44934601066666663 0.32855598046875 0.4469958986666666 0.3232758056640625 0.4457423566666666 0.3209800654296875 0.44652572733333334 0.3232758056640625 0.46047091733333334 0.33326215185546876 0.46235085733333336 0.33326215185546876 0.45733706199999996
1 0.328670671875 0.48585384066666665 0.32786728564453127 0.4813098433333334 0.326374931640625 0.478372856 0.3233904970703125 0.4819366146666667 0.3212097216796875 0.48585384066666665 0.321898416015625 0.49071103666666666 0.32430884765625 0.4933747206666667 0.3282116328125 0.49071103666666666 0.328670671875 0.48585384066666665
1 0.3253418896484375 0.5086998506666667 0.3199470234375 0.5093627886666666 0.3171922446289063 0.5098329606666667 0.31730693603515625 0.5176674126666667 0.32143937744140627 0.5193907533333334 0.32396450048828124 0.5176674126666667 0.3252271982421875 0.5135935866666667 0.3253418896484375 0.5086998506666667
1 0.347495630859375 0.5853680086666666 0.35771135986328123 0.5776905293333333 0.3539235390625 0.5721744966666666 0.343133806640625 0.5787870993333334 0.347495630859375 0.5853680086666666
1 0.36149945361328123 0.6815920953333333 0.3656316220703125 0.672190902 0.3621881484375 0.667386652 0.3570226650390625 0.67845824 0.36149945361328123 0.6815920953333333
1 0.3361318950195312 0.7472815066666667 0.3337211904296875 0.7452445933333334 0.3291299833984375 0.7435563013333334 0.32362015283203127 0.7573094706666668 0.326374931640625 0.7629500373333333 0.33131075927734377 0.7621666666666667 0.33429519384765627 0.7599727813333333 0.33693528125 0.7516685306666666 0.3361318950195312 0.7472815066666667
1 0.30904232666015624 0.7770514540000001 0.3148965048828125 0.7767382553333334 0.322357455078125 0.7762680833333334 0.3291299833984375 0.7732912006666667 0.33222910986328125 0.7704709173333334 0.3339508466796875 0.7674936613333333 0.334983888671875 0.7654567486666667 0.3337211904296875 0.762009694 0.3336064990234375 0.7599727813333333 0.3038771162109375 0.7687472033333334 0.305139814453125 0.7745447426666666 0.30904232666015624 0.7770514540000001
1 0.3584000546875 0.96558874 0.3566783178710938 0.9483530946666666 0.34497023486328127 0.9466756153333334 0.34738066650390625 0.9643351973333333 0.3584000546875 0.96558874
1 0.39019579443359376 0.9496066366666667 0.38342326611328126 0.956500746 0.39157318408203123 0.9622982846666667 0.4017889130859375 0.9660585386666667 0.4078727470703125 0.9605745713333333 0.4021332607421875 0.9557173753333333 0.396394046875 0.9530536913333334 0.39019579443359376 0.9496066366666667
1 0.42141725830078125 0.982824012 0.42968186767578126 0.9773400446666666 0.424057345703125 0.9709157346666666 0.41613708349609374 0.9762431020000001 0.42141725830078125 0.982824012
1 0.45240933935546873 0.9920682326666667 0.4505729111328125 0.9806304993333333 0.4397829052734375 0.9790633853333334 0.4398978701171875 0.9917550333333334 0.45240933935546873 0.9920682326666667
1 0.5331818676757812 0.8436599553333334 0.5310789184570313 0.8347296793333333 0.522433916015625 0.8337729306666667 0.52430311328125 0.8436599553333334 0.5331818676757812 0.8436599553333334
1 0.586489623046875 0.25753467533333335 0.5893481704101563 0.24605853866666666 0.5881712177734375 0.23481170799999998 0.5866578374023438 0.22540082 0.580604587890625 0.22407345266666667 0.574719279296875 0.23572967933333333 0.5728697431640625 0.24491088733333333 0.5748874931640625 0.25868232666666663 0.5792594208984375 0.26648657733333336 0.586489623046875 0.25753467533333335
1 0.5473110322265625 0.223105518 0.5496649370117187 0.22035123066666665 0.5468063901367187 0.21408612999999999 0.5370537958984375 0.21048135733333334 0.5296553793945312 0.21300633866666666 0.5220884760742187 0.21943325866666666 0.52595603515625 0.22677815066666668 0.5348678315429688 0.22930275933333333 0.5473110322265625 0.223105518
1 0.6182050791015625 0.38300596600000003 0.6200341342773438 0.37130164066666665 0.6137463134765625 0.36907718133333334 0.61260294921875 0.38175764333333334 0.6182050791015625 0.38300596600000003
1 0.6358110322265625 0.343991424 0.63123812109375 0.34180686066666666 0.6281512836914063 0.3432114093333333 0.6257504096679688 0.346644668 0.6283798471679688 0.35195041 0.62940879296875 0.3561640566666667 0.6332960131835937 0.3577244593333333 0.6387834516601563 0.35273079799999996 0.6416417260742188 0.3480492173333334 0.6416417260742188 0.34602013400000003 0.6425562534179687 0.342149888 0.6379833422851563 0.340870246 0.6358110322265625 0.343991424
1 0.7859756962890625 0.400585384 0.7983593666992187 0.4066487693333333 0.8045510649414063 0.40719985066666664 0.8141081376953125 0.394705444 0.7968787548828125 0.382248322 0.78409120703125 0.3963594333333333 0.7859756962890625 0.400585384
1 0.575177771484375 0.8431379566666666 0.5786239760742188 0.837797912 0.5716848715820313 0.8272811333333334 0.5674467504882813 0.8336021626666668 0.575177771484375 0.8431379566666666
1 0.46087957421875 0.7378877699999999 0.4548522666015625 0.7386614466666667 0.449672037109375 0.7421972406666667 0.450070453125 0.7491327366666666 0.4568448935546875 0.7518523486666666 0.4696963408203125 0.7495406413333333 0.4666081376953125 0.7445089486666667 0.46087957421875 0.7378877699999999
1 0.42665865625 0.8404038033333333 0.43144074267578125 0.8311565993333334 0.42635991259765627 0.8250372853333333 0.42008356103515626 0.8359161073333333 0.42665865625 0.8404038033333333
1 0.536145548828125 0.9837815066666667 0.5433186782226562 0.9821495153333334 0.5391840522460938 0.9672285606666666 0.5328580009765626 0.96950261 0.536145548828125 0.9837815066666667
1 0.5609780908203125 1 0.564936919921875 0.991668904 0.5596570180664062 0.987181208 0.5545761879882812 0.9980604026666666 0.5575234340820312 1 0.5609780908203125 1
1 0.46551201513671875 0.5792259506666667 0.46272255615234376 0.5687550333333333 0.4563965048828125 0.5675141686666667 0.4578410703125 0.5766424313333334 0.46551201513671875 0.5792259506666667
1 0.43124139794921873 0.36133184199999996 0.4209800654296875 0.36255592866666664 0.4135084653320312 0.3686752426666667 0.41978481689453123 0.376290828 0.4307433095703125 0.37778672599999996 0.4391116875 0.36989932866666664 0.43492763525390626 0.36309992533333335 0.43124139794921873 0.36133184199999996
1 0.44060622607421873 0.3304455633333333 0.4378167666015625 0.326501864 0.4334330966796875 0.3259578673333333 0.4205816494140625 0.3324854586666667 0.4249650463867187 0.3402367633333333 0.42964746044921875 0.3441804626666667 0.4389126162109375 0.3440447426666666 0.44538803955078127 0.3367009693333333 0.44060622607421873 0.3304455633333333
1 0.45126597509765626 0.33901305 0.45774139794921875 0.33561334800000003 0.45385608935546873 0.3308534673333333 0.448476515625 0.33370954533333336 0.45126597509765626 0.33901305
1 0.447280994140625 0.358051454 0.45166439111328127 0.36104325133333337 0.45375641748046874 0.3606353466666667 0.45365701806640624 0.353155854 0.45086728564453127 0.3487833706666667 0.446483888671875 0.35329194599999997 0.447280994140625 0.358051454
1 0.256601583984375 0.03429903066666667 0.2866228837890625 0.030796420666666668 0.28829082470703127 0.007854586 0.25801283447265627 0.012758389333333333 0.256601583984375 0.03429903066666667
1 0.24311679345703124 0 0.24287383935546875 0.012233035333333333 0.25903932275390623 0.017311708000000002 0.25852594189453126 0.005753169333333334 0.2447827421875 0 0.24311679345703124 0
1 0.16050764599609374 0.06424608533333334 0.16191889697265624 0.061443698666666664 0.1633301474609375 0.05216219266666667 0.1614057890625 0.04515697266666667 0.1553757509765625 0.03815175266666666 0.15255324951171875 0.036225578 0.150372201171875 0.034256152 0.14934598583984374 0.04638292333333334 0.15204014208984376 0.05303765866666667 0.157172037109375 0.061443698666666664 0.16050764599609374 0.06424608533333334
1 0.16961660302734374 0.05216219266666667 0.17462015283203125 0.049360178666666664 0.16846204248046875 0.041829604666666666 0.16345849267578125 0.04533221466666667 0.16961660302734374 0.05216219266666667
1 0.18013708349609375 0.066522744 0.17731458203125 0.05829157333333333 0.16903932275390626 0.05948135733333333 0.170001638671875 0.067748322 0.18013708349609375 0.066522744
1 0.23887848193359376 0.29457569 0.24520917529296876 0.2931539893333333 0.2418435283203125 0.2831178226666667 0.23631430908203124 0.284512304 0.23887848193359376 0.29457569
1 0.2429653193359375 0.307155108 0.2480939375 0.30781133466666666 0.246651556640625 0.299694258 0.24160294921875 0.29993549599999997 0.2429653193359375 0.307155108
1 0.21475832861328126 0.47172744200000005 0.211072091796875 0.4706334826666667 0.20682523193359376 0.4790559286666667 0.21123238671875 0.4803687546666667 0.21323566357421875 0.479384042 0.21475832861328126 0.47172744200000005
1 0.245689787109375 0.5396640566666666 0.25746941552734376 0.5355074573333333 0.254824958984375 0.5274944073333333 0.24352621533203125 0.5309131246666666 0.245689787109375 0.5396640566666666
1 0.5787018022460938 0.8943538406666667 0.575369197265625 0.8934440713333334 0.569148552734375 0.897689784 0.5688154013671874 0.9008739746666666 0.5714814311523437 0.9023903799999999 0.5771466411132813 0.90041909 0.5783683779296875 0.8970831466666667 0.5787018022460938 0.8943538406666667
1 0 0.10600853733333335 0.0043814853515625 0.11587658466666666 0.00992627001953125 0.116482476 0.013475150390625 0.11315175266666667 0.0065993994140625 0.10099888133333333 0 0.105845424 0 0.10600853733333335
1 0 0.09767172733333333 0.00759748779296875 0.097256898 0.0128096669921875 0.090293438 0.00648853076171875 0.07137061866666666 0.005601310546875 0.07033557066666667 0 0.070578054 0 0.09767172733333333
1 0.4273285087890625 0.602189038 0.4227875478515625 0.606085384 0.4198036591796875 0.6163568233333333 0.43160977587890625 0.6138773306666667 0.439394046875 0.606085384 0.436539869140625 0.601126398 0.431869197265625 0.602720358 0.4273285087890625 0.602189038
1 0.6730816494140625 0.67947912 0.6701518295898438 0.6779794926666667 0.6634374658203125 0.6853117080000001 0.6664893500976562 0.690310962 0.6738143090820312 0.6851450413333333 0.6730816494140625 0.67947912
1 0.7406267065429688 0.7190193886666666 0.7432386674804687 0.7208635346666666 0.7471114145507812 0.7180357940000001 0.7467512290039062 0.71348695 0.7449497543945313 0.7130041013333333 0.7411671215820312 0.7136099926666667 0.7406267065429688 0.7190193886666666
1 0.0308552705078125 0.67739821 0.02901010400390625 0.6679519013333334 0.02399289990234375 0.6681539893333334 0.0254347353515625 0.6781853093333333 0.0308552705078125 0.67739821
1 0.08529382861328125 0.36305779266666666 0.0858705625 0.3424340046666667 0.07802758056640625 0.34400820266666665 0.0768743857421875 0.36164093933333336 0.08529382861328125 0.36305779266666666
1 0.44070098291015625 0.4092759133333333 0.44718405224609376 0.40907494400000005 0.44983642822265624 0.4054545113333334 0.4467419443359375 0.401230798 0.4427637900390625 0.4000242353333333 0.4390800107421875 0.403041014 0.44070098291015625 0.4092759133333333
1 0.39016138720703125 0.20568307266666666 0.3981182412109375 0.20789522733333335 0.4006228837890625 0.20306823266666668 0.3990021845703125 0.19944779999999998 0.39495030029296874 0.19688851599999999 0.386477880859375 0.20065473533333333 0.39016138720703125 0.20568307266666666
1 0.45206881494140627 0.16399440733333334 0.458230748046875 0.15512863533333332 0.4598962314453125 0.14535309466666665 0.45373429833984374 0.14330723333333334 0.4495707265625 0.14239783733333333 0.4315841069335937 0.14648993266666668 0.4242564174804688 0.15353728533333333 0.422757509765625 0.16353989533333332 0.42958574560546875 0.16717710666666666 0.45206881494140627 0.16399440733333334
1 0.424089841796875 0.170587248 0.4279202622070313 0.15353728533333333 0.4036051337890625 0.12512043266666667 0.3921138720703125 0.14444369866666668 0.424089841796875 0.170587248
1 0.42359011474609376 0.137396346 0.425422173828125 0.12080126799999999 0.4195931186523438 0.11966442933333334 0.4159292734375 0.13535048466666666 0.42359011474609376 0.137396346