1 0.279541015625 0.3516666666666667 0.28369140625 0.3526666666666667 0.28759765625 0.35033333333333333 0.292724609375 0.3413333333333333 0.2958984375 0.333 0.296142578125 0.32966666666666666 0.2939453125 0.32233333333333336 0.2880859375 0.313 0.287109375 0.306 0.283203125 0.3016666666666667 0.279052734375 0.30233333333333334 0.277587890625 0.30133333333333334 0.26611328125 0.2856666666666667 0.26025390625 0.2836666666666667 0.25390625 0.2853333333333333 0.242431640625 0.3006666666666667 0.24169921875 0.30266666666666664 0.2451171875 0.30933333333333335 0.245849609375 0.314 0.279541015625 0.3516666666666667
1 0.201416015625 0.6316666666666667 0.208251953125 0.638 0.213623046875 0.6386666666666667 0.21875 0.636 0.224609375 0.627 0.22705078125 0.615 0.22412109375 0.609 0.21728515625 0.6036666666666667 0.2177734375 0.599 0.216796875 0.5956666666666667 0.2099609375 0.5863333333333334 0.20556640625 0.5833333333333334 0.201416015625 0.5833333333333334 0.1953125 0.585 0.1923828125 0.5876666666666667 0.188232421875 0.6 0.177978515625 0.62 0.17822265625 0.6276666666666667 0.181396484375 0.633 0.19775390625 0.633 0.201416015625 0.6316666666666667
1 0.075927734375 0.8846666666666667 0.08349609375 0.8926666666666667 0.089599609375 0.8963333333333333 0.10009765625 0.8973333333333333 0.103271484375 0.8956666666666667 0.107666015625 0.8843333333333333 0.10791015625 0.8803333333333333 0.106689453125 0.8773333333333333 0.111328125 0.873 0.107421875 0.8593333333333333 0.106201171875 0.8593333333333333 0.103515625 0.864 0.099365234375 0.8626666666666667 0.093505859375 0.8543333333333333 0.092529296875 0.849 0.08642578125 0.834 0.080322265625 0.827 0.076416015625 0.825 0.072509765625 0.8256666666666667 0.069580078125 0.8306666666666667 0.0673828125 0.8626666666666667 0.062744140625 0.869 0.064208984375 0.8806666666666667 0.075927734375 0.8846666666666667
1 0 0.6116666666666667 0.007080078125 0.6136666666666667 0.010498046875 0.6176666666666667 0.0126953125 0.6226666666666667 0.012451171875 0.6296666666666667 0.007080078125 0.637 0.005859375 0.6463333333333333 0.008056640625 0.6483333333333333 0.013671875 0.65 0.021728515625 0.6466666666666666 0.026123046875 0.642 0.032958984375 0.6386666666666667 0.03515625 0.635 0.033935546875 0.614 0.034912109375 0.6023333333333334 0.03271484375 0.591 0.023681640625 0.58 0.021728515625 0.573 0.01318359375 0.5646666666666667 0.001953125 0.5506666666666666 0 0.5506666666666666 0 0.6116666666666667
1 0.13037109375 0.49833333333333335 0.13818359375 0.498 0.140869140625 0.49566666666666664 0.142578125 0.487 0.150390625 0.466 0.1474609375 0.459 0.14599609375 0.45766666666666667 0.134521484375 0.454 0.131103515625 0.45766666666666667 0.126220703125 0.45866666666666667 0.119140625 0.449 0.114990234375 0.447 0.11328125 0.451 0.114013671875 0.45866666666666667 0.115966796875 0.4656666666666667 0.114501953125 0.4696666666666667 0.111328125 0.471 0.109619140625 0.47433333333333333 0.10986328125 0.4826666666666667 0.11279296875 0.488 0.125 0.49233333333333335 0.13037109375 0.49833333333333335
1 0.150390625 0.448 0.16552734375 0.45666666666666667 0.170166015625 0.45766666666666667 0.17236328125 0.45566666666666666 0.1728515625 0.451 0.17138671875 0.44233333333333336 0.157958984375 0.42733333333333334 0.156982421875 0.42333333333333334 0.1591796875 0.4196666666666667 0.157958984375 0.41733333333333333 0.154052734375 0.416 0.146240234375 0.41833333333333333 0.1435546875 0.42333333333333334 0.14306640625 0.42733333333333334 0.1455078125 0.432 0.147216796875 0.44333333333333336 0.150390625 0.448
1 0.185546875 0.43133333333333335 0.185302734375 0.42433333333333334 0.181884765625 0.4196666666666667 0.174072265625 0.41533333333333333 0.16943359375 0.41533333333333333 0.167724609375 0.418 0.169189453125 0.42433333333333334 0.171875 0.42733333333333334 0.177734375 0.431 0.185546875 0.43133333333333335
1 0.2578125 0.592 0.267578125 0.5956666666666667 0.271484375 0.5896666666666667 0.27783203125 0.584 0.2783203125 0.58 0.276611328125 0.5766666666666667 0.275390625 0.568 0.273193359375 0.5613333333333334 0.271240234375 0.559 0.2666015625 0.5583333333333333 0.2626953125 0.5593333333333333 0.2548828125 0.5643333333333334 0.25146484375 0.5683333333333334 0.250244140625 0.574 0.251708984375 0.5836666666666667 0.25390625 0.588 0.2578125 0.592
1 0.224609375 0.674 0.229248046875 0.6746666666666666 0.240478515625 0.6726666666666666 0.243408203125 0.671 0.2451171875 0.6676666666666666 0.244384765625 0.662 0.232177734375 0.6503333333333333 0.228515625 0.649 0.22509765625 0.65 0.221923828125 0.6556666666666666 0.2197265625 0.662 0.2197265625 0.6663333333333333 0.220703125 0.6696666666666666 0.224609375 0.674
1 0.196533203125 0.6986666666666667 0.201416015625 0.697 0.207763671875 0.6896666666666667 0.20751953125 0.6853333333333333 0.200927734375 0.6756666666666666 0.197021484375 0.6753333333333333 0.18896484375 0.683 0.188232421875 0.686 0.190185546875 0.693 0.193359375 0.697 0.196533203125 0.6986666666666667
1 0.150390625 0.7016666666666667 0.150634765625 0.6946666666666667 0.144775390625 0.6823333333333333 0.130615234375 0.681 0.12841796875 0.686 0.1279296875 0.693 0.134765625 0.7013333333333334 0.14599609375 0.705 0.150390625 0.7016666666666667
1 0.48681640625 0.3 0.49365234375 0.31433333333333335 0.494873046875 0.318 0.49560546875 0.3303333333333333 0.501708984375 0.349 0.513671875 0.352 0.521484375 0.35133333333333333 0.525146484375 0.34933333333333333 0.527587890625 0.3446666666666667 0.52490234375 0.334 0.521484375 0.32966666666666666 0.517578125 0.328 0.5166015625 0.3263333333333333 0.51708984375 0.322 0.52099609375 0.316 0.525634765625 0.31433333333333335 0.525146484375 0.31066666666666665 0.52294921875 0.31033333333333335 0.517659423828125 0.30611099999999997 0.51171875 0.295 0.504150390625 0.2856666666666667 0.494384765625 0.2796666666666667 0.490234375 0.2796666666666667 0.48828125 0.282 0.487548828125 0.2916666666666667 0.486328125 0.29633333333333334 0.484130859375 0.2986666666666667 0.48681640625 0.3
1 0.46240234375 0.3353333333333333 0.466064453125 0.33 0.469970703125 0.3283333333333333 0.475341796875 0.3293333333333333 0.477783203125 0.32666666666666666 0.465576171875 0.317 0.458251953125 0.30966666666666665 0.44970703125 0.2986666666666667 0.44384765625 0.298 0.439208984375 0.29933333333333334 0.433837890625 0.30666666666666664 0.43310546875 0.31033333333333335 0.43310546875 0.31766666666666665 0.43505859375 0.321 0.455322265625 0.33466666666666667 0.46240234375 0.3353333333333333
1 0.126953125 0.939 0.14013671875 0.9406666666666667 0.142333984375 0.9396666666666667 0.1435546875 0.9363333333333334 0.142333984375 0.9256666666666666 0.13671875 0.919 0.130859375 0.9156666666666666 0.122802734375 0.9153333333333333 0.119873046875 0.9193333333333333 0.112548828125 0.9216666666666666 0.110595703125 0.9246666666666666 0.11083984375 0.9396666666666667 0.115478515625 0.944 0.122802734375 0.9446666666666667 0.126953125 0.939
1 0.3193359375 0.806 0.319580078125 0.8026666666666666 0.318603515625 0.8006666666666666 0.311767578125 0.7953333333333333 0.310302734375 0.7926666666666666 0.302978515625 0.79 0.298583984375 0.79 0.297607421875 0.792 0.29833984375 0.7986666666666666 0.306396484375 0.8063333333333333 0.318359375 0.8073333333333333 0.3193359375 0.806
1 0.1865234375 0.9236666666666666 0.189453125 0.9273333333333333 0.197021484375 0.9313333333333333 0.2001953125 0.9306666666666666 0.2041015625 0.9276666666666666 0.202880859375 0.9246666666666666 0.205322265625 0.9196666666666666 0.200439453125 0.9096666666666666 0.19580078125 0.8883333333333333 0.192626953125 0.8806666666666667 0.181884765625 0.8773333333333333 0.177734375 0.8786666666666667 0.17236328125 0.8923333333333333 0.172119140625 0.8966666666666666 0.173095703125 0.9003333333333333 0.18115234375 0.9113333333333333 0.1865234375 0.9236666666666666
1 0.861328125 0.43366666666666664 0.86962890625 0.43766666666666665 0.87646484375 0.44266666666666665 0.885009765625 0.439 0.885986328125 0.43033333333333335 0.884765625 0.4226666666666667 0.87646484375 0.405 0.865234375 0.3943333333333333 0.85400390625 0.3873333333333333 0.849853515625 0.386 0.844482421875 0.38666666666666666 0.842041015625 0.39 0.84130859375 0.3923333333333333 0.846435546875 0.4023333333333333 0.85205078125 0.4196666666666667 0.861328125 0.43366666666666664
1 0.184814453125 0.92 0.189453125 0.928 0.2021484375 0.932 0.2080078125 0.9406666666666667 0.211181640625 0.943 0.21630859375 0.9443333333333334 0.228759765625 0.9513333333333334 0.232421875 0.952 0.23388671875 0.951 0.23681640625 0.9433333333333334 0.236572265625 0.9393333333333334 0.22998046875 0.9276666666666666 0.228759765625 0.9153333333333333 0.229248046875 0.912 0.228271484375 0.9103333333333333 0.22509765625 0.9123333333333333 0.221435546875 0.9106666666666666 0.216064453125 0.911 0.212646484375 0.914 0.204833984375 0.9123333333333333 0.200927734375 0.9063333333333333 0.1943359375 0.8846666666666667 0.189453125 0.8793333333333333 0.1845703125 0.88 0.180908203125 0.879 0.1787109375 0.8803333333333333 0.173583984375 0.892 0.1728515625 0.8953333333333333 0.173583984375 0.8996666666666666 0.1796875 0.9076666666666666 0.184814453125 0.92
1 0.3876953125 0.6 0.389404296875 0.604 0.392578125 0.607 0.396484375 0.6083333333333333 0.3984375 0.6073333333333333 0.408447265625 0.6073333333333333 0.41064453125 0.6046666666666667 0.411865234375 0.5993333333333334 0.407958984375 0.5913333333333334 0.393310546875 0.576 0.388671875 0.5783333333333334 0.384765625 0.5836666666666667 0.384765625 0.5863333333333334 0.387451171875 0.5953333333333334 0.3876953125 0.6
1 0.66162109375 0.7053333333333334 0.664306640625 0.7116666666666667 0.6689453125 0.7163333333333334 0.671875 0.722 0.68310546875 0.736 0.689453125 0.7406666666666667 0.705078125 0.7483333333333333 0.716552734375 0.7503333333333333 0.724609375 0.7566666666666667 0.731689453125 0.76 0.741943359375 0.7566666666666667 0.7490234375 0.7486666666666667 0.751220703125 0.7436666666666667 0.75732421875 0.736 0.762451171875 0.7166666666666667 0.758544921875 0.7116666666666667 0.752197265625 0.7076666666666667 0.73681640625 0.7013333333333334 0.732421875 0.6973333333333334 0.726318359375 0.687 0.7216796875 0.6813333333333333 0.720947265625 0.6736666666666666 0.724609375 0.6656666666666666 0.72509765625 0.6583333333333333 0.7177734375 0.6456666666666667 0.71435546875 0.6303333333333333 0.712890625 0.6276666666666667 0.708984375 0.626 0.705078125 0.6266666666666667 0.697021484375 0.633 0.6923828125 0.6313333333333333 0.689208984375 0.6266666666666667 0.687744140625 0.63 0.687255859375 0.6376666666666667 0.689208984375 0.6413333333333333 0.686767578125 0.653 0.6875 0.6576666666666666 0.68505859375 0.6643333333333333 0.679443359375 0.671 0.67041015625 0.679 0.652587890625 0.6816666666666666 0.65087890625 0.6853333333333333 0.653564453125 0.6916666666666667 0.654296875 0.697 0.66162109375 0.7053333333333334
1 0.911376953125 0.6673333333333333 0.915771484375 0.669 0.93603515625 0.668 0.93798828125 0.6653333333333333 0.9404296875 0.6546666666666666 0.93994140625 0.6503333333333333 0.9375 0.6466666666666666 0.927001953125 0.6433333333333333 0.920166015625 0.637 0.90576171875 0.6266666666666667 0.900146484375 0.628 0.896240234375 0.6346666666666667 0.893798828125 0.642 0.892822265625 0.6466666666666666 0.89599609375 0.6526666666666666 0.90869140625 0.6636666666666666 0.911376953125 0.6673333333333333
1 0.423583984375 0.6563333333333333 0.43505859375 0.663 0.439453125 0.663 0.4423828125 0.6586666666666666 0.443115234375 0.652 0.4423828125 0.6466666666666666 0.436279296875 0.6366666666666667 0.435546875 0.6273333333333333 0.4326171875 0.6223333333333333 0.427978515625 0.62 0.423583984375 0.6213333333333333 0.418701171875 0.6286666666666667 0.412109375 0.6306666666666667 0.41015625 0.6336666666666667 0.410888671875 0.6386666666666667 0.4140625 0.6463333333333333 0.42041015625 0.6563333333333333 0.423583984375 0.6563333333333333
1 0.579345703125 0.32966666666666666 0.588134765625 0.32666666666666666 0.59130859375 0.32266666666666666 0.594482421875 0.321 0.60009765625 0.3233333333333333 0.60302734375 0.326 0.60595703125 0.326 0.61083984375 0.32233333333333336 0.61328125 0.31833333333333336 0.612060546875 0.31333333333333335 0.607177734375 0.30633333333333335 0.600830078125 0.30733333333333335 0.59619140625 0.30466666666666664 0.58837890625 0.30633333333333335 0.57763671875 0.2976666666666667 0.56201171875 0.2886666666666667 0.55908203125 0.2886666666666667 0.5556640625 0.291 0.552490234375 0.30033333333333334 0.5517578125 0.30966666666666665 0.55517578125 0.31466666666666665 0.572265625 0.3263333333333333 0.579345703125 0.32966666666666666
1 0.45849609375 0.087 0.45849609375 0.09066666666666667 0.4619140625 0.09566666666666666 0.467529296875 0.09933333333333333 0.478271484375 0.102 0.482177734375 0.10166666666666667 0.486083984375 0.09933333333333333 0.489990234375 0.09233333333333334 0.493896484375 0.09466666666666666 0.498291015625 0.09166666666666666 0.499267578125 0.08733333333333333 0.498046875 0.083 0.494384765625 0.07933333333333334 0.490966796875 0.08 0.486083984375 0.07 0.48779296875 0.06533333333333333 0.48681640625 0.059666666666666666 0.478515625 0.049 0.462646484375 0.051 0.458740234375 0.05633333333333333 0.457763671875 0.060333333333333336 0.45751953125 0.06466666666666666 0.4609375 0.07333333333333333 0.46142578125 0.078 0.45849609375 0.087
1 0.281005859375 0.489 0.281494140625 0.49333333333333335 0.290771484375 0.5053333333333333 0.294677734375 0.5056666666666667 0.296630859375 0.497 0.29345703125 0.4866666666666667 0.294677734375 0.4846666666666667 0.298583984375 0.48333333333333334 0.298828125 0.48133333333333334 0.296142578125 0.476 0.291259765625 0.4713333333333333 0.286865234375 0.4703333333333333 0.284912109375 0.4746666666666667 0.285400390625 0.48 0.28466796875 0.48333333333333334 0.28271484375 0.485 0.281005859375 0.489
1 0.208740234375 0.4023333333333333 0.214111328125 0.39666666666666667 0.21240234375 0.38866666666666666 0.208740234375 0.38266666666666665 0.19677734375 0.389 0.19580078125 0.3963333333333333 0.197265625 0.399 0.200927734375 0.4013333333333333 0.208740234375 0.4023333333333333
1 0.18017578125 0.3456666666666667 0.1796875 0.342 0.177734375 0.34 0.169921875 0.33766666666666667 0.165771484375 0.339 0.163330078125 0.3436666666666667 0.163330078125 0.349 0.165771484375 0.3516666666666667 0.177734375 0.34833333333333333 0.18017578125 0.3456666666666667
1 0.57666015625 0.901 0.581298828125 0.8963333333333333 0.58203125 0.89 0.580810546875 0.885 0.574462890625 0.875 0.567626953125 0.872 0.564453125 0.873 0.562255859375 0.8773333333333333 0.561767578125 0.881 0.56298828125 0.8846666666666667 0.572265625 0.9003333333333333 0.57666015625 0.901
1 0.408447265625 0.943 0.408935546875 0.935 0.407958984375 0.9323333333333333 0.396484375 0.9203333333333333 0.392333984375 0.9203333333333333 0.386962890625 0.9266666666666666 0.387939453125 0.9313333333333333 0.39599609375 0.9403333333333334 0.403564453125 0.9433333333333334 0.408447265625 0.943
1 0.373046875 0.9943333333333333 0.37744140625 0.9953333333333333 0.386962890625 0.9896666666666667 0.3876953125 0.9863333333333333 0.382568359375 0.9763333333333334 0.375732421875 0.9716666666666667 0.37353515625 0.967 0.37109375 0.9646666666666667 0.3642578125 0.965 0.363037109375 0.967 0.36767578125 0.9853333333333333 0.36962890625 0.99 0.373046875 0.9943333333333333
1 0.536376953125 0.784 0.5400390625 0.7833333333333333 0.548095703125 0.7753333333333333 0.556640625 0.7766666666666666 0.5595703125 0.775 0.5595703125 0.7666666666666667 0.5517578125 0.7546666666666667 0.5439453125 0.7503333333333333 0.541259765625 0.7466666666666667 0.537109375 0.7463333333333333 0.533935546875 0.7483333333333333 0.5341796875 0.757 0.5322265625 0.7793333333333333 0.534423828125 0.783 0.536376953125 0.784
1 0.502197265625 0.561 0.50244140625 0.5526666666666666 0.498779296875 0.546 0.489990234375 0.54 0.486083984375 0.5393333333333333 0.48388671875 0.5423333333333333 0.484619140625 0.5506666666666666 0.489013671875 0.5573333333333333 0.49462890625 0.561 0.502197265625 0.561
1 0.552734375 0.6163333333333333 0.5537109375 0.615 0.552734375 0.6076666666666667 0.54931640625 0.6033333333333334 0.544189453125 0.603 0.54296875 0.6036666666666667 0.545654296875 0.6146666666666667 0.548095703125 0.617 0.552734375 0.6163333333333333
1 0.560546875 0.4683333333333333 0.564453125 0.4663333333333333 0.568359375 0.462 0.5703125 0.458 0.5712890625 0.45066666666666666 0.567626953125 0.44566666666666666 0.564208984375 0.445 0.5595703125 0.44766666666666666 0.5546875 0.455 0.554931640625 0.4613333333333333 0.5576171875 0.4663333333333333 0.560546875 0.4683333333333333
1 0.49951171875 0.21266666666666667 0.502197265625 0.21666666666666667 0.507080078125 0.22 0.51416015625 0.22066666666666668 0.5185546875 0.21866666666666668 0.521728515625 0.21466666666666667 0.5283203125 0.21066666666666667 0.533447265625 0.20133333333333334 0.532958984375 0.197 0.529296875 0.192 0.521484375 0.18466666666666667 0.51806640625 0.183 0.5093994140625 0.18733333333333332 0.505615234375 0.187 0.498291015625 0.18233333333333332 0.49365234375 0.18233333333333332 0.49072265625 0.184 0.48974609375 0.18533333333333332 0.489990234375 0.189 0.497802734375 0.20333333333333334 0.49951171875 0.21266666666666667
1 0.60791015625 0.21266666666666667 0.607177734375 0.205 0.60400390625 0.19766666666666666 0.604248046875 0.19333333333333333 0.606201171875 0.18733333333333332 0.613037109375 0.17866666666666667 0.615478515625 0.17366666666666666 0.614013671875 0.16633333333333333 0.611083984375 0.16433333333333333 0.607421875 0.16533333333333333 0.603271484375 0.169 0.60107421875 0.17866666666666667 0.595703125 0.18466666666666667 0.5947265625 0.18933333333333333 0.594970703125 0.20866666666666667 0.599365234375 0.21666666666666667 0.603759765625 0.21833333333333332 0.60791015625 0.21266666666666667
1 0.450927734375 0.238 0.454345703125 0.24033333333333334 0.458251953125 0.24133333333333334 0.460205078125 0.24033333333333334 0.4619140625 0.23266666666666666 0.461181640625 0.22566666666666665 0.456787109375 0.21666666666666667 0.456787109375 0.21266666666666667 0.455078125 0.209 0.45263671875 0.20733333333333334 0.44921875 0.201 0.447265625 0.20033333333333334 0.443115234375 0.202 0.440673828125 0.20533333333333334 0.440185546875 0.21166666666666667 0.44091796875 0.21666666666666667 0.447021484375 0.23166666666666666 0.450927734375 0.238
1 0.5859375 0.115 0.586181640625 0.111 0.575927734375 0.10466666666666667 0.57177734375 0.10466666666666667 0.568115234375 0.11 0.568115234375 0.11866666666666667 0.57568359375 0.126 0.57958984375 0.12366666666666666 0.5859375 0.115
1 0.63818359375 0.05 0.641357421875 0.05 0.66015625 0.037 0.662109375 0.03333333333333333 0.662353515625 0.024666666666666667 0.658203125 0.019666666666666666 0.654052734375 0.022333333333333334 0.64697265625 0.017 0.642333984375 0.01633333333333333 0.63671875 0.020666666666666667 0.635009765625 0.029 0.635986328125 0.03266666666666666 0.634033203125 0.037 0.634521484375 0.044333333333333336 0.63818359375 0.05
1 0.6962890625 0.048666666666666664 0.70068359375 0.048666666666666664 0.70654296875 0.017333333333333333 0.704833984375 0.014666666666666666 0.698486328125 0.017 0.693115234375 0.017333333333333333 0.685546875 0.025333333333333333 0.683349609375 0.029666666666666668 0.68310546875 0.033 0.684814453125 0.035666666666666666 0.6943359375 0.039 0.6962890625 0.048666666666666664
1 0.693359375 0.132 0.697998046875 0.13066666666666665 0.69873046875 0.12566666666666668 0.697021484375 0.10733333333333334 0.695068359375 0.10666666666666667 0.693603515625 0.10233333333333333 0.69091796875 0.09933333333333333 0.68359375 0.096 0.681396484375 0.09066666666666667 0.677734375 0.08833333333333333 0.673095703125 0.09466666666666666 0.669921875 0.09566666666666666 0.66845703125 0.098 0.666015625 0.099 0.66748046875 0.104 0.675537109375 0.11666666666666667 0.6796875 0.12633333333333333 0.693359375 0.132
1 0.767333984375 0.4696666666666667 0.771240234375 0.4736666666666667 0.779296875 0.4766666666666667 0.787109375 0.4766666666666667 0.798095703125 0.47 0.8046875 0.4633333333333333 0.803466796875 0.455 0.800537109375 0.45 0.78857421875 0.44366666666666665 0.786376953125 0.441 0.78759765625 0.438 0.792236328125 0.43533333333333335 0.794921875 0.42766666666666664 0.794189453125 0.4236666666666667 0.79150390625 0.42033333333333334 0.7822265625 0.41433333333333333 0.7763671875 0.4083333333333333 0.77197265625 0.4063333333333333 0.766357421875 0.4076666666666667 0.7626953125 0.418 0.757080078125 0.4236666666666667 0.755126953125 0.42733333333333334 0.7548828125 0.43333333333333335 0.755859375 0.439 0.762939453125 0.462 0.767333984375 0.4696666666666667
1 0.712646484375 0.442 0.720703125 0.44 0.7158203125 0.428 0.708740234375 0.422 0.70703125 0.41733333333333333 0.70947265625 0.4083333333333333 0.7080078125 0.3963333333333333 0.704833984375 0.39466666666666667 0.700927734375 0.397 0.6962890625 0.39766666666666667 0.693115234375 0.4003333333333333 0.692138671875 0.4063333333333333 0.69189453125 0.42 0.693115234375 0.428 0.695556640625 0.43266666666666664 0.712646484375 0.442
1 0.07666015625 0.597 0.08056640625 0.596 0.08740234375 0.599 0.091064453125 0.5986666666666667 0.09423828125 0.5966666666666667 0.09619140625 0.5923333333333334 0.095458984375 0.5843333333333334 0.091064453125 0.578 0.087890625 0.5756666666666667 0.079833984375 0.5743333333333334 0.068115234375 0.5806666666666667 0.0673828125 0.584 0.069091796875 0.5916666666666667 0.072265625 0.5963333333333334 0.07666015625 0.597
1 0.086669921875 0.6353333333333333 0.092041015625 0.632 0.095947265625 0.6343333333333333 0.097900390625 0.6306666666666667 0.097412109375 0.627 0.094482421875 0.623 0.08984375 0.619 0.0849609375 0.6173333333333333 0.081298828125 0.6193333333333333 0.077392578125 0.6286666666666667 0.0771484375 0.6306666666666667 0.0791015625 0.6336666666666667 0.0830078125 0.636 0.086669921875 0.6353333333333333
1 0.01708984375 0.7433333333333333 0.021484375 0.7426666666666667 0.025146484375 0.735 0.0263671875 0.7283333333333334 0.026611328125 0.722 0.025146484375 0.7166666666666667 0.021240234375 0.7096666666666667 0.017578125 0.7093333333333334 0.010009765625 0.705 0.005859375 0.7046666666666667 0.005126953125 0.7063333333333334 0.00537109375 0.712 0.009033203125 0.7203333333333334 0.009765625 0.7323333333333333 0.01708984375 0.7433333333333333
1 0.019287109375 0.8383333333333334 0.029296875 0.8343333333333334 0.034423828125 0.8303333333333334 0.036865234375 0.826 0.036376953125 0.8213333333333334 0.033203125 0.8163333333333334 0.029052734375 0.8163333333333334 0.013916015625 0.824 0.01318359375 0.8273333333333334 0.0146484375 0.8343333333333334 0.016845703125 0.8376666666666667 0.019287109375 0.8383333333333334
1 0.04443359375 0.7806666666666666 0.04736328125 0.779 0.04931640625 0.7723333333333333 0.04833984375 0.7696666666666667 0.041015625 0.765 0.037353515625 0.7673333333333333 0.035888671875 0.7713333333333333 0.035888671875 0.775 0.036865234375 0.7763333333333333 0.04443359375 0.7806666666666666
1 0.099609375 0.846 0.103515625 0.8496666666666667 0.107177734375 0.842 0.103759765625 0.8286666666666667 0.095703125 0.819 0.091552734375 0.8223333333333334 0.09130859375 0.8263333333333334 0.09375 0.8333333333333334 0.098388671875 0.8366666666666667 0.099609375 0.846
1 0.142578125 0.8433333333333334 0.14404296875 0.842 0.143798828125 0.838 0.14111328125 0.834 0.135498046875 0.8323333333333334 0.130859375 0.832 0.130126953125 0.833 0.13134765625 0.8373333333333334 0.135009765625 0.842 0.138427734375 0.8433333333333334 0.142578125 0.8433333333333334
1 0.068603515625 0.7373333333333333 0.07177734375 0.7323333333333333 0.07275390625 0.7283333333333334 0.072021484375 0.7243333333333334 0.066162109375 0.719 0.064453125 0.716 0.06201171875 0.721 0.056640625 0.724 0.05615234375 0.7253333333333334 0.056396484375 0.7323333333333333 0.060302734375 0.737 0.064208984375 0.738 0.068603515625 0.7373333333333333
1 0.154296875 0.674 0.159423828125 0.6736666666666666 0.166015625 0.662 0.165283203125 0.654 0.162109375 0.6503333333333333 0.151611328125 0.6436666666666667 0.1455078125 0.6426666666666667 0.142578125 0.6443333333333333 0.1396484375 0.648 0.137939453125 0.654 0.137939453125 0.6623333333333333 0.13916015625 0.666 0.14453125 0.67 0.154296875 0.674
1 0.060791015625 0.67 0.068359375 0.667 0.073486328125 0.6616666666666666 0.074462890625 0.658 0.072265625 0.653 0.061767578125 0.6556666666666666 0.059326171875 0.654 0.056396484375 0.6456666666666667 0.04833984375 0.6453333333333333 0.044677734375 0.6486666666666666 0.044921875 0.6586666666666666 0.0517578125 0.6683333333333333 0.054443359375 0.6696666666666666 0.060791015625 0.67
1 0.07177734375 0.365 0.069091796875 0.35333333333333333 0.064697265625 0.349 0.062255859375 0.34933333333333333 0.06103515625 0.352 0.064208984375 0.36666666666666664 0.067626953125 0.37166666666666665 0.071044921875 0.37133333333333335 0.07177734375 0.365
1 0.109619140625 0.412 0.107421875 0.4023333333333333 0.105224609375 0.40066666666666667 0.104248046875 0.396 0.099609375 0.3963333333333333 0.099609375 0.41533333333333333 0.103271484375 0.42 0.10693359375 0.419 0.109619140625 0.412
1 0 0.4176666666666667 0.006103515625 0.4186666666666667 0.014404296875 0.42433333333333334 0.0185546875 0.424 0.02001953125 0.41833333333333333 0.01611328125 0.4106666666666667 0.009765625 0.4043333333333333 0.001953125 0.39966666666666667 0 0.39966666666666667 0 0.4176666666666667
1 0.165771484375 0.38166666666666665 0.1650390625 0.377 0.159912109375 0.369 0.157470703125 0.36766666666666664 0.154296875 0.36833333333333335 0.153564453125 0.37 0.154296875 0.37666666666666665 0.157958984375 0.38166666666666665 0.16162109375 0.38333333333333336 0.165771484375 0.38166666666666665
1 0.122802734375 0.2856666666666667 0.125244140625 0.279 0.12548828125 0.2753333333333333 0.124267578125 0.27166666666666667 0.119140625 0.26666666666666666 0.115966796875 0.2653333333333333 0.11328125 0.266 0.11181640625 0.269 0.111572265625 0.2713333333333333 0.116455078125 0.283 0.118896484375 0.28633333333333333 0.122802734375 0.2856666666666667
1 0.083740234375 0.273 0.0888671875 0.27166666666666667 0.096435546875 0.26 0.097900390625 0.256 0.097900390625 0.25166666666666665 0.096435546875 0.24766666666666667 0.088134765625 0.247 0.079833984375 0.23966666666666667 0.076171875 0.24033333333333334 0.074462890625 0.24233333333333335 0.07177734375 0.24733333333333332 0.070068359375 0.25366666666666665 0.0703125 0.25933333333333336 0.074951171875 0.2693333333333333 0.07666015625 0.271 0.083740234375 0.273
1 0.068115234375 0.202 0.072265625 0.20133333333333334 0.07568359375 0.19866666666666666 0.07861328125 0.193 0.078125 0.188 0.074462890625 0.18133333333333335 0.071533203125 0.17866666666666667 0.064453125 0.17666666666666667 0.060546875 0.17733333333333334 0.05517578125 0.18366666666666667 0.055419921875 0.18833333333333332 0.059326171875 0.19766666666666666 0.06201171875 0.20033333333333334 0.068115234375 0.202
1 0.041015625 0.20666666666666667 0.043212890625 0.205 0.042724609375 0.19966666666666666 0.040771484375 0.19666666666666666 0.02490234375 0.19033333333333333 0.020751953125 0.18966666666666668 0.017333984375 0.191 0.01416015625 0.19633333333333333 0.013916015625 0.20133333333333334 0.01708984375 0.20566666666666666 0.0234375 0.20466666666666666 0.041015625 0.20666666666666667
1 0.095703125 0.20766666666666667 0.09716796875 0.20166666666666666 0.0966796875 0.197 0.095703125 0.19366666666666665 0.091552734375 0.188 0.086669921875 0.18933333333333333 0.083740234375 0.19533333333333333 0.083740234375 0.20133333333333334 0.085693359375 0.204 0.09130859375 0.20766666666666667 0.095703125 0.20766666666666667
1 0.14697265625 0.17466666666666666 0.15380859375 0.17666666666666667 0.1552734375 0.176 0.156494140625 0.174 0.156494140625 0.169 0.15185546875 0.15833333333333333 0.151123046875 0.15066666666666667 0.146240234375 0.14733333333333334 0.14306640625 0.14766666666666667 0.141845703125 0.14966666666666667 0.142822265625 0.155 0.140869140625 0.16633333333333333 0.14208984375 0.17033333333333334 0.14697265625 0.17466666666666666
1 0.083251953125 0.12033333333333333 0.091796875 0.12533333333333332 0.107421875 0.12566666666666668 0.11083984375 0.118 0.1220703125 0.11333333333333333 0.123779296875 0.10733333333333334 0.118896484375 0.094 0.107666015625 0.09033333333333333 0.0986328125 0.092 0.08935546875 0.096 0.080322265625 0.097 0.0791015625 0.09933333333333333 0.07958984375 0.102 0.076904296875 0.10766666666666666 0.07958984375 0.11533333333333333 0.083251953125 0.12033333333333333
1 0.236572265625 0.038 0.238525390625 0.033 0.23828125 0.029 0.23486328125 0.02 0.232421875 0.018 0.23095703125 0.014666666666666666 0.22607421875 0.012333333333333333 0.2197265625 0.012333333333333333 0.21337890625 0.023666666666666666 0.2138671875 0.029 0.22802734375 0.043666666666666666 0.232666015625 0.043333333333333335 0.236572265625 0.038
1 0.180908203125 0.134 0.185546875 0.13466666666666666 0.188232421875 0.131 0.184814453125 0.12566666666666668 0.173095703125 0.12433333333333334 0.1689453125 0.126 0.16943359375 0.13066666666666665 0.1748046875 0.13533333333333333 0.177978515625 0.13566666666666666 0.180908203125 0.134
1 0.3125 0.161 0.31396484375 0.159 0.313232421875 0.15566666666666668 0.309814453125 0.15233333333333332 0.302978515625 0.14966666666666667 0.3017578125 0.15166666666666667 0.302490234375 0.15666666666666668 0.304443359375 0.15866666666666668 0.310302734375 0.16133333333333333 0.3125 0.161
1 0.35546875 0.076 0.36474609375 0.08 0.367431640625 0.07966666666666666 0.37060546875 0.07833333333333334 0.37255859375 0.074 0.376953125 0.07066666666666667 0.379638671875 0.057 0.37939453125 0.053 0.374755859375 0.04466666666666667 0.365234375 0.035333333333333335 0.3525390625 0.023666666666666666 0.341796875 0.017666666666666667 0.337646484375 0.021666666666666667 0.33544921875 0.031 0.335693359375 0.037333333333333336 0.345703125 0.05633333333333333 0.34716796875 0.06433333333333334 0.35546875 0.076
1 0.39599609375 0.11566666666666667 0.400146484375 0.114 0.405029296875 0.10633333333333334 0.40673828125 0.09933333333333333 0.404296875 0.095 0.400390625 0.09133333333333334 0.396484375 0.09033333333333333 0.391357421875 0.09566666666666666 0.390380859375 0.101 0.388427734375 0.10333333333333333 0.391357421875 0.111 0.39599609375 0.11566666666666667
1 0.418701171875 0.08366666666666667 0.4189453125 0.07933333333333334 0.41552734375 0.065 0.412109375 0.064 0.4091796875 0.07333333333333333 0.408935546875 0.07966666666666666 0.412353515625 0.08433333333333333 0.416015625 0.08666666666666667 0.418701171875 0.08366666666666667
1 0.42919921875 0.05266666666666667 0.431884765625 0.05266666666666667 0.435791015625 0.04666666666666667 0.439697265625 0.04466666666666667 0.438232421875 0.037 0.435546875 0.034333333333333334 0.43017578125 0.035333333333333335 0.422607421875 0.043 0.422119140625 0.04533333333333334 0.423095703125 0.048666666666666664 0.4267578125 0.052 0.42919921875 0.05266666666666667
1 0.404296875 0.04733333333333333 0.406494140625 0.045 0.404541015625 0.037 0.400146484375 0.030333333333333334 0.396240234375 0.02666666666666667 0.387939453125 0.024666666666666667 0.38525390625 0.03 0.385498046875 0.036 0.388427734375 0.041666666666666664 0.399169921875 0.047 0.404296875 0.04733333333333333
1 0.396484375 0.015333333333333332 0.4013671875 0.011 0.40185546875 0.009 0.400390625 0.005 0.396484375 0.003 0.392822265625 0.004333333333333333 0.391845703125 0.005666666666666667 0.39208984375 0.010333333333333333 0.3935546875 0.013666666666666667 0.396484375 0.015333333333333332
1 0.525146484375 0.029 0.529541015625 0.025333333333333333 0.532958984375 0.026333333333333334 0.535888671875 0.025 0.534912109375 0.017333333333333333 0.529541015625 0.008333333333333333 0.52392578125 0.009 0.517333984375 0.019 0.516845703125 0.021666666666666667 0.517578125 0.024 0.521240234375 0.028666666666666667 0.525146484375 0.029
1 0.535888671875 0.17733333333333334 0.539794921875 0.179 0.544677734375 0.17766666666666667 0.545654296875 0.17233333333333334 0.54443359375 0.16633333333333333 0.544677734375 0.16166666666666665 0.5390625 0.15633333333333332 0.536376953125 0.156 0.5341796875 0.158 0.5341796875 0.16233333333333333 0.53076171875 0.16966666666666666 0.532470703125 0.17366666666666666 0.535888671875 0.17733333333333334
1 0.570068359375 0.206 0.570556640625 0.20466666666666666 0.569091796875 0.20133333333333334 0.568603515625 0.19666666666666666 0.566650390625 0.19333333333333333 0.560302734375 0.19166666666666668 0.55908203125 0.195 0.559326171875 0.20133333333333334 0.562255859375 0.207 0.566162109375 0.20833333333333334 0.570068359375 0.206
1 0.63818359375 0.171 0.638671875 0.16533333333333333 0.635009765625 0.15766666666666668 0.628662109375 0.15733333333333333 0.62744140625 0.158 0.626953125 0.16166666666666665 0.626708984375 0.166 0.630859375 0.173 0.63525390625 0.17333333333333334 0.63818359375 0.171
1 0.645263671875 0.24733333333333332 0.646484375 0.245 0.646240234375 0.23633333333333334 0.64306640625 0.23166666666666666 0.63916015625 0.22966666666666666 0.635498046875 0.23166666666666666 0.6357421875 0.24033333333333334 0.637939453125 0.24533333333333332 0.64208984375 0.248 0.645263671875 0.24733333333333332
1 0.5966796875 0.28 0.59765625 0.27466666666666667 0.595703125 0.267 0.5927734375 0.26466666666666666 0.588623046875 0.266 0.5888671875 0.27066666666666667 0.59130859375 0.27666666666666667 0.59521484375 0.2806666666666667 0.5966796875 0.28
1 0.259765625 0.435 0.2626953125 0.43166666666666664 0.263427734375 0.4196666666666667 0.25927734375 0.4136666666666667 0.255615234375 0.4126666666666667 0.25341796875 0.4156666666666667 0.252685546875 0.41933333333333334 0.25341796875 0.427 0.255859375 0.433 0.259765625 0.435
1 0.181640625 0.5213333333333333 0.1826171875 0.5173333333333333 0.178466796875 0.5123333333333333 0.177734375 0.5116666666666667 0.175048828125 0.515 0.17431640625 0.518 0.17626953125 0.5226666666666666 0.17822265625 0.5236666666666666 0.181640625 0.5213333333333333
1 0.185546875 0.487 0.19091796875 0.48233333333333334 0.1904296875 0.47833333333333333 0.177490234375 0.466 0.173828125 0.4663333333333333 0.171142578125 0.4713333333333333 0.1708984375 0.475 0.173095703125 0.479 0.181396484375 0.486 0.185546875 0.487
1 0.2041015625 0.5106666666666667 0.20361328125 0.5056666666666667 0.200927734375 0.5033333333333333 0.194091796875 0.5046666666666667 0.19189453125 0.5086666666666667 0.192626953125 0.515 0.197021484375 0.5206666666666667 0.200439453125 0.5186666666666667 0.2041015625 0.5106666666666667
1 0.380615234375 0.483 0.383056640625 0.47833333333333333 0.384521484375 0.4703333333333333 0.38427734375 0.4666666666666667 0.381103515625 0.4646666666666667 0.378662109375 0.466 0.373046875 0.47633333333333333 0.372802734375 0.479 0.37451171875 0.482 0.376953125 0.48333333333333334 0.380615234375 0.483
1 0.380126953125 0.49 0.383056640625 0.49433333333333335 0.3916015625 0.49833333333333335 0.396728515625 0.498 0.398681640625 0.496 0.3994140625 0.494 0.3984375 0.48966666666666664 0.39306640625 0.482 0.388427734375 0.479 0.38427734375 0.4796666666666667 0.380615234375 0.478 0.379150390625 0.481 0.376953125 0.48233333333333334 0.379150390625 0.48333333333333334 0.380126953125 0.49
1 0.4052734375 0.3456666666666667 0.408203125 0.3476666666666667 0.412841796875 0.3463333333333333 0.414306640625 0.3416666666666667 0.4140625 0.335 0.41259765625 0.32966666666666666 0.408447265625 0.322 0.407958984375 0.30266666666666664 0.404296875 0.301 0.400390625 0.30133333333333334 0.392822265625 0.304 0.388916015625 0.30666666666666664 0.388427734375 0.30866666666666664 0.388671875 0.317 0.398193359375 0.32766666666666666 0.400390625 0.3383333333333333 0.4052734375 0.3456666666666667
1 0.158935546875 0.9666666666666667 0.15869140625 0.962 0.154052734375 0.9563333333333334 0.14990234375 0.9563333333333334 0.14697265625 0.962 0.147216796875 0.965 0.14892578125 0.9673333333333334 0.1572265625 0.968 0.158935546875 0.9666666666666667
1 0.224609375 0.8693333333333333 0.225830078125 0.8653333333333333 0.224365234375 0.8606666666666667 0.220947265625 0.8596666666666667 0.214599609375 0.861 0.213134765625 0.8636666666666667 0.212890625 0.8653333333333333 0.21533203125 0.8693333333333333 0.2197265625 0.871 0.224609375 0.8693333333333333
1 0.94287109375 0.166 0.9541015625 0.17433333333333334 0.962646484375 0.17666666666666667 0.9638671875 0.166 0.96337890625 0.158 0.955078125 0.13966666666666666 0.946533203125 0.12866666666666668 0.94091796875 0.127 0.939453125 0.12766666666666668 0.938720703125 0.13066666666666665 0.93798828125 0.149 0.93896484375 0.158 0.9404296875 0.16233333333333333 0.94287109375 0.166
1 0.961669921875 0.099 0.965576171875 0.10333333333333333 0.9658203125 0.10733333333333334 0.96435546875 0.11533333333333333 0.966064453125 0.119 0.9775390625 0.12333333333333334 0.984619140625 0.12133333333333333 0.999755859375 0.12166666666666667 0.999755859375 0.08433333333333333 0.980712890625 0.085 0.9775390625 0.08066666666666666 0.975830078125 0.076 0.968017578125 0.06566666666666666 0.966552734375 0.06166666666666667 0.962646484375 0.058666666666666666 0.955078125 0.06066666666666667 0.953857421875 0.06533333333333333 0.953369140625 0.06966666666666667 0.954345703125 0.081 0.9599609375 0.08966666666666667 0.961669921875 0.099
1 0.950927734375 0.04066666666666666 0.956298828125 0.04933333333333333 0.962646484375 0.05466666666666667 0.9697265625 0.057 0.974609375 0.05733333333333333 0.9794921875 0.052 0.980712890625 0.049 0.9814453125 0.04133333333333333 0.981201171875 0.03333333333333333 0.979736328125 0.025333333333333333 0.97705078125 0.021333333333333333 0.966552734375 0.016666666666666666 0.96435546875 0.014 0.962646484375 0.009333333333333334 0.958984375 0.005666666666666667 0.956380126953125 0.008889000000000001 0.9482421875 0.013666666666666667 0.948486328125 0.018 0.947021484375 0.021 0.947509765625 0.03266666666666666 0.950927734375 0.04066666666666666
1 0.797607421875 0.05366666666666667 0.81005859375 0.058333333333333334 0.81494140625 0.058333333333333334 0.8212890625 0.05433333333333333 0.825439453125 0.048666666666666664 0.825439453125 0.04133333333333333 0.819580078125 0.025333333333333333 0.806640625 0.014333333333333333 0.802490234375 0.013666666666666667 0.79931640625 0.015333333333333332 0.794189453125 0.02266666666666667 0.788818359375 0.02666666666666667 0.787109375 0.029 0.788330078125 0.03933333333333333 0.793212890625 0.04933333333333333 0.797607421875 0.05366666666666667
1 0.86962890625 0.263 0.873291015625 0.262 0.87548828125 0.25933333333333336 0.875732421875 0.25533333333333336 0.872802734375 0.24833333333333332 0.861083984375 0.24633333333333332 0.857421875 0.247 0.85595703125 0.24866666666666667 0.855712890625 0.25333333333333335 0.85693359375 0.25933333333333336 0.859619140625 0.26166666666666666 0.86962890625 0.263
1 0.93212890625 0.30966666666666665 0.94287109375 0.31433333333333335 0.94873046875 0.31466666666666665 0.951416015625 0.31466666666666665 0.95654296875 0.31066666666666665 0.95654296875 0.30633333333333335 0.955078125 0.30333333333333334 0.947265625 0.2946666666666667 0.93212890625 0.28833333333333333 0.9267578125 0.289 0.924072265625 0.29233333333333333 0.923828125 0.2946666666666667 0.92529296875 0.2986666666666667 0.9296875 0.30433333333333334 0.93212890625 0.30966666666666665
1 0.8388671875 0.39166666666666666 0.843505859375 0.39566666666666667 0.847900390625 0.4063333333333333 0.851806640625 0.4196666666666667 0.861083984375 0.433 0.876708984375 0.441 0.885009765625 0.43766666666666665 0.8857421875 0.43566666666666665 0.885009765625 0.42433333333333334 0.877685546875 0.4063333333333333 0.87353515625 0.4013333333333333 0.855224609375 0.3863333333333333 0.8515625 0.37366666666666665 0.849609375 0.371 0.841064453125 0.36966666666666664 0.83447265625 0.372 0.829833984375 0.37566666666666665 0.82861328125 0.379 0.828857421875 0.38466666666666666 0.830810546875 0.3883333333333333 0.833740234375 0.39066666666666666 0.8388671875 0.39166666666666666
1 0.79833984375 0.4103333333333333 0.802490234375 0.4096666666666667 0.80712890625 0.404 0.8056640625 0.39766666666666667 0.802490234375 0.39466666666666667 0.791015625 0.39466666666666667 0.789794921875 0.39666666666666667 0.788818359375 0.39966666666666667 0.789306640625 0.4043333333333333 0.79443359375 0.4086666666666667 0.79833984375 0.4103333333333333
1 0.844970703125 0.5293333333333333 0.847900390625 0.533 0.84912109375 0.5373333333333333 0.85205078125 0.5406666666666666 0.859130859375 0.541 0.86328125 0.536 0.86376953125 0.533 0.86181640625 0.5243333333333333 0.862548828125 0.522 0.865478515625 0.5193333333333333 0.866943359375 0.5146666666666667 0.864013671875 0.498 0.861083984375 0.49433333333333335 0.85791015625 0.49533333333333335 0.85302734375 0.492 0.848876953125 0.49166666666666664 0.84619140625 0.494 0.844482421875 0.49866666666666665 0.84423828125 0.5096666666666667 0.848388671875 0.5193333333333333 0.84521484375 0.5243333333333333 0.844970703125 0.5293333333333333
1 0.70654296875 0.37266666666666665 0.705078125 0.36766666666666664 0.701171875 0.36233333333333334 0.697265625 0.3596666666666667 0.693115234375 0.36 0.693359375 0.36766666666666664 0.69677734375 0.37366666666666665 0.701904296875 0.37533333333333335 0.70654296875 0.37266666666666665
1 0.732177734375 0.4106666666666667 0.736083984375 0.408 0.736083984375 0.404 0.7314453125 0.39566666666666667 0.728271484375 0.3923333333333333 0.724365234375 0.3923333333333333 0.72412109375 0.394 0.723876953125 0.404 0.726318359375 0.4086666666666667 0.728271484375 0.4103333333333333 0.732177734375 0.4106666666666667
1 0.689208984375 0.2793333333333333 0.687255859375 0.2713333333333333 0.68505859375 0.26866666666666666 0.680908203125 0.26766666666666666 0.678955078125 0.269 0.677490234375 0.272 0.677490234375 0.27666666666666667 0.681396484375 0.2813333333333333 0.685546875 0.2826666666666667 0.689208984375 0.2793333333333333
1 0.666259765625 0.24033333333333334 0.669189453125 0.23233333333333334 0.66845703125 0.227 0.665771484375 0.22366666666666668 0.661865234375 0.22333333333333333 0.660400390625 0.22533333333333333 0.659423828125 0.229 0.661376953125 0.238 0.662109375 0.23933333333333334 0.666259765625 0.24033333333333334
1 0.660888671875 0.434 0.66552734375 0.43166666666666664 0.666015625 0.422 0.665283203125 0.4196666666666667 0.662353515625 0.4166666666666667 0.65478515625 0.4136666666666667 0.650390625 0.4083333333333333 0.646484375 0.408 0.643310546875 0.414 0.64306640625 0.42 0.645263671875 0.426 0.64892578125 0.43066666666666664 0.660888671875 0.434
1 0.461669921875 0.33766666666666667 0.462646484375 0.3456666666666667 0.464111328125 0.34933333333333333 0.47216796875 0.35433333333333333 0.4755859375 0.354 0.47998046875 0.35033333333333333 0.481689453125 0.3393333333333333 0.486328125 0.334 0.486328125 0.326 0.484130859375 0.323 0.482177734375 0.32133333333333336 0.474365234375 0.32033333333333336 0.46533203125 0.31466666666666665 0.45654296875 0.307 0.45068359375 0.299 0.447021484375 0.2976666666666667 0.43896484375 0.2996666666666667 0.4345703125 0.30633333333333335 0.432861328125 0.31333333333333335 0.43359375 0.31833333333333336 0.44287109375 0.3283333333333333 0.461669921875 0.33766666666666667
1 0.4208984375 0.7123333333333334 0.42138671875 0.7066666666666667 0.419921875 0.7023333333333334 0.41552734375 0.702 0.413330078125 0.704 0.413818359375 0.7083333333333334 0.416015625 0.7116666666666667 0.419677734375 0.7133333333333334 0.4208984375 0.7123333333333334
1 0.494140625 0.6766666666666666 0.50048828125 0.67 0.498291015625 0.6653333333333333 0.486083984375 0.665 0.482421875 0.666 0.47998046875 0.669 0.482666015625 0.673 0.486083984375 0.6746666666666666 0.489990234375 0.6786666666666666 0.494140625 0.6766666666666666
1 0.06005859375 0.5466666666666666 0.068359375 0.545 0.07275390625 0.541 0.07275390625 0.537 0.07080078125 0.5333333333333333 0.068115234375 0.5293333333333333 0.064453125 0.527 0.060302734375 0.5256666666666666 0.05615234375 0.5263333333333333 0.052734375 0.5283333333333333 0.051025390625 0.531 0.05126953125 0.5363333333333333 0.0537109375 0.541 0.056396484375 0.5446666666666666 0.06005859375 0.5466666666666666
1 0.806640625 0.8846666666666667 0.810546875 0.885 0.814453125 0.8826666666666667 0.825927734375 0.867 0.828369140625 0.861 0.828369140625 0.857 0.82666015625 0.852 0.81787109375 0.841 0.808349609375 0.8416666666666667 0.79443359375 0.8556666666666667 0.7939453125 0.8596666666666667 0.7958984375 0.8723333333333333 0.80078125 0.881 0.806640625 0.8846666666666667
1 0.919921875 0.736 0.92626953125 0.739 0.931396484375 0.738 0.933349609375 0.736 0.935546875 0.7313333333333333 0.93701171875 0.7243333333333334 0.937255859375 0.7193333333333334 0.936279296875 0.7163333333333334 0.93115234375 0.7123333333333334 0.92626953125 0.7053333333333334 0.9228515625 0.7033333333333334 0.915771484375 0.7033333333333334 0.912109375 0.7086666666666667 0.912353515625 0.716 0.915283203125 0.724 0.916015625 0.7296666666666667 0.919921875 0.736
1 0.816162109375 0.21266666666666667 0.82177734375 0.218 0.8251953125 0.21866666666666668 0.829833984375 0.217 0.8330078125 0.214 0.834716796875 0.20933333333333334 0.8330078125 0.203 0.826171875 0.19533333333333333 0.818115234375 0.183 0.814208984375 0.18366666666666667 0.813232421875 0.18533333333333332 0.81298828125 0.192 0.8154296875 0.199 0.8134765625 0.20866666666666667 0.816162109375 0.21266666666666667
1 0.861083984375 0.2623333333333333 0.869140625 0.263 0.872802734375 0.262 0.875 0.25966666666666666 0.875244140625 0.25533333333333336 0.87255859375 0.24833333333333332 0.85986328125 0.24666666666666667 0.856201171875 0.24866666666666667 0.856201171875 0.25566666666666665 0.857177734375 0.26 0.858154296875 0.26066666666666666 0.861083984375 0.2623333333333333
1 0.599365234375 0.12766666666666668 0.6025390625 0.12266666666666666 0.60205078125 0.11833333333333333 0.60009765625 0.11566666666666667 0.596435546875 0.114 0.59326171875 0.115 0.590087890625 0.119 0.58984375 0.123 0.591552734375 0.12666666666666668 0.595703125 0.12966666666666668 0.599365234375 0.12766666666666668
1 0.400634765625 0.25933333333333336 0.400634765625 0.25466666666666665 0.39453125 0.24933333333333332 0.392578125 0.246 0.388427734375 0.24566666666666667 0.384765625 0.24766666666666667 0.38427734375 0.24933333333333332 0.384765625 0.25366666666666665 0.39208984375 0.263 0.396728515625 0.26266666666666666 0.400634765625 0.25933333333333336
1 0.1767578125 0.32766666666666666 0.177734375 0.32666666666666666 0.178955078125 0.31833333333333336 0.18408203125 0.31066666666666665 0.184326171875 0.30566666666666664 0.181884765625 0.302 0.17822265625 0.30266666666666664 0.171630859375 0.30866666666666664 0.170654296875 0.31366666666666665 0.17041015625 0.322 0.171875 0.32666666666666666 0.173583984375 0.3283333333333333 0.1767578125 0.32766666666666666
1 0.216552734375 0.364 0.220703125 0.36466666666666664 0.222412109375 0.36133333333333334 0.22216796875 0.35733333333333334 0.220458984375 0.3546666666666667 0.2138671875 0.35133333333333333 0.20947265625 0.3446666666666667 0.20458984375 0.3436666666666667 0.20068359375 0.3456666666666667 0.199951171875 0.3496666666666667 0.201171875 0.3526666666666667 0.211181640625 0.3556666666666667 0.216552734375 0.364
1 0.17724609375 0.066 0.17822265625 0.06466666666666666 0.177734375 0.058666666666666666 0.174072265625 0.051333333333333335 0.170166015625 0.052 0.167236328125 0.056 0.167724609375 0.059666666666666666 0.169921875 0.06433333333333334 0.173583984375 0.06666666666666667 0.17724609375 0.066
1 0.22216796875 0.10133333333333333 0.227783203125 0.095 0.226806640625 0.092 0.224365234375 0.09 0.216552734375 0.096 0.212646484375 0.10133333333333333 0.2119140625 0.10333333333333333 0.212890625 0.10533333333333333 0.216796875 0.10533333333333333 0.22216796875 0.10133333333333333
1 0.38916015625 0.677 0.389892578125 0.6746666666666666 0.38916015625 0.6656666666666666 0.384521484375 0.665 0.381103515625 0.6706666666666666 0.380859375 0.6743333333333333 0.3828125 0.678 0.385498046875 0.679 0.38916015625 0.677
1 0.29052734375 0.7953333333333333 0.29150390625 0.7946666666666666 0.2900390625 0.7893333333333333 0.283447265625 0.7816666666666666 0.278076171875 0.7796666666666666 0.2744140625 0.782 0.27392578125 0.783 0.274983642578125 0.7844443333333334 0.280517578125 0.7903333333333333 0.29052734375 0.7953333333333333
1 0.708984375 0.9866666666666667 0.714599609375 0.9746666666666667 0.71435546875 0.9663333333333334 0.71142578125 0.9583333333333334 0.708984375 0.956 0.70556640625 0.9563333333333334 0.7021484375 0.9596666666666667 0.696044921875 0.9723333333333334 0.69580078125 0.978 0.697998046875 0.983 0.70361328125 0.987 0.708984375 0.9866666666666667
1 0.888427734375 0.6846666666666666 0.90185546875 0.6776666666666666 0.904541015625 0.674 0.90185546875 0.6693333333333333 0.896484375 0.6666666666666666 0.893310546875 0.668 0.880126953125 0.668 0.87353515625 0.671 0.87109375 0.6736666666666666 0.870849609375 0.6773333333333333 0.873046875 0.6813333333333333 0.880615234375 0.6853333333333333 0.888427734375 0.6846666666666666
1 0.872314453125 0.7353333333333333 0.87255859375 0.74 0.8759765625 0.7483333333333333 0.876708984375 0.7533333333333333 0.87890625 0.7553333333333333 0.880859375 0.76 0.883056640625 0.7566666666666667 0.888427734375 0.7543333333333333 0.890380859375 0.752 0.8935546875 0.7396666666666667 0.8935546875 0.7326666666666667 0.88916015625 0.721 0.884765625 0.7143333333333334 0.880615234375 0.713 0.876220703125 0.7163333333333334 0.872314453125 0.7216666666666667 0.868896484375 0.724 0.868896484375 0.7263333333333334 0.872314453125 0.7353333333333333
1 0.7177734375 0.24466666666666667 0.716796875 0.24033333333333334 0.713134765625 0.23666666666666666 0.708984375 0.23733333333333334 0.707275390625 0.24066666666666667 0.706787109375 0.244 0.70947265625 0.24633333333333332 0.716796875 0.24766666666666667 0.7177734375 0.24466666666666667
1 0.01806640625 0.928 0.017333984375 0.9203333333333333 0.01220703125 0.907 0.009765625 0.905 0.005126953125 0.907 0.005615234375 0.9293333333333333 0.006591796875 0.9313333333333333 0.013671875 0.9366666666666666 0.01806640625 0.928
1 0.5986328125 0.8023333333333333 0.6005859375 0.8 0.601806640625 0.7946666666666666 0.601806640625 0.791 0.599609375 0.789 0.591552734375 0.789 0.587646484375 0.7926666666666666 0.588134765625 0.7983333333333333 0.59228515625 0.8033333333333333 0.595703125 0.8036666666666666 0.5986328125 0.8023333333333333