1 0.094970703125 0.29833333333333334 0.099609375 0.2966666666666667 0.103271484375 0.298 0.1064453125 0.30833333333333335 0.110107421875 0.31233333333333335 0.111572265625 0.318 0.111572265625 0.3243333333333333 0.1123046875 0.326 0.11474609375 0.32666666666666666 0.12255859375 0.32466666666666666 0.132568359375 0.317 0.14892578125 0.30733333333333335 0.157958984375 0.30566666666666664 0.16552734375 0.2946666666666667 0.1650390625 0.2906666666666667 0.154541015625 0.27266666666666667 0.150390625 0.27 0.147623779296875 0.27 0.144775390625 0.26766666666666666 0.14208984375 0.26266666666666666 0.14111328125 0.26 0.1416015625 0.25733333333333336 0.144287109375 0.252 0.14599609375 0.24433333333333335 0.14453125 0.24133333333333334 0.136474609375 0.23533333333333334 0.131103515625 0.22733333333333333 0.123779296875 0.22766666666666666 0.119140625 0.22433333333333333 0.115478515625 0.219 0.111572265625 0.21666666666666667 0.107177734375 0.21666666666666667 0.103271484375 0.221 0.0947265625 0.23933333333333334 0.090576171875 0.24433333333333335 0.085693359375 0.256 0.079833984375 0.265 0.07568359375 0.275 0.075439453125 0.2793333333333333 0.081787109375 0.286 0.087646484375 0.295 0.094970703125 0.29833333333333334
1 0.634765625 0.5823333333333334 0.64208984375 0.5783333333333334 0.646484375 0.574 0.6513671875 0.5646666666666667 0.651123046875 0.5606666666666666 0.650146484375 0.56 0.640380859375 0.5563333333333333 0.62451171875 0.553 0.61474609375 0.554 0.608642578125 0.5563333333333333 0.607177734375 0.559 0.609130859375 0.5686666666666667 0.60791015625 0.576 0.621826171875 0.5826666666666667 0.634765625 0.5823333333333334
1 0.56494140625 0.4176666666666667 0.573974609375 0.42033333333333334 0.584228515625 0.421 0.592041015625 0.4196666666666667 0.59716796875 0.415 0.6015625 0.405 0.603271484375 0.404 0.59765625 0.4 0.5615234375 0.39566666666666667 0.54833984375 0.39566666666666667 0.546630859375 0.3983333333333333 0.54638671875 0.404 0.548583984375 0.407 0.555908203125 0.41 0.56494140625 0.4176666666666667
1 0.540771484375 0.454 0.552490234375 0.447 0.5625 0.43533333333333335 0.56494140625 0.42766666666666664 0.564208984375 0.42633333333333334 0.563232421875 0.428 0.55810546875 0.42966666666666664 0.552734375 0.43 0.544677734375 0.4266666666666667 0.540283203125 0.427 0.53125 0.431 0.51953125 0.44333333333333336 0.51904296875 0.45066666666666666 0.521728515625 0.45366666666666666 0.528564453125 0.4553333333333333 0.540771484375 0.454
1 0.408203125 0.579 0.412353515625 0.5786666666666667 0.41943359375 0.5746666666666667 0.425537109375 0.5643333333333334 0.42431640625 0.5593333333333333 0.42236328125 0.5566666666666666 0.405029296875 0.5496666666666666 0.400390625 0.5503333333333333 0.395751953125 0.553 0.388916015625 0.5626666666666666 0.388671875 0.566 0.391357421875 0.57 0.40185546875 0.5773333333333334 0.408203125 0.579
1 0.622314453125 0.8903333333333333 0.622802734375 0.9006666666666666 0.631103515625 0.9003333333333333 0.662353515625 0.8913333333333333 0.668701171875 0.8883333333333333 0.671875 0.8846666666666667 0.6708984375 0.87 0.671875 0.8653333333333333 0.67138671875 0.8606666666666667 0.668212890625 0.8536666666666667 0.666015625 0.8523333333333334 0.660400390625 0.8516666666666667 0.634765625 0.8566666666666667 0.62451171875 0.8613333333333333 0.6162109375 0.859 0.610595703125 0.8603333333333333 0.611328125 0.869 0.61767578125 0.876 0.62060546875 0.8816666666666667 0.622314453125 0.8903333333333333
1 0.61572265625 0.927 0.61962890625 0.9223333333333333 0.62255859375 0.916 0.622802734375 0.9116666666666666 0.61865234375 0.9063333333333333 0.599609375 0.8946666666666667 0.59423828125 0.896 0.589599609375 0.9046666666666666 0.5888671875 0.9086666666666666 0.58984375 0.912 0.611083984375 0.927 0.61572265625 0.927
1 0.553466796875 0.876 0.558349609375 0.8806666666666667 0.565185546875 0.884 0.56689453125 0.882 0.57080078125 0.8693333333333333 0.575927734375 0.8673333333333333 0.576904296875 0.8656666666666667 0.5791015625 0.8573333333333333 0.5751953125 0.8533333333333334 0.556640625 0.8433333333333334 0.55322265625 0.844 0.552001953125 0.8463333333333334 0.550537109375 0.854 0.553955078125 0.8606666666666667 0.552734375 0.871 0.553466796875 0.876
1 0.47021484375 0.909 0.4716796875 0.908 0.473388671875 0.9006666666666666 0.470458984375 0.8853333333333333 0.467041015625 0.8806666666666667 0.463134765625 0.882 0.460693359375 0.885 0.45458984375 0.8883333333333333 0.440673828125 0.8936666666666667 0.4375 0.897 0.4384765625 0.914 0.44189453125 0.9183333333333333 0.453125 0.9156666666666666 0.47021484375 0.909
1 0.3388671875 0.8883333333333333 0.34375 0.8876666666666667 0.353515625 0.8903333333333333 0.357421875 0.89 0.36181640625 0.8826666666666667 0.363525390625 0.877 0.36328125 0.873 0.35888671875 0.8683333333333333 0.348876953125 0.8633333333333333 0.33447265625 0.8586666666666667 0.329345703125 0.8586666666666667 0.31884765625 0.8613333333333333 0.31005859375 0.8583333333333333 0.306640625 0.8616666666666667 0.30517578125 0.865 0.304931640625 0.872 0.306640625 0.8746666666666667 0.332275390625 0.8816666666666667 0.3388671875 0.8883333333333333
1 0.861328125 0.9443333333333334 0.865234375 0.9443333333333334 0.875732421875 0.9396666666666667 0.887451171875 0.9313333333333333 0.890625 0.9276666666666666 0.873779296875 0.912 0.865966796875 0.9096666666666666 0.859619140625 0.912 0.849853515625 0.9183333333333333 0.8466796875 0.922 0.844970703125 0.9266666666666666 0.845703125 0.9386666666666666 0.849853515625 0.9363333333333334 0.8519287109375 0.9366666666666666 0.861328125 0.9443333333333334
1 0.893310546875 0.44866666666666666 0.89990234375 0.447 0.9033203125 0.44433333333333336 0.906005859375 0.44133333333333336 0.906982421875 0.43533333333333335 0.901123046875 0.43 0.894287109375 0.429 0.8857421875 0.43133333333333335 0.88037109375 0.43733333333333335 0.880126953125 0.44266666666666665 0.88232421875 0.446 0.887939453125 0.44866666666666666 0.893310546875 0.44866666666666666
1 0.917236328125 0.26966666666666667 0.923828125 0.26966666666666667 0.931640625 0.26666666666666666 0.9404296875 0.26166666666666666 0.94677734375 0.25566666666666665 0.945556640625 0.24933333333333332 0.939453125 0.24266666666666667 0.923583984375 0.235 0.91064453125 0.23533333333333334 0.89111328125 0.244 0.8896484375 0.24633333333333332 0.88916015625 0.24833333333333332 0.890625 0.252 0.90380859375 0.2643333333333333 0.917236328125 0.26966666666666667
1 0.892822265625 0.18566666666666667 0.89404296875 0.17933333333333334 0.894287109375 0.168 0.89208984375 0.16133333333333333 0.888671875 0.159 0.8818359375 0.15966666666666668 0.880126953125 0.16133333333333333 0.877685546875 0.168 0.8779296875 0.18933333333333333 0.88037109375 0.19066666666666668 0.888671875 0.18966666666666668 0.892822265625 0.18566666666666667
1 0.823974609375 0.26366666666666666 0.826416015625 0.26066666666666666 0.828369140625 0.25566666666666665 0.828369140625 0.25166666666666665 0.82666015625 0.24933333333333332 0.824462890625 0.24866666666666667 0.816162109375 0.25 0.812255859375 0.253 0.809814453125 0.25933333333333336 0.80859375 0.26366666666666666 0.810546875 0.2663333333333333 0.818359375 0.267 0.823974609375 0.26366666666666666
1 0.81591796875 0.09933333333333333 0.81787109375 0.09566666666666666 0.8173828125 0.072 0.816162109375 0.06466666666666666 0.814453125 0.06333333333333334 0.810302734375 0.06366666666666666 0.803955078125 0.065 0.802001953125 0.067 0.801513671875 0.07933333333333334 0.802490234375 0.09933333333333333 0.806396484375 0.101 0.81591796875 0.09933333333333333
1 0.853515625 0.12866666666666668 0.859375 0.12533333333333332 0.861083984375 0.123 0.855224609375 0.11433333333333333 0.849365234375 0.111 0.84130859375 0.11033333333333334 0.83203125 0.11566666666666667 0.831298828125 0.119 0.835693359375 0.12433333333333334 0.843017578125 0.12833333333333333 0.853515625 0.12866666666666668
1 0.71875 0.5526666666666666 0.7216796875 0.5496666666666666 0.721923828125 0.544 0.716796875 0.5253333333333333 0.713134765625 0.524 0.70068359375 0.524 0.697998046875 0.5263333333333333 0.69775390625 0.5293333333333333 0.705078125 0.5563333333333333 0.711181640625 0.5563333333333333 0.71875 0.5526666666666666
1 0.665771484375 0.44033333333333335 0.677978515625 0.43566666666666665 0.6826171875 0.43033333333333335 0.68359375 0.42633333333333334 0.681396484375 0.4196666666666667 0.67724609375 0.4176666666666667 0.67138671875 0.417 0.657958984375 0.42033333333333334 0.649658203125 0.429 0.648681640625 0.43133333333333335 0.649658203125 0.43533333333333335 0.65380859375 0.43833333333333335 0.665771484375 0.44033333333333335
1 0.59228515625 0.3406666666666667 0.611083984375 0.3233333333333333 0.613037109375 0.31833333333333336 0.605712890625 0.307 0.603271484375 0.305 0.599853515625 0.30566666666666664 0.592529296875 0.31033333333333335 0.57763671875 0.32666666666666666 0.577880859375 0.331 0.584228515625 0.34 0.589111328125 0.342 0.59228515625 0.3406666666666667
1 0.605224609375 0.4013333333333333 0.60986328125 0.4003333333333333 0.6181640625 0.37666666666666665 0.6171875 0.373 0.611328125 0.369 0.6064453125 0.369 0.599365234375 0.387 0.597900390625 0.3923333333333333 0.597900390625 0.3963333333333333 0.599365234375 0.3983333333333333 0.605224609375 0.4013333333333333
1 0.715576171875 0.252 0.716796875 0.243 0.718017578125 0.23266666666666666 0.717529296875 0.22466666666666665 0.705078125 0.221 0.7021484375 0.22133333333333333 0.699462890625 0.224 0.697021484375 0.229 0.697021484375 0.25233333333333335 0.700927734375 0.255 0.7138671875 0.25533333333333336 0.715576171875 0.252
1 0.69091796875 0.162 0.69189453125 0.158 0.691650390625 0.15033333333333335 0.689208984375 0.14766666666666667 0.6708984375 0.149 0.66748046875 0.15033333333333335 0.66650390625 0.15266666666666667 0.66650390625 0.162 0.669189453125 0.165 0.688232421875 0.16333333333333333 0.69091796875 0.162
1 0.708984375 0.08233333333333333 0.71337890625 0.079 0.715576171875 0.07233333333333333 0.716552734375 0.06433333333333334 0.713134765625 0.06166666666666667 0.701416015625 0.063 0.697998046875 0.066 0.6962890625 0.07233333333333333 0.6962890625 0.08033333333333334 0.697265625 0.082 0.700927734375 0.08333333333333333 0.708984375 0.08233333333333333
1 0.217529296875 0.7866666666666666 0.226806640625 0.7896666666666666 0.232177734375 0.794 0.2353515625 0.7913333333333333 0.234375 0.7856666666666666 0.237548828125 0.7753333333333333 0.236083984375 0.771 0.224609375 0.763 0.216796875 0.7623333333333333 0.209716796875 0.7636666666666667 0.20947265625 0.768 0.207275390625 0.7743333333333333 0.20849609375 0.7796666666666666 0.217529296875 0.7866666666666666
1 0.286865234375 0.9673333333333334 0.289306640625 0.9586666666666667 0.2890625 0.9546666666666667 0.287353515625 0.952 0.279296875 0.9453333333333334 0.267578125 0.942 0.264892578125 0.944 0.262451171875 0.9503333333333334 0.26220703125 0.955 0.263671875 0.9576666666666667 0.282958984375 0.9683333333333334 0.286865234375 0.9673333333333334
1 0.228515625 0.9353333333333333 0.229248046875 0.9276666666666666 0.228515625 0.9186666666666666 0.224853515625 0.917 0.220458984375 0.918 0.2177734375 0.9236666666666666 0.216552734375 0.9293333333333333 0.216796875 0.943 0.22265625 0.9443333333333334 0.225830078125 0.9433333333333334 0.228515625 0.9353333333333333
1 0.0908203125 0.9816666666666667 0.084228515625 0.9673333333333334 0.071533203125 0.966 0.0693359375 0.967 0.068359375 0.9706666666666667 0.068115234375 0.9866666666666667 0.07080078125 0.9996666666666667 0.09228515625 0.9996666666666667 0.0908203125 0.9816666666666667
1 0.03271484375 0.8966666666666666 0.04052734375 0.895 0.044921875 0.8986666666666666 0.070556640625 0.9 0.0751953125 0.905 0.076171875 0.9083333333333333 0.079833984375 0.907 0.0810546875 0.9043333333333333 0.080322265625 0.9006666666666666 0.0771484375 0.8976666666666666 0.076171875 0.894 0.07763671875 0.888 0.07568359375 0.881 0.072509765625 0.8773333333333333 0.052734375 0.875 0.05078125 0.8736666666666667 0.04541015625 0.8653333333333333 0.04248046875 0.8643333333333333 0.040771484375 0.8643333333333333 0.039794921875 0.8663333333333333 0.034912109375 0.869 0.0322265625 0.873 0.032958984375 0.8756666666666667 0.0322265625 0.8806666666666667 0.02880859375 0.889 0.03271484375 0.8966666666666666
1 0.0556640625 0.758 0.060791015625 0.7626666666666667 0.06396484375 0.7633333333333333 0.07861328125 0.759 0.07958984375 0.756 0.077880859375 0.747 0.07861328125 0.7396666666666667 0.075927734375 0.7346666666666667 0.068359375 0.73 0.061767578125 0.728 0.058837890625 0.7283333333333334 0.053466796875 0.7326666666666667 0.051513671875 0.738 0.046142578125 0.7443333333333333 0.049560546875 0.7506666666666667 0.0556640625 0.758
1 0.107177734375 0.7766666666666666 0.1142578125 0.7703333333333333 0.126708984375 0.7673333333333333 0.12744140625 0.7596666666666667 0.119384765625 0.7433333333333333 0.106201171875 0.7433333333333333 0.102294921875 0.7446666666666667 0.099609375 0.7473333333333333 0.099609375 0.752 0.10205078125 0.759 0.104248046875 0.771 0.107177734375 0.7766666666666666
1 0.19140625 0.644 0.2001953125 0.6423333333333333 0.201904296875 0.639 0.200927734375 0.627 0.19775390625 0.6253333333333333 0.18310546875 0.6283333333333333 0.181640625 0.629 0.18017578125 0.6323333333333333 0.18017578125 0.6423333333333333 0.181640625 0.6466666666666666 0.185546875 0.647 0.19140625 0.644
1 0.220703125 0.5053333333333333 0.231201171875 0.497 0.23291015625 0.494 0.23291015625 0.48966666666666664 0.228271484375 0.48433333333333334 0.224365234375 0.485 0.21240234375 0.49533333333333335 0.21044921875 0.5006666666666667 0.20849609375 0.502 0.21728515625 0.5066666666666667 0.220703125 0.5053333333333333
1 0.306396484375 0.625 0.307373046875 0.623 0.307373046875 0.612 0.310302734375 0.6106666666666667 0.32275390625 0.612 0.33154296875 0.6073333333333333 0.330322265625 0.6033333333333334 0.323974609375 0.5943333333333334 0.310302734375 0.5886666666666667 0.299072265625 0.5916666666666667 0.29541015625 0.5953333333333334 0.291748046875 0.6073333333333333 0.298583984375 0.6223333333333333 0.30224609375 0.6266666666666667 0.306396484375 0.625
1 0.368896484375 0.635 0.369384765625 0.623 0.3681640625 0.619 0.357421875 0.6103333333333333 0.349609375 0.6113333333333333 0.34814453125 0.6146666666666667 0.34814453125 0.6273333333333333 0.349365234375 0.631 0.360595703125 0.6386666666666667 0.368896484375 0.635
1 0.341796875 0.735 0.358154296875 0.727 0.363037109375 0.7213333333333334 0.36376953125 0.7166666666666667 0.361328125 0.713 0.357666015625 0.7113333333333334 0.34423828125 0.7113333333333334 0.337646484375 0.7163333333333334 0.33251953125 0.7273333333333334 0.33251953125 0.7313333333333333 0.33349609375 0.733 0.337646484375 0.735 0.341796875 0.735
1 0.380615234375 0.7963333333333333 0.38232421875 0.7926666666666666 0.384521484375 0.783 0.38134765625 0.779 0.376953125 0.7783333333333333 0.368408203125 0.786 0.3671875 0.791 0.369384765625 0.7946666666666666 0.378173828125 0.7973333333333333 0.380615234375 0.7963333333333333
1 0.533447265625 0.7623333333333333 0.538818359375 0.7596666666666667 0.546142578125 0.7523333333333333 0.5498046875 0.748 0.5517578125 0.7436666666666667 0.5498046875 0.7396666666666667 0.54541015625 0.7363333333333333 0.54541015625 0.728 0.537109375 0.727 0.534423828125 0.7283333333333334 0.531982421875 0.7363333333333333 0.524169921875 0.7436666666666667 0.5185546875 0.7523333333333333 0.517578125 0.7556666666666667 0.521484375 0.76 0.529052734375 0.763 0.533447265625 0.7623333333333333
1 0.56591796875 0.742 0.572265625 0.7493333333333333 0.576171875 0.7513333333333333 0.587646484375 0.7476666666666667 0.586669921875 0.7403333333333333 0.579833984375 0.737 0.57666015625 0.7286666666666667 0.5732421875 0.7243333333333334 0.56787109375 0.724 0.563720703125 0.728 0.55859375 0.73 0.556884765625 0.7323333333333333 0.557373046875 0.737 0.560791015625 0.7406666666666667 0.56591796875 0.742
1 0.424072265625 0.49633333333333335 0.4345703125 0.48 0.435791015625 0.4723333333333333 0.43505859375 0.466 0.431640625 0.463 0.42724609375 0.465 0.41064453125 0.486 0.408447265625 0.49033333333333334 0.411376953125 0.49566666666666664 0.415771484375 0.49733333333333335 0.424072265625 0.49633333333333335
1 0.410400390625 0.11 0.422119140625 0.10966666666666666 0.423828125 0.10933333333333334 0.42529296875 0.107 0.42626953125 0.09566666666666666 0.420654296875 0.08766666666666667 0.40771484375 0.08566666666666667 0.40283203125 0.08733333333333333 0.3984375 0.09066666666666667 0.391845703125 0.10133333333333333 0.39111328125 0.10333333333333333 0.392333984375 0.105 0.39599609375 0.10666666666666667 0.410400390625 0.11
1 0.4560546875 0.15333333333333332 0.457763671875 0.14966666666666667 0.452880859375 0.13866666666666666 0.450439453125 0.13766666666666666 0.439453125 0.14466666666666667 0.431884765625 0.15266666666666667 0.431396484375 0.15433333333333332 0.435302734375 0.16333333333333333 0.439453125 0.16433333333333333 0.4560546875 0.15333333333333332
1 0.51220703125 0.198 0.5166015625 0.19166666666666668 0.519287109375 0.178 0.51904296875 0.166 0.517333984375 0.16166666666666665 0.5078125 0.16766666666666666 0.50439453125 0.17166666666666666 0.5 0.19066666666666668 0.501708984375 0.2 0.506591796875 0.20133333333333334 0.51220703125 0.198
1 0.451171875 0.23366666666666666 0.459228515625 0.23433333333333334 0.464599609375 0.23233333333333334 0.4677734375 0.22866666666666666 0.46240234375 0.21766666666666667 0.455322265625 0.21233333333333335 0.4443359375 0.21233333333333335 0.438232421875 0.216 0.4384765625 0.22 0.440673828125 0.22433333333333333 0.447265625 0.23166666666666666 0.451171875 0.23366666666666666
1 0.447998046875 0.048666666666666664 0.456298828125 0.04066666666666666 0.460693359375 0.03266666666666666 0.461669921875 0.028666666666666667 0.4599609375 0.024333333333333332 0.45458984375 0.021666666666666667 0.44921875 0.024666666666666667 0.446044921875 0.030333333333333334 0.439208984375 0.037 0.4384765625 0.041666666666666664 0.439697265625 0.04533333333333334 0.443359375 0.04833333333333333 0.447998046875 0.048666666666666664
1 0.435791015625 0.053 0.43408203125 0.042333333333333334 0.431640625 0.03866666666666667 0.41943359375 0.04033333333333333 0.41259765625 0.044 0.4140625 0.054 0.416015625 0.058333333333333334 0.431884765625 0.05566666666666667 0.435791015625 0.053
1 0.553955078125 0.2753333333333333 0.552734375 0.2673333333333333 0.549072265625 0.261 0.547119140625 0.2623333333333333 0.545654296875 0.267 0.54541015625 0.2753333333333333 0.546630859375 0.277 0.549072265625 0.2783333333333333 0.553955078125 0.2753333333333333
1 0.544189453125 0.2816666666666667 0.552734375 0.279 0.55419921875 0.2773333333333333 0.5546875 0.27466666666666667 0.55126953125 0.2633333333333333 0.548095703125 0.256 0.5458984375 0.25366666666666665 0.532470703125 0.25266666666666665 0.529296875 0.255 0.52978515625 0.25966666666666666 0.534912109375 0.27566666666666667 0.53955078125 0.2816666666666667 0.544189453125 0.2816666666666667
1 0.673583984375 0.39166666666666666 0.683349609375 0.38333333333333336 0.68896484375 0.374 0.689697265625 0.3606666666666667 0.686279296875 0.3586666666666667 0.681640625 0.3586666666666667 0.67578125 0.361 0.665771484375 0.36866666666666664 0.66064453125 0.37666666666666665 0.659423828125 0.39266666666666666 0.662109375 0.39466666666666667 0.666015625 0.39466666666666667 0.673583984375 0.39166666666666666
1 0.6337890625 0.412 0.633544921875 0.39866666666666667 0.626953125 0.39566666666666667 0.62548828125 0.4 0.625244140625 0.41233333333333333 0.626708984375 0.414 0.630615234375 0.415 0.6337890625 0.412
1 0.24365234375 0.3496666666666667 0.255859375 0.343 0.262451171875 0.33366666666666667 0.2626953125 0.32966666666666666 0.26171875 0.326 0.260009765625 0.32466666666666666 0.245361328125 0.327 0.23583984375 0.3323333333333333 0.230224609375 0.338 0.228759765625 0.3416666666666667 0.232177734375 0.347 0.236328125 0.3496666666666667 0.24365234375 0.3496666666666667
1 0.36474609375 0.422 0.370361328125 0.4226666666666667 0.37744140625 0.41733333333333333 0.3779296875 0.4146666666666667 0.376708984375 0.405 0.374267578125 0.4003333333333333 0.364990234375 0.39666666666666667 0.357177734375 0.4013333333333333 0.355224609375 0.404 0.355712890625 0.4096666666666667 0.358154296875 0.4156666666666667 0.36474609375 0.422
1 0.173828125 0.19333333333333333 0.17626953125 0.18966666666666668 0.176513671875 0.18433333333333332 0.173828125 0.17833333333333334 0.16552734375 0.17766666666666667 0.156982421875 0.182 0.154052734375 0.18533333333333332 0.15234375 0.191 0.152099609375 0.19366666666666665 0.154296875 0.19866666666666666 0.16259765625 0.19866666666666666 0.173828125 0.19333333333333333
1 0.197021484375 0.193 0.199951171875 0.182 0.199462890625 0.17733333333333334 0.197021484375 0.17066666666666666 0.192626953125 0.16833333333333333 0.189208984375 0.17 0.186767578125 0.17366666666666666 0.18603515625 0.18266666666666667 0.188232421875 0.19266666666666668 0.1923828125 0.195 0.197021484375 0.193
1 0.326171875 0.07066666666666667 0.330810546875 0.06666666666666667 0.33837890625 0.067 0.34130859375 0.06566666666666666 0.345703125 0.053 0.349609375 0.03333333333333333 0.348876953125 0.029333333333333333 0.341552734375 0.026 0.333740234375 0.026333333333333334 0.331298828125 0.03133333333333333 0.328125 0.042666666666666665 0.323974609375 0.051 0.322509765625 0.053 0.317626953125 0.055 0.31298828125 0.060333333333333336 0.312744140625 0.06433333333333334 0.314453125 0.06733333333333333 0.3212890625 0.07033333333333333 0.326171875 0.07066666666666667
1 0.326416015625 0.10933333333333334 0.330810546875 0.106 0.334228515625 0.09533333333333334 0.329833984375 0.09166666666666666 0.324951171875 0.09366666666666666 0.32177734375 0.09666666666666666 0.318115234375 0.10333333333333333 0.318359375 0.10466666666666667 0.31982421875 0.10733333333333334 0.326416015625 0.10933333333333334
1 0.154052734375 0.41433333333333333 0.157470703125 0.412 0.158203125 0.4066666666666667 0.154052734375 0.4 0.150390625 0.3963333333333333 0.146240234375 0.3943333333333333 0.142333984375 0.3963333333333333 0.140869140625 0.40066666666666667 0.145263671875 0.4093333333333333 0.150146484375 0.41333333333333333 0.154052734375 0.41433333333333333
1 0.115234375 0.4103333333333333 0.115966796875 0.4083333333333333 0.115234375 0.39966666666666667 0.112060546875 0.393 0.108154296875 0.388 0.100341796875 0.386 0.094970703125 0.387 0.09521484375 0.39666666666666667 0.103515625 0.4083333333333333 0.111083984375 0.41133333333333333 0.115234375 0.4103333333333333
1 0.10888671875 0.373 0.109130859375 0.36766666666666664 0.107421875 0.3626666666666667 0.099853515625 0.3566666666666667 0.095703125 0.359 0.09228515625 0.365 0.092041015625 0.369 0.099609375 0.378 0.103515625 0.37866666666666665 0.10888671875 0.373
1 0.189697265625 0.3456666666666667 0.1904296875 0.3416666666666667 0.18896484375 0.34 0.18505859375 0.339 0.181396484375 0.3406666666666667 0.180908203125 0.3456666666666667 0.181640625 0.347 0.1865234375 0.348 0.189697265625 0.3456666666666667
1 0.21044921875 0.342 0.210205078125 0.33766666666666667 0.208740234375 0.33566666666666667 0.205078125 0.33566666666666667 0.203125 0.3373333333333333 0.202880859375 0.3416666666666667 0.204833984375 0.3446666666666667 0.208740234375 0.345 0.21044921875 0.342
1 0.228271484375 0.2776666666666667 0.228271484375 0.268 0.224365234375 0.266 0.222412109375 0.2693333333333333 0.221923828125 0.276 0.22265625 0.278 0.2255859375 0.2793333333333333 0.228271484375 0.2776666666666667
1 0.242431640625 0.287 0.240234375 0.283 0.236083984375 0.285 0.23486328125 0.288 0.234619140625 0.291 0.236083984375 0.295 0.2412109375 0.294 0.242431640625 0.287
1 0.3056640625 0.365 0.302734375 0.361 0.298828125 0.363 0.29833984375 0.373 0.302734375 0.37666666666666665 0.306396484375 0.373 0.3056640625 0.365
1 0.1220703125 0.536 0.1240234375 0.5343333333333333 0.123291015625 0.5306666666666666 0.115478515625 0.522 0.107421875 0.5173333333333333 0.103759765625 0.5173333333333333 0.10546875 0.526 0.10986328125 0.5336666666666666 0.11474609375 0.5363333333333333 0.1220703125 0.536
1 0.215087890625 0.5253333333333333 0.217041015625 0.521 0.21484375 0.5143333333333333 0.208984375 0.514 0.20166015625 0.524 0.201171875 0.529 0.20361328125 0.533 0.208740234375 0.5333333333333333 0.215087890625 0.5253333333333333
1 0.220703125 0.5846666666666667 0.22021484375 0.5823333333333334 0.21728515625 0.5806666666666667 0.21484375 0.5813333333333334 0.21240234375 0.584 0.212158203125 0.5876666666666667 0.21484375 0.5886666666666667 0.218994140625 0.588 0.220703125 0.5846666666666667
1 0.24462890625 0.6463333333333333 0.244384765625 0.6373333333333333 0.240966796875 0.635 0.232666015625 0.6376666666666667 0.22998046875 0.6423333333333333 0.2294921875 0.6463333333333333 0.232177734375 0.6503333333333333 0.236572265625 0.6503333333333333 0.24462890625 0.6463333333333333
1 0.4091796875 0.5306666666666666 0.411376953125 0.525 0.411376953125 0.5213333333333333 0.408203125 0.5196666666666667 0.399658203125 0.5213333333333333 0.391845703125 0.5283333333333333 0.388427734375 0.5346666666666666 0.388427734375 0.5413333333333333 0.396728515625 0.541 0.400390625 0.5393333333333333 0.4091796875 0.5306666666666666
1 0.593017578125 0.526 0.596923828125 0.523 0.60302734375 0.5136666666666667 0.603759765625 0.5056666666666667 0.599609375 0.504 0.585693359375 0.5053333333333333 0.58251953125 0.5093333333333333 0.578125 0.522 0.57763671875 0.5283333333333333 0.57958984375 0.5306666666666666 0.583740234375 0.531 0.593017578125 0.526
1 0.560302734375 0.662 0.560302734375 0.6543333333333333 0.557373046875 0.653 0.552978515625 0.6536666666666666 0.54541015625 0.658 0.543701171875 0.6613333333333333 0.54345703125 0.666 0.544677734375 0.6703333333333333 0.552490234375 0.669 0.560302734375 0.662
1 0.572265625 0.706 0.577392578125 0.701 0.5751953125 0.697 0.568359375 0.6943333333333334 0.560546875 0.6946666666666667 0.55615234375 0.6986666666666667 0.555419921875 0.7016666666666667 0.55712890625 0.705 0.563720703125 0.708 0.572265625 0.706
1 0.267578125 0.9086666666666666 0.271484375 0.906 0.275390625 0.9013333333333333 0.27685546875 0.8966666666666666 0.27392578125 0.889 0.26806640625 0.8793333333333333 0.260009765625 0.8683333333333333 0.256103515625 0.8653333333333333 0.251708984375 0.8673333333333333 0.246337890625 0.8733333333333333 0.244140625 0.8823333333333333 0.240673828125 0.8843333333333333 0.235107421875 0.8846666666666667 0.23486328125 0.8886666666666667 0.236328125 0.8903333333333333 0.263916015625 0.9083333333333333 0.267578125 0.9086666666666666
1 0.224365234375 0.8933333333333333 0.2275390625 0.8886666666666667 0.22705078125 0.885 0.22509765625 0.8833333333333333 0.216796875 0.8816666666666667 0.20849609375 0.883 0.205078125 0.8876666666666667 0.207763671875 0.893 0.212158203125 0.8953333333333333 0.22119140625 0.8953333333333333 0.224365234375 0.8933333333333333
1 0.07177734375 0.8693333333333333 0.070556640625 0.8613333333333333 0.068115234375 0.8576666666666667 0.056396484375 0.857 0.053466796875 0.8603333333333333 0.05419921875 0.8653333333333333 0.057861328125 0.8716666666666667 0.068359375 0.873 0.07177734375 0.8693333333333333
1 0.267578125 0.839 0.267578125 0.8326666666666667 0.264404296875 0.8253333333333334 0.260009765625 0.8226666666666667 0.25390625 0.8223333333333334 0.251953125 0.8236666666666667 0.252685546875 0.8293333333333334 0.2568359375 0.8373333333333334 0.26171875 0.8396666666666667 0.267578125 0.839
1 0.286865234375 0.8353333333333334 0.291015625 0.8286666666666667 0.292236328125 0.822 0.29052734375 0.8183333333333334 0.286865234375 0.8166666666666667 0.279052734375 0.8256666666666667 0.27880859375 0.8293333333333334 0.28076171875 0.8336666666666667 0.282958984375 0.8353333333333334 0.286865234375 0.8353333333333334
1 0.381103515625 0.9826666666666667 0.386474609375 0.9783333333333334 0.3857421875 0.9733333333333334 0.381103515625 0.968 0.37353515625 0.9693333333333334 0.370361328125 0.9726666666666667 0.369873046875 0.9746666666666667 0.371337890625 0.9786666666666667 0.376220703125 0.983 0.381103515625 0.9826666666666667
1 0.50927734375 0.9643333333333334 0.51318359375 0.9633333333333334 0.515380859375 0.9586666666666667 0.513671875 0.9533333333333334 0.505859375 0.946 0.50146484375 0.9446666666666667 0.497314453125 0.9486666666666667 0.496826171875 0.9513333333333334 0.497802734375 0.9553333333333334 0.50634765625 0.963 0.50927734375 0.9643333333333334
1 0.462646484375 0.9743333333333334 0.462158203125 0.97 0.458984375 0.966 0.4501953125 0.9676666666666667 0.4482421875 0.969 0.44677734375 0.9723333333333334 0.447265625 0.9753333333333334 0.451171875 0.9776666666666667 0.458740234375 0.9766666666666667 0.462646484375 0.9743333333333334
1 0.310546875 0.947 0.315185546875 0.944 0.322998046875 0.9313333333333333 0.322021484375 0.9276666666666666 0.31982421875 0.926 0.309814453125 0.9243333333333333 0.306396484375 0.926 0.30078125 0.9353333333333333 0.299072265625 0.939 0.299560546875 0.9433333333333334 0.30517578125 0.9463333333333334 0.310546875 0.947
1 0.2041015625 0.9996666666666667 0.205078125 0.9966666666666667 0.207763671875 0.9943333333333333 0.20556640625 0.9886666666666667 0.201416015625 0.986 0.189453125 0.9803333333333333 0.18603515625 0.9823333333333333 0.18701171875 0.986 0.185791015625 0.995 0.1875 0.9996666666666667 0.2041015625 0.9996666666666667
1 0.17431640625 0.9626666666666667 0.173828125 0.9556666666666667 0.169677734375 0.9463333333333334 0.1650390625 0.9456666666666667 0.160888671875 0.9486666666666667 0.159912109375 0.9516666666666667 0.16552734375 0.9666666666666667 0.169677734375 0.9666666666666667 0.17431640625 0.9626666666666667
1 0.14697265625 0.9826666666666667 0.138671875 0.9803333333333333 0.137451171875 0.9823333333333333 0.13671875 0.9903333333333333 0.136962890625 0.9996666666666667 0.145263671875 0.9996666666666667 0.146728515625 0.9943333333333333 0.14697265625 0.9826666666666667
1 0.468505859375 0.7516666666666667 0.469482421875 0.748 0.467529296875 0.7433333333333333 0.46435546875 0.742 0.458740234375 0.7423333333333333 0.45654296875 0.745 0.456298828125 0.749 0.459716796875 0.752 0.466552734375 0.7526666666666667 0.468505859375 0.7516666666666667
1 0.588623046875 0.849 0.595458984375 0.8456666666666667 0.5986328125 0.8413333333333334 0.600341796875 0.832 0.599609375 0.8293333333333334 0.59130859375 0.829 0.58642578125 0.831 0.58349609375 0.834 0.579833984375 0.8453333333333334 0.580078125 0.847 0.5830078125 0.849 0.588623046875 0.849
1 0.509521484375 0.8146666666666667 0.513916015625 0.8143333333333334 0.515625 0.8066666666666666 0.52294921875 0.802 0.52490234375 0.7986666666666666 0.525146484375 0.791 0.521484375 0.7876666666666666 0.5068359375 0.7823333333333333 0.503173828125 0.7833333333333333 0.501708984375 0.786 0.501708984375 0.7946666666666666 0.5048828125 0.7976666666666666 0.507568359375 0.8026666666666666 0.509521484375 0.8146666666666667
1 0.470703125 0.829 0.466796875 0.829 0.462646484375 0.8363333333333334 0.46337890625 0.8416666666666667 0.469970703125 0.842 0.47314453125 0.833 0.470703125 0.829
1 0.080078125 0.5953333333333334 0.081787109375 0.592 0.080078125 0.576 0.073486328125 0.5806666666666667 0.07275390625 0.584 0.07373046875 0.5916666666666667 0.075927734375 0.5953333333333334 0.080078125 0.5953333333333334
1 0.037841796875 0.676 0.039794921875 0.67 0.039794921875 0.6646666666666666 0.03955078125 0.662 0.037109375 0.6576666666666666 0.031982421875 0.6613333333333333 0.029052734375 0.671 0.029296875 0.6773333333333333 0.03076171875 0.6786666666666666 0.03515625 0.679 0.037841796875 0.676
1 0.1005859375 0.6863333333333334 0.099853515625 0.6803333333333333 0.095947265625 0.675 0.091552734375 0.6763333333333333 0.091552734375 0.6866666666666666 0.095458984375 0.6923333333333334 0.09912109375 0.6916666666666667 0.1005859375 0.6863333333333334
1 0.43603515625 0.3413333333333333 0.439208984375 0.338 0.438720703125 0.33366666666666667 0.435302734375 0.32566666666666666 0.423583984375 0.3253333333333333 0.420166015625 0.3283333333333333 0.419921875 0.3313333333333333 0.42236328125 0.3396666666666667 0.427001953125 0.3446666666666667 0.43603515625 0.3413333333333333
1 0.396240234375 0.2843333333333333 0.402099609375 0.27666666666666667 0.40234375 0.2753333333333333 0.400146484375 0.2713333333333333 0.39306640625 0.2663333333333333 0.387939453125 0.266 0.384521484375 0.2693333333333333 0.3837890625 0.2713333333333333 0.384521484375 0.279 0.39208984375 0.2856666666666667 0.396240234375 0.2843333333333333
1 0.46923828125 0.149 0.47412109375 0.14833333333333334 0.480712890625 0.14233333333333334 0.4775390625 0.13966666666666666 0.474365234375 0.13066666666666665 0.467041015625 0.129 0.45654296875 0.13033333333333333 0.4560546875 0.13366666666666666 0.45751953125 0.13966666666666666 0.462646484375 0.14766666666666667 0.46923828125 0.149
1 0.488525390625 0.14233333333333334 0.488525390625 0.138 0.486328125 0.13466666666666666 0.48193359375 0.13433333333333333 0.483642578125 0.13966666666666666 0.483154296875 0.14233333333333334 0.486083984375 0.14333333333333334 0.488525390625 0.14233333333333334
1 0.595703125 0.25933333333333336 0.600830078125 0.248 0.6015625 0.24366666666666667 0.599609375 0.24 0.597900390625 0.24 0.591796875 0.23566666666666666 0.58837890625 0.23566666666666666 0.58544921875 0.23966666666666667 0.583740234375 0.24533333333333332 0.58349609375 0.248 0.5849609375 0.25233333333333335 0.591796875 0.26166666666666666 0.595703125 0.25933333333333336
1 0.51513671875 0.213 0.525146484375 0.22066666666666668 0.533447265625 0.22 0.534423828125 0.21666666666666667 0.533203125 0.21133333333333335 0.52880859375 0.204 0.52587890625 0.201 0.52197265625 0.19933333333333333 0.513916015625 0.19966666666666666 0.511962890625 0.201 0.511962890625 0.20466666666666666 0.5126953125 0.209 0.51513671875 0.213
1 0.505859375 0.25833333333333336 0.50732421875 0.25566666666666665 0.505615234375 0.24433333333333335 0.501708984375 0.24433333333333335 0.49951171875 0.24633333333333332 0.49853515625 0.249 0.50048828125 0.25666666666666665 0.501953125 0.25866666666666666 0.505859375 0.25833333333333336
1 0.186279296875 0.243 0.192138671875 0.24 0.1923828125 0.236 0.18603515625 0.22666666666666666 0.181640625 0.22666666666666666 0.178466796875 0.22966666666666666 0.177978515625 0.23266666666666666 0.17919921875 0.23866666666666667 0.181396484375 0.242 0.186279296875 0.243
1 0.081787109375 0.108 0.08251953125 0.10333333333333333 0.079833984375 0.1 0.074462890625 0.09966666666666667 0.0673828125 0.103 0.064453125 0.10966666666666666 0.065185546875 0.112 0.0693359375 0.114 0.076416015625 0.11366666666666667 0.081787109375 0.108
1 0.068359375 0.14633333333333334 0.072021484375 0.14433333333333334 0.075927734375 0.13766666666666666 0.076416015625 0.13466666666666666 0.07568359375 0.13366666666666666 0.060546875 0.12066666666666667 0.056396484375 0.121 0.052734375 0.12466666666666666 0.051025390625 0.12833333333333333 0.050048828125 0.13066666666666665 0.0517578125 0.13566666666666666 0.065185546875 0.14566666666666667 0.068359375 0.14633333333333334
1 0.23828125 0.15833333333333333 0.237548828125 0.154 0.236083984375 0.15266666666666667 0.228515625 0.15333333333333332 0.2265625 0.15533333333333332 0.226806640625 0.16166666666666665 0.228515625 0.16333333333333333 0.236083984375 0.162 0.23828125 0.15833333333333333
1 0.13623046875 0.5016666666666667 0.134521484375 0.49533333333333335 0.130859375 0.49533333333333335 0.1279296875 0.49833333333333335 0.126953125 0.506 0.131103515625 0.507 0.135009765625 0.5056666666666667 0.13623046875 0.5016666666666667
1 0.607421875 0.455 0.6103515625 0.45066666666666666 0.610595703125 0.448 0.6103515625 0.44366666666666665 0.608154296875 0.43633333333333335 0.602783203125 0.43533333333333335 0.598876953125 0.439 0.597900390625 0.44466666666666665 0.599609375 0.4543333333333333 0.602294921875 0.456 0.607421875 0.455
1 0.62939453125 0.4196666666666667 0.62939453125 0.4156666666666667 0.6240234375 0.413 0.618896484375 0.41233333333333333 0.615478515625 0.41533333333333333 0.61572265625 0.4196666666666667 0.619140625 0.423 0.623291015625 0.42333333333333334 0.62939453125 0.4196666666666667
1 0.341064453125 0.591 0.345703125 0.5913333333333334 0.34716796875 0.588 0.345458984375 0.5823333333333334 0.342529296875 0.5783333333333334 0.337890625 0.578 0.32958984375 0.5836666666666667 0.328125 0.5883333333333334 0.329833984375 0.5936666666666667 0.333984375 0.594 0.341064453125 0.591
1 0.506103515625 0.6306666666666667 0.507568359375 0.627 0.50732421875 0.623 0.505615234375 0.62 0.498046875 0.6193333333333333 0.493896484375 0.6206666666666667 0.492919921875 0.6223333333333333 0.49267578125 0.627 0.494140625 0.631 0.504638671875 0.6313333333333333 0.506103515625 0.6306666666666667
1 0.465087890625 0.7206666666666667 0.464111328125 0.7166666666666667 0.458984375 0.7123333333333334 0.455078125 0.7126666666666667 0.4541015625 0.7146666666666667 0.454345703125 0.7193333333333334 0.456298828125 0.722 0.462646484375 0.723 0.465087890625 0.7206666666666667
1 0.598388671875 0.7976666666666666 0.6005859375 0.7946666666666666 0.600341796875 0.7906666666666666 0.598388671875 0.7896666666666666 0.591552734375 0.7896666666666666 0.590087890625 0.7923333333333333 0.58935546875 0.7946666666666666 0.591552734375 0.7976666666666666 0.59423828125 0.7986666666666666 0.598388671875 0.7976666666666666
1 0.341064453125 0.7066666666666667 0.3408203125 0.701 0.338134765625 0.6966666666666667 0.333740234375 0.6963333333333334 0.331787109375 0.6993333333333334 0.331298828125 0.701 0.3349609375 0.7076666666666667 0.337890625 0.7093333333333334 0.341064453125 0.7066666666666667
1 0.400390625 0.6453333333333333 0.401123046875 0.643 0.400390625 0.6393333333333333 0.396728515625 0.6336666666666667 0.392333984375 0.6333333333333333 0.390869140625 0.635 0.390380859375 0.6386666666666667 0.394775390625 0.6453333333333333 0.396240234375 0.6466666666666666 0.400390625 0.6453333333333333
1 0.251708984375 0.8416666666666667 0.25146484375 0.834 0.248046875 0.8323333333333334 0.24267578125 0.833 0.240234375 0.8343333333333334 0.238037109375 0.8393333333333334 0.238037109375 0.8433333333333334 0.23974609375 0.846 0.247802734375 0.8456666666666667 0.251708984375 0.8416666666666667
1 0.17626953125 0.7326666666666667 0.175537109375 0.7283333333333334 0.173828125 0.7263333333333334 0.16943359375 0.726 0.16650390625 0.729 0.166015625 0.732 0.169677734375 0.7363333333333333 0.173583984375 0.7356666666666667 0.17626953125 0.7326666666666667
1 0.19580078125 0.6036666666666667 0.19287109375 0.5966666666666667 0.185791015625 0.5966666666666667 0.184326171875 0.5983333333333334 0.184814453125 0.6036666666666667 0.186767578125 0.6063333333333333 0.193359375 0.6066666666666667 0.19580078125 0.6036666666666667
1 0.13134765625 0.579 0.13037109375 0.5743333333333334 0.126953125 0.5736666666666667 0.12451171875 0.5766666666666667 0.125 0.5836666666666667 0.12646484375 0.586 0.130859375 0.5846666666666667 0.13134765625 0.579
1 0.26171875 0.197 0.26318359375 0.18933333333333333 0.2626953125 0.183 0.259765625 0.18133333333333335 0.255615234375 0.182 0.251953125 0.19133333333333333 0.25244140625 0.19733333333333333 0.255126953125 0.199 0.26025390625 0.19833333333333333 0.26171875 0.197
1 0.2763671875 0.149 0.277099609375 0.14633333333333334 0.275146484375 0.14133333333333334 0.26953125 0.14066666666666666 0.266845703125 0.142 0.2666015625 0.14666666666666667 0.269775390625 0.15033333333333335 0.27392578125 0.151 0.2763671875 0.149
1 0.388671875 0.09233333333333334 0.388916015625 0.08666666666666667 0.38671875 0.08466666666666667 0.383544921875 0.08466666666666667 0.377685546875 0.089 0.375732421875 0.093 0.375244140625 0.09633333333333334 0.37646484375 0.09933333333333333 0.384033203125 0.09866666666666667 0.388671875 0.09233333333333334
1 0.365234375 0.09066666666666667 0.36767578125 0.08766666666666667 0.367919921875 0.07966666666666666 0.365234375 0.076 0.361328125 0.077 0.359375 0.07966666666666666 0.35986328125 0.08566666666666667 0.361572265625 0.08966666666666667 0.365234375 0.09066666666666667
1 0.41064453125 0.007333333333333333 0.40966796875 0.005 0.40673828125 0.004666666666666667 0.404052734375 0.007666666666666666 0.404541015625 0.014666666666666666 0.408447265625 0.016 0.410400390625 0.014333333333333333 0.41064453125 0.007333333333333333
1 0.52587890625 0.039 0.5283203125 0.037 0.529052734375 0.033666666666666664 0.529052734375 0.029333333333333333 0.52685546875 0.028333333333333332 0.517333984375 0.027 0.5146484375 0.029666666666666668 0.513916015625 0.03333333333333333 0.514892578125 0.036 0.51708984375 0.03766666666666667 0.52587890625 0.039
1 0.33447265625 0.18166666666666667 0.335205078125 0.178 0.33447265625 0.17366666666666666 0.329833984375 0.17133333333333334 0.327392578125 0.172 0.326171875 0.17833333333333334 0.324462890625 0.18166666666666667 0.32373046875 0.18533333333333332 0.325927734375 0.18966666666666668 0.330322265625 0.188 0.33447265625 0.18166666666666667
1 0.2802734375 0.09166666666666666 0.2822265625 0.08366666666666667 0.279296875 0.06733333333333333 0.27587890625 0.06533333333333333 0.270263671875 0.06566666666666666 0.267333984375 0.06666666666666667 0.265625 0.07033333333333333 0.265625 0.079 0.267822265625 0.091 0.270751953125 0.093 0.2802734375 0.09166666666666666
1 0.469970703125 0.435 0.468994140625 0.431 0.46533203125 0.43 0.462158203125 0.43133333333333335 0.460205078125 0.43566666666666665 0.459716796875 0.43933333333333335 0.464599609375 0.44033333333333335 0.46728515625 0.43966666666666665 0.469970703125 0.435
1 0.552001953125 0.6386666666666667 0.55126953125 0.6346666666666667 0.544921875 0.6313333333333333 0.541015625 0.6336666666666667 0.539306640625 0.637 0.5400390625 0.6413333333333333 0.544189453125 0.6436666666666667 0.548828125 0.6426666666666667 0.552001953125 0.6386666666666667
1 0.43896484375 0.932 0.439453125 0.9276666666666666 0.435546875 0.9226666666666666 0.431396484375 0.921 0.429443359375 0.9263333333333333 0.427978515625 0.932 0.43017578125 0.9353333333333333 0.436279296875 0.9356666666666666 0.43896484375 0.932
1 0.67431640625 0.97 0.676025390625 0.967 0.673583984375 0.962 0.66552734375 0.958 0.663818359375 0.9523333333333334 0.66162109375 0.95 0.65576171875 0.9496666666666667 0.653076171875 0.9526666666666667 0.652099609375 0.9563333333333334 0.65234375 0.967 0.654296875 0.9736666666666667 0.668212890625 0.9743333333333334 0.67431640625 0.97
1 0.107177734375 0.7866666666666666 0.111328125 0.783 0.111572265625 0.775 0.107177734375 0.7716666666666666 0.103271484375 0.7716666666666666 0.099609375 0.7746666666666666 0.099609375 0.7796666666666666 0.101318359375 0.783 0.107177734375 0.7866666666666666
1 0.779296875 0.717 0.78369140625 0.7123333333333334 0.78662109375 0.705 0.787353515625 0.697 0.77685546875 0.6923333333333334 0.77099609375 0.692 0.767578125 0.694 0.76611328125 0.7003333333333334 0.765869140625 0.7166666666666667 0.76904296875 0.7183333333333334 0.77392578125 0.7183333333333334 0.779296875 0.717
1 0.801025390625 0.8263333333333334 0.799072265625 0.8223333333333334 0.795166015625 0.8216666666666667 0.787353515625 0.8243333333333334 0.7861328125 0.826 0.78662109375 0.8326666666666667 0.7900390625 0.834 0.798828125 0.8316666666666667 0.801025390625 0.8263333333333334
1 0.820556640625 0.9006666666666666 0.819091796875 0.8916666666666667 0.815673828125 0.8886666666666667 0.8173828125 0.8846666666666667 0.810302734375 0.884 0.810546875 0.8863333333333333 0.809326171875 0.8893333333333333 0.806884765625 0.8913333333333333 0.805908203125 0.8943333333333333 0.805419921875 0.8963333333333333 0.807373046875 0.903 0.810302734375 0.9053333333333333 0.820556640625 0.9006666666666666
1 0.82275390625 0.908 0.822265625 0.8966666666666666 0.81982421875 0.884 0.817626953125 0.8823333333333333 0.810302734375 0.8806666666666667 0.80517578125 0.8803333333333333 0.80322265625 0.8816666666666667 0.802978515625 0.8853333333333333 0.806396484375 0.9053333333333333 0.810302734375 0.9073333333333333 0.82275390625 0.908
1 0.92529296875 0.38066666666666665 0.92529296875 0.37666666666666665 0.923828125 0.37366666666666665 0.919921875 0.36833333333333335 0.9169921875 0.367 0.90673828125 0.365 0.89892578125 0.36933333333333335 0.898681640625 0.37333333333333335 0.905029296875 0.38166666666666665 0.919677734375 0.38466666666666666 0.92529296875 0.38066666666666665
1 0.966796875 0.391 0.97119140625 0.391 0.974853515625 0.3893333333333333 0.977783203125 0.38566666666666666 0.9775390625 0.38166666666666665 0.974853515625 0.374 0.970458984375 0.365 0.965576171875 0.3626666666666667 0.95751953125 0.36633333333333334 0.955810546875 0.36866666666666664 0.95654296875 0.37233333333333335 0.96435546875 0.389 0.966796875 0.391
1 0.86474609375 0.31466666666666665 0.869384765625 0.31366666666666665 0.871337890625 0.31066666666666665 0.871337890625 0.30766666666666664 0.868896484375 0.297 0.86572265625 0.29533333333333334 0.861572265625 0.297 0.8603515625 0.2986666666666667 0.8603515625 0.30266666666666664 0.8623046875 0.31166666666666665 0.86474609375 0.31466666666666665
1 0.857421875 0.067 0.861328125 0.06433333333333334 0.861572265625 0.060333333333333336 0.856201171875 0.04533333333333334 0.8515625 0.044333333333333336 0.8486328125 0.048666666666666664 0.84765625 0.059333333333333335 0.849853515625 0.06466666666666666 0.853271484375 0.067 0.857421875 0.067
1 0.876953125 0.056666666666666664 0.878173828125 0.05266666666666667 0.874755859375 0.04533333333333334 0.86865234375 0.044 0.86474609375 0.047 0.864990234375 0.052333333333333336 0.870361328125 0.057666666666666665 0.873046875 0.059 0.876953125 0.056666666666666664
1 0.912841796875 0.032 0.91943359375 0.029 0.9228515625 0.025666666666666667 0.922607421875 0.021333333333333333 0.919189453125 0.015333333333333332 0.91650390625 0.013333333333333334 0.908203125 0.014666666666666666 0.900634765625 0.021666666666666667 0.900146484375 0.026 0.90087890625 0.028666666666666667 0.9052734375 0.03166666666666667 0.912841796875 0.032
1 0.837890625 0.13833333333333334 0.837890625 0.13466666666666666 0.833251953125 0.13 0.82958984375 0.129 0.8251953125 0.13033333333333333 0.8251953125 0.135 0.829345703125 0.13933333333333334 0.83447265625 0.14033333333333334 0.837890625 0.13833333333333334
1 0.6689453125 0.096 0.670166015625 0.092 0.670166015625 0.087 0.668701171875 0.08366666666666667 0.66552734375 0.08233333333333333 0.66357421875 0.08366666666666667 0.66162109375 0.08766666666666667 0.66015625 0.09566666666666666 0.662109375 0.09933333333333333 0.666015625 0.099 0.6689453125 0.096
1 0.77783203125 0.416 0.78662109375 0.416 0.7900390625 0.412 0.787353515625 0.4063333333333333 0.783447265625 0.4023333333333333 0.77880859375 0.4013333333333333 0.774658203125 0.4026666666666667 0.772705078125 0.404 0.772705078125 0.4076666666666667 0.775146484375 0.41333333333333333 0.77783203125 0.416
1 0.767333984375 0.5103333333333333 0.769775390625 0.503 0.769775390625 0.5013333333333333 0.767822265625 0.49866666666666665 0.756591796875 0.493 0.753173828125 0.494 0.751708984375 0.498 0.751220703125 0.502 0.753173828125 0.505 0.763427734375 0.5106666666666667 0.767333984375 0.5103333333333333
1 0.742919921875 0.5246666666666666 0.742919921875 0.5213333333333333 0.739990234375 0.519 0.734375 0.5216666666666666 0.73193359375 0.525 0.732177734375 0.529 0.740234375 0.5293333333333333 0.742919921875 0.5246666666666666
1 0.81640625 0.753 0.821533203125 0.748 0.81982421875 0.743 0.814453125 0.7406666666666667 0.810302734375 0.743 0.808349609375 0.7456666666666667 0.80712890625 0.7476666666666667 0.807373046875 0.7506666666666667 0.81005859375 0.7533333333333333 0.81640625 0.753
1 0.751220703125 0.9706666666666667 0.7587890625 0.9666666666666667 0.758056640625 0.963 0.751708984375 0.9556666666666667 0.747314453125 0.955 0.739501953125 0.9583333333333334 0.739013671875 0.9623333333333334 0.73974609375 0.9643333333333334 0.74560546875 0.9706666666666667 0.751220703125 0.9706666666666667
1 0.552490234375 0.967 0.55322265625 0.964 0.552490234375 0.9553333333333334 0.54833984375 0.9543333333333334 0.547119140625 0.9566666666666667 0.546875 0.963 0.5478515625 0.9653333333333334 0.548828125 0.9666666666666667 0.552490234375 0.967
1 0.654052734375 0.9373333333333334 0.656982421875 0.9313333333333333 0.656494140625 0.928 0.654052734375 0.9263333333333333 0.64990234375 0.9263333333333333 0.64892578125 0.9276666666666666 0.64697265625 0.9313333333333333 0.64697265625 0.9353333333333333 0.650146484375 0.938 0.654052734375 0.9373333333333334
1 0.36962890625 0.5403333333333333 0.370849609375 0.537 0.37060546875 0.534 0.367919921875 0.527 0.364990234375 0.5253333333333333 0.358154296875 0.529 0.35791015625 0.533 0.361328125 0.5406666666666666 0.366455078125 0.5416666666666666 0.36962890625 0.5403333333333333
1 0.716064453125 0.7086666666666667 0.715576171875 0.7046666666666667 0.712646484375 0.701 0.70947265625 0.6996666666666667 0.704345703125 0.7006666666666667 0.70458984375 0.7046666666666667 0.70654296875 0.7073333333333334 0.712646484375 0.71 0.716064453125 0.7086666666666667
1 0.42724609375 0.34933333333333333 0.427490234375 0.3453333333333333 0.423828125 0.3426666666666667 0.419677734375 0.3423333333333333 0.416259765625 0.3453333333333333 0.416015625 0.3496666666666667 0.419921875 0.35233333333333333 0.423828125 0.3526666666666667 0.42724609375 0.34933333333333333
1 0.34521484375 0.369 0.34521484375 0.365 0.341552734375 0.358 0.32958984375 0.34933333333333333 0.329345703125 0.35333333333333333 0.3359375 0.369 0.3408203125 0.37033333333333335 0.34521484375 0.369
1 0.170654296875 0.8846666666666667 0.17138671875 0.8766666666666667 0.169677734375 0.873 0.163330078125 0.8726666666666667 0.1611328125 0.8743333333333333 0.1611328125 0.8783333333333333 0.165771484375 0.885 0.169677734375 0.8856666666666667 0.170654296875 0.8846666666666667
1 0.279541015625 0.9996666666666667 0.291015625 0.9996666666666667 0.29296875 0.9903333333333333 0.29150390625 0.9783333333333334 0.286376953125 0.9756666666666667 0.279296875 0.9763333333333334 0.274658203125 0.9783333333333334 0.270751953125 0.9823333333333333 0.265869140625 0.9933333333333333 0.266357421875 0.9956666666666667 0.26806640625 0.997 0.2763671875 0.9976666666666667 0.279541015625 0.9996666666666667
1 0.501708984375 0.5063333333333333 0.505615234375 0.505 0.516357421875 0.49833333333333335 0.517822265625 0.496 0.517822265625 0.49033333333333334 0.515380859375 0.4876666666666667 0.51171875 0.474 0.51220703125 0.4696666666666667 0.510009765625 0.466 0.502197265625 0.4613333333333333 0.497802734375 0.4613333333333333 0.483154296875 0.4693333333333333 0.480712890625 0.47333333333333333 0.48095703125 0.4776666666666667 0.484130859375 0.48833333333333334 0.496826171875 0.506 0.501708984375 0.5063333333333333
1 0.612189697265625 0.6928893333333334 0.609504150390625 0.6912226666666667 0.608527587890625 0.6935560000000001 0.609748291015625 0.6968893333333334 0.611701416015625 0.6968893333333334 0.612189697265625 0.6928893333333334
1 0.031005859375 0.374 0.030029296875 0.36466666666666664 0.029296875 0.36333333333333334 0.023193359375 0.36466666666666664 0.016357421875 0.37733333333333335 0.013671875 0.37666666666666665 0.012939453125 0.38 0.0126953125 0.38866666666666666 0.013671875 0.392 0.026123046875 0.3883333333333333 0.031005859375 0.374
1 0.349365234375 0.22233333333333333 0.354736328125 0.217 0.35546875 0.21166666666666667 0.35400390625 0.20866666666666667 0.349609375 0.209 0.343017578125 0.21533333333333332 0.34228515625 0.21633333333333332 0.3427734375 0.22066666666666668 0.345458984375 0.22233333333333333 0.349365234375 0.22233333333333333
1 0.258544921875 0.6033333333333334 0.2587890625 0.5996666666666667 0.255859375 0.5963333333333334 0.251708984375 0.5966666666666667 0.24951171875 0.5993333333333334 0.2490234375 0.6033333333333334 0.251708984375 0.605 0.255859375 0.6053333333333333 0.258544921875 0.6033333333333334
1 0.399169921875 0.7906666666666666 0.400390625 0.79 0.402099609375 0.7826666666666666 0.400390625 0.7806666666666666 0.39599609375 0.7806666666666666 0.39453125 0.7843333333333333 0.394287109375 0.787 0.395751953125 0.79 0.396484375 0.791 0.399169921875 0.7906666666666666
1 0.020751953125 0.7913333333333333 0.021240234375 0.7886666666666666 0.025390625 0.7873333333333333 0.025146484375 0.786 0.0228271484375 0.7863333333333333 0.018310546875 0.7836666666666666 0.014892578125 0.7846666666666666 0.0126953125 0.787 0.011962890625 0.792 0.013671875 0.7953333333333333 0.017333984375 0.7946666666666666 0.020751953125 0.7913333333333333
1 0.639892578125 0.35733333333333334 0.637939453125 0.35333333333333333 0.630859375 0.3536666666666667 0.630859375 0.35833333333333334 0.634033203125 0.3606666666666667 0.638427734375 0.361 0.639892578125 0.35733333333333334
1 0.6513671875 0.30933333333333335 0.652099609375 0.30566666666666664 0.650146484375 0.29933333333333334 0.645751953125 0.29833333333333334 0.6435546875 0.3006666666666667 0.6435546875 0.30533333333333335 0.64501953125 0.309 0.648193359375 0.31033333333333335 0.6513671875 0.30933333333333335
1 0.662353515625 0.2853333333333333 0.664306640625 0.283 0.6650390625 0.28 0.66357421875 0.2713333333333333 0.661376953125 0.26966666666666667 0.658203125 0.2703333333333333 0.65625 0.27266666666666667 0.654541015625 0.2753333333333333 0.65576171875 0.283 0.657958984375 0.2856666666666667 0.662353515625 0.2853333333333333
1 0.8369140625 0.357 0.83740234375 0.353 0.834228515625 0.3486666666666667 0.8291015625 0.3476666666666667 0.824951171875 0.3506666666666667 0.82421875 0.3536666666666667 0.82666015625 0.35733333333333334 0.833984375 0.3596666666666667 0.8369140625 0.357
1 0.807861328125 0.5563333333333333 0.814453125 0.55 0.817138671875 0.5446666666666666 0.817626953125 0.541 0.814208984375 0.5376666666666666 0.810791015625 0.538 0.805908203125 0.5456666666666666 0.801513671875 0.5476666666666666 0.80078125 0.5486666666666666 0.801025390625 0.5523333333333333 0.803466796875 0.5553333333333333 0.807861328125 0.5563333333333333
1 0.871337890625 0.713 0.872314453125 0.7093333333333334 0.8720703125 0.7046666666666667 0.869384765625 0.6943333333333334 0.864501953125 0.693 0.861572265625 0.6963333333333334 0.862060546875 0.708 0.8642578125 0.7126666666666667 0.8671875 0.714 0.871337890625 0.713
1 0.927734375 0.7206666666666667 0.928466796875 0.7126666666666667 0.927734375 0.7103333333333334 0.92333984375 0.7093333333333334 0.91845703125 0.7143333333333334 0.91796875 0.721 0.919189453125 0.7233333333333334 0.923828125 0.7236666666666667 0.927734375 0.7206666666666667
1 0.499755859375 0.201 0.497802734375 0.19866666666666666 0.494140625 0.199 0.4931640625 0.201 0.492919921875 0.205 0.493896484375 0.208 0.498046875 0.20866666666666667 0.499755859375 0.201
1 0.354248046875 0.31433333333333335 0.354736328125 0.312 0.35400390625 0.30866666666666664 0.349853515625 0.304 0.345458984375 0.30466666666666664 0.341552734375 0.30933333333333335 0.341796875 0.31433333333333335 0.345458984375 0.31733333333333336 0.351806640625 0.31666666666666665 0.354248046875 0.31433333333333335
1 0.22900390625 0.08666666666666667 0.23291015625 0.084 0.233154296875 0.08 0.231689453125 0.07733333333333334 0.227783203125 0.07666666666666666 0.223388671875 0.079 0.22265625 0.08 0.22314453125 0.08366666666666667 0.22607421875 0.086 0.22900390625 0.08666666666666667
1 0.384765625 0.21266666666666667 0.38427734375 0.20766666666666667 0.380859375 0.20566666666666666 0.37841796875 0.20766666666666667 0.377685546875 0.20933333333333334 0.379638671875 0.21366666666666667 0.38134765625 0.21433333333333332 0.384765625 0.21266666666666667
1 0.359375 0.5173333333333333 0.359619140625 0.5093333333333333 0.357421875 0.506 0.353271484375 0.5076666666666667 0.35107421875 0.5123333333333333 0.350830078125 0.5176666666666667 0.353271484375 0.5213333333333333 0.357177734375 0.5206666666666667 0.359375 0.5173333333333333
1 0.44775390625 0.5446666666666666 0.45166015625 0.5366666666666666 0.448974609375 0.533 0.442138671875 0.5313333333333333 0.438720703125 0.533 0.436279296875 0.5373333333333333 0.435791015625 0.542 0.4365234375 0.5446666666666666 0.443359375 0.5463333333333333 0.44775390625 0.5446666666666666
1 0.057861328125 0.275 0.055908203125 0.27366666666666667 0.052001953125 0.276 0.052001953125 0.28733333333333333 0.055419921875 0.2886666666666667 0.05810546875 0.28733333333333333 0.057861328125 0.275
1 0.030517578125 0.03 0.02880859375 0.025333333333333333 0.02490234375 0.025 0.02392578125 0.02666666666666667 0.02294921875 0.033 0.025146484375 0.036333333333333336 0.035400390625 0.03333333333333333 0.030517578125 0.03
1 0.09912109375 0.203 0.10107421875 0.20066666666666666 0.102783203125 0.197 0.102783203125 0.19333333333333333 0.095947265625 0.188 0.09033203125 0.18733333333333332 0.087890625 0.188 0.083740234375 0.196 0.083740234375 0.19766666666666666 0.0869140625 0.20133333333333334 0.095703125 0.204 0.09912109375 0.203
1 0.208984375 0.14133333333333334 0.209716796875 0.139 0.209228515625 0.13433333333333333 0.20703125 0.13066666666666665 0.2001953125 0.129 0.19580078125 0.131 0.19384765625 0.135 0.19677734375 0.14166666666666666 0.20166015625 0.144 0.208984375 0.14133333333333334
1 0.326171875 0.21266666666666667 0.32568359375 0.20633333333333334 0.32373046875 0.204 0.318603515625 0.20133333333333334 0.314208984375 0.20166666666666666 0.310791015625 0.20633333333333334 0.3115234375 0.21133333333333335 0.317138671875 0.21533333333333332 0.322265625 0.21566666666666667 0.326171875 0.21266666666666667
1 0.39892578125 0.8416666666666667 0.399169921875 0.8376666666666667 0.396240234375 0.83 0.392578125 0.8283333333333334 0.389404296875 0.8286666666666667 0.38623046875 0.8296666666666667 0.38330078125 0.8326666666666667 0.384765625 0.8376666666666667 0.388671875 0.8423333333333334 0.396484375 0.8433333333333334 0.39892578125 0.8416666666666667
1 0.490234375 0.9513333333333334 0.490478515625 0.9466666666666667 0.4892578125 0.9453333333333334 0.485595703125 0.9443333333333334 0.482666015625 0.9473333333333334 0.48193359375 0.951 0.48486328125 0.955 0.48681640625 0.9553333333333334 0.490234375 0.9513333333333334
1 0.576171875 0.6393333333333333 0.579833984375 0.638 0.584228515625 0.6346666666666667 0.584228515625 0.6306666666666667 0.581787109375 0.6243333333333333 0.579833984375 0.6236666666666667 0.57666015625 0.6266666666666667 0.577392578125 0.6306666666666667 0.574462890625 0.6346666666666667 0.57470703125 0.6386666666666667 0.576171875 0.6393333333333333