1 0.53173828125 0.2836666666666667 0.529296875 0.291 0.533203125 0.293 0.54736328125 0.297 0.556884765625 0.302 0.56201171875 0.30133333333333334 0.564208984375 0.2976666666666667 0.568603515625 0.2793333333333333 0.568115234375 0.2753333333333333 0.545166015625 0.269 0.537353515625 0.26566666666666666 0.536865234375 0.26566666666666666 0.53466796875 0.267 0.533203125 0.27066666666666667 0.53173828125 0.2783333333333333 0.53173828125 0.2836666666666667
1 0.55615234375 0.23766666666666666 0.548583984375 0.23966666666666667 0.54541015625 0.24466666666666667 0.546875 0.248 0.552001953125 0.252 0.564208984375 0.25166666666666665 0.56787109375 0.25433333333333336 0.572998046875 0.25533333333333336 0.583740234375 0.255 0.594482421875 0.25033333333333335 0.595947265625 0.24833333333333332 0.595947265625 0.239 0.593994140625 0.22866666666666666 0.592041015625 0.22733333333333333 0.584228515625 0.227 0.583984375 0.22666666666666666 0.57177734375 0.22833333333333333 0.564697265625 0.23233333333333334 0.560546875 0.23766666666666666 0.55615234375 0.23766666666666666
1 0.502197265625 0.25566666666666665 0.509765625 0.263 0.514404296875 0.26566666666666666 0.518798828125 0.2673333333333333 0.525634765625 0.2673333333333333 0.530517578125 0.26033333333333336 0.53125 0.25566666666666665 0.524169921875 0.24833333333333332 0.517822265625 0.24466666666666667 0.51416015625 0.24366666666666667 0.51287841796875 0.24366666666666667 0.509033203125 0.24366666666666667 0.505859375 0.24566666666666667 0.50244140625 0.25166666666666665 0.502197265625 0.25566666666666665
1 0.134765625 0.531 0.133056640625 0.533 0.134033203125 0.5383333333333333 0.14306640625 0.5533333333333333 0.146484375 0.5606666666666666 0.14990234375 0.5646666666666667 0.166015625 0.5603333333333333 0.185791015625 0.5523333333333333 0.185546875 0.548 0.179443359375 0.5373333333333333 0.173095703125 0.5236666666666666 0.171630859375 0.5213333333333333 0.166015625 0.518 0.165283203125 0.518 0.162109375 0.519 0.1552734375 0.524 0.138427734375 0.5293333333333333 0.134765625 0.531
1 0.178466796875 0.5253333333333333 0.1787109375 0.529 0.185791015625 0.5333333333333333 0.19775390625 0.536 0.19921875 0.5333333333333333 0.201171875 0.5253333333333333 0.200439453125 0.523 0.198974609375 0.5213333333333333 0.194091796875 0.52 0.186279296875 0.516 0.18505859375 0.516 0.181640625 0.5163333333333333 0.180908203125 0.5173333333333333 0.18017578125 0.522 0.178466796875 0.5253333333333333
1 0.229736328125 0.2643333333333333 0.230712890625 0.26766666666666666 0.23291015625 0.2683333333333333 0.23583984375 0.2673333333333333 0.246826171875 0.26266666666666666 0.249267578125 0.26033333333333336 0.249755859375 0.23233333333333334 0.247802734375 0.22733333333333333 0.2470703125 0.22733333333333333 0.232421875 0.233 0.229736328125 0.23566666666666666 0.22900390625 0.24166666666666667 0.229736328125 0.2643333333333333
1 0.130859375 0.19133333333333333 0.130615234375 0.19833333333333333 0.132080078125 0.202 0.134521484375 0.20366666666666666 0.138671875 0.20366666666666666 0.14599609375 0.19933333333333333 0.147705078125 0.197 0.1513671875 0.18933333333333333 0.153076171875 0.17933333333333334 0.15234375 0.17333333333333334 0.150146484375 0.16966666666666666 0.14990234375 0.16966666666666666 0.14208984375 0.17233333333333334 0.1337890625 0.181 0.1318359375 0.18566666666666667 0.130859375 0.19133333333333333
1 0.009521484375 0.506 0.01806640625 0.5106666666666667 0.02392578125 0.5116666666666667 0.032958984375 0.5116666666666667 0.03955078125 0.5083333333333333 0.041015625 0.5063333333333333 0.0439453125 0.49766666666666665 0.0439453125 0.49233333333333335 0.040283203125 0.49 0.026123046875 0.4866666666666667 0.024821044921875 0.4866666666666667 0.0185546875 0.48733333333333334 0.013671875 0.48933333333333334 0.009765625 0.501 0.009521484375 0.506
1 0.023193359375 0.39866666666666667 0.02880859375 0.419 0.030517578125 0.422 0.032958984375 0.4236666666666667 0.041015625 0.4186666666666667 0.0458984375 0.417 0.048583984375 0.413 0.046875 0.404 0.041748046875 0.3863333333333333 0.040771484375 0.384 0.038330078125 0.383 0.036376953125 0.383 0.02880859375 0.38533333333333336 0.024169921875 0.38866666666666666 0.022705078125 0.392 0.023193359375 0.39866666666666667
1 0.243896484375 0.7673333333333333 0.24755859375 0.771 0.259765625 0.7736666666666666 0.2626953125 0.7713333333333333 0.263671875 0.7643333333333333 0.263671875 0.753 0.26220703125 0.75 0.255859375 0.745 0.255615234375 0.745 0.252685546875 0.7463333333333333 0.24755859375 0.746 0.244873046875 0.7476666666666667 0.243896484375 0.7673333333333333
1 0.09423828125 0.696 0.094970703125 0.7013333333333334 0.099365234375 0.7076666666666667 0.103271484375 0.7066666666666667 0.107666015625 0.701 0.111083984375 0.6953333333333334 0.11328125 0.6896666666666667 0.11376953125 0.6846666666666666 0.11279296875 0.6816666666666666 0.107666015625 0.675 0.10693359375 0.675 0.103759765625 0.6776666666666666 0.101318359375 0.6813333333333333 0.09521484375 0.6923333333333334 0.09423828125 0.696
1 0.103515625 0.8036666666666666 0.108154296875 0.8063333333333333 0.111572265625 0.805 0.11865234375 0.7986666666666666 0.11962890625 0.7946666666666666 0.11181640625 0.7853333333333333 0.107666015625 0.7826666666666666 0.1064453125 0.7826666666666666 0.10302734375 0.7843333333333333 0.09619140625 0.7903333333333333 0.09521484375 0.7946666666666666 0.103515625 0.8036666666666666
1 0.519775390625 0.8806666666666667 0.519287109375 0.8846666666666667 0.52197265625 0.9003333333333333 0.523193359375 0.9036666666666666 0.5263671875 0.908 0.5380859375 0.9133333333333333 0.541259765625 0.9136666666666666 0.54541015625 0.9116666666666666 0.543212890625 0.891 0.545654296875 0.885 0.545654296875 0.8806666666666667 0.541748046875 0.879 0.540771484375 0.879 0.533203125 0.8826666666666667 0.52880859375 0.8826666666666667 0.5224609375 0.8803333333333333 0.519775390625 0.8806666666666667
1 0.498291015625 0.7986666666666666 0.505859375 0.804 0.513916015625 0.8033333333333333 0.519287109375 0.8006666666666666 0.524658203125 0.7946666666666666 0.526123046875 0.7876666666666666 0.5244140625 0.782 0.519775390625 0.78 0.5185546875 0.78 0.513427734375 0.781 0.506591796875 0.7853333333333333 0.50390625 0.7883333333333333 0.498291015625 0.7986666666666666
1 0.4814453125 0.877 0.482421875 0.8783333333333333 0.489990234375 0.881 0.498046875 0.882 0.502197265625 0.8803333333333333 0.505615234375 0.8766666666666667 0.509521484375 0.8696666666666667 0.51416015625 0.857 0.51123046875 0.8533333333333334 0.502197265625 0.8506666666666667 0.500651123046875 0.8506666666666667 0.494140625 0.852 0.489990234375 0.8566666666666667 0.482177734375 0.8706666666666667 0.4814453125 0.877
1 0.564208984375 0.823 0.568115234375 0.8223333333333334 0.572021484375 0.817 0.57275390625 0.8113333333333334 0.572265625 0.8076666666666666 0.571533203125 0.8063333333333333 0.56884765625 0.8053333333333333 0.5673828125 0.8053333333333333 0.56396484375 0.8066666666666666 0.560302734375 0.8133333333333334 0.560302734375 0.8186666666666667 0.564208984375 0.823
1 0.607177734375 0.8416666666666667 0.60791015625 0.8326666666666667 0.607177734375 0.831 0.603759765625 0.8296666666666667 0.603515625 0.8293333333333334 0.59814453125 0.8336666666666667 0.597412109375 0.838 0.599365234375 0.8406666666666667 0.607177734375 0.8416666666666667
1 0.144775390625 0.9276666666666666 0.1474609375 0.9333333333333333 0.150146484375 0.9366666666666666 0.1552734375 0.938 0.163330078125 0.9373333333333334 0.165283203125 0.9346666666666666 0.162109375 0.9196666666666666 0.159912109375 0.913 0.15673828125 0.9063333333333333 0.154052734375 0.904 0.151611328125 0.9036666666666666 0.150390625 0.9036666666666666 0.141845703125 0.904 0.14013671875 0.9073333333333333 0.140869140625 0.9143333333333333 0.144775390625 0.9276666666666666
1 0.177734375 0.8093333333333333 0.181640625 0.809 0.18798828125 0.8026666666666666 0.187744140625 0.7986666666666666 0.185302734375 0.793 0.1845703125 0.793 0.181396484375 0.7933333333333333 0.175537109375 0.7986666666666666 0.1748046875 0.8026666666666666 0.177734375 0.8093333333333333
1 0.164794921875 0.816 0.168212890625 0.8146666666666667 0.1689453125 0.811 0.16796875 0.8046666666666666 0.166259765625 0.8023333333333333 0.1650390625 0.8023333333333333 0.162109375 0.8043333333333333 0.16162109375 0.8063333333333333 0.162109375 0.8136666666666666 0.164794921875 0.816
1 0.1318359375 0.8303333333333334 0.134521484375 0.8343333333333334 0.13916015625 0.834 0.142333984375 0.831 0.14501953125 0.8266666666666667 0.1455078125 0.822 0.142578125 0.8173333333333334 0.141194580078125 0.8173333333333334 0.137939453125 0.8176666666666667 0.134765625 0.8206666666666667 0.13232421875 0.8246666666666667 0.1318359375 0.8303333333333334
1 0.107421875 0.8693333333333333 0.11474609375 0.8676666666666667 0.11767578125 0.865 0.117431640625 0.861 0.115234375 0.858 0.114990234375 0.8576666666666667 0.11083984375 0.8586666666666667 0.1064453125 0.8613333333333333 0.106201171875 0.8656666666666667 0.107421875 0.8693333333333333
1 0.137451171875 0.7653333333333333 0.137451171875 0.7676666666666667 0.13818359375 0.7686666666666667 0.142578125 0.77 0.148681640625 0.77 0.15380859375 0.768 0.1572265625 0.765 0.16015625 0.7596666666666667 0.160400390625 0.7546666666666667 0.158447265625 0.7523333333333333 0.15087890625 0.7513333333333333 0.149658203125 0.7513333333333333 0.14453125 0.753 0.140625 0.756 0.138427734375 0.7596666666666667 0.137451171875 0.7653333333333333
1 0.173828125 0.662 0.177734375 0.6643333333333333 0.182373046875 0.665 0.185302734375 0.664 0.187255859375 0.6613333333333333 0.191650390625 0.652 0.19189453125 0.6483333333333333 0.189453125 0.6426666666666667 0.18603515625 0.6406666666666667 0.184489013671875 0.6406666666666667 0.180908203125 0.641 0.1767578125 0.6483333333333333 0.172119140625 0.658 0.173828125 0.662
1 0.243896484375 0.4673333333333333 0.248046875 0.4686666666666667 0.251708984375 0.4666666666666667 0.252685546875 0.4633333333333333 0.251953125 0.45866666666666667 0.244140625 0.4493333333333333 0.243896484375 0.4493333333333333 0.239990234375 0.4513333333333333 0.237548828125 0.45466666666666666 0.237548828125 0.459 0.243896484375 0.4673333333333333
1 0.232177734375 0.494 0.236083984375 0.49266666666666664 0.23779296875 0.48833333333333334 0.2373046875 0.4836666666666667 0.232177734375 0.47833333333333333 0.230224609375 0.478 0.22802734375 0.478 0.224609375 0.4816666666666667 0.22509765625 0.4856666666666667 0.228271484375 0.49066666666666664 0.232177734375 0.494
1 0.1904296875 0.5136666666666667 0.200927734375 0.517 0.20556640625 0.511 0.2060546875 0.5063333333333333 0.20263671875 0.5036666666666667 0.19775390625 0.5023333333333333 0.196533203125 0.5023333333333333 0.192626953125 0.5036666666666667 0.18896484375 0.5083333333333333 0.1884765625 0.5103333333333333 0.1904296875 0.5136666666666667
1 0.213134765625 0.458 0.216552734375 0.458 0.21875 0.45466666666666666 0.2197265625 0.451 0.218994140625 0.44566666666666666 0.215576171875 0.44233333333333336 0.20947265625 0.43966666666666665 0.20849609375 0.43966666666666665 0.205810546875 0.44366666666666665 0.205078125 0.451 0.20849609375 0.4553333333333333 0.213134765625 0.458
1 0.091796875 0.764 0.09619140625 0.7643333333333333 0.099609375 0.7613333333333333 0.1015625 0.752 0.099609375 0.7493333333333333 0.0986328125 0.7493333333333333 0.093994140625 0.7513333333333333 0.091552734375 0.7553333333333333 0.0908203125 0.7606666666666667 0.091796875 0.764
1 0.219970703125 0.8536666666666667 0.225341796875 0.854 0.228271484375 0.8496666666666667 0.228271484375 0.8423333333333334 0.224853515625 0.8396666666666667 0.224365234375 0.8396666666666667 0.220947265625 0.8416666666666667 0.218994140625 0.8456666666666667 0.21826171875 0.8496666666666667 0.219970703125 0.8536666666666667
1 0.2080078125 0.8636666666666667 0.208984375 0.8623333333333333 0.210205078125 0.8573333333333333 0.2099609375 0.8533333333333334 0.208984375 0.8516666666666667 0.2080078125 0.8516666666666667 0.204833984375 0.854 0.203857421875 0.8616666666666667 0.205078125 0.8646666666666667 0.2080078125 0.8636666666666667
1 0.362548828125 0.48233333333333334 0.36572265625 0.48433333333333334 0.371826171875 0.484 0.376708984375 0.48233333333333334 0.37646484375 0.4766666666666667 0.37548828125 0.4746666666666667 0.37353515625 0.4736666666666667 0.3719482421875 0.4736666666666667 0.365234375 0.4746666666666667 0.36279296875 0.47633333333333333 0.362060546875 0.478 0.362548828125 0.48233333333333334
1 0.41162109375 0.3923333333333333 0.419677734375 0.40066666666666667 0.42529296875 0.4003333333333333 0.42919921875 0.3963333333333333 0.4287109375 0.393 0.42529296875 0.3863333333333333 0.42333984375 0.38466666666666666 0.420166015625 0.384 0.41943359375 0.384 0.416015625 0.38466666666666666 0.411376953125 0.38766666666666666 0.410888671875 0.389 0.41162109375 0.3923333333333333
1 0.393310546875 0.49133333333333334 0.400390625 0.49333333333333335 0.401611328125 0.49 0.401611328125 0.4856666666666667 0.400146484375 0.48333333333333334 0.397216796875 0.482 0.39599609375 0.482 0.392333984375 0.482 0.391357421875 0.486 0.391845703125 0.49 0.393310546875 0.49133333333333334
1 0.596923828125 0.489 0.60302734375 0.489 0.604248046875 0.48533333333333334 0.604248046875 0.4746666666666667 0.60205078125 0.4716666666666667 0.59619140625 0.4696666666666667 0.59521484375 0.4696666666666667 0.591796875 0.4706666666666667 0.59130859375 0.479 0.59228515625 0.48633333333333334 0.596923828125 0.489
1 0.56689453125 0.518 0.57373046875 0.5173333333333333 0.575927734375 0.5136666666666667 0.575927734375 0.5096666666666667 0.568603515625 0.5073333333333333 0.568359375 0.507 0.564208984375 0.509 0.563232421875 0.5126666666666667 0.56396484375 0.5166666666666667 0.56689453125 0.518
1 0.615234375 0.5266666666666666 0.6171875 0.525 0.617919921875 0.5216666666666666 0.6171875 0.518 0.61572265625 0.5153333333333333 0.611572265625 0.514 0.611083984375 0.514 0.608642578125 0.517 0.60888671875 0.521 0.611328125 0.5256666666666666 0.615234375 0.5266666666666666
1 0.607421875 0.6206666666666667 0.6083984375 0.616 0.607421875 0.6133333333333333 0.60693359375 0.6133333333333333 0.603271484375 0.6146666666666667 0.602294921875 0.619 0.603515625 0.621 0.607421875 0.6206666666666667
1 0.908935546875 0.10266666666666667 0.91162109375 0.111 0.915283203125 0.11333333333333333 0.918212890625 0.11166666666666666 0.92236328125 0.105 0.9248046875 0.1 0.92529296875 0.09633333333333334 0.923583984375 0.087 0.919677734375 0.07966666666666666 0.9169921875 0.079 0.915771484375 0.079 0.91259765625 0.08233333333333333 0.9091796875 0.088 0.90771484375 0.095 0.908935546875 0.10266666666666667
1 0.975830078125 0.478 0.97900390625 0.482 0.986572265625 0.4876666666666667 0.99072265625 0.48833333333333334 0.995361328125 0.4866666666666667 0.99560546875 0.482 0.99365234375 0.475 0.987548828125 0.4683333333333333 0.982421875 0.4653333333333333 0.981201171875 0.4653333333333333 0.976806640625 0.466 0.974609375 0.4676666666666667 0.97412109375 0.4726666666666667 0.975830078125 0.478
1 0.794921875 0.2663333333333333 0.79833984375 0.268 0.802978515625 0.26766666666666666 0.80615234375 0.26566666666666666 0.809814453125 0.26 0.807373046875 0.25566666666666665 0.80078125 0.253 0.799560546875 0.253 0.793212890625 0.25533333333333336 0.791015625 0.259 0.79248046875 0.26366666666666666 0.794921875 0.2663333333333333
1 0.5537109375 0.13466666666666666 0.55517578125 0.13566666666666666 0.55712890625 0.136 0.56103515625 0.13433333333333333 0.56494140625 0.12833333333333333 0.566650390625 0.11966666666666667 0.56689453125 0.11233333333333333 0.56591796875 0.10833333333333334 0.564453125 0.106 0.56298828125 0.106 0.556640625 0.10866666666666666 0.552978515625 0.11566666666666667 0.552001953125 0.12766666666666668 0.5537109375 0.13466666666666666
1 0.481689453125 0.15033333333333335 0.482421875 0.15133333333333332 0.48876953125 0.15166666666666667 0.491943359375 0.14966666666666667 0.492919921875 0.14666666666666667 0.493408203125 0.13733333333333334 0.4931640625 0.13466666666666666 0.49072265625 0.13266666666666665 0.4893798828125 0.13266666666666665 0.485595703125 0.13333333333333333 0.4833984375 0.13566666666666666 0.481689453125 0.14566666666666667 0.481689453125 0.15033333333333335
1 0.466064453125 0.12866666666666668 0.469970703125 0.12666666666666668 0.47314453125 0.119 0.471435546875 0.116 0.457763671875 0.11133333333333334 0.4564208984375 0.11133333333333334 0.454345703125 0.11233333333333333 0.451416015625 0.11833333333333333 0.451171875 0.123 0.466064453125 0.12866666666666668
1 0.373291015625 0.119 0.380615234375 0.12266666666666666 0.385009765625 0.12333333333333334 0.391357421875 0.115 0.388916015625 0.11 0.377197265625 0.10333333333333333 0.3740234375 0.10266666666666667 0.372802734375 0.10266666666666667 0.369873046875 0.105 0.365966796875 0.11133333333333334 0.36767578125 0.115 0.373291015625 0.119
1 0.181884765625 0.142 0.185302734375 0.146 0.189453125 0.14566666666666667 0.195068359375 0.13833333333333334 0.196044921875 0.135 0.19580078125 0.13066666666666665 0.189697265625 0.12366666666666666 0.18896484375 0.12366666666666666 0.185302734375 0.12733333333333333 0.181396484375 0.13466666666666666 0.1806640625 0.13766666666666666 0.181884765625 0.142
1 0.09765625 0.10575966666666667 0.099365234375 0.11142633333333334 0.102783203125 0.11242633333333334 0.10693359375 0.11142633333333334 0.108154296875 0.10775966666666667 0.108154296875 0.10342633333333333 0.106689453125 0.095093 0.105712890625 0.09175966666666667 0.103515625 0.08942633333333333 0.10205078125 0.08942633333333333 0.09912109375 0.09009299999999999 0.096923828125 0.092093 0.096435546875 0.09642633333333334 0.09765625 0.10575966666666667
1 0.157470703125 0.11266666666666666 0.159423828125 0.112 0.16162109375 0.10733333333333334 0.1611328125 0.10566666666666667 0.15966796875 0.10333333333333333 0.155029296875 0.10133333333333333 0.15380859375 0.10133333333333333 0.151123046875 0.10333333333333333 0.150146484375 0.108 0.1533203125 0.11166666666666666 0.157470703125 0.11266666666666666
1 0.154296875 0.09533333333333334 0.157958984375 0.096 0.16162109375 0.09366666666666666 0.162841796875 0.09166666666666666 0.162841796875 0.08766666666666667 0.162109375 0.08633333333333333 0.160725830078125 0.08633333333333333 0.157958984375 0.08633333333333333 0.156005859375 0.088 0.154052734375 0.09133333333333334 0.154296875 0.09533333333333334
1 0.180419921875 0.232 0.18017578125 0.226 0.177978515625 0.224 0.17626953125 0.224 0.173583984375 0.22433333333333333 0.1708984375 0.22833333333333333 0.173095703125 0.23233333333333334 0.180419921875 0.232
1 0.20263671875 0.236 0.2041015625 0.22833333333333333 0.20166015625 0.22433333333333333 0.1953125 0.22433333333333333 0.193115234375 0.227 0.189697265625 0.23533333333333334 0.18994140625 0.23933333333333334 0.19287109375 0.244 0.197265625 0.24466666666666667 0.20263671875 0.236
1 0 0.308 0.005126953125 0.31 0.02099609375 0.30833333333333335 0.022705078125 0.306 0.025146484375 0.2966666666666667 0.025146484375 0.294 0.02197265625 0.292 0.0068359375 0.29233333333333333 0.00341796875 0.2946666666666667 0.001953125 0.302 0 0.30233333333333334 0 0.308
1 0.013916015625 0.37666666666666665 0.009521484375 0.37633333333333335 0.0087890625 0.37866666666666665 0.009521484375 0.38533333333333336 0.013671875 0.386 0.014892578125 0.38466666666666666 0.013916015625 0.37666666666666665
1 0.044189453125 0.45566666666666666 0.044189453125 0.4543333333333333 0.04150390625 0.45166666666666666 0.03857421875 0.452 0.0361328125 0.454 0.035888671875 0.458 0.036865234375 0.45966666666666667 0.041748046875 0.4593333333333333 0.044189453125 0.45566666666666666
1 0.016845703125 0.47833333333333333 0.013916015625 0.473 0.00927734375 0.4726666666666667 0.0078125 0.474 0.0107421875 0.482 0.013427734375 0.4836666666666667 0.017578125 0.48233333333333334 0.016845703125 0.47833333333333333
1 0.025146484375 0.45866666666666667 0.02197265625 0.4553333333333333 0.0185546875 0.456 0.01708984375 0.45766666666666667 0.01708984375 0.4603333333333333 0.0185546875 0.46166666666666667 0.021728515625 0.46166666666666667 0.025146484375 0.45866666666666667
1 0.212158203125 0.432 0.215576171875 0.4236666666666667 0.215576171875 0.42 0.212646484375 0.4176666666666667 0.208984375 0.41733333333333333 0.20556640625 0.425 0.204833984375 0.427 0.20556640625 0.43133333333333335 0.208251953125 0.43266666666666664 0.212158203125 0.432
1 0.409423828125 0.3616666666666667 0.40966796875 0.3566666666666667 0.408203125 0.35233333333333333 0.4033203125 0.35233333333333333 0.402099609375 0.3536666666666667 0.404052734375 0.3616666666666667 0.4072265625 0.3626666666666667 0.409423828125 0.3616666666666667
1 0.19775390625 0.25933333333333336 0.197021484375 0.25766666666666665 0.192626953125 0.25766666666666665 0.189453125 0.25966666666666666 0.189208984375 0.26366666666666666 0.193115234375 0.2643333333333333 0.196533203125 0.26266666666666666 0.19775390625 0.25933333333333336
1 0.080078125 0.4866666666666667 0.081787109375 0.483 0.081298828125 0.47833333333333333 0.079833984375 0.4756666666666667 0.075927734375 0.4756666666666667 0.072265625 0.479 0.072265625 0.48333333333333334 0.073974609375 0.48633333333333334 0.075927734375 0.48733333333333334 0.080078125 0.4866666666666667
1 0.036865234375 0.925 0.04052734375 0.9193333333333333 0.03955078125 0.9156666666666666 0.037109375 0.914 0.0322265625 0.9136666666666666 0.029052734375 0.915 0.0263671875 0.9196666666666666 0.026123046875 0.9236666666666666 0.027587890625 0.9256666666666666 0.033203125 0.9273333333333333 0.036865234375 0.925
1 0.07568359375 0.7056666666666667 0.075927734375 0.7 0.072021484375 0.6973333333333334 0.06884765625 0.7 0.06591796875 0.7053333333333334 0.065673828125 0.7086666666666667 0.0673828125 0.7106666666666667 0.072021484375 0.71 0.07568359375 0.7056666666666667
1 0.468017578125 0.8923333333333333 0.468017578125 0.888 0.466552734375 0.8843333333333333 0.462646484375 0.883 0.460205078125 0.8853333333333333 0.4599609375 0.889 0.462158203125 0.8923333333333333 0.466552734375 0.8933333333333333 0.468017578125 0.8923333333333333
1 0.63623046875 0.389 0.638916015625 0.38466666666666666 0.637939453125 0.38066666666666665 0.634033203125 0.37733333333333335 0.630615234375 0.37666666666666665 0.627197265625 0.381 0.626953125 0.38466666666666666 0.6298828125 0.388 0.6337890625 0.39 0.63623046875 0.389
1 0.75732421875 0.16566666666666666 0.75634765625 0.16166666666666665 0.752685546875 0.16033333333333333 0.749755859375 0.16166666666666665 0.748046875 0.16533333333333333 0.747802734375 0.17033333333333334 0.7509765625 0.17366666666666666 0.755126953125 0.173 0.75732421875 0.16566666666666666
1 0.486328125 0.023666666666666666 0.482177734375 0.024666666666666667 0.48095703125 0.027666666666666666 0.482177734375 0.03666666666666667 0.4873046875 0.035 0.488037109375 0.029 0.486328125 0.023666666666666666
1 0.45361328125 0.017333333333333333 0.453125 0.009333333333333334 0.450927734375 0.007333333333333333 0.447998046875 0.009666666666666667 0.44775390625 0.013666666666666667 0.448974609375 0.017 0.45068359375 0.018333333333333333 0.45361328125 0.017333333333333333
1 0.44189453125 0.5876666666666667 0.439697265625 0.5836666666666667 0.431640625 0.5873333333333334 0.431396484375 0.5916666666666667 0.435302734375 0.5926666666666667 0.439208984375 0.591 0.44189453125 0.5876666666666667
1 0.337646484375 0.15 0.3369140625 0.14466666666666667 0.333984375 0.14166666666666666 0.328857421875 0.14333333333333334 0.326171875 0.14533333333333334 0.325439453125 0.14733333333333334 0.325927734375 0.15433333333333332 0.328369140625 0.15566666666666668 0.333984375 0.154 0.337646484375 0.15
1 0.402587890625 0.037333333333333336 0.40234375 0.03333333333333333 0.400146484375 0.03 0.39599609375 0.028333333333333332 0.393310546875 0.031 0.39306640625 0.03333333333333333 0.39599609375 0.03833333333333333 0.400390625 0.03966666666666667 0.402587890625 0.037333333333333336
1 0.015625 0.10666666666666667 0.015869140625 0.09933333333333333 0.013671875 0.09733333333333333 0.009765625 0.09766666666666667 0.008544921875 0.10166666666666667 0.00830078125 0.107 0.009521484375 0.11033333333333334 0.013671875 0.11133333333333334 0.015625 0.10666666666666667
1 0.08349609375 0.18466666666666667 0.086669921875 0.18166666666666667 0.08642578125 0.17733333333333334 0.083984375 0.17466666666666666 0.08056640625 0.17333333333333334 0.076416015625 0.17466666666666666 0.070637939453125 0.17888900000000002 0.06884765625 0.18166666666666667 0.072021484375 0.186 0.075927734375 0.188 0.08349609375 0.18466666666666667
1 0.632568359375 0.5333333333333333 0.63037109375 0.5273333333333333 0.626953125 0.526 0.6259765625 0.5276666666666666 0.6259765625 0.5313333333333333 0.627197265625 0.534 0.630859375 0.5353333333333333 0.632568359375 0.5333333333333333
1 0.652587890625 0.467 0.65234375 0.46366666666666667 0.6513671875 0.46266666666666667 0.64306640625 0.46266666666666667 0.64208984375 0.465 0.642333984375 0.468 0.645263671875 0.4696666666666667 0.650634765625 0.4693333333333333 0.652587890625 0.467
1 0.775390625 0.404 0.77099609375 0.40166666666666667 0.76806640625 0.404 0.767333984375 0.4076666666666667 0.76708984375 0.412 0.771728515625 0.412 0.77490234375 0.4096666666666667 0.775390625 0.404
1 0.95068359375 0.928 0.954833984375 0.9276666666666666 0.95947265625 0.925 0.962890625 0.9203333333333333 0.964599609375 0.9126666666666666 0.962890625 0.906 0.959228515625 0.9036666666666666 0.95361328125 0.9053333333333333 0.947998046875 0.912 0.94677734375 0.9156666666666666 0.94677734375 0.92 0.9482421875 0.925 0.95068359375 0.928
1 0.915771484375 0.9176666666666666 0.917724609375 0.9156666666666666 0.918212890625 0.912 0.913818359375 0.9073333333333333 0.908935546875 0.904 0.904296875 0.9026666666666666 0.901123046875 0.9043333333333333 0.901123046875 0.9086666666666666 0.904052734375 0.912 0.91162109375 0.917 0.915771484375 0.9176666666666666
1 0.864013671875 0.9863333333333333 0.861572265625 0.982 0.857177734375 0.9816666666666667 0.854248046875 0.9846666666666667 0.853759765625 0.99 0.85693359375 0.9916666666666667 0.861328125 0.9903333333333333 0.864013671875 0.9863333333333333
1 0.025146484375 0.5533333333333333 0.029052734375 0.5503333333333333 0.032470703125 0.5443333333333333 0.031005859375 0.541 0.027099609375 0.5403333333333333 0.025390625 0.5406666666666666 0.0205078125 0.5463333333333333 0.019775390625 0.5483333333333333 0.0205078125 0.5513333333333333 0.021484375 0.5526666666666666 0.025146484375 0.5533333333333333