1 0.24369973193359376 0.4780380673333333 0.21689008056640624 0.42130307466666667 0.1699731904296875 0.43594436333333336 0.19276139404296874 0.48718887266666666 0.24369973193359376 0.4780380673333333
1 0.8134048256835937 0.47474377733333334 0.8182305629882812 0.47584187400000005 0.844504021484375 0.47071742333333333 0.8455764077148438 0.4641288433333333 0.8528150131835938 0.44912152266666666 0.853619302734375 0.444729136 0.8477211796875 0.4388726206666667 0.8402144770507812 0.4355783306666666 0.8241286865234375 0.4348462666666667 0.8182305629882812 0.4363103953333333 0.8182305629882812 0.440702782 0.81554959765625 0.444363104 0.812332439453125 0.4461932653333333 0.8099195712890624 0.4454612006666667 0.803217158203125 0.46193264999999994 0.8040214477539063 0.4674231333333333 0.8134048256835937 0.47474377733333334
1 0.8134048256835937 0.47510980933333335 0.8176943701171875 0.476207906 0.8439678286132812 0.47108345533333335 0.8461126005859375 0.46266471466666664 0.8501340483398437 0.45571010266666667 0.853619302734375 0.444729136 0.8485254692382812 0.43923865333333334 0.8402144770507812 0.4355783306666666 0.8209115283203124 0.4355783306666666 0.81930294921875 0.4363103953333333 0.8184986596679688 0.440702782 0.8158176943359375 0.444363104 0.8120643432617187 0.4461932653333333 0.809651474609375 0.4436310393333333 0.8080428955078125 0.451683748 0.8029490615234375 0.46193264999999994 0.803217158203125 0.4663250366666667 0.8134048256835937 0.47510980933333335
1 0 0.4578218266666667 0.003217158203125 0.4601024893333333 0.02117962451171875 0.46303074666666666 0.028954423828125 0.46083455333333334 0.0396782841796875 0.454978038 0.04691689013671875 0.4494875546666666 0.04879356591796875 0.444363104 0.04664879345703125 0.43594436333333336 0.04182305615234375 0.43045388 0.02922252001953125 0.42752562200000005 0.02010723876953125 0.4278916546666667 0.0029490615234375 0.4363103953333333 0 0.4372732193333333 0 0.4578218266666667
1 0.39463806982421873 0.6544655926666667 0.4061662197265625 0.6588579793333333 0.4235924931640625 0.6526354320000001 0.4324396782226563 0.6515373353333334 0.43378016064453123 0.6475109806666667 0.41930294921875 0.6310395313333333 0.40697050927734374 0.6266471446666667 0.38525469189453126 0.63250366 0.38203753369140625 0.6379941433333334 0.38203753369140625 0.642752562 0.38337801611328126 0.6445827233333333 0.39463806982421873 0.6544655926666667
1 0.5088471850585937 0.4520497806666666 0.5351206435546875 0.4633967786666666 0.5378016083984375 0.462298682 0.539946380859375 0.458272328 0.5394101875 0.440702782 0.5340482573242188 0.4315519766666666 0.5182305629882813 0.4216691066666666 0.5115281499023437 0.419838946 0.5008042895507813 0.412884334 0.4965147451171875 0.41251830133333334 0.495442359375 0.42349926800000004 0.5010723862304688 0.4315519766666666 0.503217158203125 0.44509516866666665 0.5088471850585937 0.4520497806666666
1 0.4605621982421875 0.5466731333333333 0.4643613940429687 0.545343704 0.46777077734375 0.5444128846666667 0.4711804287109375 0.54188653 0.47303109912109376 0.5405567346666666 0.47184986572265625 0.5362371886666667 0.471045576171875 0.5303806733333334 0.468842359375 0.5230058566666667 0.46660187646484375 0.5154267933333333 0.44653458447265626 0.5260640553333333 0.4396782841796875 0.53147877 0.43565683642578124 0.53477306 0.43753351220703124 0.548682284 0.45471742626953127 0.5404238653333333 0.4605621982421875 0.5466731333333333
1 0.6563002680664063 0.756954612 0.6592493295898437 0.7628111273333333 0.6611260053710938 0.763543192 0.6817694370117188 0.7631771593333333 0.6943699731445313 0.7646412886666667 0.703217158203125 0.7624450953333334 0.6973190346679687 0.7313323573333333 0.6957104555664062 0.728770132 0.6919571044921875 0.7273060026666667 0.6801608579101562 0.7273060026666667 0.6571045576171874 0.739019034 0.6501340483398438 0.7481698386666666 0.6498659516601563 0.753660322 0.6563002680664063 0.756954612
1 0.6343163540039063 0.9308199119999999 0.6364611259765625 0.93374817 0.6423592495117187 0.937408492 0.66327077734375 0.9341142020000001 0.674798927734375 0.9293557833333332 0.674262734375 0.9209370426666666 0.67158176953125 0.9125183013333333 0.6694369975585938 0.9081259153333334 0.665147453125 0.9066617859999999 0.638069705078125 0.909590044 0.63297587109375 0.9125183013333333 0.6310991958007812 0.9161786239999999 0.6327077749023438 0.9245973646666666 0.6343163540039063 0.9308199119999999
1 0.37533512060546875 0.03404099533333333 0.3798927612304687 0.038433382 0.387667560546875 0.04355783333333333 0.39571045556640627 0.04575402666666666 0.40643431640625 0.04392386533333333 0.412332439453125 0.03733528533333333 0.412332439453125 0.03330893133333333 0.40241286865234377 0.020131771333333333 0.40080428955078123 0.019765739333333334 0.38069705078125 0.019399707333333335 0.3756032172851563 0.024158126000000002 0.37399463818359374 0.030380673333333334 0.37533512060546875 0.03404099533333333
1 0.3120643432617187 0.8594436313333333 0.3209115283203125 0.857247438 0.325737265625 0.8539531480000001 0.3254691689453125 0.8418740846666666 0.320643431640625 0.8195461199999999 0.312332439453125 0.8195461199999999 0.305093833984375 0.8243045386666666 0.30428954443359374 0.826500732 0.30428954443359374 0.8393118593333334 0.3058981235351563 0.8426061493333333 0.3061662197265625 0.8473645679999999 0.3120643432617187 0.8594436313333333
1 0.7613941020507813 0.739751098 0.7667560322265625 0.7448755493333333 0.7973190346679687 0.7485358713333333 0.805093833984375 0.7437774526666667 0.8088471850585938 0.7467057100000001 0.8107238603515625 0.746339678 0.8147453081054687 0.7412152266666667 0.8147453081054687 0.733162518 0.8112600537109375 0.7276720353333334 0.8069705092773437 0.7254758419999999 0.7970509384765625 0.7148609079999999 0.7801608579101562 0.7057101026666666 0.7753351206054687 0.70534407 0.7721179624023438 0.7071742313333332 0.7691689008789062 0.711566618 0.7557640751953125 0.736456808 0.7560321713867187 0.7375549046666666 0.7613941020507813 0.739751098
1 0.09142091162109375 0.9249633966666667 0.09758713134765624 0.927525622 0.12439678271484375 0.92715959 0.12788203759765626 0.9286237186666667 0.13699731884765626 0.9209370426666666 0.13672922265625 0.9183748166666666 0.1410187666015625 0.9081259153333334 0.14128686328125 0.9037335286666667 0.13378016064453124 0.8971449486666667 0.12600536181640626 0.892752562 0.105093833984375 0.892752562 0.09785522802734375 0.89568082 0.0860589814453125 0.9081259153333334 0.08337801611328124 0.9125183013333333 0.0841823056640625 0.9158125913333334 0.09142091162109375 0.9249633966666667
1 0.3034852548828125 0.26281112733333334 0.30697050927734376 0.26939970733333335 0.3120643432617187 0.2726939973333333 0.3163538872070312 0.270497804 0.32949061669921875 0.27232796466666664 0.3506702412109375 0.26281112733333334 0.35281501318359376 0.25622254733333333 0.34718498681640625 0.24743777466666667 0.338069705078125 0.24121522666666664 0.32010723876953123 0.23865300133333334 0.3112600537109375 0.24158125933333335 0.2932975869140625 0.25183016133333336 0.29785522802734377 0.2580527086666667 0.29892761376953125 0.26134699866666666 0.3034852548828125 0.26281112733333334
1 0.36621983935546876 0.371888726 0.37399463818359374 0.3759150806666667 0.37721179638671876 0.3803074673333333 0.38900804296875 0.3846998533333334 0.39785522802734374 0.385065886 0.40241286865234377 0.3832357246666666 0.40402144775390625 0.3806734993333334 0.40402144775390625 0.371522694 0.40053619287109377 0.3638360173333333 0.39249329736328126 0.3557833086666667 0.38069705078125 0.34846266466666664 0.372922251953125 0.3462664713333334 0.365147453125 0.3480966326666667 0.36300268115234374 0.35102489 0.36246648779296875 0.35907759866666666 0.36621983935546876 0.371888726
1 0.02600536181640625 0.18374817 0.04075067041015625 0.20021961933333335 0.06729222509765626 0.20754026333333336 0.07613941015625 0.207906296 0.0892761396484375 0.20241581266666667 0.0983914208984375 0.19619326533333334 0.0932975869140625 0.18923865333333334 0.08632707763671875 0.184480234 0.07560321728515625 0.17349926799999998 0.06139410205078125 0.16764275266666667 0.04986595166015625 0.166910688 0.0254691689453125 0.17789165466666668 0.0241286865234375 0.17898975133333334 0.02466487939453125 0.180819912 0.02600536181640625 0.18374817
1 0.5919571044921875 0.6090775986666667 0.6005361928710937 0.6127379206666667 0.607774798828125 0.6189604686666667 0.6083109921875 0.6207906293333333 0.6126005361328125 0.6196925326666667 0.6214477211914062 0.6262811126666666 0.6294906166992188 0.628111274 0.6898123325195312 0.6650805273333333 0.6983914208984375 0.666910688 0.7024128686523438 0.663250366 0.7048257373046874 0.6588579793333333 0.7056300268554687 0.649341142 0.7048257373046874 0.642020498 0.6983914208984375 0.6259150806666667 0.6951742626953125 0.621522694 0.67158176953125 0.6068814053333333 0.663806970703125 0.600658858 0.6260053618164062 0.579795022 0.6040214477539062 0.5721083453333333 0.5989276137695313 0.5713762813333334 0.5959785522460938 0.57284041 0.5911528149414063 0.5860175693333333 0.590348525390625 0.6065153733333333 0.5919571044921875 0.6090775986666667
1 0.4965147451171875 0.8074670573333332 0.504557640625 0.8071010246666667 0.5093833779296875 0.8049048313333332 0.5144772119140625 0.7979502193333333 0.5179624663085938 0.7968521226666667 0.5268096513671875 0.7836749633333334 0.5219839140625 0.7811127379999999 0.5182305629882813 0.7715959006666667 0.5144772119140625 0.7693997073333333 0.5093833779296875 0.7628111273333333 0.4951742626953125 0.7624450953333334 0.495442359375 0.7648243046666666 0.4938337802734375 0.7693997073333333 0.4841823056640625 0.7789165446666666 0.4825737265625 0.7833089313333333 0.479356568359375 0.7873352853333334 0.483914208984375 0.79465593 0.4965147451171875 0.8074670573333332
1 0.633512064453125 0.14934114199999998 0.6469168901367187 0.15043923866666667 0.6603217158203125 0.14128843333333332 0.671045576171875 0.12737920933333333 0.6694369975585938 0.12298682266666666 0.6643431635742187 0.11896046866666668 0.650938337890625 0.11896046866666668 0.633512064453125 0.13177159600000002 0.6286863271484375 0.14092240133333334 0.62841823046875 0.145314788 0.633512064453125 0.14934114199999998
1 0.7884718500976563 0.621156662 0.801340482421875 0.6237188873333334 0.805093833984375 0.621522694 0.812332439453125 0.611639824 0.8163538872070313 0.5980966326666667 0.8171581767578125 0.5893118593333334 0.8195710454101562 0.5819912153333333 0.818766755859375 0.5761347 0.814209115234375 0.57284041 0.816085791015625 0.565519766 0.8147453081054687 0.562591508 0.8069705092773437 0.5611273793333333 0.8016085791015625 0.5618594433333334 0.7932975869140625 0.5695461199999999 0.78445040234375 0.5735724746666666 0.7815013403320312 0.5779648606666666 0.7796246650390625 0.5863836020000001 0.7825737265625 0.5882137626666667 0.78445040234375 0.5948023426666667 0.7865951743164062 0.6163982433333333 0.7884718500976563 0.621156662
1 0.7863270776367187 0.5164714493333333 0.7965147451171875 0.5263543193333333 0.8085790883789062 0.530746706 0.8182305629882812 0.530746706 0.8404825737304688 0.517569546 0.8388739946289062 0.5131771593333334 0.8337801606445312 0.5091508053333333 0.8182305629882812 0.4978038066666666 0.8101876674804688 0.49487554933333333 0.8010723862304687 0.49487554933333333 0.7957104555664063 0.49670571 0.777479892578125 0.5051244506666667 0.7745308310546875 0.5095168373333333 0.7863270776367187 0.5164714493333333
1 0.8643431635742187 0.5702781846666667 0.8726541552734375 0.5746705713333333 0.8868632709960937 0.5746705713333333 0.8957104555664063 0.5717423133333334 0.9056300268554688 0.5651537333333333 0.9091152817382813 0.5611273793333333 0.9093833779296875 0.5563689606666666 0.9072386059570312 0.551976574 0.8997319033203125 0.5461200586666667 0.8873994638671875 0.542093704 0.8780160859375 0.5431918006666666 0.8691689008789063 0.5464860906666666 0.8611260053710937 0.551976574 0.8579088471679688 0.5603953146666667 0.860053619140625 0.5651537333333333 0.8643431635742187 0.5702781846666667
1 1 0.49454279266666673 0.9946380698242188 0.4875549046666667 0.9873994638671875 0.48316251800000004 0.985790884765625 0.478770132 0.981233244140625 0.47913616400000003 0.9766756030273438 0.48352855066666667 0.9680965146484375 0.48389458266666663 0.9643431635742188 0.486090776 0.9469168901367188 0.500366032 0.9450402143554687 0.5047584186666666 0.9442359248046875 0.510980966 0.9469168901367188 0.5193997073333333 0.9552278818359375 0.5263543193333333 0.9613941020507812 0.527818448 0.9726541552734375 0.527818448 0.9898123325195313 0.5226939973333333 0.9946380698242188 0.5193997073333333 1 0.5071199166666667 1 0.49454279266666673
1 0.5790884716796875 0.3254026353333333 0.585790884765625 0.3257686673333334 0.595442359375 0.32174231333333336 0.6008042895507812 0.3140556366666667 0.6037533510742188 0.30746705733333335 0.605093833984375 0.29721815533333334 0.6037533510742188 0.29502196199999997 0.6010723862304688 0.29428989733333333 0.5914209116210938 0.29428989733333333 0.5815013403320313 0.3012445093333333 0.5780160859375 0.30710102466666667 0.5737265415039062 0.3202781846666667 0.5756032172851563 0.323206442 0.5790884716796875 0.3254026353333333
1 0.825737265625 0.9341142020000001 0.8278820375976562 0.9385065886666666 0.8359249331054688 0.9432650073333333 0.8404825737304688 0.9399707173333333 0.8439678286132812 0.9425329426666668 0.8447721181640625 0.9385065886666666 0.8487935659179687 0.9366764273333333 0.8611260053710937 0.9381405566666667 0.871045576171875 0.9348462666666666 0.8817694370117187 0.9297218153333333 0.8930294907226562 0.9209370426666666 0.8828418232421875 0.9154465593333333 0.8686327080078124 0.9030014639999999 0.8485254692382812 0.8975109806666666 0.8388739946289062 0.8967789166666666 0.82841823046875 0.899341142 0.8176943701171875 0.9044655926666666 0.8144772119140625 0.9077598826666667 0.8139410185546875 0.9125183013333333 0.8168900805664062 0.916544656 0.8184986596679688 0.9253294286666666 0.825737265625 0.9341142020000001
1 0.266487935546875 0.14897511 0.27345844482421877 0.15885797933333334 0.2780160859375 0.159956076 0.287667560546875 0.153001464 0.2873994638671875 0.14860907733333334 0.28042895458984374 0.13177159600000002 0.27372654150390624 0.12371888733333333 0.265147453125 0.12774524133333334 0.26300268115234376 0.131405564 0.26327077734375 0.13653001466666667 0.266487935546875 0.14897511
1 0.43699731884765625 0.8323572473333334 0.44235924951171873 0.8363836020000001 0.47024128662109377 0.8451683746666666 0.47989276123046876 0.8444363106666667 0.483914208984375 0.840043924 0.4849865952148438 0.8352855053333332 0.48364611279296876 0.8338213760000001 0.48203753369140623 0.8341874086666666 0.46890080419921876 0.8136896046666667 0.4667560322265625 0.81295754 0.46434316357421873 0.8136896046666667 0.4630026811523438 0.81625183 0.44959785546875 0.81625183 0.4431635390625 0.8118594433333333 0.4394101875 0.8111273793333333 0.436193029296875 0.812591508 0.43109919580078127 0.8195461199999999 0.4300268095703125 0.8221083453333334 0.43083109912109374 0.8239385066666667 0.43699731884765625 0.8323572473333334
1 0.6201072387695312 0.88250366 0.6249329760742187 0.8868960466666668 0.6378016083984375 0.8912884333333333 0.6469168901367187 0.8912884333333333 0.6533512065429687 0.8766471446666666 0.6581769438476562 0.8700585653333333 0.6581769438476562 0.864934114 0.6595174262695312 0.860541728 0.6579088471679687 0.8568814053333333 0.638069705078125 0.8444363106666667 0.6297587133789062 0.844070278 0.6273458447265625 0.8462664713333333 0.627077748046875 0.8495607613333334 0.618766755859375 0.8693265006666667 0.6184986596679688 0.878843338 0.6201072387695312 0.88250366
1 0.525201072265625 0.857247438 0.5450402143554688 0.8568814053333333 0.5560321713867188 0.8437042459999999 0.5557640751953125 0.8396778913333333 0.5584450400390625 0.8308931186666667 0.5576407504882812 0.826500732 0.5525469169921875 0.8213762813333333 0.5340482573242188 0.8250366033333333 0.5260053618164062 0.8360175693333334 0.5217158178710938 0.8484626646666668 0.5219839140625 0.8557833086666666 0.525201072265625 0.857247438
1 0.7611260053710938 0.45571010266666667 0.76327077734375 0.45717423133333335 0.77613941015625 0.4604685213333333 0.78445040234375 0.4535139093333333 0.7831099194335938 0.4454612006666667 0.78069705078125 0.4418008786666667 0.7627345844726563 0.43045388 0.7579088471679688 0.43045388 0.75415549609375 0.43228404066666665 0.7506702412109375 0.4363103953333333 0.7512064340820312 0.44143484600000005 0.7611260053710938 0.45571010266666667
1 0.1286863271484375 0.6401903366666666 0.1319034853515625 0.6456808199999999 0.149061662109375 0.656295754 0.153619302734375 0.6548316253333333 0.15978552294921874 0.642020498 0.15978552294921874 0.6379941433333334 0.15764075048828124 0.6343338213333333 0.14075067041015624 0.6160322106666667 0.136193029296875 0.6160322106666667 0.1286863271484375 0.628477306 0.1235924931640625 0.6332357246666667 0.125737265625 0.6376281113333334 0.1286863271484375 0.6401903366666666
1 0.21983914208984376 0.8865300146666667 0.225737265625 0.8916544653333334 0.23887399462890624 0.8982430453333333 0.24369973193359376 0.8971449486666667 0.24691689013671875 0.8868960466666668 0.24557640771484374 0.878111274 0.234852546875 0.8715226939999999 0.2313672919921875 0.8707906293333334 0.2254691689453125 0.8704245973333333 0.21849865966796875 0.8737188873333332 0.21689008056640624 0.878111274 0.2171581767578125 0.882137628 0.21983914208984376 0.8865300146666667
1 0.5386058979492188 0.9385065886666666 0.553619302734375 0.9461932653333334 0.5568364609375 0.9520497806666667 0.5608579086914063 0.9542459733333334 0.5635388740234375 0.9487554906666666 0.5702412866210937 0.9454612006666666 0.5739946381835938 0.9388726206666667 0.5906166220703125 0.937408492 0.5951742626953125 0.9352122986666667 0.598659517578125 0.923133236 0.601340482421875 0.9209370426666666 0.5908847182617187 0.9121522693333333 0.5863270776367188 0.9136163979999999 0.5785522788085937 0.909590044 0.5691689008789063 0.9070278186666666 0.5394101875 0.9150805273333333 0.5351206435546875 0.9216691066666667 0.5353887397460938 0.93374817 0.5386058979492188 0.9385065886666666
1 0.3621983916015625 0.28184480266666667 0.36970509375 0.28733528533333336 0.37211796240234374 0.29062957533333333 0.37721179638671876 0.28770131800000004 0.38525469189453126 0.25183016133333336 0.38525469189453126 0.24743777466666667 0.383914208984375 0.24341142 0.3726541552734375 0.239019034 0.3680965146484375 0.239385066 0.36621983935546876 0.24194729133333331 0.3605898125 0.25915080533333335 0.3589812333984375 0.260248902 0.35871313671875 0.270497804 0.360053619140625 0.274158126 0.3589812333984375 0.27745241600000004 0.3621983916015625 0.28184480266666667
1 0.37211796240234374 0.0761347 0.3758713134765625 0.08418740866666667 0.3780160859375 0.08638360199999999 0.38686327099609374 0.090775988 0.38954423583984377 0.094070278 0.39624664892578126 0.0977306 0.4085790883789063 0.097364568 0.4080428955078125 0.09297218133333333 0.40911528173828127 0.08784773066666667 0.407774798828125 0.076500732 0.4002680966796875 0.06661786266666667 0.39571045556640627 0.05819912133333333 0.3809651474609375 0.051610542 0.37613941015625 0.053074670666666664 0.3713136728515625 0.058565153999999994 0.37158176953125 0.06844802333333333 0.37211796240234374 0.0761347
1 0.3809651474609375 0.8576134699999999 0.39812332421875 0.8762811126666668 0.40723860595703126 0.8762811126666668 0.4158176943359375 0.878843338 0.427077748046875 0.8784773060000001 0.43297587109375 0.8740849193333333 0.43672922265625 0.8653001466666667 0.43565683642578124 0.86090776 0.4286863271484375 0.8517569546666667 0.41554959765625 0.8437042459999999 0.4067024130859375 0.840775988 0.39812332421875 0.840775988 0.38632707763671875 0.8451683746666666 0.38042895458984377 0.8480966326666667 0.37828418212890624 0.8532210833333334 0.3809651474609375 0.8576134699999999
1 0.338069705078125 0.8872620793333333 0.3415549599609375 0.888726208 0.36085790869140627 0.888360176 0.363806970703125 0.889458272 0.38016085791015625 0.881771596 0.3809651474609375 0.8737188873333332 0.37828418212890624 0.8696925326666666 0.379356568359375 0.8656661786666667 0.3809651474609375 0.864934114 0.374798927734375 0.861273792 0.36782841845703124 0.861273792 0.350938337890625 0.8653001466666667 0.342627345703125 0.868594436 0.33243967822265624 0.875549048 0.3313672919921875 0.8773792093333334 0.3319034853515625 0.8799414346666667 0.338069705078125 0.8872620793333333
1 0.1871313671875 0.9081259153333334 0.19088471826171874 0.909590044 0.1951742626953125 0.9088579793333333 0.2 0.899707174 0.1997319033203125 0.895314788 0.18364611279296875 0.8828696926666667 0.179356568359375 0.88250366 0.17694369970703125 0.8839677893333333 0.17345844482421874 0.8905563686666667 0.17372654150390626 0.8949487553333333 0.1871313671875 0.9081259153333334
1 0.5091152817382812 0.604685212 0.5158176943359375 0.607979502 0.5356568364257812 0.607979502 0.5391420913085937 0.600658858 0.5493297587890625 0.5911420206666667 0.5517426274414062 0.5863836020000001 0.5319034853515625 0.573206442 0.5219839140625 0.57284041 0.5136729223632812 0.576500732 0.5091152817382812 0.5808931186666667 0.5021447719726563 0.5944363106666667 0.503217158203125 0.5984626646666666 0.5091152817382812 0.604685212
1 0.7527911528320312 0.4253367493333334 0.766487935546875 0.40666178599999997 0.7745308310546875 0.39019033666666664 0.763806970703125 0.39019033666666664 0.7527911528320312 0.39929648600000006 0.7448815014648438 0.41759480266666665 0.7527911528320312 0.4253367493333334
1 0.9581769438476563 0.1522694 0.9756032172851562 0.14677891666666668 0.9769436997070312 0.09919472933333333 0.95415549609375 0.10285505133333334 0.9568364609375 0.14860907733333334 0.9581769438476563 0.1522694
1 0.8482573725585938 0.18155197666666667 0.8576407504882813 0.18338213733333336 0.8656836459960937 0.17789165466666668 0.871045576171875 0.16874084933333333 0.8737265415039063 0.159590044 0.8643431635742187 0.15592972200000002 0.853619302734375 0.159590044 0.8455764077148438 0.16874084933333333 0.8482573725585938 0.18155197666666667
1 0.7751439677734375 0.3565999266666667 0.7956053618164063 0.3610574673333333 0.7987005361328126 0.35284663266666666 0.7973190346679687 0.339180454 0.7892761396484375 0.33735029266666666 0.7798927612304688 0.34101061466666666 0.7772117963867188 0.35199158133333336 0.7751439677734375 0.3565999266666667
1 0.8067024130859375 0.24560761333333334 0.8174262734375 0.24377745266666667 0.8254691689453125 0.236456808 0.8241286865234375 0.21632503666666666 0.8107238603515625 0.22181552 0.8053619301757813 0.22364568066666668 0.7973190346679687 0.22730600266666667 0.7906166220703125 0.22730600266666667 0.7932975869140625 0.24194729133333331 0.8067024130859375 0.24560761333333334
1 0.9353887397460937 0.9904831626666667 0.9514745307617187 0.983162518 0.938069705078125 0.9703513906666668 0.9260053618164062 0.9666910686666667 0.9139410185546875 0.9703513906666668 0.9072386059570312 0.9776720353333334 0.9126005361328124 0.9849926793333335 0.9260053618164062 0.983162518 0.9353887397460937 0.983162518 0.9353887397460937 0.9904831626666667
1 0.36620406884765627 1 0.3841823056640625 0.9945095166666666 0.41635388720703126 0.9714494873333334 0.422520107421875 0.9630307466666667 0.4219839140625 0.9542459733333334 0.42278820361328123 0.9505856513333333 0.4195710454101563 0.9450951686666668 0.4174262734375 0.9139824306666666 0.41849865966796873 0.9117862373333334 0.41367292236328124 0.895314788 0.4107238603515625 0.8942166913333334 0.40697050927734374 0.8960468519999999 0.39785522802734374 0.895314788 0.3855227880859375 0.8865300146666667 0.37694369970703123 0.8865300146666667 0.374798927734375 0.8898243046666666 0.36782841845703124 0.8934846266666667 0.36595174267578123 0.89897511 0.35764075048828126 0.9088579793333333 0.353619302734375 0.9114202046666666 0.34986595166015627 0.9110541726666667 0.34664879345703126 0.912884334 0.34235924951171876 0.9121522693333333 0.34048257373046875 0.9158125913333334 0.32922252001953123 0.923133236 0.31501340478515627 0.9381405566666667 0.30911528173828123 0.9465592973333334 0.30884718505859377 0.951317716 0.3112600537109375 0.95534407 0.31528150146484374 0.9681551973333333 0.3163538872070312 0.9813323573333333 0.31930294921875 0.9875549046666666 0.32627345849609374 0.9915812593333333 0.3332439677734375 0.9996339679999999 0.3400804287109375 1 0.34850314990234377 1 0.3532619301757812 0.9989019033333334 0.35958895458984375 1 0.36620406884765627 1
1 0.06327077734375 0.23499267933333332 0.06595174267578124 0.23828696933333332 0.06756032177734375 0.2441434846666667 0.08310991943359375 0.26573938533333336 0.08525469189453125 0.27159590066666667 0.08686327099609376 0.28147877 0.08498659521484375 0.28623718866666664 0.087667560546875 0.2902635433333333 0.0938337802734375 0.29465593 0.10375335107421875 0.299048316 0.1158176943359375 0.30161054200000004 0.12305630029296875 0.3081991213333333 0.12493297607421874 0.30746705733333335 0.1268096513671875 0.30270863866666664 0.14048257373046874 0.3001464126666667 0.1493297587890625 0.29319180066666667 0.16139410205078125 0.2895314786666667 0.16756032177734376 0.2909956073333333 0.174798927734375 0.2895314786666667 0.17855227880859376 0.2858711566666667 0.18364611279296875 0.284407028 0.20643431640625 0.26903367466666667 0.2128686328125 0.260980966 0.22466487939453125 0.25183016133333336 0.227077748046875 0.24743777466666667 0.22627345849609376 0.243045388 0.22466487939453125 0.24194729133333331 0.212332439453125 0.23865300133333334 0.2112600537109375 0.23462664733333335 0.2048257373046875 0.229136164 0.20241286865234376 0.22144948733333333 0.196782841796875 0.21412884333333332 0.19249329736328125 0.2108345533333333 0.17882037548828125 0.204978038 0.17613941015625 0.20241581266666667 0.17533512060546874 0.198389458 0.177479892578125 0.18740849199999998 0.17882037548828125 0.16581259133333334 0.17667560302734375 0.14897511 0.17506702392578125 0.14641288466666666 0.1699731904296875 0.14677891666666668 0.161930294921875 0.15373352866666667 0.160053619140625 0.16178623733333333 0.15469168896484375 0.16947291333333334 0.14852546923828125 0.18228404066666667 0.139946380859375 0.191434846 0.13592493310546874 0.201683748 0.1313672919921875 0.2068081993333333 0.12788203759765626 0.20863836 0.11501340478515625 0.20717423133333335 0.11099195703125 0.208272328 0.09276139404296875 0.219253294 0.08471849853515626 0.22181552 0.08016085791015624 0.21742313333333335 0.07238605908203125 0.21595900466666668 0.06702412890625 0.21266471466666667 0.06327077734375 0.21266471466666667 0.06139410205078125 0.22035139066666667 0.0616621982421875 0.22620790600000001 0.06327077734375 0.23499267933333332
1 0.71099195703125 0.159590044 0.7249329760742188 0.16105417266666666 0.7308310991210938 0.16544655933333333 0.7410187666015625 0.16910688133333335 0.744504021484375 0.166910688 0.749061662109375 0.15885797933333334 0.75415549609375 0.162884334 0.7608579086914062 0.15117130333333334 0.7731903486328126 0.15446559266666665 0.7804289545898437 0.15409956066666666 0.7820375336914063 0.15190336733333334 0.7836461127929687 0.14458272333333333 0.7753351206054687 0.09114202066666667 0.7726541552734375 0.08784773066666667 0.7691689008789062 0.087115666 0.7592493295898437 0.08894582733333334 0.75415549609375 0.08821376266666665 0.7415549599609375 0.07174231333333334 0.7294906166992188 0.06332357266666667 0.7120643432617187 0.06295754 0.70643431640625 0.06478770133333334 0.7048257373046874 0.06734992666666667 0.7085790883789063 0.08272327933333333 0.7136729223632813 0.090409956 0.7219839140625 0.10871156666666668 0.71554959765625 0.12408491933333332 0.7016085791015625 0.14458272333333333 0.7002680966796875 0.14860907733333334 0.7005361928710937 0.15336749666666666 0.71099195703125 0.159590044
1 0.12975871337890624 0.083089312 0.13243967822265626 0.08894582733333334 0.13538873974609375 0.090409956 0.14557640771484376 0.090043924 0.15790884716796874 0.08125915066666667 0.16568364599609375 0.07833089333333333 0.17506702392578125 0.08052708666666666 0.18364611279296875 0.07796486066666668 0.1871313671875 0.07540263533333334 0.18820375341796874 0.06698389466666667 0.19410187646484375 0.05819912133333333 0.19463806982421875 0.04575402666666666 0.1919571044921875 0.040995607333333337 0.18337801611328125 0.041727672 0.17882037548828125 0.034407028 0.17354772119140624 0.03806735 0.12788203759765626 0.051610542 0.125737265625 0.055636896 0.12332439697265625 0.076866764 0.12975871337890624 0.083089312
1 1 0.758716142 0.9898123325195313 0.7521961933333333 0.9643431635742188 0.7423133233333333 0.9549597856445312 0.743045388 0.9383378017578125 0.7532942899999999 0.9343163540039062 0.7573206440000001 0.93297587109375 0.7661054173333334 0.9308310991210937 0.770863836 0.93297587109375 0.7785505126666666 0.9343163540039062 0.7800146413333333 0.9388739946289063 0.7800146413333333 0.942627345703125 0.7818448026666667 0.9461126005859375 0.788433382 0.9557640751953125 0.7957540266666666 0.96327077734375 0.805270864 0.971045576171875 0.8107613466666667 0.981233244140625 0.8151537333333334 0.985790884765625 0.8235724746666666 1 0.826500732 1 0.758716142
1 0.5056300268554688 0.6749633966666667 0.5168900805664063 0.6804538800000001 0.5333321713867187 0.6875735726666666 0.5382361928710937 0.6978759153333334 0.55257077734375 0.7071482433333334 0.5665281499023438 0.7086936313333334 0.5868983916015625 0.705087482 0.5777479892578125 0.6936310393333334 0.5737265415039062 0.68704246 0.5713136728515625 0.6855783306666667 0.5713136728515625 0.6720351393333334 0.5686327080078125 0.6599560760000001 0.5680965146484375 0.6482430453333333 0.5686327080078125 0.642020498 0.574798927734375 0.628111274 0.5782841821289062 0.625183016 0.5780160859375 0.6233528553333333 0.574798927734375 0.618228404 0.5680965146484375 0.6163982433333333 0.566487935546875 0.61420205 0.5667560322265625 0.6120058566666666 0.557372654296875 0.6083455346666666 0.5483243969726562 0.61090776 0.5436997319335938 0.61090776 0.536193029296875 0.607979502 0.5227882036132813 0.6068814053333333 0.5115281499023437 0.6090775986666667 0.5080428955078125 0.6123718886666666 0.507774798828125 0.628477306 0.5061662197265625 0.63579795 0.5016085791015625 0.6442166913333333 0.4959785522460938 0.649707174 0.49410187646484377 0.6548316253333333 0.4930294907226562 0.6636163979999999 0.4949954423828125 0.6663005126666667 0.5056300268554688 0.6749633966666667
1 1 0.182772084 0.998659517578125 0.18155197666666667 0.99356568359375 0.18155197666666667 0.9815013403320313 0.17606149333333335 0.9528150131835937 0.17459736466666667 0.9487935659179687 0.17825768666666666 0.9482573725585938 0.18118594466666665 0.950938337890625 0.19180087866666667 0.9589812333984375 0.20387994133333331 0.961930294921875 0.20571010266666667 0.9659517426757812 0.2068081993333333 0.9777479892578125 0.20534407 0.9823056298828124 0.20607613466666666 0.98900804296875 0.20424597333333333 0.9965147451171875 0.1998535873333333 0.9989276137695312 0.19619326533333334 1 0.18565153733333334 1 0.182772084
1 0.46382412890625 0.375227306 0.48580804296875 0.37925366 0.4933147451171875 0.3836460466666667 0.49787238623046876 0.3898685946666667 0.511009115234375 0.3898685946666667 0.5144943701171875 0.3884044653333334 0.51610294921875 0.38474414333333334 0.5163710454101562 0.375593338 0.519320107421875 0.361684114 0.5236096513671875 0.35765776 0.5313844501953126 0.3558275986666667 0.5461297587890624 0.3485069546666667 0.5493469169921875 0.3422844073333333 0.552295978515625 0.3397221813333334 0.5531002680664062 0.33679392399999997 0.5512235922851563 0.33093740866666665 0.5469340483398437 0.32471486066666666 0.5391592495117188 0.31849231333333333 0.5026981235351563 0.295066252 0.4962638071289063 0.2936021226666667 0.4852718500976563 0.2939681553333333 0.476156568359375 0.2903078333333333 0.47374369970703123 0.28371925333333337 0.47401179638671875 0.28079099533333335 0.46864986572265627 0.27676464133333334 0.46596890087890624 0.27676464133333334 0.463287935546875 0.27896083466666666 0.463287935546875 0.28225512466666663 0.45953458447265627 0.2899418006666667 0.45149168896484376 0.28518338200000004 0.44210831103515624 0.28554941466666667 0.4415721181640625 0.2903078333333333 0.43728257373046875 0.29433418733333333 0.43889115283203123 0.29762847733333336 0.44666595166015627 0.29945863866666667 0.44961501318359376 0.31043960466666665 0.44693404833984374 0.3119037333333333 0.43379731884765627 0.3119037333333333 0.4308482573242188 0.31629612 0.430312064453125 0.319956442 0.434869705078125 0.3276431186666667 0.4399635390625 0.33276756933333335 0.4571217158203125 0.357291728 0.45953458447265627 0.36680856533333334 0.45953458447265627 0.371566984 0.46382412890625 0.375227306
1 0.45656836474609375 0.666910688 0.466487935546875 0.6713030746666666 0.47506702392578126 0.6778916546666667 0.48337801611328124 0.6782576866666666 0.48847185009765626 0.6720351393333334 0.48793565673828126 0.666544656 0.4887399462890625 0.6636163979999999 0.48471849853515625 0.6599560760000001 0.47721179638671873 0.6471449486666667 0.4745308310546875 0.6456808199999999 0.46461126025390626 0.6434846266666667 0.4584450400390625 0.6445827233333333 0.44986595166015625 0.6508052706666666 0.44852546923828124 0.6548316253333333 0.44879356591796876 0.659224012 0.45656836474609375 0.666910688
1 0.3228187666015625 0.570340776 0.32106541552734374 0.5355043926666666 0.2671954423828125 0.5377646413333333 0.2703126005859375 0.57220205 0.3228187666015625 0.570340776
1 0.07411823046875 0.8953246706666667 0.0790147451171875 0.8922159593333334 0.07616782861328125 0.8830457540000001 0.06512252001953125 0.881025256 0.057606970703125 0.8861544653333334 0.055614208984375 0.8937236460000001 0.06443914208984375 0.8987437773333333 0.07411823046875 0.8953246706666667
1 0.0916541552734375 0.8738759153333334 0.0807227880859375 0.8567789166666666 0.07525683642578125 0.8629959733333333 0.08738418212890625 0.8804311859999999 0.0916541552734375 0.8738759153333334
1 0 0.267640852 0.0008994638671875 0.26799963400000004 0.0101227880859375 0.2552547586666667 0 0.248837386 0 0.267640852
1 0 0.14790344 0.005340482421875 0.144883602 0.0110337802734375 0.15307613466666667 0.0122863271484375 0.15420900466666665 0.03699624658203125 0.132138726 0.02606487939453125 0.11830600266666666 0.0085286865234375 0.13260505133333333 0 0.13213003933333334 0 0.14790344
1 0.28028096533203123 0.085317716 0.2775479892578125 0.05936164 0.260809115234375 0.06542313333333333 0.26433914208984377 0.09104465599999999 0.28028096533203123 0.085317716
1 0.5391863271484375 0.030432284 0.541320107421875 0.01700951666666667 0.5241568364257813 0.013464128666666667 0.5233219838867188 0.025194363333333334 0.5391863271484375 0.030432284
1 0.5178482573242188 0.08375366 0.522672654296875 0.08223426066666667 0.523693029296875 0.07463653 0.52026058984375 0.07273682266666666 0.511725201171875 0.07286347 0.5094058979492188 0.077295754 0.5113541552734375 0.083500366 0.5178482573242188 0.08375366
1 0.389495978515625 0.5568283306666666 0.4187195712890625 0.5175732066666667 0.403319302734375 0.5050369693333334 0.3722399462890625 0.5422661053333334 0.388893029296875 0.555662518 0.389495978515625 0.5568283306666666
1 0.436995978515625 0.558474378 0.4397793564453125 0.5431522693333333 0.419647453125 0.540366398 0.414220107421875 0.5552825766666667 0.436995978515625 0.558474378
1 0.43829490625 0.537707174 0.43681045556640624 0.5236515373333334 0.3962683647460937 0.5071896046666666 0.3699206435546875 0.5136478773333333 0.3816101875 0.5358078333333334 0.41408096533203126 0.5446720353333333 0.43829490625 0.537707174
1 0.2450075068359375 0.502750366 0.24215522802734374 0.485473646 0.22414959765625 0.49058382133333334 0.22896300244140624 0.5088334553333334 0.2450075068359375 0.502750366
1 0 0.321297838 0.00986568359375 0.33041325066666666 0.011648525390625 0.3391731333333333 0.00540884716796875 0.342092972 0.0111136728515625 0.39460834533333333 0.0464115283203125 0.382729136 0.040706970703125 0.32530344066666667 0.042133244140625 0.3068103953333333 0.02983217138671875 0.2875871153333333 0.0282278818359375 0.3017002193333333 0 0.3186715093333333 0 0.321297838
1 0.13929168896484376 0.36277598800000005 0.14214423583984376 0.3060801613333333 0.10577640771484376 0.299023792 0.12476246630859375 0.36686090800000004 0.13929168896484376 0.36277598800000005
1 0.07850080419921875 0.6310047586666667 0.0884839140625 0.6134849926666667 0.06691313671875 0.606185212 0.0565731904296875 0.628814788 0.07850080419921875 0.6310047586666667
1 0.4610742626953125 0.9697891653333333 0.435759517578125 0.9318297953333334 0.422745576171875 0.9539725473333333 0.44663404833984377 0.9843887259999999 0.4610742626953125 0.9697891653333333
1 0.4596479892578125 0.946429356 0.46053941015625 0.9435095166666667 0.46481796240234374 0.938886164 0.468561662109375 0.930613104 0.47408820361328124 0.9325596633333333 0.48139731884765624 0.936452782 0.4894195712890625 0.9303696926666667 0.498333244140625 0.9337763539999999 0.5015420913085937 0.930613104 0.5026117963867187 0.908226574 0.499046380859375 0.8894904833333334 0.49797667578125 0.879270498 0.4863890078125 0.8644275253333333 0.47177050927734376 0.8583440699999999 0.47248364599609377 0.8505574673333334 0.46178713134765625 0.8478810393333334 0.4546563002929688 0.858587482 0.4509126005859375 0.8748905566666667 0.4332635390625 0.8646705713333334 0.4222107236328125 0.891680454 0.433620107421875 0.9043334553333334 0.435759517578125 0.9385980966666666 0.4596479892578125 0.946429356
1 0.27828418212890627 0.9725475840000001 0.28069705078125 0.96852123 0.2820375336914063 0.9597364566666666 0.27372654150390624 0.9535139093333334 0.27211796240234376 0.9538799413333333 0.26943699755859374 0.9575402633333333 0.26916890087890627 0.9674231333333334 0.27828418212890627 0.9725475840000001
1 0.9608579086914063 0.9154465593333333 0.9648793564453125 0.89897511 0.9621983916015625 0.8696925326666666 0.95415549609375 0.8660322106666667 0.9407506704101563 0.867862372 0.9407506704101563 0.8971449486666667 0.9608579086914063 0.9154465593333333
1 0.5801608579101563 0.4633967786666666 0.5707774799804688 0.45790629600000005 0.5613941020507812 0.45790629600000005 0.5506702412109375 0.47071742333333333 0.560053619140625 0.48169838933333337 0.5680965146484375 0.48169838933333337 0.577479892578125 0.4780380673333333 0.5801608579101563 0.4633967786666666
1 0.88445040234375 0.7251098093333334 0.8790884716796875 0.70863836 0.86702412890625 0.7159590046666667 0.868364611328125 0.7342606146666667 0.88445040234375 0.7251098093333334
1 0.3432533510742187 0.5308125913333334 0.34057238623046876 0.5234919473333334 0.32448659521484374 0.5308125913333334 0.3291782841796875 0.5372181553333333 0.3432533510742187 0.5308125913333334
1 0.5337801606445313 0.70534407 0.531635388671875 0.6863103953333333 0.516085791015625 0.6965592973333334 0.5171581767578125 0.7119326500000001 0.5337801606445313 0.70534407
1 0.481233244140625 0.71852123 0.4758713134765625 0.7090043926666667 0.4699731904296875 0.7133967786666667 0.4764075068359375 0.7229136166666668 0.481233244140625 0.71852123
1 0.2254691689453125 0.9176427526666666 0.21152814990234375 0.9088579793333333 0.1997319033203125 0.9161786239999999 0.21474530810546874 0.9264275253333334 0.2254691689453125 0.9176427526666666
1 0.23672922265625 0.9147144946666668 0.2415549599609375 0.909590044 0.2394101875 0.9015373353333332 0.22815013427734376 0.9051976573333333 0.22654155517578126 0.9147144946666668 0.23672922265625 0.9147144946666668
1 0.1273458447265625 0.9688872620000001 0.15790884716796874 0.947657394 0.15790884716796874 0.93374817 0.1219839140625 0.9557101026666666 0.1273458447265625 0.9688872620000001
1 0.18793565673828125 0.9425329426666668 0.17721179638671875 0.9381405566666667 0.1777479892578125 0.947657394 0.18042895458984376 0.9542459733333334 0.1809651474609375 0.961566618 0.1873994638671875 0.961566618 0.18793565673828125 0.9425329426666668
1 0.2767450400390625 0.9196892386666666 0.277767560546875 0.9050314786666667 0.261919302734375 0.9029377746666667 0.26140804296875 0.915501464 0.2767450400390625 0.9196892386666666
1 0.25936300244140625 0.8736222546666667 0.2516943701171875 0.8743199119999999 0.25118310986328124 0.8792060759999999 0.2522056298828125 0.8833938506666666 0.25885174267578126 0.8868839679999999 0.2644753349609375 0.8833938506666666 0.25936300244140625 0.8736222546666667
1 0.27521126025390624 0.901541728 0.2787898125 0.8896756953333333 0.26140804296875 0.8896756953333333 0.262430294921875 0.9001456806666667 0.27521126025390624 0.901541728
1 0.3999528149414063 0.7842792826666667 0.4019975869140625 0.7689234993333333 0.382059517578125 0.7626416546666666 0.37950321728515624 0.77520571 0.3999528149414063 0.7842792826666667
1 0.4147785522460937 0.7528696926666667 0.40864369970703124 0.7549637626666666 0.40557640771484377 0.7619436313333334 0.4050651474609375 0.768225476 0.4096662197265625 0.770319546 0.4147785522460937 0.7647357246666667 0.4147785522460937 0.7528696926666667
1 0.30055630029296876 0.828157394 0.301156568359375 0.8220098826666667 0.30175683642578127 0.8179117859999999 0.2984549599609375 0.8179117859999999 0.29665388720703123 0.8187313326666668 0.294252546875 0.8220098826666667 0.2945528149414062 0.8265179353333333 0.2969541552734375 0.8277474380000001 0.30055630029296876 0.828157394
1 0.27110723876953124 0.6173246706666666 0.2675737265625 0.6120183013333333 0.26404021435546876 0.6076764273333333 0.26050670263671877 0.61008858 0.25732654150390627 0.6139476573333333 0.2608600537109375 0.6187719620000001 0.2647469169921875 0.623113836 0.2689871313476562 0.6207016839999999 0.27110723876953124 0.6173246706666666
1 0.4279863271484375 0.31113799400000003 0.42721689013671876 0.306412152 0.4264477211914062 0.300635798 0.42490938330078126 0.2980102486666667 0.41952493310546873 0.296435212 0.41875576416015625 0.30431149333333335 0.4191402143554688 0.310612738 0.42337104541015624 0.31166288466666664 0.4279863271484375 0.31113799400000003
1 0.4296509384765625 0.250001098 0.4312742626953125 0.24606039533333335 0.43055281494140624 0.24187371866666668 0.4292900805664063 0.23941105399999998 0.4274863271484375 0.24039604666666667 0.4255018764648438 0.24310505133333332 0.42514128662109374 0.24581405533333334 0.4256823056640625 0.24950841866666668 0.4274863271484375 0.25369509533333334 0.4296509384765625 0.250001098
1 0.40782412890625 0.253202416 0.40782412890625 0.24827708666666667 0.400067560546875 0.25147877 0.3998873994140625 0.2554191066666667 0.40782412890625 0.253202416
1 0.510990884765625 0.10264128866666666 0.5067380698242188 0.09606076133333333 0.49964986572265624 0.10535102466666665 0.503619302734375 0.10922181533333332 0.510990884765625 0.10264128866666666
1 0.39258766748046875 0.117682284 0.3940589814453125 0.10964751066666667 0.39111635400390626 0.10362152266666667 0.38621233251953124 0.10496083466666666 0.3827793564453125 0.11366508066666667 0.38572198388671874 0.12036054200000001 0.39258766748046875 0.117682284
1 0.7402067026367187 0.34490995599999996 0.7370839140625 0.3400373353333333 0.730838337890625 0.3406464126666667 0.7263772119140625 0.3461281113333334 0.7303922250976562 0.35160980933333336 0.7348533510742188 0.351000732 0.7402067026367187 0.34490995599999996
1 0.7906174262695312 0.490479868 0.7928479892578125 0.488043558 0.787048525390625 0.48317093733333333 0.78080294921875 0.4862163253333333 0.7781262734375 0.490479868 0.7816951743164062 0.494134334 0.787048525390625 0.49352525599999997 0.7906174262695312 0.490479868
1 0.7620662197265625 0.5550420939999999 0.7625123325195312 0.54590593 0.7593895444335937 0.5416423866666666 0.75269785546875 0.5440786966666668 0.74734450390625 0.54590593 0.746006166015625 0.5513876280000001 0.7491289545898437 0.557478404 0.7491289545898437 0.5586965593333334 0.751359517578125 0.5617419473333334 0.7553745307617188 0.5593056366666667 0.7620662197265625 0.5550420939999999
1 0.9097294907226563 0.4892617133333333 0.9119600537109375 0.48499817 0.9101756030273438 0.4801255493333333 0.9057144770507812 0.4776892386666667 0.9003611259765625 0.47829831600000006 0.8990227880859375 0.4837800146666667 0.9016994638671875 0.4862163253333333 0.90616058984375 0.488043558 0.9097294907226563 0.4892617133333333
1 0.8387975869140625 0.39119985333333335 0.8414742626953124 0.3869363106666666 0.835674798828125 0.38267276733333333 0.8271986596679688 0.3863272326666667 0.8213991958007812 0.3954633966666667 0.8285369975585938 0.3954633966666667 0.8325520107421875 0.396681552 0.8387975869140625 0.39119985333333335
1 0.8592487934570312 0.8504158126666667 0.854182841796875 0.8475340406666666 0.84869490625 0.8504158126666667 0.8478506704101563 0.8550267206666667 0.8533386059570313 0.8567558566666666 0.8575600537109375 0.8567558566666666 0.8592487934570312 0.8504158126666667
1 0.7376689008789062 0.7679959733333334 0.7368246650390625 0.7639612006666666 0.7313367290039062 0.7628085653333333 0.727959517578125 0.7639612006666666 0.7254265415039063 0.7691486093333333 0.726693029296875 0.773183016 0.7292260053710937 0.773183016 0.7347139409179687 0.7720303806666667 0.7376689008789062 0.7679959733333334
1 0.9229935659179688 0.7339904833333334 0.9259487934570313 0.7311087113333333 0.9297479892578125 0.72995571 0.9305922250976563 0.726497804 0.9289037534179687 0.7224630306666666 0.9251042895507813 0.721886896 0.9217270776367188 0.7247686673333332 0.9175056298828125 0.726497804 0.9187721181640625 0.7311087113333333 0.9229935659179688 0.7339904833333334
1 0.9108257373046875 0.9630413613333334 0.9177431635742187 0.951708272 0.9156680966796875 0.9356530013333333 0.9142844501953125 0.929042094 0.9046002680664063 0.93943082 0.9011415551757812 0.9450973646666666 0.897682841796875 0.9564304539999999 0.901833244140625 0.9715413613333334 0.9108257373046875 0.9630413613333334
1 0.8354265415039063 0.8761540993333333 0.8340431635742187 0.8667097366666667 0.8285093833007813 0.8610431919999999 0.8202085791015625 0.86482101 0.8209002680664063 0.87332101 0.8278176943359375 0.8770984626666667 0.8354265415039063 0.8780431919999999 0.8354265415039063 0.8761540993333333
1 0.742156568359375 0.031866032 0.7437882036132812 0.025183382 0.7372621982421875 0.025183382 0.7318238603515625 0.029638360000000002 0.7323678286132812 0.038548316 0.7394375336914063 0.040775622 0.742156568359375 0.031866032
1 0.936485791015625 0.213885066 0.938320107421875 0.209502196 0.9369442358398438 0.20449304533333335 0.9318997319335938 0.202614568 0.9218104555664063 0.201362372 0.9108037534179687 0.19885797933333332 0.9117211796875 0.21075439266666668 0.9213517426757812 0.213885066 0.9300651474609375 0.21638945799999998 0.936485791015625 0.213885066
1 0.930198927734375 0.25681771600000003 0.9287418232421875 0.25681771600000003 0.9345705092773438 0.258409224 0.9374849868164062 0.25801134666666664 0.9374849868164062 0.25403221066666665 0.9331134047851563 0.24607430466666666 0.9293246650390625 0.24090117133333336 0.924661662109375 0.24408455333333332 0.925827345703125 0.25164494866666665 0.929033244140625 0.2564198386666667 0.930198927734375 0.25681771600000003
1 0.8908541552734375 0.2767130306666667 0.8972659516601562 0.2751215226666667 0.9025117963867187 0.2751215226666667 0.9063005361328125 0.2707445093333333 0.9019289545898438 0.26437774533333336 0.8946428955078125 0.264775622 0.8847337802734375 0.26517386533333337 0.882693833984375 0.27154026333333336 0.8829852548828125 0.2755194 0.8908541552734375 0.2767130306666667
1 0.077076173828125 0 0.07330536181640625 0.0061314053333333335 0.06772600537109374 0.004862738 0.06437855224609375 0.019072108666666667 0.08204611279296875 0.03150549066666666 0.0920890078125 0.00790776 0.09534287060546875 0 0.077076173828125 0
1 0.237522251953125 0.6666540993333333 0.2447753349609375 0.6397576866666667 0.210369705078125 0.625294656 0.20482332421875 0.653433382 0.237522251953125 0.6666540993333333
1 0.186564611328125 0.660564422 0.18619276123046874 0.6676691066666667 0.1966075068359375 0.672997438 0.20850991943359376 0.6740124453333334 0.2202262734375 0.6582807466666667 0.21483297607421875 0.6526983893333334 0.20107077734375 0.6455937039999999 0.19102814990234376 0.648385066 0.18749463818359374 0.6587880673333333 0.186564611328125 0.660564422
1 0.692062734375 0.460223646 0.6775839140625 0.460223646 0.6718739946289063 0.469408858 0.6941018764648438 0.46851354333333334 0.692062734375 0.460223646
1 0.6943058979492187 0.13003843333333334 0.697772654296875 0.12307979533333334 0.6932863271484375 0.12001793533333334 0.6828860590820313 0.11890483133333334 0.6781957104492188 0.12419326533333333 0.675952546875 0.13170863866666668 0.6876782841796875 0.13607942866666667 0.6943058979492187 0.13003843333333334
1 0.5213865952148438 0.27885102466666667 0.51613431640625 0.26690300133333333 0.5081310991210938 0.24744472933333334 0.49737667578125 0.24266581266666667 0.48962359228515623 0.24403111266666666 0.4876227880859375 0.26144106866666666 0.49287506689453126 0.270316618 0.499877748046875 0.2822646413333333 0.5101319033203126 0.28909224 0.521761662109375 0.291545388 0.5213865952148438 0.27885102466666667
1 0.5686557641601563 0.254954978 0.5554005361328125 0.25119985333333333 0.550648525390625 0.26075841866666666 0.5561506704101562 0.26417203533333333 0.56452922265625 0.26491142 0.5686557641601563 0.254954978
1 0.49262493310546873 0.222183382 0.466614208984375 0.20135980933333333 0.46061179638671873 0.21467313333333335 0.48574718505859377 0.23469180066666667 0.49262493310546873 0.222183382
1 0.4821206435546875 0.23686237200000002 0.4758680966796875 0.22730380666666666 0.4596115283203125 0.24334846266666665 0.4677396782226563 0.25313067333333333 0.4821206435546875 0.23686237200000002
1 0.597167560546875 0.8880106146666666 0.5869134047851563 0.8535322106666667 0.5704067026367188 0.86172511 0.5821613940429687 0.8964491213333334 0.597167560546875 0.8880106146666666
1 0.6286801606445312 0.8207606146666667 0.6286801606445312 0.811543558 0.6184260053710937 0.7999366766666667 0.6046705092773438 0.7890128113333333 0.573157640625 0.7849165446666666 0.5824115283203125 0.812567716 0.6121734584960937 0.8267906293333334 0.6286801606445312 0.8207606146666667
1 0.6216774799804687 0.798912518 0.6329319033203125 0.8180296486666666 0.661693833984375 0.8042540266666667 0.65093941015625 0.7835508786666666 0.6216774799804687 0.798912518
1 0.6861415551757812 0.05880124466666666 0.6726563002929687 0.05567423133333333 0.6678219838867188 0.09285102466666666 0.6806024130859375 0.09631881399999999 0.6861415551757812 0.05880124466666666
1 0.597851474609375 0.10223206466666666 0.6001415551757813 0.078953148 0.5965793564453125 0.06053843333333333 0.5843664877929687 0.064707906 0.58360294921875 0.08416508066666667 0.5844316352539063 0.10282942866666667 0.597851474609375 0.10223206466666666
1 0.5693294907226563 0.041007320666666666 0.5802042895507813 0.041304172666666666 0.5782469169921876 0.026454245999999997 0.5564973188476563 0.026157394 0.5584801606445312 0.04051061466666667 0.5693294907226563 0.041007320666666666
1 0.6356654155273438 0.09005929733333333 0.61957077734375 0.06778440733333332 0.5926016083984375 0.09570241600000001 0.6070571044921875 0.11610871133333334 0.6356654155273438 0.09005929733333333
1 0.5543225200195312 0.140252196 0.5610648793945312 0.12777818466666668 0.5632396782226563 0.12005636866666666 0.556279892578125 0.11560139066666666 0.5421426274414063 0.117977306 0.5336603217773438 0.12094729133333335 0.5230032172851562 0.139658126 0.5306155498046875 0.14114311866666665 0.5427951743164062 0.14322218133333334 0.5499876674804688 0.14300841866666666 0.5543225200195312 0.140252196
1 0.5756369975585938 0.23241654466666667 0.5797694370117188 0.22766434866666668 0.5845541552734375 0.22320937066666666 0.5852067026367187 0.21726940000000003 0.5802042895507813 0.21340849199999998 0.5723745307617187 0.21786347 0.5678072387695312 0.227070278 0.5734268095703124 0.23066508066666666 0.5756369975585938 0.23241654466666667
1 0.5543225200195312 0.11589824333333333 0.5612823056640625 0.10580014666666666 0.5543225200195312 0.100454246 0.5360528149414062 0.10758235733333334 0.5325729223632812 0.11678916533333333 0.5394568364257812 0.11935505133333334 0.5543225200195312 0.11589824333333333
1 0.669159517578125 0.01418265 0.669812064453125 0.006757686666666667 0.663722251953125 0.0025999266666666665 0.6585024130859375 0.0052726940000000005 0.6598072387695313 0.014776720666666666 0.666164611328125 0.018248902 0.669159517578125 0.01418265
1 0.6852281127929688 0 0.6887340483398438 0.012994875333333333 0.6906916889648438 0.017746706 0.7096136728515625 0.014479868000000002 0.7064212041015625 0 0.6852281127929688 0
1 0.7036903486328125 0.46543997066666665 0.7090935659179688 0.46674194733333335 0.7019420913085938 0.4517679353333333 0.689546380859375 0.45155087866666666 0.6914533510742188 0.4571932653333333 0.6873214477539062 0.45675915066666667 0.6928836459960938 0.47173316266666665 0.7072391420898437 0.4731537333333333 0.7036903486328125 0.46543997066666665
1 0.6784219838867187 0.41617752533333335 0.6442538872070313 0.4001185946666667 0.6351951743164063 0.42073499266666664 0.6724890078125 0.43655380666666666 0.6784219838867187 0.41617752533333335
1 0.675243431640625 0.444571742 0.6701579086914062 0.43849560733333337 0.6531533510742188 0.42851281133333335 0.6436179624023437 0.4280786966666667 0.6350364609375 0.42786164 0.6256600537109375 0.43524011733333334 0.660940482421875 0.45520571000000004 0.6732335122070312 0.4558704246666667 0.675243431640625 0.444571742
1 0.6337648793945313 0.5544846266666666 0.63551313671875 0.5418978773333333 0.6180319033203125 0.5379915813333334 0.6168890078125 0.5497423133333333 0.6337648793945313 0.5544846266666666
1 0.6698402143554687 0.590361274 0.6533123325195312 0.5775574673333334 0.6447305629882812 0.5871061493333334 0.662312064453125 0.598542094 0.6698402143554687 0.590361274
1 0.6881160859375 0.32275768666666665 0.66809195703125 0.3197196193333333 0.6491804287109375 0.37375622266666664 0.6692621982421875 0.37690958999999996 0.6881160859375 0.32275768666666665
1 0.7273694370117187 0.3116211566666667 0.7326139409179687 0.310318814 0.7300713134765625 0.30294033666666664 0.7260981235351562 0.30315739399999997 0.7222841821289062 0.3042426793333333 0.7213305629882812 0.3068466326666667 0.7226284184570313 0.3115043926666667 0.7273694370117187 0.3116211566666667
1 0.7089348525390625 0.5698927526666666 0.7214895444335937 0.5659864566666667 0.7175163540039062 0.5568718886666666 0.7113184985351563 0.5466724013333333 0.7030546918945313 0.5295281846666666 0.695267560546875 0.5173751833333333 0.686685791015625 0.509996706 0.663801072265625 0.519111274 0.669998927734375 0.5321321373333333 0.6773093833007813 0.5481914346666666 0.6854144770507813 0.5607781846666666 0.6953246650390625 0.5727866033333333 0.7089348525390625 0.5698927526666666
1 0.7836276137695313 0.567071742 0.78060804296875 0.56034407 0.7750458447265625 0.5540508786666667 0.7688479892578125 0.5510124453333334 0.7670997319335937 0.5616460466666666 0.7721852548828125 0.5664205713333333 0.7759994638671875 0.5722800146666667 0.7809587133789062 0.5758367493333334 0.7836276137695313 0.567071742
1 0.5804855229492187 0.6030523426666667 0.5757702412109375 0.5924923133333333 0.5676597856445312 0.5809022693333333 0.5610584448242187 0.5770387993333334 0.55596568359375 0.583477672 0.5584176943359375 0.5986738653333333 0.5674713134765625 0.6120669839999999 0.5801619301757812 0.6132126646666667 0.5804855229492187 0.6030523426666667
1 0.5669053618164063 0.5066423866666666 0.5676597856445312 0.500203514 0.56294450390625 0.4973704246666667 0.5572860590820312 0.501748902 0.5563431635742188 0.5084454613333333 0.5621916889648437 0.511454612 0.5669053618164063 0.5066423866666666
1 0.553325201171875 0.5548063686666667 0.5572860590820312 0.545791728 0.5508731904296875 0.541155564 0.5376702412109375 0.5406405566666667 0.5278621982421875 0.5468221086666667 0.519940482421875 0.5581548313333333 0.526919302734375 0.5643363833333334 0.5391790883789063 0.565366398 0.5501134047851562 0.5597192533333334 0.553325201171875 0.5548063686666667
1 0.5714321713867188 0.5573821373333333 0.563698927734375 0.541155564 0.5544568364257813 0.545019034 0.5610134047851563 0.5621325033333333 0.5714321713867188 0.5573821373333333
1 0.5157911528320313 0.7440614933333333 0.4995702412109375 0.7252595166666667 0.4946662197265625 0.7425161053333333 0.5100490615234375 0.7592130306666667 0.5157911528320313 0.7440614933333333
1 0.5501187666015624 0.7314407026666666 0.546346380859375 0.7208810393333334 0.5399335122070312 0.7229414346666667 0.543632439453125 0.7334721813333334 0.5501187666015624 0.7314407026666666
1 0.5591721181640625 0.7747521960000001 0.5538911528320313 0.763161786 0.5395563002929687 0.7510563686666666 0.530314208984375 0.7629044653333333 0.5389906166992188 0.7760398973333335 0.5501134047851562 0.7869652266666667 0.5591721181640625 0.7747521960000001
1 0.5657737265625 0.7850545386666666 0.5669053618164063 0.7639344800000001 0.5701117963867187 0.7471932653333333 0.5531364609375 0.7433297953333334 0.5514391420898438 0.7590409953333332 0.5518809653320312 0.7837478039999999 0.5657737265625 0.7850545386666666
1 0.6257530830078125 0.747708272 0.6265075068359375 0.7361178626666667 0.6165109921875 0.7356028553333334 0.61521823046875 0.747951318 0.6257530830078125 0.747708272
1 0.6144361928710937 0.7214370426666666 0.613493029296875 0.711907394 0.5993469169921875 0.711907394 0.6001941020507813 0.7206013906666667 0.6144361928710937 0.7214370426666666
1 0.6148134047851562 0.9725065886666666 0.6117954423828125 0.958340776 0.60670294921875 0.9555076866666666 0.5974608579101562 0.9542196193333332 0.5884075068359375 0.9549923133333333 0.58595549609375 0.9676127379999999 0.5919911528320313 0.968385432 0.5948914208984375 0.9780128113333334 0.6148134047851562 0.9725065886666666
1 0.14908418212890626 0.4455142753333334 0.1679672919921875 0.42733711533333335 0.19056541552734374 0.409159956 0.211925201171875 0.38844655933333333 0.211925201171875 0.37365153733333334 0.206662734375 0.35505161066666663 0.19118471826171876 0.3334926793333333 0.16610991943359374 0.3537833086666667 0.123080697265625 0.388024158 0.10295924951171875 0.40662371866666663 0.1134844501953125 0.42987335266666665 0.1274147451171875 0.447204978 0.13595067041015624 0.4602569546666667 0.14908418212890626 0.4455142753333334
1 0.21006782861328124 0.41761456799999996 0.2063530830078125 0.396478404 0.18499329736328124 0.4045102486666666 0.1896187666015625 0.427911054 0.21006782861328124 0.41761456799999996
1 0.1791115283203125 0.3621032213333334 0.19520884716796874 0.36717606133333336 0.21718766748046875 0.34815336733333335 0.203257640625 0.3325128113333333 0.1936611259765625 0.317294656 0.19892359228515624 0.30207686666666667 0.1983045576171875 0.287704246 0.18034986572265624 0.28051793533333336 0.16827694384765626 0.29066325066666665 0.165490884765625 0.31222218133333335 0.16765790869140626 0.32997657399999997 0.173179892578125 0.3467163253333333 0.1791115283203125 0.3621032213333334
1 0.3407549599609375 0.070908858 0.33436246630859373 0.061856515333333334 0.3383873994140625 0.046338214 0.3341257373046875 0.04116544666666667 0.32110428955078124 0.054743777333333334 0.320867560546875 0.07252525600000001 0.33133056298828123 0.08540409933333333 0.3407549599609375 0.070908858
1 0.106657640625 0.09775658866666667 0.1161278818359375 0.10098975133333332 0.11873217138671875 0.09096742333333332 0.1099721181640625 0.08708784800000001 0.096240482421875 0.08191508066666667 0.08937453076171875 0.09614019066666667 0.10465576416015625 0.102064422 0.106657640625 0.09775658866666667
1 0.11802198388671875 0.15950658866666667 0.12820214453125 0.14592789133333334 0.12938605908203124 0.13493594466666667 0.13317399462890625 0.12200402666666668 0.10713109912109375 0.123297218 0.102869705078125 0.13299597333333332 0.09529356591796875 0.15110065866666667 0.09363619287109375 0.162092972 0.0995549599609375 0.163386164 0.11328686328125 0.161769766 0.11873217138671875 0.15982979533333333 0.11802198388671875 0.15950658866666667
1 0.06473699755859375 0.03198426066666667 0.06304530810546875 0.020853587333333333 0.05274128662109375 0.027154099333333334 0.05383914208984375 0.04091544666666667 0.06473699755859375 0.03198426066666667
1 0 0.661582674 0.00531849853515625 0.6627035139999999 0.011525201171875 0.6545969986666667 0.018138337890625 0.6401065153333333 0.00168257373046875 0.6312862373333333 0 0.6324503573333333 0 0.661582674
1 0.0275195712890625 0.6165523426666667 0.0193686328125 0.603951684 0.01075630029296875 0.6001716693333333 0.00844959765625 0.6148722546666667 0.01290938330078125 0.625162518 0.02501501318359375 0.627613104 0.0275195712890625 0.6165523426666667
1 0 0.5679381406666666 0.0073155498046875 0.5692152266666667 0.01684450390625 0.545365666 0.00236568359375 0.5397587846666667 0 0.5456058533333333 0 0.5679381406666666
1 0.06276648779296876 0.5766460466666666 0.050664611328125 0.5610058566666667 0.03683404833984375 0.56425183 0.04815630029296875 0.5798140553333333 0.06276648779296876 0.5766460466666666
1 0.114306970703125 0.5643993413333334 0.117548525390625 0.563071376 0.11679195703125 0.5540710099999999 0.1047983916015625 0.5559890193333333 0.10621045556640625 0.5643766473333334 0.114306970703125 0.5643993413333334
1 0.21315924951171875 0.5604161786666667 0.2094147451171875 0.5559418006666667 0.20020938330078125 0.5486980233333334 0.1911600537109375 0.5504022693333332 0.18195469189453126 0.55572877 0.18569919580078126 0.56084224 0.19225227880859375 0.5636120059999999 0.20052439697265625 0.565001098 0.21315924951171875 0.5604161786666667
1 0.22589785546875 0.5715596633333334 0.22417560302734374 0.5647661053333334 0.221114208984375 0.5621530013333333 0.2161388740234375 0.5697306 0.22194075048828124 0.5819857246666666 0.22589785546875 0.5715596633333334
1 0.141472654296875 0.5512218153333334 0.14393619287109374 0.542592606 0.1426509384765625 0.5365962666666667 0.1365458447265625 0.5399601026666667 0.13429678271484374 0.5469806 0.13729571044921876 0.5532694 0.141472654296875 0.5512218153333334
1 0.3035651474609375 0.09823865333333333 0.2985761396484375 0.08951024866666668 0.2921844501953125 0.08823279666666667 0.2856364609375 0.09227781866666666 0.28797506689453123 0.09696120066666666 0.29202841845703126 0.10249633999999999 0.2960238603515625 0.10293045399999999 0.3035651474609375 0.09823865333333333
1 0.3622115283203125 0.21358235733333333 0.3600793564453125 0.20703111266666668 0.357414208984375 0.20011603200000003 0.351417158203125 0.199206076 0.3411560322265625 0.20084406999999999 0.334093029296875 0.20539348466666668 0.338090884765625 0.21030673466666666 0.3416890078125 0.21649414333333333 0.3487914208984375 0.21841398266666667 0.3622115283203125 0.21358235733333333
1 0.35314959765625 0.19229099533333333 0.35408257373046875 0.18846961933333334 0.35274986572265626 0.18537591533333334 0.3450206435546875 0.18628587133333332 0.3402230561523438 0.18937920933333333 0.33955683642578127 0.196658492 0.34528713134765626 0.19756844799999998 0.35314959765625 0.19229099533333333
1 0.3141032172851563 0.33271193266666665 0.31423672900390626 0.321793192 0.30197640771484374 0.321793192 0.30237587109375 0.33236822866666665 0.3141032172851563 0.33271193266666665
1 0.26772761376953125 0.44240776 0.2265490615234375 0.446411054 0.229480697265625 0.4755274526666667 0.270322251953125 0.47275073199999995 0.26772761376953125 0.44240776
1 0.35718820361328124 0.658157394 0.34399490625 0.659249268 0.35172439697265623 0.68399817 0.3660672919921875 0.6833246706666667 0.35718820361328124 0.658157394
1 0.38170884716796877 0.8074952413333334 0.3898378017578125 0.8003982433333334 0.39703404833984374 0.7922090046666667 0.39330268115234374 0.7849300880000001 0.38050938330078127 0.783656296 0.3778439677734375 0.7761950953333333 0.3686487934570313 0.7649125179999999 0.3550560322265625 0.757815154 0.3451943701171875 0.76072694 0.33986380712890624 0.764366398 0.34266246630859376 0.7763770133333334 0.34999195703125 0.7900252560000001 0.3605198393554688 0.8022177893333332 0.3750174262695313 0.8134773060000001 0.38170884716796877 0.8074952413333334
1 0.7118469169921875 0.9409923133333333 0.6820351206054688 0.9253114933333333 0.6755206435546875 0.944158492 0.6886600537109375 0.9516972913333334 0.7051115283203125 0.9587836746666667 0.7118469169921875 0.9409923133333333
1 0.7317211796875 0.9580296486666666 0.7294026811523437 0.9512448753333334 0.7189134047851562 0.945364568 0.7121780161132812 0.950340044 0.7065469169921875 0.9563711566666666 0.7136134047851562 0.9602913613333334 0.7228882036132812 0.9649652266666667 0.72918176953125 0.967679356 0.7339844501953126 0.9682997806666667 0.7317211796875 0.9580296486666666
1 0.6572477211914063 0.938615666 0.6480729223632813 0.9288371153333332 0.6394203754882812 0.9410600293333333 0.6484458447265625 0.9501255493333333 0.6572477211914063 0.938615666
1 0.6723152817382813 0.9692053439999999 0.6505345844726562 0.9679831626666667 0.6497139409179687 0.981428624 0.67037587109375 0.9856046853333333 0.6723152817382813 0.9692053439999999
1 0.6668860590820312 0.856796486 0.6587211796875 0.8562097366666667 0.6585493295898438 0.8738140553333332 0.6664083110351563 0.874362738 0.6668860590820312 0.856796486
1 0.6156150131835938 0.8497847733333334 0.6085981235351563 0.8232639093333334 0.5874225200195312 0.8316478773333333 0.59449705078125 0.8606489753333334 0.6156150131835938 0.8497847733333334
1 0.321890884765625 0.024029282666666665 0.3092965146484375 0.012563689333333334 0.30313914208984377 0.021736456666666668 0.31391528173828126 0.030474378 0.321890884765625 0.024029282666666665
1 0.3776587133789063 0.3781010246666666 0.3748034853515625 0.37259663266666665 0.36355040234375 0.37190849200000003 0.35884772119140623 0.37420205 0.3511217158203125 0.39071559266666667 0.3633825737304687 0.39369692533333334 0.37125549609375 0.39290483133333337 0.3776587133789063 0.3781010246666666
1 0.3378530830078125 0.41846705733333334 0.332646380859375 0.407458272 0.31652252001953124 0.404935212 0.3069490615234375 0.4134213033333333 0.3178662197265625 0.424430088 0.33138176953125 0.426571376 0.3378530830078125 0.41846705733333334
1 0.34221983935546874 0.7447423133333333 0.341212064453125 0.738091142 0.34893806982421877 0.7206603220000001 0.34289168896484373 0.7073576133333332 0.3438994638671875 0.6997891653333332 0.3007345844726563 0.692908492 0.28545067041015626 0.7101098093333333 0.30409973193359374 0.7410314786666666 0.34221983935546874 0.7447423133333333
1 0.38504879345703125 0.72822877 0.35414477197265626 0.7202013180000001 0.346082841796875 0.7351094433333333 0.3721160859375 0.7422192533333334 0.3778268095703125 0.7422192533333334 0.38504879345703125 0.72822877
1 0.2663034853515625 0.7500172033333333 0.2711742626953125 0.7360267206666667 0.28091581787109376 0.732815886 0.2857863271484375 0.7192840406666666 0.2802439677734375 0.7140087846666667 0.27923619287109375 0.7066698386666667 0.2629442358398438 0.698183748 0.233887935546875 0.7415311126666667 0.2286812333984375 0.7573565153333334 0.2384227880859375 0.7660721086666668 0.24362922265625 0.761026354 0.2555541552734375 0.7562097366666667 0.2617686328125 0.760338214 0.2663034853515625 0.7500172033333333
1 0.2184313671875 0.8062005853333334 0.22603351220703125 0.7955095166666667 0.2024327080078125 0.781409956 0.19426300244140626 0.7936504393333333 0.2175024130859375 0.8073770133333334 0.2184313671875 0.8062005853333334
1 0.2126589814453125 0.7793997073333333 0.21402037548828126 0.7620461199999999 0.20290080419921874 0.7618909226666666 0.203856568359375 0.7802778186666666 0.2126589814453125 0.7793997073333333
1 0.14106327099609375 0.7266295753333334 0.145942359375 0.7244601026666666 0.14980026806640626 0.717797584 0.15842359228515626 0.71624817 0.16647962451171874 0.713769034 0.17079115283203125 0.7015285506666668 0.15910428955078126 0.6878938506666666 0.139474798828125 0.6846401906666667 0.1258589814453125 0.6900629573333333 0.11621447705078125 0.6936266473333333 0.11371823046875 0.7050922399999999 0.10486782861328126 0.706021962 0.0964713134765625 0.715318448 0.1015772119140625 0.724770132 0.11088150146484375 0.728798682 0.11757587109375 0.7300380673333334 0.127787935546875 0.7301928986666667 0.1363364609375 0.72922511 0.14106327099609375 0.7266295753333334
1 0.12211447705078125 0.7772144946666667 0.1125833779296875 0.7810882140000001 0.11995871337890625 0.7951877746666667 0.12020938330078125 0.794795388 0.12835522802734375 0.7906947293333333 0.12211447705078125 0.7772144946666667
1 0.17708203759765626 0.948293192 0.17592252001953124 0.944136164 0.16751501318359374 0.9423546853333334 0.16287640771484374 0.9480951686666668 0.16708016064453124 0.950866398 0.1720085791015625 0.9524498533333333 0.1767096513671875 0.9531716693333333 0.17708203759765626 0.948293192
1 0.19851662548828125 1 0.2005651474609375 0.9886017566666666 0.159832439453125 0.9765270866666667 0.15511369873046876 1 0.19851662548828125 1
1 0.5327378017578125 0.19159480266666667 0.5278067026367188 0.18746778933333333 0.5136501342773437 0.18551281133333336 0.502674798828125 0.198110908 0.517467560546875 0.20375841866666666 0.5245678286132812 0.20368265 0.5327378017578125 0.19159480266666667
1 0.4742426274414063 0.19940702800000001 0.48182546923828123 0.19208711533333334 0.4815640751953125 0.17227049800000002 0.46849008056640623 0.17655527066666665 0.46299919580078125 0.181911054 0.46240294921875 0.20380197666666666 0.4742426274414063 0.19940702800000001
1 0.47005924951171874 0.4435955346666666 0.439156568359375 0.4377346266666667 0.43645871337890624 0.4593363833333334 0.46727104541015624 0.464769766 0.47005924951171874 0.4435955346666666
1 0.4014651474609375 0.46108089333333335 0.40204664892578124 0.45075805266666663 0.4005927612304688 0.436067716 0.39400268115234377 0.424950952 0.3834386059570313 0.418201318 0.3743286865234375 0.4167456073333334 0.3759761396484375 0.43778843333333334 0.37888364599609375 0.44625841866666666 0.38537694384765625 0.4589633966666667 0.3926458447265625 0.4634630306666666 0.4013680966796875 0.46637445066666666 0.4014651474609375 0.46108089333333335
1 0.4366458447265625 0.35527489 0.4321876674804688 0.35196632533333333 0.4270509384765625 0.3526281113333334 0.42646943701171874 0.359907028 0.4308308310546875 0.362818814 0.43829329736328126 0.3638773793333333 0.4366458447265625 0.35527489
1 0.18989785546875 0.5475973646666666 0.18873351220703125 0.530428624 0.1805844501953125 0.5305874819999999 0.182679892578125 0.5479150806666666 0.18989785546875 0.5475973646666666
1 0.25055013427734374 0.5795501466666666 0.23902493310546874 0.5776427526666666 0.23774423583984375 0.5960830893333333 0.24889490625 0.5984945093333334 0.25055013427734374 0.5795501466666666
1 0.07640831103515625 0.402541728 0.069625201171875 0.372316252 0.0585581767578125 0.37719143466666666 0.0648378017578125 0.40710358733333335 0.07640831103515625 0.402541728
1 0.02482144775390625 0.27169655933333337 0.01964477197265625 0.267065154 0.0094702412109375 0.2651153 0.00357962451171875 0.26730893133333333 0.00590026806640625 0.2773027086666667 0.01339731884765625 0.2809590046666667 0.02441233251953125 0.2784469253333333 0.02482144775390625 0.27169655933333337
1 0 0.123499528 0.00125924951171875 0.12337884333333334 0.006614208984375 0.11947877 0.013754423828125 0.11265373333333334 0.0203589814453125 0.09875988266666667 0.01054128662109375 0.09193484599999999 0 0.09544559666666667 0 0.123499528
1 0.010362734375 0.09092093733333333 0.01500375341796875 0.08580197666666667 0.01768150146484375 0.07678330866666667 0.00643565673828125 0.07678330866666667 0.0037581767578125 0.089458272 0.010362734375 0.09092093733333333
1 0.1812910068359375 0 0.18071340478515624 0.013145314666666666 0.19032654150390624 0.016376647333333334 0.1924967802734375 0 0.1812910068359375 0
1 0.24160482568359376 0.12657759866666668 0.2471571044921875 0.12307833066666665 0.2317812333984375 0.10791398266666666 0.215337265625 0.10062335266666665 0.20530026806640625 0.10004026333333334 0.19761233251953125 0.10995534400000001 0.18778873974609375 0.10674743800000001 0.17753806982421874 0.111704978 0.1709176943359375 0.12336969266666667 0.161948525390625 0.13649267933333334 0.22966541552734376 0.17258125933333335 0.253990884765625 0.13970058533333335 0.24160482568359376 0.12657759866666668
1 0.26100268115234376 0.27485065866666664 0.24951983935546876 0.25745205 0.241340482421875 0.25337115666666665 0.23945281494140624 0.26969582733333336 0.24700321728515626 0.286020132 0.25801394091796875 0.2920344073333333 0.26100268115234376 0.27485065866666664
1 0.42114932958984375 0.414727672 0.4051731904296875 0.4120314786666667 0.40822493310546876 0.430661054 0.42489115283203127 0.43426647133333335 0.42114932958984375 0.414727672
1 0.45453753369140626 0.4036972913333333 0.46225630029296877 0.39560797933333336 0.4624359248046875 0.3867836746666667 0.45669168896484374 0.37893960466666665 0.4495115283203125 0.38384224 0.4419721181640625 0.40002013200000003 0.43586890087890623 0.41129612 0.4448442358398437 0.41448279666666665 0.44900268115234376 0.41397877 0.45453753369140626 0.4036972913333333
1 0.5029321713867188 0.47834516866666665 0.5074723862304688 0.46852855066666665 0.5011664877929688 0.46628953133333334 0.49359919580078127 0.467839678 0.49120294921875 0.47162847733333335 0.4883024130859375 0.47748389466666663 0.49599571044921875 0.48023975133333335 0.5029321713867188 0.47834516866666665
1 0.4125099194335938 0.4848114933333333 0.419320107421875 0.4811950953333333 0.42486943701171875 0.4755117133333333 0.42739195703125 0.4672448753333333 0.4173024130859375 0.46397291333333335 0.40595174267578127 0.4662115666666667 0.398006166015625 0.46827818466666665 0.39170026806640623 0.4815395313333333 0.40544718505859373 0.487566984 0.4125099194335938 0.4848114933333333
1 0.3663150131835938 0.565771962 0.359704021484375 0.5645567346666667 0.3563983916015625 0.5671610539999999 0.3562713134765625 0.5746259153333333 0.35766997314453125 0.5749732793333333 0.36339865966796875 0.574181186 0.3663150131835938 0.565771962
1 0.3710187666015625 0.6043125913333334 0.38017238623046873 0.6030973646666666 0.38322359228515623 0.6001460466666667 0.39072439697265626 0.5923338213333333 0.38932600537109374 0.5833063686666666 0.38157077734375 0.577751098 0.3665691689453125 0.58313287 0.35296595166015626 0.5892090046666666 0.36459008056640624 0.604273426 0.3710187666015625 0.6043125913333334
1 0.1742166220703125 0.7517598826666667 0.17025683642578124 0.7424476573333333 0.14539919580078126 0.7373411420000001 0.14693914208984374 0.7556650806666666 0.15133860595703125 0.7598704246666667 0.1754206435546875 0.7643660320000001 0.1742166220703125 0.7517598826666667
1 0.045577748046875 0.9541160320000001 0.0461651474609375 0.9475406293333334 0.04675227880859375 0.9383986093333333 0.04322895458984375 0.9318232066666666 0.031014208984375 0.9334267933333333 0.01973914208984375 0.9408045386666666 0.011752546875 0.947700952 0.016333244140625 0.96806918 0.0239672919921875 0.9656636166666667 0.035969705078125 0.9606464126666666 0.045577748046875 0.9541160320000001
1 0.07905067041015625 0.950908492 0.08104718505859375 0.9457763539999999 0.07834611279296876 0.9388799413333333 0.0663662197265625 0.933908126 0.058027345703125 0.9377573206666666 0.0529772119140625 0.9444934113333334 0.06862198388671875 0.957139824 0.07905067041015625 0.950908492
1 0.0676581767578125 0.9186207906666667 0.08339624658203125 0.9165358713333334 0.084101072265625 0.9107620793333334 0.06237292236328125 0.9102811126666667 0.0633126005859375 0.917337848 0.0676581767578125 0.9186207906666667
1 0 0.8781929226666666 0.00447077734375 0.8803733526666666 0.01689195703125 0.8827562226666668 0.02338016064453125 0.8770054906666666 0.03136648779296875 0.8713920206666667 0.0354772119140625 0.8673825033333332 0.034772654296875 0.8643352853333334 0.02572895458984375 0.856797218 0.0209136728515625 0.8548726206666667 0.009990884765625 0.8566368959999999 0.004001072265625 0.8600047586666666 0 0.8647853693333333 0 0.8781929226666666
1 0.14970482568359375 0.8155797953333334 0.13858766748046875 0.8155797953333334 0.13747587109375 0.836183016 0.14813512060546874 0.8368986093333333 0.14970482568359375 0.8155797953333334
1 0.37936193017578124 0.6970494146666667 0.37936193017578124 0.689775256 0.3716847182617187 0.6857104686666666 0.3674546918945312 0.6889194726666666 0.36698471826171875 0.6949099559999999 0.37074477197265626 0.6970494146666667 0.3754450400390625 0.69897511 0.37936193017578124 0.6970494146666667
1 0.3853155498046875 0.6882778186666666 0.390642359375 0.6867800146666667 0.38672546923828127 0.6683806733333333 0.3770117963867187 0.6703063686666667 0.38030187646484376 0.687635798 0.3853155498046875 0.6882778186666666
1 0.3799884716796875 0.671590044 0.3826520107421875 0.6666691066666667 0.3771683647460938 0.6578975106666667 0.37873512060546877 0.6549022693333333 0.37591501318359377 0.6454886533333334 0.3668278818359375 0.6341493413333333 0.36181447705078124 0.650409224 0.36385120654296876 0.6589670573333334 0.3693348525390625 0.6658133233333333 0.3767611259765625 0.6753524893333334 0.3799884716796875 0.671590044
1 0.4794461127929687 0.018509516666666666 0.480154423828125 0.006710834666666667 0.469106166015625 0.004969985333333333 0.4685217158203125 0.017475476 0.4794461127929687 0.018509516666666666
1 0.49382949072265625 0.9742565886666666 0.46644450390625 0.9584359446666667 0.458547453125 0.9812108346666667 0.48427667578125 0.9975530746666667 0.49382949072265625 0.9742565886666666
1 0.2978016083984375 0.980456442 0.29645549609375 0.9751284773333333 0.290667560546875 0.9721888726666666 0.285014208984375 0.976046852 0.29093672900390627 0.9837379206666667 0.2978016083984375 0.980456442
1 0.23754932958984376 0.84672694 0.22258873974609375 0.8305314786666667 0.2167418232421875 0.8361647146666666 0.23239061669921876 0.853299048 0.23754932958984376 0.84672694
1 0.8306461127929687 0.33634223999999996 0.8273209116210938 0.32081478799999996 0.8070187666015625 0.3279813326666667 0.8105190346679687 0.3422547586666667 0.8306461127929687 0.33634223999999996
1 0.9779662197265625 0.343045754 0.9891991958007812 0.3405168373333333 0.9961471850585938 0.332613836 0.9857249331054687 0.3240783306666667 0.9793560322265625 0.32265593000000004 0.9627962465820312 0.3300845533333333 0.9662702412109375 0.33324597333333333 0.9593219838867187 0.3384619326666667 0.9695126005859375 0.34431039533333335 0.9800506704101563 0.34443081999999997 0.9779662197265625 0.343045754
1 0.9970884716796875 0.26491508066666664 0.9832619301757812 0.2598986093333333 0.9802865952148437 0.2673038066666667 0.99245040234375 0.27271961933333333 0.9970884716796875 0.26491508066666664
1 0.8839729223632813 0.3814677893333333 0.8945705092773437 0.3774901173333334 0.9033136728515625 0.3684494873333333 0.8868871313476563 0.35072950199999997 0.8709906166992187 0.351452782 0.8572136728515625 0.3579622986666667 0.876554423828125 0.38387188866666666 0.8839729223632813 0.3814677893333333
1 1 0.04266734933333333 0.978706166015625 0.036808565333333335 0.9617128686523437 0.04383308933333333 0.952390884765625 0.052978404 0.953167560546875 0.06477489 0.9738994638671875 0.070953148 0.9773466489257813 0.06822071733333333 0.990164611328125 0.064112006 1 0.05752870866666667 1 0.04266734933333333
1 1 0.05170006133333334 0.980162734375 0.05655710133333333 0.9854064340820312 0.08865190333333334 1 0.08539770733333334 1 0.05170006133333334
1 0.9201034853515625 0.080405564 0.918938337890625 0.047270498 0.8836892763671875 0.06807942866666666 0.8911664877929687 0.09760102466666666 0.9201034853515625 0.080405564
1 0.9213659516601562 0.10426317733333333 0.8867967827148437 0.08756295733333333 0.8796109921875 0.11446852133333334 0.91184959765625 0.128385432 0.9213659516601562 0.10426317733333333
1 0.9293284184570313 0.09312957533333334 0.9274833779296875 0.08570754 0.9223369975585938 0.07987554933333332 0.9194238603515625 0.099889092 0.9283088471679688 0.10873755466666667 0.9293284184570313 0.09312957533333334
1 0.4516048256835937 0.016337482 0.4486206435546875 0.008191068666666666 0.43867345849609374 0.016337482 0.4434662197265625 0.025718155333333333 0.4516048256835937 0.016337482
1 0.44613769140625 0 0.4514238603515625 0.013153733333333332 0.45775388720703125 0.00720388 0.45472960498046877 0 0.44613769140625 0
1 0.23941447705078125 0.08147254733333334 0.2412713134765625 0.07565775999999999 0.24105281494140626 0.06566874066666667 0.23624664892578126 0.06059956066666667 0.2308943701171875 0.06522144933333333 0.23318820361328124 0.08309443600000001 0.23941447705078125 0.08147254733333334
1 0.6605557641601563 0.4735065886666666 0.6639823056640625 0.4684952413333333 0.6632482573242188 0.4608111273333333 0.6590871313476563 0.45696888733333335 0.6544364609375 0.46415190333333334 0.6548037534179687 0.4706665446666667 0.6587198393554687 0.4751251833333333 0.6605557641601563 0.4735065886666666
1 0.6621466489257812 0.5436789900000001 0.665940482421875 0.5415076866666667 0.6661852548828125 0.5309835286666666 0.6601884716796875 0.529814422 0.6596378017578125 0.5455541726666667 0.6621466489257812 0.5436789900000001
1 0.6641048256835937 0.680704246 0.6675316352539062 0.6599904833333333 0.6565168901367188 0.6559813326666667 0.6522946381835938 0.677639458 0.6641048256835937 0.680704246
1 0.11758552294921874 0.83970205 0.1150399462890625 0.8219816986666666 0.10231179638671875 0.8209392386666666 0.08945630029296875 0.8266724013333334 0.09060187646484374 0.8334480233333333 0.09620214453125 0.83970205 0.0995115283203125 0.845956442 0.11758552294921874 0.83970205