1 0.6668969624023438 0.423610464 0.6643643833007813 0.412549536 0.6595524829101562 0.3800580593333333 0.6565133881835937 0.3793667513333333 0.642584203125 0.3855885233333333 0.6397983662109376 0.38869940933333336 0.6392918505859375 0.39595814333333335 0.6430907192382812 0.40943864999999996 0.6461298139648437 0.429486582 0.647649361328125 0.4350170466666667 0.65322103515625 0.431560506 0.657273162109375 0.431560506 0.66309809375 0.429486582 0.6658839306640625 0.42741265799999995 0.6668969624023438 0.424301772 0.6668969624023438 0.423610464
1 0.6962748798828124 0.35724489466666665 0.6960216220703125 0.34618396599999995 0.6950085903320312 0.343418734 0.6871575952148438 0.340653502 0.6800663740234375 0.340653502 0.678546826171875 0.342727426 0.6750012158203125 0.3579362026666667 0.6747479575195312 0.3731449786666667 0.6755077314453125 0.3804037133333333 0.677533794921875 0.3855885233333333 0.6772805366210938 0.4028712233333333 0.6803196318359375 0.41012995799999996 0.6828522109375 0.412203882 0.6866510795898437 0.40771038 0.688170626953125 0.3969951053333333 0.688170626953125 0.3907733333333333 0.6922227534179688 0.3848972153333333 0.6952618486328125 0.3748732486666667 0.6965281381835937 0.3575905486666666 0.6962748798828124 0.35724489466666665
1 0.683611984375 0.4564475946666666 0.6828522109375 0.4512627846666667 0.6800663740234375 0.4422757806666667 0.6744946997070312 0.4322518146666666 0.6709490888671875 0.4332887766666667 0.6656306728515625 0.44020185666666667 0.6656306728515625 0.44988016866666664 0.6668969624023438 0.4561019406666667 0.6689230258789063 0.46266936733333336 0.6744946997070312 0.4733846413333333 0.677533794921875 0.4730389873333333 0.6820924370117187 0.46819983133333337 0.683611984375 0.46370632933333333 0.683611984375 0.4582622786666667 0.683611984375 0.4564475946666666
1 0.475180724609375 0.9493502106666667 0.4726481455078125 0.9414001686666668 0.47087534033203127 0.9393262446666666 0.46049176611328124 0.9303392406666667 0.45238751318359377 0.92169789 0.44909516015625 0.921352236 0.44301697021484376 0.9493502106666667 0.43972461767578125 0.9721633753333334 0.44276371240234375 0.9770025313333334 0.44833538623046876 0.9818416879999999 0.4597319921875 0.994630886 0.463784119140625 0.9960135019999999 0.46530366650390625 0.9935939239999999 0.4665699560546875 0.9884091140000001 0.47062208251953125 0.9645589873333333 0.474420951171875 0.9548806753333333 0.475180724609375 0.9503871726666666 0.475180724609375 0.9493502106666667
1 0.4767002724609375 0.920660928 0.47366117724609375 0.9096000000000001 0.4726481455078125 0.90268692 0.47138185595703125 0.900612996 0.46960905078125 0.899576034 0.46353086083984374 0.9023412660000001 0.4615047978515625 0.90441519 0.46353086083984374 0.921352236 0.4668232138671875 0.9313762026666667 0.46960905078125 0.9317218566666667 0.4721416298828125 0.9293022786666667 0.4756872407226562 0.9282653166666667 0.4764470141601562 0.9272283546666666 0.4767002724609375 0.922389198 0.4767002724609375 0.920660928
1 0.6960216220703125 0.833556118 0.6922227534179688 0.830790886 0.6709490888671875 0.831482194 0.6691762836914062 0.834938734 0.6656306728515625 0.8504931646666667 0.6648708994140625 0.8546410126666666 0.6653774150390624 0.8577518986666667 0.667909994140625 0.8591345146666666 0.6851315322265625 0.8601714766666667 0.6896901743164062 0.8591345146666666 0.6917162377929688 0.8553323206666668 0.6960216220703125 0.83459308 0.6960216220703125 0.833556118
1 0.7398352407226563 0.9718177213333333 0.7370494033203125 0.9687068353333333 0.7324907612304687 0.9676698733333333 0.7248930239257813 0.9700894513333332 0.719068091796875 0.9752742613333333 0.7172952866210938 0.9776938393333333 0.71400293359375 0.98806346 0.71400293359375 0.993939578 0.7152692231445312 0.9973961179999999 0.7180550600585938 0.9994700420000001 0.7233734765625 0.999124388 0.7276788608398438 0.997741772 0.7312244716796875 0.9949765399999999 0.7378091772460937 0.983224304 0.7398352407226563 0.9721633753333334 0.7398352407226563 0.9718177213333333
1 0.30271208837890623 0.8221495360000001 0.2989132197265625 0.8131625313333334 0.2966338984375 0.8110886073333333 0.28802312939453123 0.8110886073333333 0.28270471337890624 0.8124712233333333 0.280931908203125 0.816619072 0.28295797119140625 0.833901772 0.28574380859375 0.8390865820000001 0.30068602490234375 0.8377039660000001 0.301952314453125 0.833901772 0.301699056640625 0.826643038 0.30271208837890623 0.8224951899999999 0.30271208837890623 0.8221495360000001
1 0.20090240869140624 0.417388692 0.199636119140625 0.411858228 0.19634376611328125 0.411858228 0.1917851240234375 0.41531476800000006 0.17608313330078126 0.412203882 0.1745635859375 0.41808 0.17481684375 0.422573502 0.17886897021484374 0.4391648946666667 0.1821613232421875 0.4436583966666667 0.18469390234375 0.4453866666666667 0.19659702392578124 0.44918886066666663 0.199636119140625 0.44849755266666663 0.199889376953125 0.4446953586666667 0.19811657177734374 0.4357083546666667 0.19811657177734374 0.429486582 0.20090240869140624 0.418771308 0.20090240869140624 0.417388692
1 0.2761200078125 0.44849755266666663 0.27460046044921876 0.44193012666666665 0.27029507568359373 0.4395105486666666 0.26497665966796874 0.44158447266666667 0.260418017578125 0.44918886066666663 0.2583919541015625 0.4567932486666667 0.2578854384765625 0.46819983133333337 0.26193756494140624 0.4789151053333333 0.26978856005859375 0.4709650633333333 0.27206788134765625 0.4671628693333334 0.27536023388671876 0.4574845566666667 0.2761200078125 0.4502258226666667 0.2761200078125 0.44849755266666663
1 0.2224293310546875 0.4733846413333333 0.220403267578125 0.4605954433333333 0.2176174306640625 0.4564475946666666 0.2079936298828125 0.4630150213333333 0.2026752138671875 0.46854548533333334 0.199889376953125 0.4733846413333333 0.19862308740234375 0.4792607593333333 0.199382861328125 0.49066734199999995 0.20140892431640625 0.501382616 0.2024219560546875 0.502765232 0.2072338564453125 0.50172827 0.2178706884765625 0.49066734199999995 0.22141629931640625 0.4847912233333333 0.2224293310546875 0.475573668 0.2224293310546875 0.4733846413333333
1 0.25687240673828127 0.37902109733333333 0.2561126328125 0.3752189026666667 0.25509960107421875 0.37418194066666666 0.2523137641601563 0.37349063266666666 0.2480083798828125 0.37452759466666663 0.24395625341796875 0.3800580593333333 0.2434497373046875 0.3855885233333333 0.24674209033203126 0.39111898733333333 0.250794216796875 0.39111898733333333 0.255859375 0.3859341773333333 0.25687240673828127 0.3810950213333333 0.25687240673828127 0.37902109733333333
1 0.2383845791015625 0.329592574 0.23737154736328125 0.324753418 0.2361052578125 0.323716456 0.22926729443359375 0.324753418 0.230027068359375 0.335814346 0.23205313134765626 0.338579578 0.235345484375 0.337542616 0.2386378369140625 0.329938228 0.2383845791015625 0.329592574
1 0.1821613232421875 0.9697437973333334 0.1819080654296875 0.9662872573333334 0.180135259765625 0.9624850633333334 0.1750701015625 0.9579915613333333 0.170004943359375 0.9548806753333333 0.158608337890625 0.9503871726666666 0.1565822744140625 0.9531524053333332 0.1560757587890625 0.9645589873333333 0.1570887900390625 0.9718177213333333 0.159621369140625 0.9756199153333334 0.16392675390625 0.97942211 0.1740570703125 0.984952574 0.179375486328125 0.985989536 0.1819080654296875 0.983569958 0.1821613232421875 0.9714720673333332 0.1821613232421875 0.9697437973333334
1 0.26624294921875 0.922043544 0.26193756494140624 0.9185870039999999 0.2588984697265625 0.91824135 0.25408656982421873 0.9272283546666666 0.2538333115234375 0.9327588186666667 0.2588984697265625 0.9369066666666666 0.26193756494140624 0.9358697046666666 0.26598969140625 0.9275740086666666 0.26624294921875 0.9230805059999999 0.26624294921875 0.922043544
1 0.25915172802734376 0.9490045566666666 0.25737892236328125 0.9465849786666666 0.25256702197265624 0.9452023626666667 0.24978118505859376 0.9462393246666667 0.2487681533203125 0.9510784813333333 0.250540958984375 0.9548806753333333 0.2561126328125 0.9555719833333333 0.25763218017578127 0.9548806753333333 0.25915172802734376 0.9507328273333333 0.25915172802734376 0.9490045566666666
1 0.2477551220703125 0.9825329960000001 0.24420951123046875 0.978385148 0.240663900390625 0.9790764559999999 0.23737154736328125 0.98287865 0.2350922265625 0.9873721520000001 0.23483896826171874 0.993939578 0.2378780634765625 0.997741772 0.24218344775390624 0.9970504640000001 0.24522254296875 0.9935939239999999 0.24750186376953126 0.989100422 0.2477551220703125 0.9844918173333334 0.2477551220703125 0.9825329960000001
1 0.2979001879882813 0.9707807593333334 0.2971404140625 0.9600654853333334 0.29536760888671876 0.9573002533333334 0.291568740234375 0.9576459073333333 0.28751661376953125 0.9617937553333333 0.28523729248046875 0.9666329113333333 0.2837177451171875 0.9738916453333333 0.2837177451171875 0.9825329960000001 0.28473077685546877 0.988754768 0.28549055029296877 0.9897917300000001 0.28726335595703123 0.9897917300000001 0.291568740234375 0.9884091140000001 0.2943545771484375 0.985298228 0.2966338984375 0.979767764 0.2979001879882813 0.9725090293333333 0.2979001879882813 0.9707807593333334
1 0.38198181396484376 0.921006582 0.3804622666015625 0.916167426 0.37615688232421873 0.9127108859999999 0.373371044921875 0.91305654 0.36627982373046875 0.9192783120000001 0.36425376025390627 0.922043544 0.36349398681640627 0.9261913926666666 0.36400050244140625 0.9327588186666667 0.3657733076171875 0.9382892826666667 0.36881240283203126 0.9407088606666666 0.37615688232421873 0.9341414346666667 0.38172855615234375 0.9282653166666667 0.38198181396484376 0.9231956093333333 0.38198181396484376 0.921006582
1 0.5273518544921875 0.838740928 0.5202606328125 0.82768 0.5167150219726563 0.826643038 0.5141824428710937 0.828025654 0.5126628955078125 0.8332104639999999 0.5136759272460938 0.8390865820000001 0.520007375 0.8480735866666668 0.5232997275390625 0.8480735866666668 0.525832306640625 0.8446170466666667 0.5273518544921875 0.8390865820000001 0.5273518544921875 0.838740928
1 0.505571673828125 0.8584432066666666 0.505318416015625 0.8556779746666666 0.5012662895507812 0.8484192406666666 0.4977206787109375 0.8477279326666667 0.494428326171875 0.8501475106666667 0.4934152944335938 0.8556779746666666 0.49594787353515624 0.8612084386666667 0.4997467421875 0.8657019406666666 0.5027858369140625 0.8663932486666666 0.505571673828125 0.8615540926666666 0.505571673828125 0.8584432066666666
1 0.4870838466796875 0.90441519 0.48607081494140625 0.89750211 0.48404475146484377 0.8926629533333333 0.48049914111328124 0.8933542613333334 0.47594049853515624 0.899921688 0.47847307763671876 0.91478481 0.4810056567382813 0.917550042 0.4825252041015625 0.9168587340000001 0.48607081494140625 0.911673924 0.4870838466796875 0.9061434599999999 0.4870838466796875 0.90441519
1 0.5346963334960938 0.8878237973333333 0.5326702705078125 0.8791824473333333 0.53013769140625 0.8743432913333333 0.5260855649414062 0.8733063293333333 0.5232997275390625 0.8746889453333333 0.5207671484375 0.8777998313333333 0.5207671484375 0.8826389873333332 0.5227932119140625 0.8892064133333333 0.5260855649414062 0.8940455693333333 0.5316572387695313 0.8930086073333333 0.5346963334960938 0.8892064133333333 0.5346963334960938 0.8878237973333333
1 0.230786841796875 0.8660475946666667 0.22876077880859375 0.8612084386666667 0.2231891044921875 0.8612084386666667 0.219896751953125 0.8653562866666666 0.220150009765625 0.8729606753333334 0.2231891044921875 0.8753802533333332 0.22622819970703126 0.8743432913333333 0.22926729443359375 0.8715780593333334 0.230786841796875 0.8667389026666666 0.230786841796875 0.8660475946666667
1 0.22166955712890626 0.8885151053333334 0.220403267578125 0.8871324893333333 0.2173641728515625 0.8867868353333334 0.21356530419921874 0.8885151053333334 0.2125522724609375 0.8898977213333332 0.21179249853515625 0.8940455693333333 0.21407181982421875 0.8957738393333334 0.219896751953125 0.8943912233333334 0.22166955712890626 0.8898977213333332 0.22166955712890626 0.8885151053333334
1 0.5088640268554687 0.655544304 0.5081042529296875 0.652779072 0.5065847055664062 0.6513964560000001 0.5022793212890625 0.651050802 0.5010130317382813 0.657963882 0.5007597739257813 0.666605232 0.5022793212890625 0.671098734 0.505571673828125 0.671790042 0.5068379633789063 0.67075308 0.5081042529296875 0.6672965399999999 0.5088640268554687 0.6577910546666667 0.5088640268554687 0.655544304
1 0.5769904047851563 0.589524388 0.576483888671875 0.585030886 0.5752175991210937 0.582265654 0.5701524409179688 0.577426498 0.5676198618164062 0.5767351900000001 0.5645807670898437 0.582265654 0.5643275092773438 0.590215696 0.57065895703125 0.6016222786666666 0.5731915361328125 0.6026592406666667 0.5742045673828124 0.6019679326666667 0.576483888671875 0.595400506 0.5769904047851563 0.59056135 0.5769904047851563 0.589524388
1 0.5025325791015625 0.6220158646666666 0.5015195473632813 0.6178680166666667 0.4997467421875 0.6157940926666666 0.4964543891601563 0.6157940926666666 0.49392181005859376 0.6175223626666667 0.495441357421875 0.6275463293333333 0.4964543891601563 0.6296202533333334 0.499493484375 0.6303115613333333 0.5025325791015625 0.6289289453333333 0.5025325791015625 0.6237441353333334 0.5025325791015625 0.6220158646666666
1 0.5119031215820312 0.340307848 0.51038357421875 0.332012152 0.5081042529296875 0.328901266 0.5 0.328901266 0.4972141630859375 0.330629536 0.4972141630859375 0.339270886 0.49924022607421875 0.34583831200000004 0.504811900390625 0.34722092800000004 0.5111433481445312 0.34652962000000004 0.5119031215820312 0.341690464 0.5119031215820312 0.340307848
1 0.48328497802734377 0.3793667513333333 0.48151217236328125 0.3689971306666666 0.47847307763671876 0.3689971306666666 0.4756872407226562 0.37210801666666665 0.475180724609375 0.38178632933333334 0.47619375634765626 0.3859341773333333 0.4792328515625 0.3869711393333334 0.4820186884765625 0.3855885233333333 0.48353823583984373 0.37971240533333334 0.48328497802734377 0.3793667513333333
1 0.47821981982421874 0.31853164533333334 0.4772067880859375 0.31265552733333335 0.475180724609375 0.31058160333333334 0.4723948876953125 0.3095446413333333 0.46986230859375 0.31058160333333334 0.46859601904296877 0.31334683533333335 0.46935579296875 0.3188772993333333 0.47290140380859375 0.32233383933333337 0.47594049853515624 0.322679494 0.47821981982421874 0.31922295333333334 0.47821981982421874 0.31853164533333334
1 0.402748962890625 0.324407764 0.4007228994140625 0.323025148 0.39717728857421875 0.324407764 0.3969240307617187 0.329938228 0.398443578125 0.33166649800000003 0.40173593115234374 0.330283882 0.402748962890625 0.325099072 0.402748962890625 0.324407764
1 0.6765207631835938 0.050649789333333334 0.6744946997070312 0.04131713066666667 0.6712023471679688 0.037860590666666666 0.6668969624023438 0.043045400666666664 0.6653774150390624 0.04753890266666666 0.6651241572265625 0.05410632933333333 0.6663904467773437 0.05894548533333333 0.668416509765625 0.06240202533333333 0.6719621206054688 0.06447594933333334 0.6747479575195312 0.06136506333333334 0.6765207631835938 0.05237805933333333 0.6765207631835938 0.050649789333333334
1 0.7882075014648438 0.3852428693333333 0.7864346958007813 0.38316894533333334 0.7833956010742188 0.38178632933333334 0.7778239267578125 0.38213198333333337 0.7712392211914062 0.38455156133333335 0.7666805791015625 0.3900820253333333 0.7654142895507813 0.3956124893333333 0.7656675473632812 0.3983777213333334 0.7664273212890625 0.40045164533333333 0.7717457373046875 0.4028712233333333 0.7808630219726562 0.4014886073333333 0.7861814379882812 0.3963037973333333 0.7882075014648438 0.38731679333333335 0.7882075014648438 0.3852428693333333
1 0.7679468686523437 0.48963038 0.7664273212890625 0.48617383933333336 0.7644012578125 0.4858281853333334 0.7573100361328124 0.486519494 0.7550307153320313 0.48790211 0.7535111674804688 0.49239561200000004 0.75376442578125 0.501382616 0.75452419921875 0.502419578 0.7580698100585938 0.502419578 0.7656675473632812 0.5 0.7674403525390625 0.49688911399999997 0.7679468686523437 0.4915314766666667 0.7679468686523437 0.48963038
1 0.7841553745117188 0.5362936706666667 0.7806097641601563 0.5169370466666666 0.7783304428710938 0.5145174686666667 0.7725055107421875 0.5190109706666667 0.7709859633789062 0.5245414346666667 0.77529134765625 0.5456263293333333 0.7788369584960938 0.5452806753333334 0.7833956010742188 0.5411328273333333 0.7841553745117188 0.538194768 0.7841553745117188 0.5362936706666667
1 0.7907400805664062 0.654852996 0.790233564453125 0.6503594939999999 0.78516840625 0.6337681013333334 0.7813695375976563 0.6303115613333333 0.77503808984375 0.6392985653333334 0.7755446059570312 0.6455203373333332 0.7783304428710938 0.6558899579999999 0.7813695375976563 0.66384 0.7841553745117188 0.666259578 0.7889672749023438 0.660729114 0.7907400805664062 0.656581266 0.7907400805664062 0.654852996
1 0.77478483203125 0.9158217719999999 0.769466416015625 0.907180422 0.7661740629882813 0.9068347680000001 0.7636414838867187 0.9082173840000001 0.7580698100585938 0.916167426 0.7578165522460938 0.922043544 0.7608556469726563 0.9268827006666667 0.764148 0.9286109706666666 0.7664273212890625 0.9275740086666666 0.7719989951171875 0.922043544 0.77478483203125 0.9168587340000001 0.77478483203125 0.9158217719999999
1 0.7917531118164063 0.9649046413333334 0.790233564453125 0.9583372153333333 0.7884607592773437 0.9562632913333333 0.7871944697265625 0.9555719833333333 0.7836488588867188 0.9586828693333334 0.7831423432617187 0.9614481013333334 0.7839021166992187 0.9673242193333333 0.7866879536132813 0.9718177213333333 0.790233564453125 0.9704351053333333 0.7917531118164063 0.9666329113333333 0.7917531118164063 0.9649046413333334
1 0.8031497177734375 0.9548806753333333 0.8021366865234375 0.9538437133333334 0.7990975913085937 0.9538437133333334 0.7975780439453125 0.9555719833333333 0.7958052387695312 0.9607567933333333 0.7963117543945313 0.9659416033333333 0.7993508491210938 0.9662872573333334 0.8018834282226562 0.9635220253333333 0.8031497177734375 0.9607567933333333 0.8031497177734375 0.9568394966666667 0.8031497177734375 0.9548806753333333
1 0.698554201171875 0.9324131646666667 0.6970346538085938 0.9293022786666667 0.6924760112304688 0.9289566246666666 0.6922227534179688 0.9393262446666666 0.6952618486328125 0.9424371306666667 0.698300943359375 0.9386349366666666 0.698554201171875 0.9348327426666666 0.698554201171875 0.9324131646666667
1 0.6962748798828124 0.910982616 0.698300943359375 0.90787173 0.698300943359375 0.8988847259999999 0.6952618486328125 0.8954281853333333 0.6894369165039063 0.89750211 0.6828522109375 0.905106498 0.6833587265625 0.9113282699999999 0.6869043374023438 0.9154761180000001 0.6899434321289063 0.9158217719999999 0.6962748798828124 0.910982616
1 0.5516646137695312 0.8885151053333334 0.55141135546875 0.8833302953333334 0.5496385502929687 0.8791824473333333 0.5468527133789063 0.8791824473333333 0.540521265625 0.8840216033333332 0.5400147495117188 0.8895520673333334 0.54102778125 0.8933542613333334 0.5443201342773437 0.8943912233333334 0.545839681640625 0.8933542613333334 0.5516646137695312 0.8885151053333334
1 0.6010499057617188 0.6064614346666667 0.5977575532226562 0.6043875106666667 0.5939586845703125 0.6047331646666666 0.5931989106445312 0.6078440506666667 0.5939586845703125 0.6123375526666667 0.6000368745117187 0.6151027846666667 0.6010499057617188 0.6133745146666667 0.6010499057617188 0.6064614346666667
1 0.67297515234375 0.911673924 0.67297515234375 0.905452152 0.6717088627929687 0.90441519 0.6691762836914062 0.9061434599999999 0.667909994140625 0.910982616 0.668416509765625 0.91651308 0.6714556049804687 0.916167426 0.67297515234375 0.911673924
1 0.1978633134765625 0.5293805906666667 0.1968502822265625 0.5238501266666666 0.19406444482421875 0.5217762026666667 0.19077209228515624 0.5217762026666667 0.190012318359375 0.5238501266666666 0.19077209228515624 0.5300718986666667 0.19330467138671875 0.5331827846666667 0.19609050830078126 0.5328371306666666 0.1978633134765625 0.5293805906666667
1 0.5825620786132812 0.29157063266666666 0.5820555629882812 0.28673147666666665 0.5795229838867187 0.28120101266666664 0.576483888671875 0.2798183966666667 0.5731915361328125 0.28362059066666667 0.5724317622070313 0.2870771306666667 0.5739513095703125 0.29260759466666664 0.576483888671875 0.29675544333333337 0.5792697255859375 0.29640978933333334 0.5825620786132812 0.29157063266666666
1 0.7459134301757813 0.12289147666666665 0.7469264619140625 0.11874362866666667 0.7459134301757813 0.11355881866666666 0.7428743354492188 0.11217620266666667 0.7373026616210937 0.11528708866666666 0.7367961455078125 0.12116320666666666 0.739328724609375 0.12565670866666667 0.7431275932617187 0.12531105466666667 0.7459134301757813 0.12289147666666665
1 0.8500024311523438 0.50172827 0.850762205078125 0.495852152 0.8467100786132813 0.493432574 0.8421514360351563 0.494469536 0.840885146484375 0.50172827 0.8477231098632813 0.50345654 0.8500024311523438 0.50172827
1 0.8631718427734375 0.5459719833333334 0.861652294921875 0.5428610973333333 0.85557410546875 0.5421697893333334 0.8548143315429687 0.5463176373333333 0.85582736328125 0.5487372153333333 0.8583599423828125 0.5504654853333333 0.861399037109375 0.5501198313333333 0.8631718427734375 0.5459719833333334
1 0.42528891650390627 0.5618720673333333 0.42224982177734377 0.5587611813333333 0.41971724267578125 0.5625633753333333 0.418450953125 0.5680938393333334 0.4192107265625 0.573624304 0.42250307958984373 0.57327865 0.42528891650390627 0.5618720673333333
1 0.7583230678710937 0.7226011813333333 0.759842615234375 0.7187989873333333 0.7611089047851562 0.7115402533333333 0.758829583984375 0.7073924053333334 0.75477745703125 0.7063554433333333 0.7517383623046875 0.7115402533333333 0.7504720727539063 0.7194902953333333 0.7514851044921875 0.7229468353333334 0.7568035205078125 0.7236381433333333 0.7583230678710937 0.7226011813333333
1 0.8472165942382812 0.6237441353333334 0.8459503046875 0.6178680166666667 0.8434177255859375 0.6147571306666667 0.840378630859375 0.6144114766666666 0.8386058251953125 0.6175223626666667 0.8396188569335937 0.6237441353333334 0.8434177255859375 0.6278919833333334 0.8451905307617188 0.6275463293333333 0.8472165942382812 0.6237441353333334
1 0.46910253515625 0.29675544333333337 0.46808950341796873 0.2919162866666667 0.46353086083984374 0.28880540066666666 0.4620113134765625 0.2912249786666667 0.46302434521484376 0.29640978933333334 0.46505040869140624 0.2981380593333333 0.46783624560546877 0.2981380593333333 0.46910253515625 0.29675544333333337
1 0.5172215380859375 0.27394227866666665 0.5172215380859375 0.262190042 0.5164617641601562 0.260807426 0.5139291850585938 0.260461772 0.5121563798828125 0.263227004 0.5119031215820312 0.27083139266666667 0.5131694111328124 0.2749792406666667 0.515448732421875 0.27532489466666665 0.5172215380859375 0.27394227866666665
1 0.5617949301757813 0.09696742600000001 0.5635677353515625 0.092819578 0.5617949301757813 0.08659780599999999 0.5574895454101563 0.087289114 0.555716740234375 0.091782616 0.555716740234375 0.098350042 0.5590090927734375 0.09800438800000001 0.5617949301757813 0.09696742600000001