1 0 0.674359236 0.00392670166015625 0.6729807006666667 0.00654450244140625 0.6676197286666666 0.0078534033203125 0.6604717653333333 0.012041884765625 0.6536812006666667 0.01308900537109375 0.6461758400000001 0.01858638720703125 0.6393852753333333 0.01910994775390625 0.6350964973333334 0.0180628271484375 0.6308077200000001 0.02172774853515625 0.6283059326666667 0.0306282724609375 0.6304503213333333 0.03403141357421875 0.6347390993333334 0.03900523583984375 0.6350964973333334 0.0426701572265625 0.6426018586666666 0.04345549755859375 0.6401000713333334 0.04921465966796875 0.6375982846666667 0.059424083984375 0.640814868 0.06413612548828125 0.640814868 0.07513089013671875 0.6354538953333333 0.089267015625 0.631522516 0.092408376953125 0.6290207293333334 0.1015706806640625 0.62687634 0.10968586376953125 0.6222301646666667 0.10811518310546875 0.6182987846666667 0.09790575927734375 0.6154396 0.09345549755859375 0.6125804146666667 0.07591623046875 0.591136526 0.07225130908203126 0.5900643313333334 0.06727748681640625 0.585775554 0.04031413623046875 0.5775553966666667 0.0395287958984375 0.5707648319999999 0.04790575927734375 0.5382416013333333 0.0497382197265625 0.5207290920000001 0.048691099609375 0.510007148 0.04188481689453125 0.505003574 0.039267015625 0.5067905646666666 0.0350785341796875 0.5146533240000001 0.0243455498046875 0.5275196566666667 0 0.5420475366666667 0 0.674359236
1 0.2471204189453125 0.581129378 0.25445026171875 0.601501072 0.25628272265625 0.6036454613333334 0.2649214658203125 0.6036454613333334 0.30523560205078126 0.5893495353333333 0.3143979057617188 0.585060758 0.3154450263671875 0.581486776 0.31465968603515626 0.5771979986666667 0.30994764404296876 0.5707648319999999 0.307591623046875 0.5643316653333333 0.30523560205078126 0.5539671193333333 0.30445026171875 0.5432451753333333 0.3020942407226562 0.5389563973333333 0.2984293193359375 0.5375268046666667 0.2696335078125 0.5482487493333333 0.2439790576171875 0.55575411 0.24188481689453126 0.5596854893333333 0.2421465966796875 0.5632594713333333 0.2471204189453125 0.581129378
1 0.039267015625 0.7766261613333333 0.0518324609375 0.7891350966666667 0.0541884814453125 0.7944960686666667 0.0636125654296875 0.802358828 0.0680628271484375 0.802716226 0.07172774853515625 0.7998570406666666 0.07670157080078124 0.8002144386666667 0.0803664921875 0.798784846 0.07931937158203126 0.793066476 0.0806282724609375 0.788062902 0.08272251318359375 0.7862759113333333 0.081675392578125 0.7780557539999999 0.06335078515625 0.7587562546666666 0.05052356005859375 0.747319514 0.046858638671875 0.7458899213333334 0.04502617822265625 0.7476769120000001 0.03429319384765625 0.761972838 0.03298429296875 0.7651894213333333 0.033507853515625 0.7673338099999999 0.039267015625 0.7766261613333333
1 0.5689518916015625 1 0.5869109946289063 0.9871336666666666 0.5897905756835937 0.9828448893333332 0.5808900522460938 0.969978556 0.574607330078125 0.9578270193333333 0.5701570678710938 0.9567548246666667 0.5426701572265625 0.9778413153333333 0.5374345551757812 0.9828448893333332 0.5382198955078125 0.9871336666666666 0.5427636499023437 1 0.5689518916015625 1
1 0.5413612563476562 0.6325947106666666 0.548691099609375 0.6354538953333333 0.5523560209960937 0.6354538953333333 0.5649214658203126 0.631165118 0.574607330078125 0.6240171553333334 0.5782722514648437 0.6186561826666667 0.5748691098632812 0.6147248033333333 0.5617801044921875 0.6050750533333333 0.5536649213867187 0.601143674 0.548691099609375 0.600786276 0.5395287958984375 0.6032880626666667 0.5243455498046875 0.6136526093333333 0.52408376953125 0.6190135813333333 0.5413612563476562 0.6325947106666666
1 0.429057591796875 0.631165118 0.4395287958984375 0.6443888493333333 0.44554973828125 0.6479628306666667 0.453141361328125 0.6504646173333333 0.47827225146484376 0.651536812 0.48089005224609377 0.6479628306666667 0.4803664921875 0.6433166546666667 0.4751308901367188 0.6390278773333333 0.4604712041015625 0.6182987846666667 0.45549738232421877 0.6140100073333333 0.442408376953125 0.6097212293333334 0.43219895263671876 0.6100786273333333 0.4243455498046875 0.6122230166666667 0.422774869140625 0.6143674053333333 0.42356020947265627 0.6186561826666667 0.429057591796875 0.631165118
1 0.12003387744140626 0 0.13219895263671874 0.028234453333333333 0.13534031396484375 0.030378842 0.14633507861328124 0.023945675333333333 0.14633507861328124 0.01929949933333333 0.14319371728515626 0.007505360666666667 0.14018733642578124 0 0.12003387744140626 0
1 0.1484293193359375 0.09864188733333333 0.1518324609375 0.10829163666666666 0.15680628271484376 0.10936383133333334 0.16439790576171875 0.10793423866666665 0.1725130888671875 0.10364546133333333 0.17198952880859375 0.09935668333333332 0.16727748681640625 0.08684774866666667 0.15994764404296874 0.07505361 0.14319371728515626 0.07505361 0.140575916015625 0.080414582 0.14188481689453125 0.08649035 0.1484293193359375 0.09864188733333333
1 0.101308900390625 0.141172266 0.10994764404296875 0.141529664 0.11256544482421875 0.13795568266666666 0.12198952880859375 0.13295210866666668 0.12356020947265625 0.12794853466666667 0.1198952880859375 0.12258756266666668 0.11465968603515625 0.120443174 0.10968586376953125 0.115796998 0.10497382177734375 0.11436740533333334 0.10235602099609376 0.11615439600000001 0.1015706806640625 0.126518942 0.09371727734375 0.13295210866666668 0.0939790576171875 0.136883488 0.101308900390625 0.141172266
1 0.059424083984375 0.13902787733333333 0.0680628271484375 0.141887062 0.07172774853515625 0.13938527533333334 0.0787958115234375 0.12866333066666666 0.0803664921875 0.120443174 0.0730366494140625 0.1154396 0.0667539267578125 0.116869192 0.0636125654296875 0.11901358133333334 0.059424083984375 0.12473195133333333 0.05654450244140625 0.13223731266666666 0.0573298427734375 0.13545389533333335 0.059424083984375 0.13902787733333333
1 0.03874345556640625 0.20228734799999998 0.04319371728515625 0.20300214466666666 0.0452879580078125 0.20121515399999998 0.051308900390625 0.18977841333333334 0.0534031416015625 0.17905646866666666 0.05235602099609375 0.17333809866666663 0.0481675390625 0.17369549666666667 0.0345549736328125 0.18406004266666665 0.033507853515625 0.18656182999999998 0.03429319384765625 0.19335239466666668 0.03874345556640625 0.20228734799999998
1 0.12015706787109375 0.5182273053333334 0.1306282724609375 0.5221586846666667 0.14502617822265626 0.520371694 0.15994764404296874 0.510364546 0.1617801044921875 0.5014295926666666 0.15994764404296874 0.49928520400000004 0.14790575927734376 0.494639028 0.1350785341796875 0.49714081466666665 0.1274869111328125 0.5014295926666666 0.1230366494140625 0.509292352 0.1193717275390625 0.5132237313333333 0.1193717275390625 0.5167977126666666 0.12015706787109375 0.5182273053333334
1 0.14476439794921875 0.55003574 0.1541884814453125 0.5518227306666666 0.16282722509765624 0.5475339526666667 0.166492146484375 0.5432451753333333 0.1649214658203125 0.5385989993333333 0.16020942431640625 0.535025018 0.1471204189453125 0.5332380273333334 0.13979057568359374 0.5364546106666667 0.137958115234375 0.5393137953333333 0.1376963349609375 0.5443173693333333 0.14476439794921875 0.55003574
1 0.17198952880859375 0.5825589706666666 0.17617801025390625 0.585418156 0.18534031396484374 0.5893495353333333 0.19607329833984374 0.5900643313333334 0.1984293193359375 0.5889921373333333 0.20654450244140626 0.5721944246666667 0.2028795810546875 0.5682630453333334 0.190575916015625 0.5693352393333333 0.181675392578125 0.5671908506666667 0.17670157080078125 0.5675482486666666 0.1730366494140625 0.5686204433333333 0.170942408203125 0.5711222300000001 0.1698952880859375 0.5764832019999999 0.17041884814453126 0.5796997853333333 0.17198952880859375 0.5825589706666666
1 0.1332460732421875 0.631522516 0.13874345556640624 0.6340243033333334 0.14738219873046876 0.6336669046666666 0.155759162109375 0.6308077200000001 0.15968586376953126 0.6275911366666667 0.16256544482421875 0.6229449606666667 0.1623036650390625 0.6200857753333333 0.1589005234375 0.616511794 0.1515706806640625 0.6129378126666666 0.14293193701171875 0.6143674053333333 0.139267015625 0.615796998 0.13560209423828126 0.6197283773333333 0.131675392578125 0.62687634 0.1319371728515625 0.6293781273333333 0.1332460732421875 0.631522516
1 0 0.9926988666666666 0.00052356005859375 0.9932094353333334 0.00523560205078125 0.9935668333333333 0.0196335078125 0.99035025 0.02486910986328125 0.9871336666666666 0.024607330078125 0.9785561113333333 0.02225130908203125 0.970335954 0 0.9746757886666666 0 0.9926988666666666
1 0.0471204189453125 0.9621157966666667 0.0528795810546875 0.9578270193333333 0.05628272265625 0.9513938526666668 0.0560209423828125 0.9485346673333334 0.04921465966796875 0.9370979273333334 0.04293193701171875 0.929592566 0.03874345556640625 0.9299499640000001 0.0319371728515625 0.9367405286666667 0.031675392578125 0.9417441026666667 0.03272251318359375 0.9453180846666668 0.0471204189453125 0.9621157966666667
1 0.0623036650390625 0.9839170833333333 0.06439790576171875 0.984989278 0.07198952880859374 0.984989278 0.07617801025390625 0.9828448893333332 0.07643979052734375 0.9621157966666667 0.075392669921875 0.9488920660000001 0.07408376953125 0.9463902786666666 0.07172774853515625 0.9453180846666668 0.06282722509765624 0.9463902786666666 0.0578534033203125 0.9496068619999999 0.06020942431640625 0.9692637599999999 0.05994764404296875 0.9792709079999999 0.0623036650390625 0.9839170833333333
1 0.05654450244140625 0.9374553253333333 0.06465968603515625 0.9406719086666667 0.07198952880859374 0.9421015013333334 0.074607330078125 0.9378127233333333 0.074607330078125 0.92887777 0.07225130908203126 0.9253037886666666 0.05994764404296875 0.9220872053333332 0.05523560205078125 0.9217298073333333 0.05209424072265625 0.9231593993333332 0.05104712060546875 0.9256611866666667 0.05104712060546875 0.9328091493333333 0.05654450244140625 0.9374553253333333
1 0 0.8034099986666666 0.0018324609375 0.8041458186666667 0.0073298427734375 0.8009292353333334 0.0089005234375 0.798784846 0.0091623037109375 0.7944960686666667 0.00523560205078125 0.7862759113333333 0 0.7843440293333334 0 0.8034099986666666
1 0 0.7734055146666666 0.00093507861328125 0.773783774 0.00538534033203125 0.7734263760000001 0.00669424072265625 0.7702097926666667 0.0061706806640625 0.7616322373333334 0.00014973828125 0.7530546819999999 0 0.753047248 0 0.7734055146666666
1 0.0136125654296875 0.7837741246666666 0.02172774853515625 0.7837741246666666 0.0269633505859375 0.7773409579999999 0.0274869111328125 0.7694781986666667 0.02329842919921875 0.7651894213333333 0.01753926708984375 0.7644746246666667 0.01151832470703125 0.7726947820000001 0.01020942431640625 0.7773409579999999 0.010732984375 0.7802001426666667 0.0136125654296875 0.7837741246666666
1 0.0047120419921875 0.741958542 0.01020942431640625 0.742673338 0.01308900537109375 0.7412437453333334 0.01753926708984375 0.7351679773333334 0.0225130888671875 0.732308792 0.0274869111328125 0.7315939960000001 0.02801047119140625 0.727662616 0.02329842919921875 0.7244460326666667 0.0196335078125 0.7105075053333333 0.01780104736328125 0.7090779126666666 0.01335078515625 0.7097927093333333 0.00994764404296875 0.712651894 0.00523560205078125 0.7219442460000001 0.00078534033203125 0.727662616 0.0018324609375 0.7362401713333334 0.0047120419921875 0.741958542
1 0.05863874365234375 0.6697641173333333 0.068324607421875 0.6701215153333333 0.07068062841796875 0.6686919226666667 0.0725130888671875 0.6472480340000001 0.07015706787109376 0.641529664 0.06727748681640625 0.640814868 0.063874345703125 0.6426018586666666 0.06151832470703125 0.6497498213333334 0.05628272265625 0.652251608 0.055759162109375 0.6651179413333334 0.05863874365234375 0.6697641173333333
1 0.059424083984375 0.7258756253333333 0.06282722509765624 0.7262330233333334 0.066492146484375 0.7240886346666666 0.0680628271484375 0.7194424586666667 0.0680628271484375 0.7108649033333333 0.0636125654296875 0.7083631166666667 0.0573298427734375 0.7108649033333333 0.055759162109375 0.7147962833333332 0.05628272265625 0.7233738386666667 0.059424083984375 0.7258756253333333
1 0 0.449606862 0.0015706806640625 0.45282344533333335 0.01282722509765625 0.4571122233333333 0.01780104736328125 0.46140100066666667 0.02068062841796875 0.45746962133333335 0.02382198974609375 0.45961401 0.0243455498046875 0.46140100066666667 0.02643979052734375 0.4617583986666667 0.0306282724609375 0.45639742666666666 0.03403141357421875 0.454610436 0.03848167529296875 0.454610436 0.04188481689453125 0.45103645466666664 0.04293193701171875 0.444960686 0.0426701572265625 0.4363831306666667 0.039267015625 0.43352394600000005 0.02225130908203125 0.43102215866666665 0.0047120419921875 0.4317369546666666 0 0.43852751933333334 0 0.449606862
1 0.06282722509765624 0.490707648 0.07172774853515625 0.494996426 0.0806282724609375 0.4960686206666667 0.08900523583984375 0.4928520373333333 0.09005235595703125 0.48963545399999997 0.0845549736328125 0.47641172266666665 0.08115183251953124 0.4721229446666667 0.07591623046875 0.46783416733333333 0.068324607421875 0.46497498200000004 0.0458115185546875 0.4721229446666667 0.04947643994140625 0.47748391733333334 0.06282722509765624 0.490707648
1 0.4198952880859375 0.4835596853333333 0.42382198974609375 0.4874910653333333 0.43115183251953126 0.48570407466666665 0.442408376953125 0.4864188706666666 0.45523560205078123 0.48427448200000006 0.455759162109375 0.48070050066666664 0.4528795810546875 0.47498213 0.4534031416015625 0.4717655466666667 0.45235602099609373 0.46926376 0.4376963349609375 0.4617583986666667 0.42329842919921873 0.45889921400000006 0.4123036650390625 0.46354538933333334 0.4123036650390625 0.46711937066666664 0.4198952880859375 0.4835596853333333
1 0.4073298427734375 0.5343102213333333 0.412041884765625 0.5339528233333333 0.42408376953125 0.5307362400000001 0.42774869091796874 0.5021443886666667 0.4269633505859375 0.4960686206666667 0.42382198974609375 0.494639028 0.41910994775390625 0.49535382400000005 0.4112565444335938 0.49714081466666665 0.409424083984375 0.49928520400000004 0.40680628271484376 0.5117941386666667 0.405759162109375 0.526090064 0.40628272265625 0.5328806293333334 0.4073298427734375 0.5343102213333333
1 0.3910994765625 0.16368834866666668 0.3981675390625 0.160829164 0.40628272265625 0.15975696933333333 0.42408376953125 0.160829164 0.4256544501953125 0.15975696933333333 0.427225130859375 0.156540386 0.4274869111328125 0.14939242333333333 0.4256544501953125 0.136168692 0.42408376953125 0.13402430333333332 0.4065445024414063 0.13402430333333332 0.390575916015625 0.13759828466666665 0.3882198955078125 0.141172266 0.38848167529296873 0.156897784 0.38717277490234375 0.162258756 0.3882198955078125 0.16297355266666666 0.3910994765625 0.16368834866666668
1 0.47015706787109374 0.24017155133333332 0.48272251318359377 0.23087919933333334 0.48691099462890625 0.22587562533333336 0.4895287958984375 0.21086490333333333 0.48691099462890625 0.19442458866666668 0.48246073291015623 0.19585418133333332 0.4696335078125 0.20800571866666667 0.46623036669921875 0.22373123666666667 0.46701570703125 0.23695496800000002 0.47015706787109374 0.24017155133333332
1 0.77146596875 0.095425304 0.7837696333007812 0.09864188733333333 0.7884816752929688 0.09935668333333332 0.790575916015625 0.09828448866666667 0.79554973828125 0.08470335933333333 0.7973821987304688 0.08291636866666667 0.7950261782226562 0.07755539666666666 0.7960732983398437 0.07433881333333332 0.7963350786132812 0.061829878666666664 0.79371727734375 0.05932809133333333 0.7871727749023437 0.057541100666666664 0.7748691098632813 0.05718370266666667 0.7735602094726562 0.060757684 0.7693717275390625 0.09042173 0.7701570678710937 0.09363831333333333 0.77146596875 0.095425304
1 0.7041884814453125 0.34274481799999995 0.7109947641601563 0.33988563266666666 0.7167539267578125 0.33523945666666666 0.722774869140625 0.32630450333333333 0.7267015708007812 0.318799142 0.7282722514648438 0.308791994 0.7282722514648438 0.3005718373333333 0.725392669921875 0.2962830593333334 0.72146596875 0.29699785533333334 0.7125654448242188 0.30200142933333335 0.7039267016601563 0.3091493926666667 0.7005235600585937 0.327734096 0.7005235600585937 0.33845604 0.7041884814453125 0.34274481799999995
1 0.6324607329101563 0.36740528933333333 0.6369109946289062 0.3706218726666667 0.6589005234375 0.38205861333333335 0.6625654448242188 0.379556826 0.6659685864257813 0.363116512 0.6630890053710937 0.3595425306666667 0.6581151831054688 0.35668334533333335 0.6418848168945313 0.348820586 0.6371727749023437 0.34846318800000003 0.63298429296875 0.352751966 0.6308900522460937 0.364188706 0.6324607329101563 0.36740528933333333
1 0.6719895288085938 0.3002144386666667 0.6793193715820313 0.30521801266666665 0.6895287958984375 0.302358828 0.6929319370117187 0.3002144386666667 0.69554973828125 0.2962830593333334 0.6945026176757813 0.292709078 0.6895287958984375 0.28591851333333335 0.6793193715820313 0.27877055066666667 0.66701570703125 0.28020014266666665 0.6643979057617188 0.28198713400000003 0.6630890053710937 0.2837741246666667 0.6628272250976562 0.287705504 0.66518324609375 0.2919942813333333 0.6719895288085938 0.3002144386666667
1 0.5413612563476562 0.25768406 0.5434554975585938 0.258398856 0.551308900390625 0.25553967133333333 0.560732984375 0.24553252333333334 0.5623036650390625 0.24231593999999998 0.5623036650390625 0.23659757 0.5581151831054687 0.231951394 0.5536649213867187 0.23266619 0.5484293193359375 0.23588277333333335 0.5410994765625 0.24338813466666667 0.5387434555664062 0.25017869933333337 0.5395287958984375 0.25339528266666667 0.5413612563476562 0.25768406
1 0.8052356020507813 0.7694781986666667 0.8083769633789063 0.7737669766666666 0.8163175390625 0.7755539673333333 0.8251308901367187 0.7809149393333333 0.8353403139648438 0.7762687633333333 0.8418848168945312 0.7701929946666667 0.837958115234375 0.761972838 0.8264397905273437 0.7441029306666666 0.827225130859375 0.7383845606666667 0.83664921484375 0.7315939960000001 0.8371727749023438 0.7273052179999999 0.8358638745117187 0.7233738386666667 0.8303664921875 0.7187276626666667 0.8217277485351563 0.7176554679999999 0.8141361254882813 0.7197998573333333 0.8099476440429687 0.7233738386666667 0.8078534033203125 0.7273052179999999 0.8091623037109374 0.7351679773333334 0.8078534033203125 0.7412437453333334 0.8034031416015625 0.7441029306666666 0.8010471206054688 0.74803431 0.8041884814453125 0.7551822733333333 0.8023560209960937 0.761972838 0.8052356020507813 0.7694781986666667
1 0.28979057568359373 0.9721229446666666 0.29293193701171877 0.973909936 0.296858638671875 0.9789135093333333 0.30549738232421875 0.9824874913333334 0.3068062827148437 0.9874910653333333 0.31099476416015626 0.9885632593333333 0.3136125654296875 0.9774839173333333 0.31570680615234376 0.9735525373333334 0.32958115185546877 0.9617583986666667 0.32931937158203123 0.9578270193333333 0.32329842919921875 0.944960686 0.31884816748046874 0.9417441026666667 0.28586387451171874 0.960328806 0.2853403139648438 0.964974982 0.28979057568359373 0.9721229446666666
1 0.4730366494140625 0.8116511793333334 0.4806282724609375 0.8102215866666667 0.48376963330078127 0.808434596 0.48691099462890625 0.8037884200000001 0.4900523559570312 0.7941386706666667 0.48717277490234373 0.7898498926666666 0.47801047119140627 0.7859185133333334 0.4657068061523438 0.7844889206666666 0.4573298427734375 0.7852037166666668 0.4534031416015625 0.7877055040000001 0.44764397900390623 0.7966404573333332 0.44633507861328126 0.802358828 0.45497382177734375 0.808077198 0.4730366494140625 0.8116511793333334
1 0.5295811518554687 0.7190850606666667 0.5369109946289062 0.7208720513333333 0.5450261782226562 0.7190850606666667 0.5510471206054688 0.7144388846666667 0.55445026171875 0.7062187273333334 0.5523560209960937 0.70192995 0.5447643979492187 0.7005003573333334 0.5327225131835938 0.706576126 0.5282722514648438 0.7133666906666667 0.5282722514648438 0.71729807 0.5295811518554687 0.7190850606666667
1 0.48743455517578127 0.7437455326666667 0.4910994765625 0.7487491066666666 0.49921465966796874 0.7558970693333334 0.5036649213867187 0.7555396713333333 0.5060209423828125 0.7455325233333333 0.505759162109375 0.7398141526666666 0.4997382197265625 0.7290922086666666 0.4958115185546875 0.7248034313333332 0.4910994765625 0.7208720513333333 0.48664921484375 0.7194424586666667 0.48376963330078127 0.7308791993333332 0.48429319384765623 0.7358827733333333 0.48743455517578127 0.7437455326666667
1 0.65 0.5768406006666666 0.6586387436523438 0.5804145820000001 0.66701570703125 0.5789849893333333 0.6767015708007813 0.5729092206666667 0.6821989526367187 0.5636168693333333 0.6832460732421874 0.5578984986666666 0.6821989526367187 0.5561115080000001 0.67408376953125 0.5532523233333333 0.662041884765625 0.5564689066666666 0.6549738217773438 0.561115082 0.6492146596679688 0.5704074339999999 0.648691099609375 0.5739814153333334 0.65 0.5768406006666666
1 0.6023560209960938 0.631879914 0.6081151831054687 0.641172266 0.6125654448242187 0.646890636 0.6167539267578125 0.6479628306666667 0.627225130859375 0.6329521086666667 0.63298429296875 0.6143674053333333 0.6311518325195312 0.610793424 0.629057591796875 0.600786276 0.6175392670898437 0.585775554 0.6157068061523437 0.585060758 0.6128272250976563 0.58649035 0.6070680629882812 0.5936383133333333 0.6049738217773437 0.6018584706666666 0.6007853403320312 0.6090064333333333 0.5997382197265625 0.6140100073333333 0.6005235600585938 0.6222301646666667 0.6023560209960938 0.631879914
1 0.6628272250976562 0.6426018586666666 0.692408376953125 0.6451036453333333 0.6939790576171875 0.6436740526666667 0.6976439790039063 0.62687634 0.6960732983398438 0.6229449606666667 0.6717277485351563 0.6186561826666667 0.6628272250976562 0.6186561826666667 0.6591623037109375 0.6229449606666667 0.6568062827148438 0.6350964973333334 0.6573298427734375 0.636883488 0.6628272250976562 0.6426018586666666
1 0.633507853515625 0.7044317366666667 0.6376963349609375 0.7001429593333334 0.64554973828125 0.6854896353333334 0.6476439790039062 0.6783416726666667 0.6476439790039062 0.6651179413333334 0.6458115185546875 0.6615439599999999 0.6418848168945313 0.6590421726666666 0.6382198955078126 0.660829164 0.636125654296875 0.6636883486666666 0.6264397905273438 0.6679771266666666 0.6198952880859375 0.6726233026666666 0.613874345703125 0.6854896353333334 0.6306282724609374 0.7026447459999999 0.633507853515625 0.7044317366666667
1 0.81335078515625 0.7355253753333333 0.8217277485351563 0.738027162 0.82591623046875 0.7376697640000001 0.8308900522460938 0.7358827733333333 0.8363874345703125 0.7315939960000001 0.8374345551757812 0.7273052179999999 0.8350785341796875 0.7226590420000001 0.8314136127929688 0.7197998573333333 0.8235602094726563 0.7176554679999999 0.8175392670898437 0.7187276626666667 0.810732984375 0.7233738386666667 0.8083769633789063 0.7273052179999999 0.8089005234375 0.7308791993333332 0.81335078515625 0.7355253753333333
1 0.76335078515625 0.8713366693333334 0.7672774868164063 0.8699070766666667 0.7722513090820312 0.8659756966666667 0.7761780102539062 0.858827734 0.7798429321289062 0.8502501786666666 0.7803664921875 0.8448892066666667 0.7782722514648438 0.8366690493333334 0.7761780102539062 0.8341672619999999 0.7667539267578125 0.838813438 0.7625654448242187 0.8452466046666667 0.7596858637695313 0.8559685486666667 0.760732984375 0.8659756966666667 0.76335078515625 0.8713366693333334
1 0.9222513090820312 0.8495353826666666 0.9269633505859375 0.848820586 0.9321989526367187 0.8441744099999999 0.9371727749023437 0.8323802713333333 0.9306282724609375 0.8280914939999999 0.9185863872070312 0.8280914939999999 0.9141361254882813 0.8309506793333333 0.9096858637695312 0.8363116513333333 0.9083769633789063 0.8402430306666667 0.9086387436523438 0.8445318086666667 0.9222513090820312 0.8495353826666666
1 0.9217277485351563 0.9403145106666666 0.9201570678710937 0.9453180846666668 0.9206806284179687 0.9471050753333334 0.9230366494140625 0.9496068619999999 0.9269633505859375 0.950321658 0.931675392578125 0.9456754826666667 0.9410994765625 0.9431736953333334 0.944240837890625 0.9370979273333334 0.9447643979492187 0.9281629733333333 0.9413612563476562 0.924588992 0.9353403139648437 0.9220872053333332 0.9212041884765625 0.918870622 0.9180628271484375 0.919942816 0.91701570703125 0.9228020013333333 0.9157068061523438 0.934238742 0.9217277485351563 0.9403145106666666
1 0.909424083984375 0.7287348106666667 0.9219895288085938 0.7340957826666666 0.9243455498046875 0.7337383846666666 0.9274869111328125 0.7315939960000001 0.9311518325195313 0.7208720513333333 0.931675392578125 0.7147962833333332 0.9280104711914062 0.7101501073333334 0.9141361254882813 0.7033595426666668 0.910732984375 0.7033595426666668 0.9091623037109375 0.7044317366666667 0.9060209423828125 0.7112223013333334 0.9039267016601562 0.7240886346666666 0.909424083984375 0.7287348106666667
1 0.8591623037109375 0.5804145820000001 0.8678010473632812 0.585060758 0.8725130888671875 0.585060758 0.8808900522460937 0.5804145820000001 0.8827225131835937 0.5775553966666667 0.8803664921875 0.5682630453333334 0.8769633505859376 0.5625446746666667 0.8722513090820313 0.5578984986666666 0.863874345703125 0.555396712 0.8599476440429688 0.5571837026666667 0.8520942407226563 0.5679056466666667 0.8515706806640625 0.5725518226666666 0.8526178012695312 0.5739814153333334 0.8591623037109375 0.5804145820000001
1 0.8 0.6218727660000001 0.81335078515625 0.621515368 0.8191099477539062 0.6186561826666667 0.8198952880859375 0.611150822 0.818324607421875 0.6079342386666666 0.8143979057617188 0.60578985 0.8007853403320313 0.6047176553333333 0.7931937172851562 0.610436026 0.7929319370117187 0.6147248033333333 0.794240837890625 0.6186561826666667 0.8 0.6218727660000001
1 0.9596858637695312 0.49177984266666663 0.9693717275390625 0.49678341666666664 0.9764397905273438 0.4989278053333333 0.9832460732421875 0.4989278053333333 0.987958115234375 0.49714081466666665 0.9903141362304687 0.49320943533333333 0.989267015625 0.4878484633333333 0.98298429296875 0.47927090799999994 0.9735602094726562 0.47390993600000003 0.9691099477539062 0.47248034333333333 0.959424083984375 0.4735525373333333 0.9547120419921875 0.47641172266666665 0.9536649213867188 0.48141529666666666 0.9596858637695312 0.49177984266666663
1 0.9725130888671875 0.45210864933333333 0.9827225131835937 0.4506790566666667 0.9853403139648438 0.43817012133333333 0.9858638745117188 0.429235168 0.9850785341796875 0.42601858466666664 0.97591623046875 0.42601858466666664 0.972774869140625 0.42816297333333336 0.9696335078125 0.44353109333333335 0.9696335078125 0.449249464 0.9725130888671875 0.45210864933333333
1 0.8761780102539063 0.40278770533333336 0.889267015625 0.40314510333333337 0.8929319370117188 0.4010007146666667 0.8950261782226563 0.3959971406666667 0.8918848168945313 0.38920657599999997 0.8884816752929687 0.38598999266666667 0.883507853515625 0.38420300199999996 0.8774869111328125 0.38420300199999996 0.874607330078125 0.38598999266666667 0.8706806284179688 0.3924231593333333 0.8704188481445313 0.3967119373333333 0.8722513090820313 0.399571122 0.8761780102539063 0.40278770533333336
1 0.7256544501953125 0.18834882066666667 0.729057591796875 0.18334524666666668 0.7298429321289063 0.17476769133333334 0.7206806284179688 0.17047891333333332 0.7123036650390625 0.16869192266666666 0.7099476440429687 0.17012151533333333 0.7086387436523438 0.17298070066666665 0.7078534033203125 0.17977126533333335 0.7086387436523438 0.181915654 0.7256544501953125 0.18834882066666667
1 0.7583769633789063 0.15975696933333333 0.7845549736328125 0.15939957133333332 0.7884816752929688 0.15761258066666667 0.7908376962890625 0.15403859866666667 0.7908376962890625 0.151536812 0.789267015625 0.14796283066666666 0.7821989526367188 0.14224446000000002 0.76518324609375 0.14367405266666666 0.7549738217773437 0.14974982133333334 0.7549738217773437 0.15796997866666668 0.7583769633789063 0.15975696933333333
1 0.8421465966796875 0.070050036 0.8479057592773438 0.070050036 0.8554973823242188 0.057541100666666664 0.8583769633789062 0.04932094333333333 0.8586387436523437 0.045032166 0.851308900390625 0.038598999333333335 0.8458115185546875 0.03931379533333333 0.8429319370117188 0.04288777666666667 0.8350785341796875 0.061115082 0.8363874345703125 0.065761258 0.8421465966796875 0.070050036
1 0.8274869111328125 0.032165832666666665 0.8303664921875 0.035025018 0.8340314135742187 0.034667619999999996 0.8369109946289063 0.03073624 0.8387434555664063 0.025732665999999998 0.8395287958984375 0.013938527333333332 0.8384816752929688 0.006433166666666666 0.836125654296875 0.0028591853333333334 0.8301047119140625 0.002144388666666667 0.8264397905273437 0.007147962666666667 0.82591623046875 0.028234453333333333 0.8274869111328125 0.032165832666666665
1 0.886125654296875 0.059685489333333334 0.8884816752929687 0.066118656 0.8934554975585938 0.065761258 0.9002617802734375 0.060757684 0.9002617802734375 0.05325232333333333 0.898691099609375 0.05003574 0.887958115234375 0.040743388 0.8832460732421875 0.039671194 0.8801047119140625 0.041100786 0.8793193715820312 0.04395997133333334 0.8798429321289063 0.051822730666666664 0.886125654296875 0.059685489333333334
1 0.331675392578125 0.21872766266666668 0.33743455517578125 0.216583274 0.3397905756835938 0.211937098 0.3369109946289062 0.206933524 0.33115183251953123 0.20371694066666665 0.3306282724609375 0.19907076466666668 0.3319371728515625 0.19049320933333336 0.33115183251953123 0.18834882066666667 0.3269633505859375 0.18656182999999998 0.320942408203125 0.18656182999999998 0.3167539267578125 0.18942101533333333 0.3104712041015625 0.20014295933333334 0.30811518310546876 0.20800571866666667 0.30811518310546876 0.212651894 0.3091623037109375 0.21372408866666667 0.331675392578125 0.21872766266666668
1 0.260732984375 0.28198713400000003 0.281675392578125 0.2816297353333333 0.2871727749023438 0.27269478199999997 0.2850785341796875 0.26054324533333334 0.28403141357421874 0.258398856 0.281675392578125 0.25732666200000004 0.27513089013671876 0.25768406 0.2589005234375 0.262687634 0.2573298427734375 0.26590421733333336 0.25837696337890625 0.27662616133333334 0.260732984375 0.28198713400000003
1 0.1408376962890625 0.187276626 0.14738219873046876 0.192637598 0.15497382177734376 0.18799142266666669 0.15811518310546874 0.18334524666666668 0.1573298427734375 0.17476769133333334 0.15549738232421875 0.17262330266666667 0.15104712060546874 0.160829164 0.1481675390625 0.15761258066666667 0.13900523583984375 0.16261615466666665 0.1382198955078125 0.16797712666666667 0.1350785341796875 0.17548248733333333 0.1408376962890625 0.187276626
1 0.20209424072265625 0.14438884933333332 0.2117801044921875 0.147248034 0.21884816748046876 0.146890636 0.2225130888671875 0.141529664 0.22146596875 0.13759828466666665 0.2167539267578125 0.131522516 0.20706806298828126 0.12794853466666667 0.1981675390625 0.12902072933333333 0.19554973828125 0.13295210866666668 0.19607329833984374 0.136883488 0.20209424072265625 0.14438884933333332
1 0.344240837890625 0.066118656 0.34764397900390626 0.066118656 0.3539267016601563 0.071479628 0.35445026171875 0.07898498933333334 0.36099476416015625 0.09006433133333333 0.36623036669921877 0.08827734066666666 0.3743455498046875 0.07469621133333333 0.37225130908203125 0.06790564666666667 0.3654450263671875 0.057541100666666664 0.348691099609375 0.03788420333333333 0.34476439794921876 0.04181558266666666 0.34005235595703126 0.05146533266666666 0.3397905756835938 0.058255897333333334 0.344240837890625 0.066118656
1 0.37469062353515625 0 0.3735602094726562 0.006790564666666667 0.37382198974609376 0.013938527333333332 0.37486910986328126 0.02108649066666667 0.3782722514648437 0.023945675333333333 0.39921465966796876 0.025375268 0.403141361328125 0.023945675333333333 0.40628272265625 0.019656898 0.4060256171875 0 0.37469062353515625 0
1 0.34031413623046874 0.03073624 0.34476439794921876 0.03073624 0.3481675390625 0.028949249333333333 0.3484293193359375 0.022158684666666668 0.346858638671875 0.014295925333333334 0.344240837890625 0.012151536666666667 0.3382198955078125 0.01536812 0.33848167529296874 0.023945675333333333 0.34031413623046874 0.03073624
1 0.11335078515625 0.5375268046666667 0.1212041884765625 0.5432451753333333 0.1269633505859375 0.5432451753333333 0.13089005224609376 0.539671194 0.12774869091796875 0.5325232306666666 0.120942408203125 0.526090064 0.1136125654296875 0.52501787 0.1104712041015625 0.526090064 0.10968586376953125 0.5268048606666667 0.10994764404296875 0.5325232306666666 0.11335078515625 0.5375268046666667
1 0.30706806298828127 0.7301644033333333 0.3191099477539063 0.7433881346666668 0.32356020947265623 0.7448177266666667 0.32486910986328127 0.7401715513333333 0.33298429296875 0.7315939960000001 0.3301047119140625 0.7255182273333333 0.3104712041015625 0.7026447459999999 0.30654450244140624 0.7015725519999999 0.30104712060546873 0.7083631166666667 0.29921465966796873 0.7144388846666667 0.3002617802734375 0.7187276626666667 0.30706806298828127 0.7301644033333333
1 0.409424083984375 0.6833452466666666 0.413874345703125 0.6840600426666666 0.41623036669921876 0.6829878486666666 0.42041884814453123 0.677269478 0.420942408203125 0.6729807006666667 0.40680628271484376 0.6647605433333333 0.3989528793945312 0.6729807006666667 0.4002617802734375 0.677269478 0.409424083984375 0.6833452466666666
1 0.7539267016601563 0.5589706933333334 0.7599476440429688 0.5578984986666666 0.7628272250976562 0.55575411 0.7602094243164063 0.5457469620000001 0.7552356020507812 0.5425303786666666 0.75 0.5432451753333333 0.7463350786132813 0.5475339526666667 0.7460732983398437 0.555396712 0.7539267016601563 0.5589706933333334
1 0.20968586376953124 0.9381701213333334 0.21780104736328126 0.9403145106666666 0.2230366494140625 0.9388849180000001 0.22486910986328126 0.934953538 0.22486910986328126 0.929592566 0.22329842919921875 0.923516798 0.21335078515625 0.9203002146666666 0.2104712041015625 0.9203002146666666 0.2060209423828125 0.924588992 0.205759162109375 0.9320943533333333 0.20968586376953124 0.9381701213333334
1 0.23743455517578124 0.9370979273333334 0.2481675390625 0.9421015013333334 0.2528795810546875 0.9421015013333334 0.25549738232421876 0.9363831306666666 0.255759162109375 0.9324517513333334 0.2541884814453125 0.9299499640000001 0.24450261767578124 0.9224446033333333 0.23979057568359374 0.9206576126666667 0.23560209423828124 0.9203002146666666 0.23534031396484376 0.929592566 0.23743455517578124 0.9370979273333334
1 0.3089005234375 0.9260185846666666 0.3149214658203125 0.9317369546666667 0.31884816748046874 0.9292351680000001 0.3219895288085938 0.924231594 0.32172774853515623 0.91922802 0.30961439794921874 0.9019753393333334 0.30654450244140624 0.89421015 0.3028795810546875 0.8949249466666667 0.29895287939453125 0.9042172980000001 0.2984293193359375 0.9120800573333333 0.30052356005859376 0.9149392420000001 0.3089005234375 0.9260185846666666
1 0.4319371728515625 0.98463188 0.44136125634765627 0.9853466759999999 0.44476439794921874 0.9832022873333334 0.44633507861328126 0.9674767693333334 0.44633507861328126 0.9578270193333333 0.4450261782226563 0.9556826306666667 0.4408376962890625 0.9542530379999999 0.43219895263671876 0.954610436 0.4308900522460937 0.9610436026666667 0.42984293212890623 0.9832022873333334 0.4319371728515625 0.98463188
1 0.44895287939453127 0.9163688346666666 0.4528795810546875 0.9160114366666666 0.45837696337890627 0.9035025019999999 0.457591623046875 0.8949249466666667 0.44947643994140624 0.8820586133333332 0.4452879580078125 0.8856325946666666 0.442408376953125 0.8917083633333334 0.44136125634765627 0.8981415293333332 0.44188481689453124 0.9088634740000001 0.44895287939453127 0.9163688346666666
1 0.38743455517578124 1 0.38848167529296873 0.9989278053333334 0.3908376962890625 0.9910650466666666 0.39188481689453125 0.984989278 0.39136125634765623 0.9789135093333333 0.3876963349609375 0.975339528 0.3793193715820313 0.97498213 0.37408376953125 0.9764117226666668 0.37041884814453124 0.9799857040000001 0.3693717275390625 0.9853466759999999 0.37015706787109376 0.9921372406666666 0.3712041884765625 0.9953538239999999 0.3735602094726562 0.9974982133333333 0.38253926708984376 1 0.38743455517578124 1
1 0.3989528793945312 0.9778413153333333 0.4034031416015625 0.9771265186666667 0.40706806298828124 0.97498213 0.4091623037109375 0.9706933526666667 0.4083769633789063 0.9664045746666667 0.4073298427734375 0.964974982 0.4034031416015625 0.964260186 0.4 0.96533238 0.39319371728515623 0.970335954 0.39345549755859377 0.97498213 0.3989528793945312 0.9778413153333333
1 0.6725130888671875 0.9410293066666666 0.6801047119140625 0.944960686 0.689267015625 0.9456754826666667 0.6973821987304688 0.9410293066666666 0.7007853403320312 0.9370979273333334 0.7023560209960937 0.9328091493333333 0.6869109946289063 0.8877769833333333 0.683507853515625 0.8870621873333333 0.670942408203125 0.893137956 0.6691099477539062 0.8952823446666667 0.6691099477539062 0.899213724 0.674607330078125 0.9231593993333332 0.6730366494140625 0.9303073626666666 0.6693717275390625 0.9370979273333334 0.6725130888671875 0.9410293066666666
1 0.670942408203125 0.878484632 0.6756544501953125 0.878127234 0.6808900522460938 0.8724088633333335 0.6840314135742187 0.8663330953333334 0.6840314135742187 0.8606147246666667 0.6827225131835938 0.8566833453333333 0.6793193715820313 0.8552537526666667 0.6748691098632813 0.8573981413333333 0.6706806284179687 0.8616869193333334 0.6688481674804687 0.86919228 0.6693717275390625 0.8763402433333334 0.670942408203125 0.878484632
1 0.5654450263671875 0.924588992 0.574607330078125 0.9231593993333332 0.5798429321289063 0.9203002146666666 0.58298429296875 0.9160114366666666 0.58298429296875 0.9106504646666668 0.579057591796875 0.9049320946666667 0.5730366494140625 0.9060042886666667 0.56335078515625 0.9131522513333332 0.5612565444335937 0.9170836313333333 0.5615183247070312 0.9210150106666667 0.5654450263671875 0.924588992
1 0.5628125654296875 0.8844013580000001 0.5659539267578125 0.8818995713333334 0.5714513090820312 0.8754664046666667 0.5722366494140625 0.8701054326666667 0.5709277485351563 0.8665314513333333 0.5690952880859375 0.8651018586666668 0.558624083984375 0.8586686920000001 0.5541738217773438 0.8579538953333334 0.5499853403320313 0.8604556826666667 0.546058638671875 0.8654592566666667 0.5450115185546875 0.869033238 0.5455350786132812 0.8761812006666667 0.5628125654296875 0.8844013580000001
1 0.5717277485351563 0.7551822733333333 0.574607330078125 0.7566118653333332 0.5793193715820313 0.753037884 0.5801047119140625 0.7433881346666668 0.57853403125 0.738027162 0.574607330078125 0.73659757 0.5706806284179687 0.7408863473333334 0.5698952880859375 0.7433881346666668 0.5704188481445313 0.752680486 0.5717277485351563 0.7551822733333333
1 0.5568062827148438 0.7558970693333334 0.562041884765625 0.756969264 0.5641361254882813 0.7533952826666667 0.56518324609375 0.7444603286666667 0.560732984375 0.7398141526666666 0.5549738217773438 0.7401715513333333 0.5534031416015625 0.7444603286666667 0.553141361328125 0.75196569 0.5568062827148438 0.7558970693333334
1 0.29790575927734375 0.14546104333333335 0.3034031416015625 0.14438884933333332 0.305759162109375 0.140814868 0.31518324609375 0.14474624733333333 0.3212041884765625 0.141529664 0.32172774853515623 0.136883488 0.3149214658203125 0.125446748 0.310732984375 0.12508934933333335 0.3028795810546875 0.126518942 0.3015706806640625 0.12973552533333332 0.2971204189453125 0.13295210866666668 0.2939790576171875 0.13259471066666667 0.2939790576171875 0.141887062 0.29790575927734375 0.14546104333333335
1 0.2769633505859375 0.09363831333333333 0.281675392578125 0.090779128 0.2806282724609375 0.07862759133333334 0.2730366494140625 0.075411008 0.26910994775390623 0.07112223000000001 0.2649214658203125 0.07112223000000001 0.2604712041015625 0.07433881333333332 0.26570680615234377 0.08684774866666667 0.2769633505859375 0.09363831333333333
1 0.6505235600585938 0.06147248066666666 0.6649214658203125 0.06397426733333333 0.6837696333007812 0.05932809133333333 0.6858638745117187 0.05718370266666667 0.689267015625 0.048606147333333335 0.6871727749023437 0.044674768000000004 0.679057591796875 0.03681200866666667 0.6751308901367188 0.036097212 0.67146596875 0.03788420333333333 0.6662303666992188 0.03752680466666667 0.6623036650390625 0.035739814 0.651308900390625 0.034667619999999996 0.6465968583984375 0.035739814 0.6439790576171875 0.03895639733333333 0.6426701572265625 0.05253752666666667 0.6505235600585938 0.06147248066666666
1 0.605759162109375 0.13009292333333333 0.6104712041015625 0.13295210866666668 0.6185863872070313 0.13259471066666667 0.6238219897460937 0.12473195133333333 0.6248691098632813 0.12008577533333332 0.62408376953125 0.11115082200000001 0.6222513090820313 0.10757684066666667 0.6188481674804688 0.10578985 0.6167539267578125 0.10257326666666668 0.6149214658203125 0.10293066466666666 0.6123036650390625 0.10793423866666665 0.6083769633789062 0.11150821999999999 0.6039267016601563 0.12223016466666667 0.6036649213867188 0.125804146 0.605759162109375 0.13009292333333333
1 0.5975272250976562 0.17180914933333336 0.6045952880859375 0.17216654733333334 0.607474869140625 0.17037955666666665 0.6079984291992188 0.16573338066666668 0.60616596875 0.162874196 0.6009303666992187 0.162874196 0.5970036650390625 0.16430378866666667 0.5956947641601562 0.16644817733333334 0.5959565444335938 0.16930736266666666 0.5975272250976562 0.17180914933333336
1 0.7099476440429687 0.18334524666666668 0.7256544501953125 0.18834882066666667 0.7293193715820312 0.18298784866666665 0.7298429321289063 0.17476769133333334 0.7204188481445313 0.17012151533333333 0.712041884765625 0.16869192266666666 0.709424083984375 0.17047891333333332 0.7086387436523438 0.17262330266666667 0.7078534033203125 0.18012866333333333 0.7099476440429687 0.18334524666666668
1 0.5371727749023437 0.07469621133333333 0.5403141362304688 0.075768406 0.5452879580078125 0.07398141533333333 0.5479057592773438 0.070050036 0.5492146596679688 0.061829878666666664 0.5460732983398437 0.05932809133333333 0.5369109946289062 0.06147248066666666 0.5363874345703125 0.07290922066666666 0.5371727749023437 0.07469621133333333
1 0.20209424072265625 0.4964260186666667 0.2073298427734375 0.49678341666666664 0.21439790576171874 0.49535382400000005 0.21570680615234375 0.4928520373333333 0.2136125654296875 0.4871336666666667 0.2104712041015625 0.48463187999999996 0.20837696337890624 0.48463187999999996 0.2018324609375 0.485346676 0.19921465966796875 0.48892065733333334 0.19921465966796875 0.49392423133333335 0.20209424072265625 0.4964260186666667
1 0.1756544501953125 0.660829164 0.1806282724609375 0.6651179413333334 0.18429319384765624 0.6636883486666666 0.18848167529296875 0.665832738 0.190575916015625 0.6647605433333333 0.1908376962890625 0.660829164 0.18664921484375 0.656540386 0.186125654296875 0.6440314513333334 0.18115183251953124 0.6404574693333334 0.17670157080078125 0.6440314513333334 0.174607330078125 0.6583273766666667 0.1756544501953125 0.660829164
1 0.22513089013671875 0.6447462473333333 0.23115183251953125 0.646533238 0.23691099462890625 0.6433166546666667 0.2382198955078125 0.6401000713333334 0.23848167529296874 0.6347390993333334 0.23534031396484376 0.6247319513333334 0.23534031396484376 0.6182987846666667 0.23141361279296874 0.6172265906666666 0.220942408203125 0.6218727660000001 0.21884816748046876 0.6240171553333334 0.21727748681640624 0.631165118 0.22172774853515625 0.641172266 0.22513089013671875 0.6447462473333333
1 0.222774869140625 0.5947105073333333 0.22774869091796876 0.5950679053333333 0.23219895263671875 0.5929235166666667 0.23429319384765626 0.5889921373333333 0.23115183251953125 0.5832737666666666 0.224607330078125 0.581129378 0.21858638720703125 0.585060758 0.2180628271484375 0.59042173 0.222774869140625 0.5947105073333333
1 0.4007853403320312 0.7637598286666666 0.4041884814453125 0.7655468193333332 0.41151832470703126 0.7662616153333334 0.413874345703125 0.7616154393333333 0.413874345703125 0.7566118653333332 0.4073298427734375 0.7498213006666666 0.40392670166015626 0.7501786993333334 0.4002617802734375 0.7566118653333332 0.4 0.761972838 0.4007853403320312 0.7637598286666666
1 0.14345549755859374 0.9521086493333334 0.14633507861328124 0.9496068619999999 0.1471204189453125 0.9431736953333334 0.14554973828125 0.9410293066666666 0.1332460732421875 0.939599714 0.13089005224609376 0.9410293066666666 0.1306282724609375 0.94996426 0.14345549755859374 0.9521086493333334
1 0.10719895263671875 1 0.10366492138671875 0.989278056 0.10052356005859375 0.984989278 0.0965968583984375 0.984989278 0.09005235595703125 0.9953538239999999 0.09005235595703125 1 0.10719895263671875 1
1 0.06308900537109376 0.853109364 0.06780104736328126 0.858827734 0.07670157080078124 0.86347391 0.0850785341796875 0.863831308 0.08664921484375 0.8620443173333333 0.08717277490234375 0.8573981413333333 0.08481675390625 0.8498927806666667 0.07329842919921875 0.8373838453333333 0.06858638720703125 0.8355968546666667 0.0623036650390625 0.8366690493333334 0.05968586376953125 0.838813438 0.05968586376953125 0.8423874193333333 0.06308900537109376 0.853109364
1 0.0803664921875 0.753037884 0.08874345556640625 0.7562544673333333 0.0926701572265625 0.7551822733333333 0.09476439794921875 0.74803431 0.09502617822265624 0.743030736 0.09371727734375 0.7412437453333334 0.0850785341796875 0.7387419586666667 0.0806282724609375 0.7394567546666667 0.079057591796875 0.746962116 0.07931937158203126 0.7512508933333334 0.0803664921875 0.753037884
1 0.0895287958984375 0.7919942813333334 0.096858638671875 0.7891350966666667 0.0984293193359375 0.7812723373333333 0.096858638671875 0.777698356 0.09450261767578125 0.7766261613333333 0.08481675390625 0.7762687633333333 0.08246073291015625 0.7816297353333332 0.08272251318359375 0.7894924946666667 0.0895287958984375 0.7919942813333334
1 0.01282722509765625 0.267691208 0.01780104736328125 0.267691208 0.02041884814453125 0.262687634 0.02041884814453125 0.258041458 0.01780104736328125 0.2505360973333333 0.01518324609375 0.24946390266666665 0.01335078515625 0.24481772666666665 0.0104712041015625 0.2441029306666667 0.0047120419921875 0.24624731933333333 0.00366492138671875 0.2537526806666667 0.00445026171875 0.26018584733333333 0.01282722509765625 0.267691208
1 0.02591623046875 0.24624731933333333 0.0301047119140625 0.24481772666666665 0.03219895263671875 0.23874195866666667 0.03219895263671875 0.23266619 0.0301047119140625 0.2305218013333333 0.024607330078125 0.23302358800000003 0.0225130888671875 0.237312366 0.0230366494140625 0.243030736 0.02591623046875 0.24624731933333333
1 0.06727748681640625 0.24160114400000002 0.0730366494140625 0.23945675466666666 0.075392669921875 0.22551822733333332 0.07382198974609375 0.22015725533333333 0.07198952880859374 0.21872766266666668 0.0680628271484375 0.21944245866666665 0.0636125654296875 0.22444603266666666 0.06308900537109376 0.23766976399999998 0.06727748681640625 0.24160114400000002
1 0.0091623037109375 0.11508220133333333 0.01335078515625 0.11615439600000001 0.02591623046875 0.10793423866666665 0.02617801025390625 0.10293066466666666 0.02513089013671875 0.09935668333333332 0.02172774853515625 0.09506790533333333 0.01727748681640625 0.09363831333333333 0.00497382177734375 0.101501072 0.00052356005859375 0.10757684066666667 0.00261780126953125 0.110436026 0.0091623037109375 0.11508220133333333
1 0.00549738232421875 0.019656898 0.00863874365234375 0.021443888666666668 0.01256544482421875 0.019656898 0.0154450263671875 0.015725518 0.01465968603515625 0.008577555333333332 0.0091623037109375 0.004288778 0.00549738232421875 0.004646176 0.0018324609375 0.007147962666666667 0.00366492138671875 0.013581129333333334 0.00549738232421875 0.019656898
1 0.0910994765625 0.061115082 0.0971204189453125 0.06218727666666666 0.09947643994140624 0.05325232333333333 0.098691099609375 0.047891350666666666 0.0971204189453125 0.045032166 0.08874345556640625 0.044317369333333335 0.08874345556640625 0.05360972133333333 0.0910994765625 0.061115082
1 0.16151832470703126 0.181915654 0.16413612548828124 0.18441744133333335 0.17041884814453126 0.18298784866666665 0.17356020947265624 0.17905646866666666 0.17356020947265624 0.17441029333333333 0.17225130908203126 0.171908506 0.16099476416015626 0.166547534 0.15968586376953126 0.166904932 0.15837696337890625 0.17047891333333332 0.1589005234375 0.17441029333333333 0.16151832470703126 0.181915654
1 0.16413612548828124 0.13402430333333332 0.1725130888671875 0.131165118 0.17382198974609375 0.125804146 0.1730366494140625 0.12008577533333332 0.16256544482421875 0.12080057200000001 0.16020942431640625 0.12437455333333332 0.16020942431640625 0.131522516 0.16413612548828124 0.13402430333333332
1 0.144240837890625 0.13259471066666667 0.14895287939453125 0.13295210866666668 0.15235602099609374 0.13223731266666666 0.1547120419921875 0.12866333066666666 0.1518324609375 0.12223016466666667 0.1465968583984375 0.12080057200000001 0.14136125634765626 0.12401715533333334 0.14031413623046876 0.12866333066666666 0.14136125634765626 0.13009292333333333 0.144240837890625 0.13259471066666667
1 0.20628272265625 0.293066476 0.210732984375 0.2948534666666667 0.21623036669921875 0.29235168 0.2212041884765625 0.288062902 0.22408376953125 0.283416726 0.21910994775390624 0.2759113653333333 0.21413612548828126 0.2759113653333333 0.20497382177734375 0.283416726 0.2028795810546875 0.287705504 0.2034031416015625 0.28877769866666664 0.20628272265625 0.293066476
1 0.118324607421875 0.4370979273333333 0.12172774853515625 0.439242316 0.12670157080078126 0.439242316 0.13089005224609376 0.43352394600000005 0.13089005224609376 0.429592566 0.125392669921875 0.4210150106666667 0.122774869140625 0.41922802000000003 0.11099476416015625 0.4217298073333333 0.10994764404296875 0.42601858466666664 0.11125654443359374 0.42887777 0.118324607421875 0.4370979273333333
1 0.2523560209960938 0.468906362 0.2560209423828125 0.47140814866666664 0.26884816748046875 0.47140814866666664 0.2803664921875 0.468906362 0.281675392578125 0.46783416733333333 0.2824607329101563 0.4631879913333333 0.28115183251953124 0.45889921400000006 0.27827225146484375 0.45782701933333336 0.26465968603515627 0.45782701933333336 0.25628272265625 0.45961401 0.25209424072265624 0.46211579666666663 0.25104712060546874 0.463902788 0.2515706806640625 0.4667619726666667 0.2523560209960938 0.468906362
1 0.34895287939453123 0.45782701933333336 0.3573298427734375 0.4581844173333333 0.3654450263671875 0.45496783399999996 0.3696335078125 0.45139385266666665 0.372774869140625 0.4463902786666667 0.3693717275390625 0.4378127233333333 0.36099476416015625 0.43531093666666665 0.3528795810546875 0.43852751933333334 0.348691099609375 0.4421015013333333 0.3463350786132813 0.4471050753333333 0.34607329833984374 0.4535382413333333 0.34895287939453123 0.45782701933333336
1 0.32329842919921875 0.560757684 0.32774869091796877 0.5693352393333333 0.3321989526367187 0.5689778413333333 0.33848167529296874 0.560042888 0.3397905756835938 0.55575411 0.33717277490234376 0.5432451753333333 0.3319371728515625 0.535025018 0.3274869111328125 0.5375268046666667 0.322774869140625 0.5439599713333334 0.3212041884765625 0.5475339526666667 0.32146596875 0.55003574 0.32329842919921875 0.560757684
1 0.30654450244140624 0.2541100786666667 0.310732984375 0.25446747666666664 0.31753926708984376 0.25017869933333337 0.3191099477539063 0.24588992133333332 0.31753926708984376 0.241958542 0.31518324609375 0.24017155133333332 0.31020942431640625 0.24088634733333333 0.303141361328125 0.24588992133333332 0.3034031416015625 0.25017869933333337 0.30654450244140624 0.2541100786666667
1 0.5945026176757813 0.36776268733333334 0.5963350786132813 0.3702644746666667 0.6081151831054687 0.37097927066666664 0.6102094243164062 0.36883488200000003 0.6115183247070313 0.34953538266666667 0.6112565444335938 0.3420300213333333 0.6096858637695313 0.3373838453333333 0.5994764399414062 0.3363116513333333 0.5931937172851562 0.338098642 0.59371727734375 0.363116512 0.5945026176757813 0.36776268733333334
1 0.5840314135742187 0.32987848466666664 0.5921465966796875 0.33059328066666666 0.5979057592773438 0.3248749106666667 0.5997382197265625 0.3213009293333333 0.6002617802734375 0.3170121513333333 0.5963350786132813 0.312723374 0.5913612563476562 0.313080772 0.5827225131835938 0.3205861326666667 0.581675392578125 0.32666190133333334 0.5840314135742187 0.32987848466666664
1 0.7342931938476562 0.38027162266666664 0.7471204189453124 0.38170121533333334 0.751308900390625 0.379556826 0.7570680629882812 0.3713366693333333 0.7560209423828125 0.36740528933333333 0.7510471206054687 0.3627591133333334 0.744240837890625 0.3609721226666666 0.7390052358398438 0.36132952133333335 0.7321989526367187 0.36740528933333333 0.7301047119140625 0.3716940673333334 0.7301047119140625 0.37669764133333333 0.7342931938476562 0.38027162266666664
1 0.78481675390625 0.7190850606666667 0.792408376953125 0.7212294493333333 0.7997382197265624 0.7194424586666667 0.809424083984375 0.7133666906666667 0.8130890053710937 0.7090779126666666 0.8157068061523437 0.7030021446666667 0.8159685864257813 0.6983559686666667 0.81335078515625 0.6958541813333333 0.80628272265625 0.6947819873333333 0.7976439790039063 0.696568978 0.7871727749023437 0.7051465333333334 0.7837696333007812 0.7108649033333333 0.78298429296875 0.7162258753333334 0.78481675390625 0.7190850606666667
1 0.14371727734375 0.727662616 0.14345549755859374 0.7244460326666667 0.139267015625 0.7244460326666667 0.13743455517578124 0.7273052179999999 0.13874345556640624 0.7283774126666667 0.14371727734375 0.727662616
1 0.14162303662109374 0.7219442460000001 0.14345549755859374 0.72301644 0.15392670166015626 0.7147962833333332 0.155759162109375 0.7108649033333333 0.1518324609375 0.702287348 0.14738219873046876 0.702287348 0.1410994765625 0.7062187273333334 0.13900523583984375 0.7108649033333333 0.139267015625 0.712651894 0.14162303662109374 0.7219442460000001
1 0.2814136127929687 0.3216583273333333 0.28979057568359373 0.32237312333333334 0.292408376953125 0.3213009293333333 0.3104712041015625 0.308791994 0.310732984375 0.30450321666666663 0.2984293193359375 0.2902072906666667 0.28272251318359376 0.30629020733333334 0.2814136127929687 0.30950679066666664 0.28089005224609376 0.3198713366666667 0.2814136127929687 0.3216583273333333
1 0.436125654296875 0.3670478913333333 0.4410994765625 0.364188706 0.44345549755859376 0.35882773399999995 0.4408376962890625 0.3506075766666667 0.43664921484375 0.3506075766666667 0.43246073291015624 0.35525375266666664 0.43219895263671876 0.3624017153333333 0.436125654296875 0.3670478913333333
1 0.5091623037109375 0.5482487493333333 0.5157068061523438 0.5528949246666667 0.5201570678710937 0.5514653326666666 0.5201570678710937 0.5421729806666666 0.5143979057617187 0.5375268046666667 0.5109947641601562 0.5368120086666667 0.5081151831054688 0.5382416013333333 0.507591623046875 0.5457469620000001 0.5091623037109375 0.5482487493333333
1 0.0878556796875 1 0.08717277490234375 0.9957112220000001 0.08481675390625 0.9932094353333334 0.0803664921875 0.9935668333333333 0.07617801025390625 0.999285204 0.07615183251953125 1 0.0878556796875 1
1 0.28586387451171874 0.949249464 0.2882198955078125 0.950321658 0.29895287939453125 0.9496068619999999 0.29947643994140627 0.944960686 0.29371727734375 0.9263759826666667 0.29005235595703127 0.9238741960000001 0.2814136127929687 0.924231594 0.27984293212890626 0.9278055753333333 0.2801047119140625 0.9317369546666667 0.28586387451171874 0.949249464
1 0.231982984375 0.9640421726666667 0.237742146484375 0.961182988 0.2380039267578125 0.95689421 0.23590968603515625 0.952248034 0.23145942431640626 0.9483166546666666 0.22570026171875 0.95117584 0.22570026171875 0.9590385986666666 0.231982984375 0.9640421726666667
1 0.2350785341796875 0.9960686206666666 0.24031413623046874 0.994639028 0.24188481689453126 0.9910650466666666 0.23979057568359374 0.9832022873333334 0.23272251318359374 0.9857040746666667 0.23141361279296874 0.9874910653333333 0.231675392578125 0.9917798426666666 0.2350785341796875 0.9960686206666666
1 0.11335078515625 0.8824160113333334 0.1193717275390625 0.883488206 0.1306282724609375 0.8902787706666666 0.1350785341796875 0.8877769833333333 0.136125654296875 0.8824160113333334 0.136125654296875 0.878127234 0.1319371728515625 0.8616869193333334 0.12801047119140624 0.8552537526666667 0.12513089013671874 0.8541815580000001 0.12146596875 0.8548963546666667 0.11753926708984375 0.8609721226666667 0.1196335078125 0.8666904933333334 0.11701570703125 0.8716940673333333 0.109424083984375 0.873481058 0.109424083984375 0.8799142246666667 0.11335078515625 0.8824160113333334
1 0.30235602099609377 0.39492494666666667 0.3047120419921875 0.3974267333333333 0.3073298427734375 0.39778413133333335 0.310732984375 0.39278055733333334 0.3117801044921875 0.383130808 0.31465968603515626 0.3799142246666667 0.31413612548828124 0.374195854 0.31282722509765626 0.3716940673333334 0.3091623037109375 0.37097927066666664 0.298691099609375 0.374553252 0.2973821987304687 0.37669764133333333 0.29764397900390627 0.38277340933333337 0.30235602099609377 0.39492494666666667
1 0.407591623046875 0.33202287333333336 0.413874345703125 0.3291636886666667 0.4149214658203125 0.3248749106666667 0.41335078515625 0.31808434599999996 0.4112565444335938 0.3162973553333333 0.40706806298828124 0.3166547533333333 0.4047120419921875 0.318441744 0.4036649213867187 0.32201572533333334 0.3997382197265625 0.3205861326666667 0.39738219873046876 0.3213009293333333 0.39790575927734373 0.32987848466666664 0.407591623046875 0.33202287333333336
1 0.40628272265625 0.3416726233333333 0.4091623037109375 0.343102216 0.4243455498046875 0.3445318086666667 0.4306282724609375 0.34238741933333333 0.42931937158203126 0.333809864 0.4261780102539062 0.3295210866666667 0.42015706787109375 0.32809149400000004 0.4149214658203125 0.32880629 0.4130890053710938 0.32701929933333335 0.41439790576171875 0.3213009293333333 0.41151832470703126 0.3166547533333333 0.40680628271484376 0.3170121513333333 0.40497382177734376 0.318799142 0.4034031416015625 0.3255897066666667 0.4041884814453125 0.32987848466666664 0.40209424072265626 0.33273767000000004 0.40235602099609374 0.33488205866666665 0.40628272265625 0.3416726233333333
1 0.5036649213867187 0.35775554000000004 0.5052356020507812 0.35775554000000004 0.5078534033203125 0.35739814133333336 0.5102094243164063 0.35489635466666664 0.5102094243164063 0.3502501786666667 0.5034031416015625 0.33452466066666664 0.49790575927734376 0.33595425333333334 0.4958115185546875 0.338098642 0.4952879580078125 0.3416726233333333 0.5005235600585938 0.34846318800000003 0.5018324609375 0.35525375266666664 0.5036649213867187 0.35775554000000004
1 0.6196335078125 0.218012866 0.633507853515625 0.22087205133333335 0.636125654296875 0.21336669066666666 0.639267015625 0.20979270933333333 0.6397905756835938 0.207290922 0.6382198955078126 0.2040743386666667 0.6350785341796875 0.20264474600000001 0.6301047119140625 0.20121515399999998 0.6243455498046875 0.20157255200000002 0.6167539267578125 0.20836311666666665 0.6149214658203125 0.21086490333333333 0.6146596860351563 0.21336669066666666 0.6196335078125 0.218012866
1 0.3989528793945312 0.06933523933333334 0.4028795810546875 0.07362401733333333 0.40968586376953126 0.07183702666666666 0.41256544482421875 0.066118656 0.40706806298828124 0.05360972133333333 0.4028795810546875 0.05325232333333333 0.39764397900390624 0.055754109999999996 0.3958115185546875 0.058255897333333334 0.3958115185546875 0.06218727666666666 0.3989528793945312 0.06933523933333334
1 0.3989528793945312 0.04967834199999999 0.4018324609375 0.047891350666666666 0.4034031416015625 0.044674768000000004 0.4028795810546875 0.03752680466666667 0.3989528793945312 0.035025018 0.3939790576171875 0.03716940666666666 0.39293193701171875 0.045032166 0.3939790576171875 0.048248749333333334 0.3989528793945312 0.04967834199999999
1 0.65 0.61150822 0.6586387436523438 0.616154396 0.6628272250976562 0.616154396 0.66518324609375 0.610793424 0.6649214658203125 0.606147248 0.6625654448242188 0.6022158686666667 0.6541884814453125 0.5961401 0.65 0.5961401 0.6481675390625 0.5979270906666666 0.6463350786132812 0.6018584706666666 0.6463350786132812 0.606147248 0.6473821987304688 0.6079342386666666 0.65 0.61150822
1 0.64554973828125 0.5525375266666667 0.6507853403320313 0.5525375266666667 0.6534031416015625 0.5511079339999999 0.6536649213867187 0.5475339526666667 0.6510471206054688 0.5432451753333333 0.6447643979492188 0.5432451753333333 0.6426701572265625 0.54610436 0.6429319370117188 0.5493209433333334 0.64554973828125 0.5525375266666667
1 0.6994764399414063 0.5414581846666666 0.7060209423828125 0.54038599 0.7167539267578125 0.5264474626666666 0.71701570703125 0.5221586846666667 0.7157068061523437 0.5182273053333334 0.7081151831054687 0.5021443886666667 0.7089005234375 0.48892065733333334 0.7041884814453125 0.48463187999999996 0.675392669921875 0.47819871333333336 0.6698952880859375 0.48892065733333334 0.6693717275390625 0.49320943533333333 0.672774869140625 0.49714081466666665 0.6811518325195313 0.5021443886666667 0.6960732983398438 0.5393137953333333 0.6994764399414063 0.5414581846666666
1 0.2832460732421875 0.7601858473333334 0.292408376953125 0.7616154393333333 0.29450261767578123 0.7612580413333333 0.29764397900390627 0.7566118653333332 0.29502617822265625 0.7512508933333334 0.29005235595703127 0.74803431 0.28560209423828126 0.7476769120000001 0.2814136127929687 0.7505360973333333 0.2795811518554687 0.75768406 0.2832460732421875 0.7601858473333334
1 0.31858638720703125 0.6872766260000001 0.32329842919921875 0.686204432 0.325392669921875 0.682273052 0.32513089013671875 0.677269478 0.32015706787109377 0.6754824873333334 0.31596858642578124 0.676554682 0.31413612548828124 0.681200858 0.31465968603515626 0.6840600426666666 0.31858638720703125 0.6872766260000001
1 0.32801047119140625 0.716940672 0.3319371728515625 0.71729807 0.3382198955078125 0.7137240886666667 0.3395287958984375 0.7112223013333334 0.33848167529296874 0.7026447459999999 0.33534031396484376 0.70192995 0.32774869091796877 0.7044317366666667 0.32670157080078127 0.706933524 0.32670157080078127 0.7151536813333333 0.32801047119140625 0.716940672
1 0.36518324609375 0.7487491066666666 0.37041884814453124 0.74803431 0.3743455498046875 0.7405289493333334 0.37408376953125 0.7362401713333334 0.3698952880859375 0.733023588 0.36596858642578123 0.7348105786666667 0.3636125654296875 0.7401715513333333 0.3636125654296875 0.7466047173333333 0.36518324609375 0.7487491066666666
1 0.41099476416015623 0.8162973553333333 0.41570680615234373 0.8155825586666666 0.41727748681640625 0.8105789846666667 0.41701570703125 0.8062902073333333 0.4154450263671875 0.8041458186666667 0.4112565444335938 0.8045032166666667 0.409424083984375 0.8073624020000001 0.4089005234375 0.8127233739999999 0.41099476416015623 0.8162973553333333
1 0.1136125654296875 0.8095067906666666 0.12146596875 0.8109363833333334 0.12617801025390624 0.813795568 0.13089005224609376 0.813795568 0.1376963349609375 0.8102215866666667 0.139267015625 0.802358828 0.13743455517578124 0.798784846 0.13115183251953125 0.7959256613333333 0.118324607421875 0.7937812726666666 0.1123036650390625 0.7962830593333333 0.11099476416015625 0.79807005 0.11020942431640625 0.8059328093333333 0.1136125654296875 0.8095067906666666
1 0.21413612548828126 0.8706218726666666 0.21570680615234375 0.8699070766666667 0.21884816748046876 0.8663330953333334 0.2198952880859375 0.8609721226666667 0.21465968603515626 0.8581129380000001 0.21308900537109374 0.859185132 0.20863874365234375 0.8652609006666666 0.20968586376953124 0.86919228 0.21413612548828126 0.8706218726666666
1 0.2136125654296875 0.7741243746666667 0.2149214658203125 0.7741243746666667 0.21701570703125 0.7712651893333333 0.2180628271484375 0.7694781986666667 0.2180628271484375 0.7648320226666666 0.216492146484375 0.7605432453333333 0.21439790576171874 0.7591136526666666 0.21099476416015625 0.7623302359999999 0.20994764404296876 0.7648320226666666 0.21020942431640624 0.7709077913333334 0.2136125654296875 0.7741243746666667
1 0.24790575927734376 0.7498213006666666 0.2560209423828125 0.7476769120000001 0.2589005234375 0.7444603286666667 0.25811518310546877 0.7401715513333333 0.255759162109375 0.7373123659999999 0.25209424072265624 0.7373123659999999 0.248691099609375 0.7390993566666666 0.2452879580078125 0.7444603286666667 0.2458115185546875 0.747319514 0.24790575927734376 0.7498213006666666
1 0.2853403139648438 0.8874195853333334 0.28874345556640624 0.8859899926666667 0.292408376953125 0.878127234 0.292408376953125 0.8741958540000001 0.29005235595703127 0.8713366693333334 0.28481675390625 0.8713366693333334 0.2819371728515625 0.8727662613333333 0.2806282724609375 0.8813438173333334 0.2814136127929687 0.8849177986666666 0.2853403139648438 0.8874195853333334
1 0.58298429296875 0.8166547533333334 0.5874345551757812 0.8120085773333333 0.5850785341796875 0.802716226 0.5832460732421875 0.8005718373333334 0.5782722514648437 0.8030736239999999 0.5780104711914062 0.8077198 0.58298429296875 0.8166547533333334
1 0.6568062827148438 0.7816297353333332 0.6625654448242188 0.783059328 0.663874345703125 0.7812723373333333 0.6641361254882813 0.7780557539999999 0.6625654448242188 0.772337384 0.65445026171875 0.7712651893333333 0.6536649213867187 0.77305218 0.6539267016601562 0.7787705506666667 0.6568062827148438 0.7816297353333332
1 0.5704188481445313 0.77305218 0.5735602094726563 0.771979986 0.5751308901367187 0.7698355966666667 0.5748691098632812 0.7651894213333333 0.570942408203125 0.7626876340000001 0.5662303666992188 0.76340243 0.5646596860351563 0.7655468193333332 0.5654450263671875 0.7712651893333333 0.5704188481445313 0.77305218
1 0.6293193715820312 0.7219442460000001 0.633507853515625 0.7212294493333333 0.6353403139648437 0.7190850606666667 0.6353403139648437 0.7151536813333333 0.633507853515625 0.7140814866666666 0.6280104711914063 0.7147962833333332 0.6261780102539063 0.718012866 0.6267015708007813 0.7201572553333334 0.6293193715820312 0.7219442460000001
1 0.7222513090820313 0.6397426733333333 0.7301047119140625 0.6426018586666666 0.7337696333007813 0.6404574693333334 0.7340314135742187 0.6347390993333334 0.731675392578125 0.6325947106666666 0.7243455498046875 0.6308077200000001 0.72146596875 0.6333095066666666 0.72146596875 0.6383130806666666 0.7222513090820313 0.6397426733333333
1 0.7798429321289062 0.48070050066666664 0.7895287958984375 0.48034310199999997 0.7884816752929688 0.4731951393333333 0.7856020942382812 0.47140814866666664 0.779057591796875 0.4706933526666667 0.7767015708007813 0.4717655466666667 0.7764397905273438 0.47641172266666665 0.7798429321289062 0.48070050066666664
1 0.881675392578125 0.5239456753333334 0.887958115234375 0.5225160826666667 0.8863874345703125 0.5182273053333334 0.8871727749023437 0.5135811293333333 0.88481675390625 0.5110793426666667 0.8806282724609374 0.5117941386666667 0.879057591796875 0.5139385273333333 0.8793193715820312 0.5221586846666667 0.881675392578125 0.5239456753333334
1 0.8502617802734375 0.5235882773333334 0.8596858637695313 0.525375268 0.8636125654296875 0.5228734813333333 0.8667539267578125 0.5182273053333334 0.8704188481445313 0.509292352 0.8685863872070313 0.5067905646666666 0.8617801044921874 0.505003574 0.851308900390625 0.5053609720000001 0.8492146596679687 0.5075053606666667 0.8460732983398438 0.5146533240000001 0.84554973828125 0.5189421013333333 0.8502617802734375 0.5235882773333334
1 0.955759162109375 0.27519656866666664 0.959424083984375 0.27376697666666666 0.968324607421875 0.27412437466666667 0.9685863872070313 0.26518942133333334 0.9667539267578125 0.25446747666666664 0.9641361254882812 0.25196569 0.95628272265625 0.24982130066666666 0.9502617802734376 0.25017869933333337 0.95 0.27090779133333337 0.955759162109375 0.27519656866666664
1 0.9558367265625 0 0.9568062827148438 0.007147962666666667 0.9641361254882812 0.019656898 0.97591623046875 0.01929949933333333 0.9850785341796875 0.022158684666666668 0.9976439790039062 0.019656898 1 0.017083631333333335 1 0.0010721946666666668 0.9994764399414062 0 0.9558367265625 0
1 0.4863874345703125 0.146890636 0.4952879580078125 0.147248034 0.4981675390625 0.14010007133333333 0.49502617822265627 0.13438170133333333 0.4876963349609375 0.13402430333333332 0.483507853515625 0.13724088666666667 0.48376963330078127 0.14295925666666667 0.4863874345703125 0.146890636
1 0.40968586376953126 0.191922802 0.4130890053710938 0.19299499666666667 0.4193717275390625 0.18977841333333334 0.42041884814453123 0.186204432 0.4180628271484375 0.17905646866666666 0.41518324609375 0.176554682 0.410732984375 0.17869907066666668 0.40811518310546874 0.18834882066666667 0.40968586376953126 0.191922802
1 0.460732984375 0.191565404 0.4654450263671875 0.19442458866666668 0.47068062841796876 0.191922802 0.47015706787109374 0.187276626 0.46623036669921875 0.18406004266666665 0.460732984375 0.18548963533333332 0.4591623037109375 0.187276626 0.45968586376953124 0.18942101533333333 0.460732984375 0.191565404
1 0.42015706787109375 0.011436740666666667 0.42382198974609375 0.010364545999999999 0.427225130859375 0.006790564666666667 0.425392669921875 0.0028591853333333334 0.4196335078125 0.0014295926666666667 0.4154450263671875 0.003216583333333333 0.41413612548828127 0.007147962666666667 0.41465968603515624 0.008220157333333334 0.42015706787109375 0.011436740666666667
1 0 0.314581844 0.00104712060546875 0.3162973553333333 0.00445026171875 0.31736955 0.0089005234375 0.31593995733333335 0.01151832470703125 0.3070050033333333 0.0136125654296875 0.30450321666666663 0.01256544482421875 0.3005718373333333 0.00497382177734375 0.298427448 0 0.307481534 0 0.314581844
1 0.1971204189453125 0.032523230666666667 0.2060209423828125 0.03359542533333333 0.20811518310546875 0.032165832666666665 0.2091623037109375 0.023945675333333333 0.20628272265625 0.01929949933333333 0.19319371728515625 0.01858470333333333 0.1895287958984375 0.02108649066666667 0.18848167529296875 0.023945675333333333 0.189267015625 0.02787705533333333 0.1971204189453125 0.032523230666666667
1 0.0698952880859375 0.5793423873333333 0.07670157080078124 0.5768406006666666 0.0774869111328125 0.5679056466666667 0.07591623046875 0.5593280913333333 0.0712041884765625 0.5578984986666666 0.0680628271484375 0.5582558973333333 0.0667539267578125 0.560042888 0.0623036650390625 0.5768406006666666 0.063874345703125 0.5786275913333333 0.0698952880859375 0.5793423873333333
1 0.2981675390625 0.42458899200000005 0.30863874365234373 0.423516798 0.3143979057617188 0.41815582533333334 0.3143979057617188 0.414581844 0.31099476416015626 0.4113652606666667 0.3 0.4127948533333333 0.29554973828125 0.41779842733333333 0.2958115185546875 0.4213724086666667 0.2981675390625 0.42458899200000005
1 0.2604712041015625 0.4481772693333333 0.263874345703125 0.44889206600000003 0.2696335078125 0.44889206600000003 0.27329842919921876 0.4467476766666667 0.27198952880859373 0.43888491799999996 0.26910994775390623 0.43602573266666667 0.259424083984375 0.4378127233333333 0.25863874365234374 0.439242316 0.2589005234375 0.44531808466666667 0.2604712041015625 0.4481772693333333
1 0.43246073291015624 0.41243745533333337 0.4345549736328125 0.41315225133333333 0.43979057568359375 0.41243745533333337 0.44136125634765627 0.40957826999999997 0.4408376962890625 0.40457469599999996 0.43246073291015624 0.4038599 0.43141361279296875 0.4052894926666667 0.43141361279296875 0.4102930666666667 0.43246073291015624 0.41243745533333337
1 0.394240837890625 0.4428162973333333 0.39947643994140625 0.4424588993333333 0.40052356005859374 0.4378127233333333 0.3984293193359375 0.429592566 0.394240837890625 0.42816297333333336 0.3908376962890625 0.4303073626666667 0.39031413623046873 0.43852751933333334 0.3921465966796875 0.4410293066666666 0.394240837890625 0.4428162973333333
1 0.3426701572265625 0.36740528933333333 0.344240837890625 0.3716940673333334 0.34895287939453123 0.37240886333333334 0.35 0.3713366693333333 0.3510471206054688 0.3627591133333334 0.348691099609375 0.358470336 0.34005235595703126 0.35596854866666666 0.337958115234375 0.35882773399999995 0.3382198955078125 0.363116512 0.3426701572265625 0.36740528933333333
1 0.3397905756835938 0.287705504 0.3445026176757813 0.2862759113333333 0.34895287939453123 0.283059328 0.34947643994140626 0.2794853466666667 0.34476439794921876 0.27626876333333333 0.33848167529296874 0.27662616133333334 0.33481675390625 0.27984274466666664 0.33481675390625 0.28484631866666665 0.3397905756835938 0.287705504
1 0.2921465966796875 0.282344532 0.29790575927734375 0.28949249466666666 0.30261780126953125 0.28949249466666666 0.30366492138671874 0.2744817726666667 0.30261780126953125 0.2705503933333333 0.298691099609375 0.26876340266666665 0.29371727734375 0.26912080066666666 0.2842931938476562 0.27519656866666664 0.2845549736328125 0.27662616133333334 0.2921465966796875 0.282344532
1 0.3287958115234375 0.7805575413333333 0.33246073291015626 0.777698356 0.3345549736328125 0.77305218 0.3319371728515625 0.7691208006666668 0.32774869091796877 0.7698355966666667 0.32356020947265623 0.77305218 0.32329842919921875 0.7791279486666667 0.3287958115234375 0.7805575413333333
1 0.44476439794921874 0.803431022 0.44921465966796875 0.8037884200000001 0.45 0.802716226 0.4497382197265625 0.7948534666666666 0.4450261782226563 0.7905646893333332 0.43979057568359375 0.7902072906666667 0.43717277490234374 0.7944960686666667 0.437958115234375 0.7969978553333333 0.44476439794921874 0.803431022
1 0.6583769633789063 0.994996426 0.660732984375 0.9932094353333334 0.66335078515625 0.9896354540000001 0.6654450263671875 0.9832022873333334 0.6641361254882813 0.9792709079999999 0.6589005234375 0.9767691206666667 0.65445026171875 0.9781987133333334 0.6505235600585938 0.9871336666666666 0.6502617802734375 0.9914224446666667 0.6523560209960938 0.9924946393333333 0.6583769633789063 0.994996426
1 0.7842931938476563 0.6190135813333333 0.7913612563476562 0.6143674053333333 0.789267015625 0.6100786273333333 0.786125654296875 0.6097212293333334 0.7801047119140625 0.6125804146666667 0.7793193715820312 0.6140100073333333 0.7798429321289062 0.6172265906666666 0.7842931938476563 0.6190135813333333
1 0.8842931938476563 0.65189421 0.8908376962890625 0.6529664046666667 0.8945026176757812 0.65189421 0.8960732983398437 0.6479628306666667 0.89371727734375 0.6443888493333333 0.8842931938476563 0.641887062 0.8806282724609374 0.6440314513333334 0.8803664921875 0.6486776266666666 0.8842931938476563 0.65189421
1 0.8421465966796875 0.6797712653333333 0.8471204189453125 0.6783416726666667 0.8515706806640625 0.6729807006666667 0.8518324609375 0.6704789133333333 0.8510471206054687 0.66726233 0.8390052358398438 0.6551107933333333 0.8342931938476562 0.65582559 0.8301047119140625 0.660829164 0.829057591796875 0.6647605433333333 0.8314136127929688 0.6686919226666667 0.8421465966796875 0.6797712653333333
1 0.8308900522460938 0.652251608 0.833507853515625 0.6529664046666667 0.8387434555664063 0.65189421 0.84554973828125 0.6436740526666667 0.8460732983398438 0.6390278773333333 0.85 0.6350964973333334 0.8502617802734375 0.6272337386666667 0.8434554975585937 0.6229449606666667 0.8374345551757812 0.625446748 0.829057591796875 0.6397426733333333 0.8277486909179688 0.6476054326666667 0.8287958115234375 0.6497498213333334 0.8308900522460938 0.652251608
1 0.8473821987304687 0.656897784 0.8625654448242187 0.660829164 0.8675392670898437 0.6597569693333333 0.8685863872070313 0.656540386 0.86701570703125 0.6479628306666667 0.863874345703125 0.6393852753333333 0.8609947641601563 0.63652609 0.85628272265625 0.6350964973333334 0.8497382197265625 0.6354538953333333 0.8445026176757813 0.641887062 0.8447643979492188 0.652251608 0.8473821987304687 0.656897784
1 0.6497382197265625 0.32880629 0.6583769633789063 0.3295210866666667 0.6625654448242188 0.32701929933333335 0.6636125654296875 0.3248749106666667 0.662041884765625 0.3205861326666667 0.6583769633789063 0.317726948 0.6518324609375 0.3170121513333333 0.6489528793945313 0.31808434599999996 0.6465968583984375 0.32094353133333337 0.6465968583984375 0.32666190133333334 0.6497382197265625 0.32880629
1 0.7814136127929687 0.3213009293333333 0.7853403139648437 0.32237312333333334 0.7882198955078125 0.3213009293333333 0.7895287958984375 0.3170121513333333 0.787958115234375 0.3120085773333333 0.7832460732421875 0.308434596 0.7801047119140625 0.308791994 0.7767015708007813 0.312723374 0.7777486909179687 0.3170121513333333 0.7814136127929687 0.3213009293333333
1 0.7128272250976563 0.28448892066666664 0.71701570703125 0.287348106 0.72146596875 0.28663330933333336 0.7225130888671875 0.283059328 0.72146596875 0.27412437466666667 0.7149214658203125 0.27090779133333337 0.7115183247070312 0.2712651893333333 0.7096858637695312 0.27555396733333337 0.7117801044921875 0.28198713400000003 0.7128272250976563 0.28448892066666664
1 0.7719895288085937 0.19120800599999999 0.77408376953125 0.1940671906666667 0.7806282724609375 0.19513938533333333 0.7842931938476563 0.1940671906666667 0.78664921484375 0.191565404 0.7842931938476563 0.17869907066666668 0.7795811518554687 0.171908506 0.77408376953125 0.17083631133333332 0.7680628271484375 0.171908506 0.766492146484375 0.17476769133333334 0.7667539267578125 0.17691207999999997 0.7719895288085937 0.19120800599999999
1 0.7625654448242187 0.017155110666666664 0.7680628271484375 0.016797712666666666 0.7722513090820312 0.015725518 0.7735602094726562 0.011079342666666667 0.7717277485351562 0.007505360666666667 0.763874345703125 0.007505360666666667 0.7589005234375 0.010007148 0.7591623037109375 0.014295925333333334 0.7625654448242187 0.017155110666666664
1 0.8678010473632812 0.25625446733333335 0.87146596875 0.25732666200000004 0.8767015708007813 0.25732666200000004 0.87853403125 0.25446747666666664 0.8761780102539063 0.24839170866666666 0.872774869140625 0.247319514 0.8678010473632812 0.24803431 0.866492146484375 0.25017869933333337 0.8667539267578125 0.2537526806666667 0.8678010473632812 0.25625446733333335
1 0.9350785341796874 0.262330236 0.9431937172851562 0.262687634 0.9452879580078125 0.2587562546666667 0.9458115185546875 0.24946390266666665 0.9450261782226562 0.24517512533333335 0.9408376962890626 0.242673338 0.9327225131835938 0.24338813466666667 0.9311518325195313 0.24624731933333333 0.9327225131835938 0.258041458 0.9350785341796874 0.262330236
1 0.5068062827148437 0.6426018586666666 0.5117801044921875 0.641172266 0.513874345703125 0.631165118 0.5109947641601562 0.6290207293333334 0.5018324609375 0.631522516 0.4994764399414062 0.6354538953333333 0.4997382197265625 0.6401000713333334 0.5068062827148437 0.6426018586666666
1 0.507591623046875 0.6150822013333334 0.5123036650390626 0.6132952106666667 0.51335078515625 0.606147248 0.5117801044921875 0.601143674 0.5068062827148437 0.6022158686666667 0.5049738217773437 0.606147248 0.50445026171875 0.610436026 0.5052356020507812 0.6125804146666667 0.507591623046875 0.6150822013333334
1 0.410732984375 0.6536812006666667 0.4154450263671875 0.6536812006666667 0.41753926708984374 0.652251608 0.41858638720703123 0.6472480340000001 0.41623036669921876 0.6443888493333333 0.4104712041015625 0.6443888493333333 0.407591623046875 0.6472480340000001 0.4078534033203125 0.65189421 0.410732984375 0.6536812006666667
1 0.1710229560546875 1 0.1712041884765625 0.9996426020000001 0.17041884814453126 0.9957112220000001 0.16465968603515624 0.994639028 0.16282722509765624 0.9960686206666666 0.16151832470703126 0.9989278053333334 0.16162303662109376 1 0.1710229560546875 1
1 0.13246073291015625 0.9724803433333333 0.13900523583984375 0.9724803433333333 0.14345549755859374 0.9681915653333334 0.14371727734375 0.9621157966666667 0.1395287958984375 0.9578270193333333 0.13376963330078126 0.9581844173333334 0.1301047119140625 0.9624731953333333 0.1287958115234375 0.9664045746666667 0.129057591796875 0.9706933526666667 0.13246073291015625 0.9724803433333333
1 0.12172774853515625 0.9735525373333334 0.12591623046875 0.970335954 0.1243455498046875 0.96533238 0.11884816748046875 0.9617583986666667 0.11413612548828125 0.9639027880000001 0.113874345703125 0.9671193706666666 0.12172774853515625 0.9735525373333334
1 0.02617801025390625 0.5139385273333333 0.0303664921875 0.515010722 0.03376963330078125 0.50964975 0.02984293212890625 0.5053609720000001 0.025392669921875 0.504288778 0.0230366494140625 0.5064331666666667 0.0230366494140625 0.5107219439999999 0.02617801025390625 0.5139385273333333
1 0.05523560205078125 0.5271622586666667 0.059424083984375 0.52501787 0.07041884814453125 0.510007148 0.07015706787109376 0.50571837 0.063874345703125 0.49928520400000004 0.05968586376953125 0.5017869906666667 0.05104712060546875 0.5132237313333333 0.0497382197265625 0.5178699073333333 0.0502617802734375 0.5214438886666667 0.05523560205078125 0.5271622586666667
1 0.06151832470703125 0.5343102213333333 0.0636125654296875 0.5364546106666667 0.06910994775390625 0.535739814 0.07827225146484375 0.5318084346666667 0.07931937158203126 0.530021444 0.07931937158203126 0.5264474626666666 0.07617801025390625 0.520371694 0.07225130908203126 0.5185847033333334 0.060732984375 0.5243030733333334 0.05968586376953125 0.5264474626666666 0.0604712041015625 0.530378842 0.06151832470703125 0.5343102213333333
1 0.0926701572265625 0.10721944266666666 0.09790575927734375 0.106862044 0.10104712060546875 0.10471765533333333 0.101308900390625 0.10114367399999999 0.1002617802734375 0.09828448866666667 0.0971204189453125 0.096497498 0.08979057568359375 0.09756969266666667 0.087958115234375 0.09935668333333332 0.087958115234375 0.10436025733333334 0.0926701572265625 0.10721944266666666
1 0.1471204189453125 0.2902072906666667 0.151308900390625 0.2891350966666667 0.1518324609375 0.28270193 0.15104712060546874 0.2794853466666667 0.14790575927734376 0.27662616133333334 0.1439790576171875 0.27805575400000004 0.14293193701171875 0.27984274466666664 0.14319371728515626 0.28591851333333335 0.1471204189453125 0.2902072906666667
1 0.175392669921875 0.218012866 0.179057591796875 0.216583274 0.17984293212890626 0.2115797 0.179057591796875 0.2087205146666667 0.177225130859375 0.207290922 0.172774869140625 0.20836311666666665 0.17225130908203126 0.21622587533333334 0.175392669921875 0.218012866
1 0.272774869140625 0.19152680466666666 0.27591623046875 0.18973981399999998 0.2777486909179688 0.18616583266666664 0.2774869111328125 0.180090064 0.27225130908203127 0.178660472 0.26884816748046875 0.18330664733333332 0.26884816748046875 0.18831022133333333 0.272774869140625 0.19152680466666666
1 0.4698952880859375 0.9228020013333333 0.472774869140625 0.9203002146666666 0.47486910986328124 0.9160114366666666 0.47382198974609374 0.9088634740000001 0.4698952880859375 0.9081486773333333 0.46596858642578126 0.9120800573333333 0.46518324609375 0.9156540386666667 0.4657068061523438 0.9224446033333333 0.4698952880859375 0.9228020013333333
1 0.563874345703125 0.8459614013333333 0.5667539267578126 0.8470335953333333 0.5701570678710938 0.8409578273333334 0.5701570678710938 0.8363116513333333 0.56701570703125 0.833809864 0.5649214658203126 0.8348820586666668 0.5623036650390625 0.839170836 0.5623036650390625 0.843459614 0.563874345703125 0.8459614013333333
1 0.8803664921875 0.9928520373333334 0.8845549736328125 0.9942816299999999 0.8884816752929687 0.9928520373333334 0.890575916015625 0.9878484633333334 0.8887434555664062 0.9824874913333334 0.8803664921875 0.9764117226666668 0.8761780102539063 0.9756969266666666 0.8751308901367187 0.9767691206666667 0.8730366494140624 0.9839170833333333 0.8803664921875 0.9928520373333334
1 0.33089005224609375 0.6497498213333334 0.33429319384765627 0.6486776266666666 0.336125654296875 0.6451036453333333 0.33586387451171873 0.6397426733333333 0.331675392578125 0.6383130806666666 0.329057591796875 0.6397426733333333 0.327225130859375 0.6436740526666667 0.3274869111328125 0.6479628306666667 0.33089005224609375 0.6497498213333334
1 0.2984293193359375 0.66726233 0.30261780126953125 0.66726233 0.30523560205078126 0.6647605433333333 0.30549738232421875 0.660829164 0.3028795810546875 0.6576125806666666 0.298691099609375 0.6579699786666666 0.29554973828125 0.660829164 0.29607329833984375 0.6644031453333333 0.2984293193359375 0.66726233
1 0.09748926708984375 0.74050822 0.10263167529296875 0.7396658326666667 0.10324869091796875 0.737232666 0.1001633505859375 0.73339564 0.09406099462890626 0.7347994993333333 0.09646073291015625 0.7406018586666667 0.09748926708984375 0.74050822
1 0.12189842919921876 0.7061629733333332 0.12306413623046875 0.7004542533333333 0.11559057568359375 0.6996122233333334 0.11483638720703125 0.705320586 0.12189842919921876 0.7061629733333332
1 0.10252303662109374 0.922753038 0.1020869111328125 0.917792352 0.09539921484375 0.9174946393333333 0.09307303662109374 0.9190822013333333 0.0944541884765625 0.9234474626666667 0.09881570703125 0.9255042886666667 0.10252303662109374 0.922753038
1 0.199274869140625 0.9758423873333333 0.2009468583984375 0.9733620439999999 0.2007287958984375 0.9693934953333334 0.196658115234375 0.968996426 0.19367774853515626 0.9721715513333333 0.19120628271484374 0.975048606 0.19251465966796874 0.9818945673333332 0.1968034033203125 0.9819935666666667 0.199274869140625 0.9758423873333333
1 0.5467020942382812 0.9603670480000001 0.5464112563476563 0.956695854 0.5427767016601562 0.9534220873333333 0.5414683247070312 0.955207648 0.5413230366210937 0.9614581846666667 0.5459026176757813 0.9650300213333334 0.5467020942382812 0.9603670480000001
1 0.5972952880859375 0.6656154393333333 0.5969316752929688 0.660059328 0.5890811518554687 0.6601586846666666 0.5893717275390625 0.66618406 0.5972952880859375 0.6656154393333333
1 0.6178022744140625 0 0.61706727734375 0.0027737666666666667 0.6232821987304688 0.005081129333333333 0.6251358637695312 0.000095068 0.6248084912109375 0 0.6178022744140625 0
1 0.6353853403320312 0.009322016 0.6373479057617187 0.0027737666666666667 0.6321869111328124 0.002079342666666667 0.6311691098632812 0.008825947333333334 0.6353853403320312 0.009322016
1 0.7114201572265625 0.01864832 0.7090942407226563 0.01606862066666667 0.7059683247070313 0.016366333333333333 0.7048052358398438 0.020830950666666667 0.7080764399414062 0.023112938 0.7113476440429688 0.024204432 0.7114201572265625 0.01864832
1 0.5147180629882813 0.16538420333333334 0.5027965966796875 0.15070014266666668 0.4970541884765625 0.15139492466666668 0.4965452880859375 0.16250679066666668 0.49814450244140623 0.170840958 0.5133732983398438 0.17448749133333336 0.5147180629882813 0.16538420333333334
1 0.5287473823242187 0.15893531066666666 0.5342719897460938 0.15615725533333333 0.5362345551757812 0.15218834866666667 0.5345628271484375 0.14683095066666668 0.525767015625 0.14921193733333332 0.522641361328125 0.15298213 0.52394973828125 0.15774446 0.52656675390625 0.15982809133333334 0.5287473823242187 0.15893531066666666
1 0.5227141362304687 0.18760829133333334 0.5227866494140625 0.182945318 0.5211874345703125 0.17758756266666667 0.5243133505859375 0.17292458866666668 0.5206060209960938 0.16845997133333332 0.513991099609375 0.17986955000000002 0.5179164921875 0.182945318 0.5203151831054688 0.18800536066666665 0.5227141362304687 0.18760829133333334
1 0.5413958115234375 0.16607862733333334 0.543358376953125 0.16260614733333334 0.542558638671875 0.15625625466666665 0.5419044501953125 0.15447033599999999 0.5380518325195313 0.15337919933333335 0.5369615185546875 0.15486740533333335 0.536307330078125 0.16082022866666668 0.5386335078125 0.168261258 0.5413958115234375 0.16607862733333334
1 0.5296196333007812 0.139389564 0.5311463349609375 0.13393280933333335 0.5256945024414063 0.134032166 0.5230774868164062 0.143060758 0.5267848168945313 0.14501250866666668 0.5296196333007812 0.139389564
1 0.39851806298828124 0.468800572 0.36753926708984375 0.4607169406666667 0.36594476416015626 0.47859399599999997 0.39555706787109374 0.48574481799999997 0.39851806298828124 0.468800572
1 0.3743727749023438 0.4795264473333333 0.33895209423828127 0.4697330233333333 0.33451020947265625 0.4974035026666666 0.368792146484375 0.506837384 0.3743727749023438 0.4795264473333333
1 0.3383824609375 0.5076633306666667 0.3470384814453125 0.5034660473333333 0.346924607421875 0.5009789133333333 0.339407591796875 0.49678163000000003 0.3323463349609375 0.5020671906666666 0.3266515708007813 0.501600786 0.3244876962890625 0.5092180126666667 0.3378130888671875 0.5134149393333333 0.3383824609375 0.5076633306666667
1 0.298975392578125 0.5228974266666666 0.29908926708984374 0.5174567546666666 0.28929450244140625 0.5146586846666666 0.28678900537109375 0.521343102 0.29533089013671876 0.525384918 0.298975392578125 0.5228974266666666
1 0.311275916015625 0.7637619726666667 0.31093429296875 0.7558338099999999 0.30523952880859373 0.7556783420000001 0.3053534033203125 0.763295568 0.311275916015625 0.7637619726666667
1 0.28371387451171876 0.6930314513333333 0.2720965966796875 0.6927205146666667 0.270957853515625 0.706400286 0.28154973828125 0.7065557539999999 0.28371387451171876 0.6930314513333333
1 0.35933900537109376 0.8792816299999999 0.3566054975585938 0.873529664 0.35261910986328127 0.8758616866666666 0.35615 0.8827015726666667 0.35933900537109376 0.8792816299999999
1 0.3925958115234375 0.8181890633333334 0.38428141357421874 0.8135253753333334 0.3826869111328125 0.8205207293333333 0.3905455498046875 0.8250289493333333 0.3925958115234375 0.8181890633333334
1 0.39441806298828125 0.8464814153333333 0.3946458115234375 0.8411958540000001 0.3861039267578125 0.8411958540000001 0.385875916015625 0.845036812 0.39441806298828125 0.8464814153333333
1 0.45193403125 0.840107934 0.451592408203125 0.8365325233333333 0.4460115185546875 0.832646176 0.44248089013671876 0.833889564 0.442025392578125 0.838553252 0.448574345703125 0.8429374553333334 0.45193403125 0.840107934
1 0.4866714658203125 0.8656147246666667 0.47801570703125 0.8643709793333334 0.4748267016601562 0.8695007146666667 0.48473534033203125 0.8715218013333333 0.4866714658203125 0.8656147246666667
1 0.5100196333007813 0.873076126 0.507741884765625 0.8645264473333333 0.5028442407226562 0.8657698353333334 0.5070013090820312 0.8748917086666667 0.5100196333007813 0.873076126
1 0.28565 0.9526801286666667 0.275057853515625 0.9491047173333333 0.2693633505859375 0.9601418873333334 0.2799552358398438 0.9640282346666667 0.28565 0.9526801286666667
1 0.7314798427734375 0.25359613999999997 0.7217151831054688 0.2542973553333333 0.7196594243164063 0.27113259466666667 0.7274541884765625 0.2720182273333333 0.7314798427734375 0.25359613999999997
1 0.18900523583984374 0.6979985706666666 0.1939790576171875 0.7008577553333333 0.2018324609375 0.6937097926666667 0.2041884814453125 0.6897784133333333 0.20445026171875 0.6854896353333334 0.2018324609375 0.6794138673333333 0.1981675390625 0.677269478 0.19633507861328126 0.6776268766666667 0.19293193701171876 0.6797712653333333 0.18717277490234374 0.6865618299999999 0.186125654296875 0.6894210153333333 0.1863874345703125 0.6929949966666666 0.18900523583984374 0.6979985706666666
1 0.1801047119140625 0.7097927093333333 0.1819371728515625 0.7101501073333334 0.1845549736328125 0.7083631166666667 0.18560209423828125 0.6987133666666667 0.18403141357421876 0.6926375979999999 0.18115183251953124 0.6904932093333334 0.17670157080078125 0.6904932093333334 0.17513089013671876 0.697641172 0.17643979052734374 0.7044317366666667 0.1801047119140625 0.7097927093333333
1 0.0984293193359375 0.429592566 0.10104712060546875 0.43209435333333335 0.105759162109375 0.43209435333333335 0.10863874365234374 0.4263759826666667 0.10837696337890625 0.4217298073333333 0.105759162109375 0.41779842733333333 0.1018324609375 0.41815582533333334 0.0971204189453125 0.4220872053333333 0.09738219873046874 0.4263759826666667 0.0984293193359375 0.429592566
1 0.13530628271484374 0.34369371 0.1301793193359375 0.3212726946666667 0.11846073291015626 0.3258427446666667 0.12390157080078125 0.3498345246666667 0.13530628271484374 0.34369371
1 0.12651727734375 0.35311901333333334 0.11542643994140625 0.34283702666666666 0.11186910986328125 0.348834882 0.12222748681640624 0.3601168693333333 0.12651727734375 0.35311901333333334
1 0.1235876962890625 0.3001254466666667 0.12421544482421874 0.295840958 0.119925654296875 0.295840958 0.11762382177734375 0.30055361 0.11825157080078125 0.3042666193333333 0.1227505234375 0.303409936 0.1235876962890625 0.3001254466666667
1 0.1077884814453125 0.491256612 0.1026615185546875 0.48668656200000004 0.099941099609375 0.49139921400000003 0.1046494765625 0.4956837026666667 0.1077884814453125 0.491256612
1 0.05840287939453125 0.3065457466666667 0.0578795810546875 0.3048320226666667 0.0559963349609375 0.30083345266666667 0.05358979052734375 0.3006904933333333 0.05243874365234375 0.30411794133333336 0.05641492138671875 0.30836347399999997 0.05840287939453125 0.3065457466666667
1 0.01351623046875 0.2337015726666667 0.0134115185546875 0.230416726 0.0070290576171875 0.22484739066666667 0.00357643994140625 0.22556147266666668 0.00378560205078125 0.23170228733333334 0.0098541884765625 0.23655754133333334 0.0134115185546875 0.23529664066666664 0.01351623046875 0.2337015726666667
1 0.0192709423828125 0.14213152266666668 0.02063115185546875 0.13841851333333333 0.0183293193359375 0.13599070733333335 0.01309764404296875 0.13684774866666666 0.0124698955078125 0.139418156 0.01498115185546875 0.14141744133333334 0.0192709423828125 0.14213152266666668
1 0.063425130859375 0.075976054 0.0494044501953125 0.028848820666666667 0.03182670166015625 0.035418156 0.044957853515625 0.08316368866666667 0.063425130859375 0.075976054
1 0.02805994775390625 0.07997462466666667 0.02523481689453125 0.07012080066666666 0.01979424072265625 0.07154896333333334 0.0218866494140625 0.08211686933333333 0.02805994775390625 0.07997462466666667
1 0.0748501416015625 0 0.074725130859375 0.0007037166666666666 0.076608638671875 0.008130092666666667 0.084141884765625 0.010700500666666668 0.08843167529296875 0.010953895333333333 0.09031518310546875 0.006558970666666667 0.0887455498046875 0.0005611153333333333 0.0879091962890625 0 0.0748501416015625 0
1 0.2286369111328125 0.05882701933333333 0.22759057568359375 0.048545032 0.2269628271484375 0.04426054333333333 0.22267277490234375 0.039976412 0.2135698955078125 0.03512080066666667 0.20823376953125 0.035834882 0.2079198955078125 0.04483202266666667 0.21158193701171876 0.05968406 0.22162643994140624 0.06768120066666666 0.2299968583984375 0.06752180133333334 0.2286369111328125 0.05882701933333333
1 0.2495628271484375 0.055828091333333336 0.23292670166015625 0.04426054333333333 0.22633481689453125 0.054971408 0.24270968603515625 0.06645032133333334 0.2495628271484375 0.055828091333333336
1 0.2923301044921875 0.20704789133333334 0.2926054975585938 0.1966182986666667 0.28785523583984374 0.19643030733333333 0.28813062841796877 0.20742387399999998 0.2923301044921875 0.20704789133333334
1 0.556825654296875 0.6491644033333334 0.5528874345703125 0.6466350966666666 0.5492968583984374 0.649954968 0.5496445024414063 0.6545396713333334 0.5536984291992187 0.6554588993333333 0.556825654296875 0.6491644033333334
1 0.687674607421875 0.6632741246666667 0.6875198955078125 0.661900286 0.6875971206054687 0.6588348820000001 0.68558376953125 0.657143674 0.683957591796875 0.6599974980000001 0.6846544501953125 0.6632741246666667 0.6875971206054687 0.6635718373333334 0.687674607421875 0.6632741246666667
1 0.6465541884765625 0.6462569693333333 0.6476382197265625 0.6438259473333333 0.6465541884765625 0.6390696926666667 0.6398942407226562 0.6400207293333333 0.63718376953125 0.6472083633333333 0.6465541884765625 0.6462569693333333