1 0.388427734375 0.28833333333333333 0.394775390625 0.29033333333333333 0.406494140625 0.28933333333333333 0.41064453125 0.285 0.414794921875 0.275 0.415771484375 0.2663333333333333 0.4130859375 0.26033333333333336 0.400146484375 0.248 0.390380859375 0.24133333333333334 0.388671875 0.239 0.380126953125 0.23966666666666667 0.376708984375 0.23833333333333334 0.371826171875 0.24033333333333334 0.3583984375 0.23066666666666666 0.35107421875 0.22866666666666666 0.349609375 0.22866666666666666 0.347412109375 0.23166666666666666 0.344970703125 0.23766666666666666 0.34521484375 0.243 0.34912109375 0.253 0.35400390625 0.26033333333333336 0.388427734375 0.28833333333333333
1 0.52978515625 0.6783333333333333 0.537353515625 0.6893333333333334 0.540771484375 0.692 0.544921875 0.6913333333333334 0.547119140625 0.6856666666666666 0.544921875 0.6586666666666666 0.538818359375 0.6386666666666667 0.532958984375 0.6273333333333333 0.526123046875 0.622 0.524169921875 0.622 0.521728515625 0.629 0.522705078125 0.6346666666666667 0.519775390625 0.6416666666666667 0.5146484375 0.6393333333333333 0.510009765625 0.6396666666666667 0.501953125 0.6423333333333333 0.50048828125 0.6446666666666667 0.50048828125 0.6473333333333333 0.503662109375 0.6513333333333333 0.525146484375 0.665 0.52978515625 0.6783333333333333
1 0.652099609375 0.574 0.661865234375 0.581 0.6806640625 0.5883333333333334 0.685302734375 0.5876666666666667 0.691650390625 0.5836666666666667 0.70458984375 0.57 0.708740234375 0.5566666666666666 0.70849609375 0.552 0.710205078125 0.5446666666666666 0.708740234375 0.5403333333333333 0.704833984375 0.5376666666666666 0.696044921875 0.5363333333333333 0.681640625 0.5313333333333333 0.65478515625 0.536 0.64990234375 0.5376666666666666 0.64599609375 0.5416666666666666 0.644775390625 0.545 0.64501953125 0.552 0.64990234375 0.5693333333333334 0.652099609375 0.574
1 0.883544921875 0.20366666666666666 0.8828125 0.21266666666666667 0.884765625 0.21566666666666667 0.888671875 0.218 0.89404296875 0.218 0.902099609375 0.20966666666666667 0.899169921875 0.20066666666666666 0.89990234375 0.19733333333333333 0.9033203125 0.19333333333333333 0.902587890625 0.19133333333333333 0.888671875 0.181 0.884521484375 0.18066666666666667 0.88037109375 0.18566666666666667 0.879150390625 0.19033333333333333 0.876708984375 0.19333333333333333 0.8828125 0.201 0.883544921875 0.20366666666666666
1 0.918701171875 0.12433333333333334 0.91943359375 0.12766666666666668 0.927490234375 0.13566666666666666 0.931640625 0.13466666666666666 0.93408203125 0.12666666666666668 0.94091796875 0.119 0.9384765625 0.11466666666666667 0.923583984375 0.102 0.916015625 0.10133333333333333 0.912841796875 0.10333333333333333 0.912353515625 0.106 0.912109375 0.111 0.914306640625 0.11433333333333333 0.916015625 0.12066666666666667 0.918701171875 0.12433333333333334
1 0.086181640625 0.21666666666666667 0.0859375 0.21266666666666667 0.083740234375 0.208 0.073486328125 0.20933333333333334 0.0703125 0.215 0.070556640625 0.22066666666666668 0.073974609375 0.223 0.081298828125 0.221 0.086181640625 0.21666666666666667
1 0.154052734375 0.18933333333333333 0.15478515625 0.17766666666666667 0.154052734375 0.17366666666666666 0.1513671875 0.16933333333333334 0.146728515625 0.16933333333333334 0.142578125 0.17466666666666666 0.142333984375 0.17933333333333334 0.146484375 0.18866666666666668 0.14990234375 0.19 0.154052734375 0.18933333333333333
1 0.229563720703125 0.14643433333333333 0.229895751953125 0.16888899999999998 0.256142578125 0.17250033333333334 0.253294189453125 0.146666 0.229563720703125 0.14643433333333333
1 0.079833984375 0.3953333333333333 0.08740234375 0.39066666666666666 0.09912109375 0.395 0.10302734375 0.39366666666666666 0.10400390625 0.392 0.104736328125 0.3883333333333333 0.103271484375 0.38433333333333336 0.096923828125 0.38166666666666665 0.091796875 0.37666666666666665 0.083251953125 0.37466666666666665 0.080078125 0.37566666666666665 0.0771484375 0.37866666666666665 0.076416015625 0.38066666666666665 0.07666015625 0.389 0.077880859375 0.39366666666666666 0.079833984375 0.3953333333333333
1 0.1181640625 0.43566666666666665 0.12744140625 0.443 0.12890625 0.44666666666666666 0.128173828125 0.449 0.12060546875 0.45566666666666666 0.11376953125 0.4686666666666667 0.11181640625 0.47 0.107177734375 0.469 0.10595703125 0.4703333333333333 0.104248046875 0.47433333333333333 0.10498046875 0.4816666666666667 0.10791015625 0.486 0.114990234375 0.48733333333333334 0.1181640625 0.48966666666666664 0.11865234375 0.494 0.11669921875 0.49833333333333335 0.1201171875 0.5043333333333333 0.122802734375 0.5046666666666667 0.125 0.5083333333333333 0.138427734375 0.517 0.142333984375 0.516 0.146728515625 0.511 0.14892578125 0.5066666666666667 0.15576171875 0.5016666666666667 0.15673828125 0.49366666666666664 0.1552734375 0.486 0.153564453125 0.48233333333333334 0.148681640625 0.47733333333333333 0.14794921875 0.47433333333333333 0.149658203125 0.4703333333333333 0.1552734375 0.466 0.15576171875 0.45766666666666667 0.153564453125 0.44466666666666665 0.150390625 0.44066666666666665 0.144775390625 0.43933333333333335 0.14111328125 0.437 0.138916015625 0.4266666666666667 0.13720703125 0.4226666666666667 0.134521484375 0.42033333333333334 0.115478515625 0.4176666666666667 0.10986328125 0.42 0.109619140625 0.42766666666666664 0.111328125 0.42866666666666664 0.115234375 0.428 0.1181640625 0.43566666666666665
1 0.032958984375 0.5666666666666667 0.0361328125 0.5636666666666666 0.038330078125 0.545 0.03662109375 0.5433333333333333 0.029296875 0.541 0.025634765625 0.542 0.02392578125 0.545 0.022705078125 0.5533333333333333 0.022705078125 0.5606666666666666 0.0244140625 0.5643333333333334 0.029296875 0.5676666666666667 0.032958984375 0.5666666666666667
1 0.047119140625 0.529 0.047119140625 0.5246666666666666 0.04443359375 0.5166666666666667 0.041259765625 0.5143333333333333 0.033203125 0.5146666666666667 0.031982421875 0.5166666666666667 0.03271484375 0.5233333333333333 0.037109375 0.5316666666666666 0.044677734375 0.5313333333333333 0.047119140625 0.529
1 0.029052734375 0.497 0.02978515625 0.5016666666666667 0.036865234375 0.509 0.046630859375 0.5056666666666667 0.049072265625 0.49833333333333335 0.049072265625 0.48933333333333334 0.045166015625 0.478 0.041748046875 0.47333333333333333 0.036865234375 0.4696666666666667 0.032958984375 0.4693333333333333 0.031005859375 0.47433333333333333 0.031494140625 0.48133333333333334 0.03564453125 0.48633333333333334 0.036376953125 0.49 0.029052734375 0.497
1 0 0.44366666666666665 0.00634765625 0.44366666666666665 0.013427734375 0.44166666666666665 0.017822265625 0.43133333333333335 0.02685546875 0.429 0.031494140625 0.42233333333333334 0.046142578125 0.4196666666666667 0.057373046875 0.4266666666666667 0.060302734375 0.42533333333333334 0.064453125 0.417 0.0634765625 0.41233333333333333 0.060302734375 0.4093333333333333 0.056396484375 0.4066666666666667 0.05126953125 0.406 0.04345703125 0.4023333333333333 0.02490234375 0.403 0.013427734375 0.4093333333333333 0.006103515625 0.416 0.00537109375 0.42766666666666664 0 0.432 0 0.44366666666666665
1 0.056640625 0.3343333333333333 0.05615234375 0.326 0.0537109375 0.32366666666666666 0.0498046875 0.325 0.0478515625 0.32866666666666666 0.04833984375 0.33366666666666667 0.051513671875 0.3363333333333333 0.053466796875 0.33666666666666667 0.056640625 0.3343333333333333
1 0.05322265625 0.29433333333333334 0.05419921875 0.2906666666666667 0.052490234375 0.28633333333333333 0.046875 0.2846666666666667 0.044921875 0.2846666666666667 0.043701171875 0.28633333333333333 0.0439453125 0.2906666666666667 0.045166015625 0.29333333333333333 0.048095703125 0.2946666666666667 0.05322265625 0.29433333333333334
1 0.017333984375 0.3556666666666667 0.01806640625 0.35333333333333333 0.017333984375 0.34833333333333333 0.013916015625 0.3456666666666667 0.010009765625 0.346 0.00830078125 0.34833333333333333 0.005859375 0.35333333333333333 0.008056640625 0.35733333333333334 0.013427734375 0.3586666666666667 0.017333984375 0.3556666666666667
1 0.14990234375 0.2876666666666667 0.1494140625 0.2803333333333333 0.147216796875 0.2753333333333333 0.14501953125 0.27466666666666667 0.142333984375 0.2763333333333333 0.14111328125 0.2826666666666667 0.14208984375 0.2866666666666667 0.146240234375 0.2896666666666667 0.14990234375 0.2876666666666667
1 0.19580078125 0.43533333333333335 0.193359375 0.424 0.189208984375 0.426 0.185546875 0.43233333333333335 0.185546875 0.43933333333333335 0.188720703125 0.443 0.192626953125 0.441 0.19580078125 0.43533333333333335
1 0.166748046875 0.12066666666666667 0.16845703125 0.11433333333333333 0.167724609375 0.111 0.16259765625 0.10266666666666667 0.158935546875 0.103 0.15869140625 0.122 0.159423828125 0.125 0.162353515625 0.127 0.166748046875 0.12066666666666667
1 0.185302734375 0.151 0.189697265625 0.15066666666666667 0.2022705078125 0.14433333333333334 0.211669921875 0.14433333333333334 0.2158203125 0.14233333333333334 0.214599609375 0.13066666666666665 0.212890625 0.12566666666666668 0.197509765625 0.12666666666666668 0.181396484375 0.12333333333333334 0.177490234375 0.12433333333333334 0.17578125 0.12833333333333333 0.175537109375 0.13066666666666665 0.177734375 0.13766666666666666 0.181396484375 0.14566666666666667 0.185302734375 0.151
1 0.224365234375 0.12266666666666666 0.22705078125 0.11866666666666667 0.228759765625 0.10966666666666666 0.2373046875 0.103 0.239013671875 0.09966666666666667 0.23876953125 0.09566666666666666 0.232666015625 0.09066666666666667 0.220703125 0.09133333333333334 0.212646484375 0.109 0.212158203125 0.11566666666666667 0.215087890625 0.12133333333333333 0.21826171875 0.12333333333333334 0.224365234375 0.12266666666666666
1 0.26123046875 0.07533333333333334 0.263427734375 0.086 0.265380859375 0.08833333333333333 0.267822265625 0.09 0.280517578125 0.088 0.28759765625 0.08333333333333333 0.2890625 0.076 0.287841796875 0.069 0.279296875 0.058666666666666666 0.2666015625 0.053 0.262939453125 0.05366666666666667 0.2568359375 0.059 0.255859375 0.06 0.256103515625 0.06466666666666666 0.259033203125 0.07233333333333333 0.26123046875 0.07533333333333334
1 0.295166015625 0.255 0.298828125 0.25566666666666665 0.303955078125 0.25433333333333336 0.306640625 0.257 0.30859375 0.262 0.310546875 0.264 0.325927734375 0.266 0.327392578125 0.26366666666666666 0.32763671875 0.256 0.335205078125 0.25166666666666665 0.333984375 0.24066666666666667 0.330078125 0.22633333333333333 0.32568359375 0.22 0.3134765625 0.21766666666666667 0.31005859375 0.21433333333333332 0.306396484375 0.21333333333333335 0.30078125 0.223 0.29296875 0.228 0.289306640625 0.232 0.291748046875 0.23666666666666666 0.288818359375 0.24666666666666667 0.2900390625 0.251 0.295166015625 0.255
1 0.291748046875 0.20233333333333334 0.29248046875 0.192 0.291015625 0.18533333333333332 0.28271484375 0.18633333333333332 0.277587890625 0.18933333333333333 0.27685546875 0.198 0.278076171875 0.202 0.285888671875 0.20466666666666666 0.291748046875 0.20233333333333334
1 0.232421875 0.31466666666666665 0.233642578125 0.31033333333333335 0.233154296875 0.30666666666666664 0.228271484375 0.30533333333333335 0.21923828125 0.31033333333333335 0.21630859375 0.31333333333333335 0.216552734375 0.318 0.22021484375 0.319 0.2255859375 0.31566666666666665 0.232421875 0.31466666666666665
1 0.212158203125 0.372 0.21826171875 0.372 0.220947265625 0.371 0.22265625 0.36866666666666664 0.223388671875 0.361 0.22119140625 0.3576666666666667 0.21533203125 0.355 0.208740234375 0.35 0.204833984375 0.35033333333333333 0.19970703125 0.3556666666666667 0.198974609375 0.3576666666666667 0.200927734375 0.3636666666666667 0.208740234375 0.37066666666666664 0.212158203125 0.372
1 0.247802734375 0.3446666666666667 0.252197265625 0.343 0.252685546875 0.33766666666666667 0.251220703125 0.33366666666666667 0.247802734375 0.331 0.24072265625 0.32866666666666666 0.23681640625 0.32966666666666666 0.23681640625 0.33366666666666667 0.241943359375 0.3373333333333333 0.243896484375 0.3416666666666667 0.247802734375 0.3446666666666667
1 0.306396484375 0.385 0.30712890625 0.37966666666666665 0.311279296875 0.37266666666666665 0.310546875 0.364 0.30615234375 0.35833333333333334 0.30029296875 0.36033333333333334 0.298095703125 0.365 0.2978515625 0.373 0.2998046875 0.38066666666666665 0.302490234375 0.38466666666666666 0.306396484375 0.385
1 0.06884765625 0.582 0.07177734375 0.5876666666666667 0.075439453125 0.5916666666666667 0.074951171875 0.596 0.076171875 0.598 0.080810546875 0.5966666666666667 0.082275390625 0.59 0.088623046875 0.584 0.083984375 0.5756666666666667 0.079833984375 0.576 0.0771484375 0.5786666666666667 0.07275390625 0.5763333333333334 0.068359375 0.5693333333333334 0.0654296875 0.57 0.060302734375 0.5736666666666667 0.0595703125 0.5756666666666667 0.060302734375 0.581 0.063720703125 0.584 0.06884765625 0.582
1 0.130859375 0.561 0.135009765625 0.5613333333333334 0.13818359375 0.556 0.140625 0.545 0.138671875 0.5363333333333333 0.134765625 0.532 0.13037109375 0.5296666666666666 0.126953125 0.5253333333333333 0.12353515625 0.524 0.122314453125 0.5243333333333333 0.117919921875 0.531 0.117919921875 0.537 0.121826171875 0.5443333333333333 0.125244140625 0.5553333333333333 0.130859375 0.561
1 0.185791015625 0.7826666666666666 0.1904296875 0.787 0.19677734375 0.7896666666666666 0.204833984375 0.7863333333333333 0.2060546875 0.78 0.205322265625 0.771 0.20361328125 0.7633333333333333 0.20166015625 0.761 0.188232421875 0.757 0.181396484375 0.747 0.177490234375 0.746 0.175537109375 0.748 0.173583984375 0.753 0.173828125 0.779 0.175048828125 0.7806666666666666 0.17822265625 0.7826666666666666 0.185791015625 0.7826666666666666
1 0.099365234375 0.8883333333333333 0.10302734375 0.8866666666666667 0.105224609375 0.8816666666666667 0.112060546875 0.8726666666666667 0.111083984375 0.865 0.10693359375 0.8546666666666667 0.099853515625 0.8403333333333334 0.09619140625 0.8353333333333334 0.092041015625 0.8326666666666667 0.083740234375 0.8333333333333334 0.0791015625 0.8356666666666667 0.076171875 0.842 0.076171875 0.85 0.09033203125 0.8803333333333333 0.094482421875 0.8853333333333333 0.099365234375 0.8883333333333333
1 0.072998046875 0.8343333333333334 0.07666015625 0.828 0.080078125 0.8276666666666667 0.08349609375 0.8303333333333334 0.091796875 0.83 0.09619140625 0.8263333333333334 0.093017578125 0.8056666666666666 0.091796875 0.802 0.088623046875 0.7993333333333333 0.083251953125 0.7986666666666666 0.076171875 0.794 0.06884765625 0.7946666666666666 0.060791015625 0.7996666666666666 0.05615234375 0.801 0.0537109375 0.8026666666666666 0.05322265625 0.8043333333333333 0.05322265625 0.8133333333333334 0.056640625 0.8253333333333334 0.064208984375 0.834 0.072998046875 0.8343333333333334
1 0.107421875 0.8303333333333334 0.109619140625 0.8263333333333334 0.10986328125 0.8213333333333334 0.111083984375 0.8183333333333334 0.1083984375 0.8106666666666666 0.107177734375 0.8086666666666666 0.103759765625 0.8096666666666666 0.09912109375 0.8143333333333334 0.09765625 0.8183333333333334 0.09814453125 0.8296666666666667 0.10302734375 0.832 0.107421875 0.8303333333333334
1 0.24755859375 0.712 0.248291015625 0.7103333333333334 0.24755859375 0.705 0.243408203125 0.6966666666666667 0.240478515625 0.6953333333333334 0.239013671875 0.696 0.234619140625 0.703 0.2353515625 0.7086666666666667 0.239990234375 0.7126666666666667 0.244873046875 0.7133333333333334 0.24755859375 0.712
1 0.2900390625 0.551 0.297119140625 0.5446666666666666 0.296875 0.5403333333333333 0.294921875 0.535 0.28662109375 0.5336666666666666 0.279541015625 0.5276666666666666 0.275634765625 0.528 0.271240234375 0.5303333333333333 0.2666015625 0.5373333333333333 0.26708984375 0.5446666666666666 0.2705078125 0.5506666666666666 0.272705078125 0.5516666666666666 0.2900390625 0.551
1 0.226318359375 0.588 0.224609375 0.5873333333333334 0.21728515625 0.588 0.213623046875 0.5913333333333334 0.216552734375 0.6023333333333334 0.224365234375 0.602 0.22705078125 0.5916666666666667 0.226318359375 0.588
1 0.126220703125 0.8843333333333333 0.12646484375 0.8806666666666667 0.1220703125 0.875 0.118896484375 0.873 0.11474609375 0.874 0.11328125 0.8756666666666667 0.1142578125 0.8806666666666667 0.119140625 0.886 0.123291015625 0.8866666666666667 0.126220703125 0.8843333333333333
1 0.08935546875 0.9116666666666666 0.08984375 0.908 0.079833984375 0.8986666666666666 0.074951171875 0.9003333333333333 0.075439453125 0.9083333333333333 0.078369140625 0.912 0.084228515625 0.9143333333333333 0.08935546875 0.9116666666666666
1 0.227783203125 0.8476666666666667 0.2294921875 0.8576666666666667 0.231689453125 0.863 0.236083984375 0.8673333333333333 0.244384765625 0.865 0.248779296875 0.861 0.248779296875 0.849 0.25048828125 0.845 0.259521484375 0.8413333333333334 0.265869140625 0.8373333333333334 0.268310546875 0.834 0.263427734375 0.8263333333333334 0.257080078125 0.828 0.2470703125 0.8276666666666667 0.239013671875 0.8313333333333334 0.22607421875 0.831 0.217041015625 0.8286666666666667 0.21337890625 0.8293333333333334 0.213623046875 0.8336666666666667 0.2158203125 0.836 0.218994140625 0.844 0.227783203125 0.8476666666666667
1 0.146240234375 0.9996666666666667 0.15966796875 0.9996666666666667 0.16064453125 0.9936666666666667 0.15576171875 0.984 0.145263671875 0.9716666666666667 0.142578125 0.9663333333333334 0.138916015625 0.9703333333333334 0.138427734375 0.981 0.1416015625 0.9933333333333333 0.14599609375 0.9976666666666667 0.146240234375 0.9996666666666667
1 0.2431640625 0.9823333333333333 0.249267578125 0.9786666666666667 0.25146484375 0.9743333333333334 0.25048828125 0.9656666666666667 0.248291015625 0.9616666666666667 0.2451171875 0.96 0.238037109375 0.9606666666666667 0.233642578125 0.9666666666666667 0.233642578125 0.9746666666666667 0.236083984375 0.9826666666666667 0.240234375 0.9836666666666667 0.2431640625 0.9823333333333333
1 0.200927734375 0.9013333333333333 0.202392578125 0.8966666666666666 0.201416015625 0.8916666666666667 0.1953125 0.8836666666666667 0.189697265625 0.8826666666666667 0.189208984375 0.8853333333333333 0.193115234375 0.8966666666666666 0.19482421875 0.8986666666666666 0.200927734375 0.9013333333333333
1 0.198974609375 0.9373333333333334 0.19873046875 0.927 0.197021484375 0.922 0.193115234375 0.9193333333333333 0.19091796875 0.9223333333333333 0.190185546875 0.9256666666666666 0.190185546875 0.9306666666666666 0.192626953125 0.9393333333333334 0.1982421875 0.9393333333333334 0.198974609375 0.9373333333333334
1 0.00732421875 0.8296666666666667 0.015625 0.83 0.01953125 0.8186666666666667 0.017333984375 0.8106666666666666 0.013671875 0.807 0.009765625 0.8066666666666666 0.00634765625 0.809 0.004638671875 0.8123333333333334 0.005126953125 0.819 0.008056640625 0.8216666666666667 0.0068359375 0.826 0.00732421875 0.8296666666666667
1 0 0.9023333333333333 0.005859375 0.9003333333333333 0.0087890625 0.8963333333333333 0.007080078125 0.886 0.009033203125 0.881 0.012939453125 0.8766666666666667 0.0126953125 0.873 0.009033203125 0.865 0 0.867 0 0.9023333333333333
1 0.2392578125 0.9396666666666667 0.236083984375 0.929 0.232177734375 0.9296666666666666 0.2275390625 0.937 0.22802734375 0.9466666666666667 0.231689453125 0.949 0.2353515625 0.9476666666666667 0.2392578125 0.9396666666666667
1 0.255615234375 0.7903333333333333 0.259765625 0.789 0.26025390625 0.786 0.25927734375 0.783 0.256591796875 0.7816666666666666 0.253662109375 0.7823333333333333 0.252685546875 0.783 0.2529296875 0.7863333333333333 0.25439453125 0.789 0.255615234375 0.7903333333333333
1 0.361083984375 0.4646666666666667 0.363037109375 0.462 0.363037109375 0.458 0.361328125 0.4513333333333333 0.359130859375 0.42766666666666664 0.357421875 0.42333333333333334 0.353271484375 0.4236666666666667 0.3525390625 0.42766666666666664 0.352783203125 0.46 0.353515625 0.46266666666666667 0.35595703125 0.4646666666666667 0.361083984375 0.4646666666666667
1 0.333740234375 0.5946666666666667 0.34228515625 0.591 0.3427734375 0.5876666666666667 0.340576171875 0.5856666666666667 0.337646484375 0.5783333333333334 0.330810546875 0.575 0.328369140625 0.5753333333333334 0.325927734375 0.578 0.32470703125 0.583 0.32470703125 0.5876666666666667 0.325927734375 0.5903333333333334 0.333740234375 0.5946666666666667
1 0.432861328125 0.5643333333333334 0.438232421875 0.5656666666666667 0.446533203125 0.5646666666666667 0.448974609375 0.5606666666666666 0.449462890625 0.5563333333333333 0.44677734375 0.55 0.43505859375 0.5413333333333333 0.421875 0.5343333333333333 0.411865234375 0.5313333333333333 0.405517578125 0.531 0.40283203125 0.5333333333333333 0.40234375 0.5373333333333333 0.404296875 0.542 0.41796875 0.557 0.432861328125 0.5643333333333334
1 0.423583984375 0.8973333333333333 0.42431640625 0.8803333333333333 0.419921875 0.87 0.416259765625 0.8683333333333333 0.413330078125 0.869 0.40771484375 0.875 0.40771484375 0.881 0.411865234375 0.892 0.419921875 0.898 0.423583984375 0.8973333333333333
1 0.429443359375 0.9996666666666667 0.430419921875 0.9943333333333333 0.429443359375 0.9903333333333333 0.427490234375 0.9873333333333333 0.421875 0.9833333333333333 0.418701171875 0.978 0.420654296875 0.97 0.416015625 0.9556666666666667 0.4130859375 0.951 0.41162109375 0.9503333333333334 0.407958984375 0.952 0.400634765625 0.9586666666666667 0.39892578125 0.963 0.392333984375 0.983 0.395751953125 0.9926666666666667 0.399658203125 0.9996666666666667 0.429443359375 0.9996666666666667
1 0.445068359375 0.22566666666666665 0.447265625 0.22833333333333333 0.45068359375 0.229 0.4619140625 0.23633333333333334 0.4697265625 0.23766666666666666 0.490234375 0.24633333333333332 0.494140625 0.245 0.497314453125 0.235 0.5048828125 0.23666666666666666 0.50634765625 0.236 0.5078125 0.23233333333333334 0.50830078125 0.224 0.507080078125 0.22033333333333333 0.483642578125 0.20566666666666666 0.48095703125 0.201 0.478515625 0.199 0.47509765625 0.2 0.462890625 0.19133333333333333 0.454833984375 0.19333333333333333 0.44384765625 0.18733333333333332 0.437255859375 0.18733333333333332 0.433837890625 0.18933333333333333 0.432373046875 0.19266666666666668 0.432861328125 0.21666666666666667 0.435302734375 0.22033333333333333 0.445068359375 0.22566666666666665
1 0.384521484375 0.15266666666666667 0.389892578125 0.14433333333333334 0.39306640625 0.13066666666666665 0.39306640625 0.11866666666666667 0.389404296875 0.115 0.38720703125 0.115 0.3818359375 0.11833333333333333 0.372802734375 0.11966666666666667 0.3701171875 0.123 0.368896484375 0.12966666666666668 0.368896484375 0.14266666666666666 0.37060546875 0.14566666666666667 0.380615234375 0.153 0.384521484375 0.15266666666666667
1 0.36962890625 0.202 0.373291015625 0.20266666666666666 0.37548828125 0.20066666666666666 0.375244140625 0.19333333333333333 0.37353515625 0.188 0.37255859375 0.17633333333333334 0.36962890625 0.175 0.365234375 0.17533333333333334 0.35791015625 0.18066666666666667 0.357177734375 0.18566666666666667 0.359619140625 0.193 0.361572265625 0.19566666666666666 0.36962890625 0.202
1 0.326171875 0.213 0.333251953125 0.21433333333333332 0.336181640625 0.213 0.33544921875 0.209 0.33203125 0.20533333333333334 0.330322265625 0.201 0.325927734375 0.19533333333333333 0.322509765625 0.19333333333333333 0.31787109375 0.19333333333333333 0.316162109375 0.19533333333333333 0.315673828125 0.19766666666666666 0.31689453125 0.201 0.322265625 0.21 0.326171875 0.213
1 0.441650390625 0.17366666666666666 0.44970703125 0.18133333333333335 0.462890625 0.18833333333333332 0.470703125 0.19 0.477783203125 0.18733333333333332 0.486572265625 0.16966666666666666 0.4873046875 0.16633333333333333 0.486328125 0.16133333333333333 0.4833984375 0.16466666666666666 0.478515625 0.16266666666666665 0.473876953125 0.163 0.46728515625 0.16133333333333333 0.454345703125 0.164 0.449951171875 0.16133333333333333 0.44580078125 0.15433333333333332 0.441162109375 0.15033333333333335 0.4345703125 0.15 0.434326171875 0.154 0.43798828125 0.163 0.43896484375 0.16966666666666666 0.441650390625 0.17366666666666666
1 0.482177734375 0.137 0.48388671875 0.13866666666666666 0.486083984375 0.14666666666666667 0.494140625 0.14366666666666666 0.498291015625 0.132 0.50146484375 0.128 0.504638671875 0.12666666666666668 0.50390625 0.12433333333333334 0.499267578125 0.122 0.49755859375 0.119 0.489501953125 0.11833333333333333 0.487548828125 0.11966666666666667 0.484375 0.12866666666666668 0.478515625 0.13466666666666666 0.478759765625 0.13633333333333333 0.482177734375 0.137
1 0.4931640625 0.15933333333333333 0.498291015625 0.16266666666666665 0.505859375 0.17066666666666666 0.50927734375 0.172 0.511962890625 0.17133333333333334 0.517578125 0.16433333333333333 0.52099609375 0.158 0.51708984375 0.15366666666666667 0.50634765625 0.146 0.49609375 0.142 0.494140625 0.138 0.489990234375 0.141 0.4873046875 0.13966666666666666 0.486083984375 0.13733333333333334 0.486083984375 0.14633333333333334 0.48779296875 0.14833333333333334 0.4892578125 0.15366666666666667 0.4931640625 0.15933333333333333
1 0.336669921875 0.09266666666666666 0.345703125 0.09166666666666666 0.345458984375 0.07966666666666666 0.343994140625 0.076 0.339762451171875 0.07222233333333333 0.333740234375 0.06333333333333334 0.3291015625 0.06233333333333333 0.32568359375 0.065 0.32470703125 0.069 0.326171875 0.07966666666666666 0.332275390625 0.09033333333333333 0.336669921875 0.09266666666666666
1 0.364013671875 0.13533333333333333 0.363525390625 0.12833333333333333 0.36181640625 0.12533333333333332 0.357177734375 0.12433333333333334 0.353271484375 0.12566666666666668 0.352783203125 0.13333333333333333 0.354248046875 0.13733333333333334 0.361083984375 0.13766666666666666 0.364013671875 0.13533333333333333
1 0.337646484375 0.11333333333333333 0.33740234375 0.10733333333333334 0.334716796875 0.10033333333333333 0.333251953125 0.099 0.3291015625 0.099 0.328857421875 0.10366666666666667 0.330078125 0.111 0.333740234375 0.11333333333333333 0.337646484375 0.11333333333333333
1 0.32666015625 0.09933333333333333 0.3251953125 0.09566666666666666 0.322265625 0.09266666666666666 0.31982421875 0.09466666666666666 0.31982421875 0.09866666666666667 0.3212890625 0.10333333333333333 0.325927734375 0.10466666666666667 0.32666015625 0.09933333333333333
1 0.439697265625 0.257 0.43896484375 0.24733333333333332 0.439697265625 0.24433333333333335 0.443603515625 0.24033333333333334 0.44140625 0.23533333333333334 0.435302734375 0.23033333333333333 0.427001953125 0.22766666666666666 0.4208984375 0.22766666666666666 0.419921875 0.22833333333333333 0.419677734375 0.231 0.4189453125 0.25166666666666665 0.420166015625 0.25466666666666665 0.43115234375 0.25966666666666666 0.439697265625 0.257
1 0.362060546875 0.3453333333333333 0.368896484375 0.3526666666666667 0.37646484375 0.3546666666666667 0.38134765625 0.35333333333333333 0.380859375 0.3446666666666667 0.3779296875 0.33766666666666667 0.37255859375 0.3343333333333333 0.360595703125 0.33066666666666666 0.357421875 0.3263333333333333 0.35498046875 0.32766666666666666 0.35302734375 0.33066666666666666 0.35205078125 0.33466666666666667 0.353271484375 0.339 0.355224609375 0.3416666666666667 0.362060546875 0.3453333333333333
1 0.54052734375 0.6013333333333334 0.548828125 0.6036666666666667 0.552001953125 0.598 0.557373046875 0.5956666666666667 0.564697265625 0.5953333333333334 0.56591796875 0.593 0.56591796875 0.5876666666666667 0.5615234375 0.575 0.55078125 0.5673333333333334 0.544677734375 0.567 0.537353515625 0.571 0.532958984375 0.5683333333333334 0.52978515625 0.5716666666666667 0.529052734375 0.575 0.529052734375 0.5883333333333334 0.530029296875 0.5913333333333334 0.533447265625 0.5966666666666667 0.54052734375 0.6013333333333334
1 0.566162109375 0.5506666666666666 0.568115234375 0.549 0.569580078125 0.545 0.570556640625 0.5376666666666666 0.56982421875 0.529 0.564697265625 0.5256666666666666 0.560302734375 0.5253333333333333 0.551513671875 0.54 0.55126953125 0.545 0.552734375 0.5496666666666666 0.55615234375 0.5516666666666666 0.566162109375 0.5506666666666666
1 0.65283203125 0.45766666666666667 0.658203125 0.458 0.66064453125 0.4553333333333333 0.65966796875 0.44733333333333336 0.654296875 0.43866666666666665 0.638671875 0.42433333333333334 0.63427734375 0.42766666666666664 0.6328125 0.433 0.633056640625 0.43966666666666665 0.63671875 0.4483333333333333 0.6396484375 0.45166666666666666 0.65283203125 0.45766666666666667
1 0.603271484375 0.17266666666666666 0.606689453125 0.17533333333333334 0.61572265625 0.17466666666666666 0.6171875 0.17566666666666667 0.61865234375 0.181 0.617431640625 0.185 0.61767578125 0.18933333333333333 0.61962890625 0.19233333333333333 0.623046875 0.19433333333333333 0.626953125 0.19533333333333333 0.630615234375 0.194 0.642333984375 0.18 0.644287109375 0.17566666666666667 0.644287109375 0.166 0.638671875 0.157 0.635009765625 0.154 0.626708984375 0.152 0.622314453125 0.14933333333333335 0.615966796875 0.14133333333333334 0.611083984375 0.13733333333333334 0.607177734375 0.136 0.595947265625 0.14333333333333334 0.587890625 0.143 0.5849609375 0.15 0.5849609375 0.162 0.587646484375 0.168 0.59521484375 0.17366666666666666 0.603271484375 0.17266666666666666
1 0.61865234375 0.232 0.619384765625 0.242 0.623046875 0.25333333333333335 0.638427734375 0.258 0.64697265625 0.259 0.656982421875 0.25633333333333336 0.6630859375 0.25133333333333335 0.664794921875 0.24666666666666667 0.663818359375 0.23566666666666666 0.661865234375 0.23166666666666666 0.654541015625 0.225 0.652099609375 0.22133333333333333 0.650390625 0.215 0.646728515625 0.21033333333333334 0.6376953125 0.20533333333333334 0.630615234375 0.19833333333333333 0.626708984375 0.197 0.62109375 0.19633333333333333 0.616943359375 0.19733333333333333 0.615234375 0.198 0.61328125 0.201 0.61279296875 0.21066666666666667 0.613525390625 0.217 0.615234375 0.22433333333333333 0.61865234375 0.232
1 0.58837890625 0.20833333333333334 0.5947265625 0.20133333333333334 0.59326171875 0.192 0.587646484375 0.18366666666666667 0.584228515625 0.18066666666666667 0.580078125 0.18166666666666667 0.576416015625 0.185 0.572265625 0.19333333333333333 0.572021484375 0.197 0.5732421875 0.2 0.58349609375 0.21033333333333334 0.58837890625 0.20833333333333334
1 0.66455078125 0.08733333333333333 0.663818359375 0.09133333333333334 0.662109375 0.09366666666666666 0.650146484375 0.09533333333333334 0.64794921875 0.09933333333333333 0.649658203125 0.10733333333333334 0.654541015625 0.114 0.656005859375 0.123 0.657958984375 0.124 0.663330078125 0.123 0.67041015625 0.11233333333333333 0.67333984375 0.11066666666666666 0.682373046875 0.122 0.685302734375 0.12266666666666666 0.693359375 0.117 0.6943359375 0.115 0.693603515625 0.107 0.683349609375 0.08033333333333334 0.683837890625 0.076 0.675048828125 0.068 0.670166015625 0.052 0.66552734375 0.04533333333333334 0.657958984375 0.04033333333333333 0.65234375 0.03966666666666667 0.650146484375 0.03666666666666667 0.64892578125 0.03966666666666667 0.6455078125 0.04066666666666666 0.647216796875 0.04533333333333334 0.643310546875 0.04733333333333333 0.640380859375 0.057666666666666665 0.64013671875 0.060333333333333336 0.64453125 0.06833333333333333 0.655029296875 0.07466666666666667 0.66455078125 0.08733333333333333
1 0.625244140625 0.09 0.6298828125 0.08766666666666667 0.63037109375 0.081 0.629150390625 0.07533333333333334 0.61962890625 0.064 0.6142578125 0.06233333333333333 0.610107421875 0.06433333333333334 0.609130859375 0.06666666666666667 0.609130859375 0.07233333333333333 0.6103515625 0.07566666666666666 0.619140625 0.087 0.625244140625 0.09
1 0.76025390625 0.18566666666666667 0.763671875 0.19133333333333333 0.77490234375 0.20133333333333334 0.783447265625 0.20366666666666666 0.787109375 0.2 0.79150390625 0.189 0.7919921875 0.185 0.791259765625 0.182 0.76948681640625 0.151606 0.767333984375 0.14333333333333334 0.763671875 0.14366666666666666 0.760009765625 0.14833333333333334 0.755859375 0.15066666666666667 0.75 0.157 0.751220703125 0.163 0.759521484375 0.176 0.7607421875 0.18066666666666667 0.76025390625 0.18566666666666667
1 0.7470703125 0.25333333333333335 0.7529296875 0.25366666666666665 0.756103515625 0.25233333333333335 0.75634765625 0.24766666666666667 0.7548828125 0.244 0.74853515625 0.23533333333333334 0.733154296875 0.23033333333333333 0.7275390625 0.23233333333333334 0.72802734375 0.24033333333333334 0.73583984375 0.24866666666666667 0.74072265625 0.25166666666666665 0.7470703125 0.25333333333333335
1 0.627197265625 0.529 0.63037109375 0.5306666666666666 0.634521484375 0.5306666666666666 0.635986328125 0.525 0.630859375 0.5133333333333333 0.625244140625 0.509 0.619873046875 0.509 0.619140625 0.51 0.62353515625 0.5186666666666667 0.6240234375 0.5253333333333333 0.627197265625 0.529
1 0.6884765625 0.6186666666666667 0.693115234375 0.617 0.697509765625 0.6073333333333333 0.69677734375 0.5993333333333334 0.69482421875 0.5946666666666667 0.692626953125 0.5926666666666667 0.688720703125 0.5923333333333334 0.686279296875 0.594 0.679443359375 0.6036666666666667 0.67919921875 0.608 0.681640625 0.6146666666666667 0.685546875 0.618 0.6884765625 0.6186666666666667
1 0.590087890625 0.4216666666666667 0.5947265625 0.4186666666666667 0.595458984375 0.41533333333333333 0.594970703125 0.4043333333333333 0.593505859375 0.4 0.58984375 0.39466666666666667 0.580078125 0.3903333333333333 0.568603515625 0.38866666666666666 0.563232421875 0.3953333333333333 0.56298828125 0.40066666666666667 0.56787109375 0.416 0.584716796875 0.422 0.590087890625 0.4216666666666667
1 0.418212890625 0.37666666666666665 0.420166015625 0.37266666666666665 0.419921875 0.367 0.42138671875 0.36333333333333334 0.423828125 0.3616666666666667 0.4248046875 0.357 0.42529296875 0.3466666666666667 0.423828125 0.3416666666666667 0.420166015625 0.3403333333333333 0.416015625 0.3416666666666667 0.410888671875 0.35833333333333334 0.40576171875 0.363 0.40576171875 0.36866666666666664 0.41015625 0.377 0.41357421875 0.37833333333333335 0.418212890625 0.37666666666666665
1 0.454833984375 0.48233333333333334 0.460693359375 0.4816666666666667 0.46240234375 0.47833333333333333 0.45947265625 0.471 0.46044921875 0.45866666666666667 0.457763671875 0.451 0.453369140625 0.443 0.451171875 0.44033333333333335 0.4453125 0.44 0.439208984375 0.43766666666666665 0.433837890625 0.44333333333333336 0.431884765625 0.451 0.43212890625 0.459 0.435302734375 0.4706666666666667 0.454833984375 0.48233333333333334
1 0.325927734375 0.5483333333333333 0.322265625 0.5476666666666666 0.3212890625 0.5486666666666666 0.321044921875 0.5526666666666666 0.322021484375 0.5536666666666666 0.326171875 0.5526666666666666 0.325927734375 0.5483333333333333
1 0.328125 0.5646666666666667 0.32958984375 0.5606666666666666 0.32861328125 0.5526666666666666 0.325927734375 0.5483333333333333 0.322021484375 0.548 0.31982421875 0.5503333333333333 0.319091796875 0.553 0.32177734375 0.5616666666666666 0.32568359375 0.5656666666666667 0.328125 0.5646666666666667
1 0.296142578125 0.3606666666666667 0.298583984375 0.377 0.30029296875 0.38066666666666665 0.303466796875 0.38333333333333336 0.306640625 0.38033333333333336 0.3115234375 0.36966666666666664 0.310302734375 0.3636666666666667 0.306640625 0.35733333333333334 0.306640625 0.349 0.302734375 0.344 0.298828125 0.3436666666666667 0.293701171875 0.3453333333333333 0.2919921875 0.3473333333333333 0.291259765625 0.34933333333333333 0.2919921875 0.3536666666666667 0.293701171875 0.35833333333333334 0.296142578125 0.3606666666666667
1 0.226806640625 0.21666666666666667 0.224365234375 0.208 0.221923828125 0.209 0.219970703125 0.214 0.219970703125 0.21833333333333332 0.221435546875 0.22066666666666668 0.224853515625 0.22066666666666668 0.226806640625 0.21666666666666667
1 0.310546875 0.6926666666666667 0.314697265625 0.686 0.314453125 0.6803333333333333 0.3115234375 0.677 0.306640625 0.6773333333333333 0.30224609375 0.6803333333333333 0.3017578125 0.6853333333333333 0.302734375 0.6893333333333334 0.306640625 0.6933333333333334 0.310546875 0.6926666666666667
1 0.352783203125 0.853 0.357177734375 0.8533333333333334 0.35986328125 0.851 0.3603515625 0.849 0.356689453125 0.839 0.349365234375 0.8326666666666667 0.34521484375 0.8343333333333334 0.343994140625 0.8373333333333334 0.34423828125 0.8406666666666667 0.34765625 0.8493333333333334 0.352783203125 0.853
1 0.42578125 0.7986666666666666 0.425537109375 0.7916666666666666 0.423828125 0.7866666666666666 0.41943359375 0.7846666666666666 0.416259765625 0.7876666666666666 0.416748046875 0.7943333333333333 0.419677734375 0.7986666666666666 0.423583984375 0.8 0.42578125 0.7986666666666666
1 0.354345703125 0.9266666666666666 0.361083984375 0.9273333333333333 0.36181640625 0.9256666666666666 0.362548828125 0.9196666666666666 0.361572265625 0.9166666666666666 0.353515625 0.909 0.353515625 0.9073333333333333 0.357177734375 0.904 0.3564453125 0.9006666666666666 0.346435546875 0.8883333333333333 0.341796875 0.8853333333333333 0.3369140625 0.8886666666666667 0.335205078125 0.898 0.327880859375 0.9033333333333333 0.32568359375 0.9073333333333333 0.326416015625 0.916 0.33203125 0.927 0.339111328125 0.9286666666666666 0.354345703125 0.9266666666666666
1 0.289306640625 0.9823333333333333 0.29443359375 0.9836666666666667 0.29638671875 0.9823333333333333 0.29736328125 0.979 0.297119140625 0.975 0.295166015625 0.9673333333333334 0.29248046875 0.9616666666666667 0.2919921875 0.9546666666666667 0.290771484375 0.9513333333333334 0.286376953125 0.9533333333333334 0.28173828125 0.963 0.281005859375 0.967 0.28076171875 0.9706666666666667 0.282470703125 0.9743333333333334 0.288818359375 0.9803333333333333 0.289306640625 0.9823333333333333
1 0.341796875 0.5006666666666667 0.338623046875 0.49733333333333335 0.3369140625 0.49866666666666665 0.337890625 0.5096666666666667 0.341796875 0.5126666666666667 0.34326171875 0.5096666666666667 0.341796875 0.5006666666666667
1 0.322021484375 0.443 0.322021484375 0.43933333333333335 0.31494140625 0.427 0.310302734375 0.4266666666666667 0.308837890625 0.43133333333333335 0.30810546875 0.43533333333333335 0.313720703125 0.44366666666666665 0.318603515625 0.44466666666666665 0.322021484375 0.443
1 0.216796875 0.5246666666666666 0.21875 0.5213333333333333 0.21826171875 0.5143333333333333 0.216796875 0.5116666666666667 0.20458984375 0.5123333333333333 0.202880859375 0.5133333333333333 0.201416015625 0.5163333333333333 0.201416015625 0.522 0.203125 0.5253333333333333 0.204833984375 0.526 0.216796875 0.5246666666666666
1 0.174072265625 0.5916666666666667 0.171630859375 0.5836666666666667 0.169677734375 0.5813333333333334 0.166015625 0.5816666666666667 0.1650390625 0.5836666666666667 0.165771484375 0.596 0.169677734375 0.5996666666666667 0.173828125 0.5996666666666667 0.174072265625 0.5916666666666667
1 0.810546875 0.32966666666666666 0.814208984375 0.326 0.81396484375 0.322 0.810546875 0.31333333333333335 0.80810546875 0.31033333333333335 0.802978515625 0.308 0.7939453125 0.30666666666666664 0.791015625 0.31033333333333335 0.7900390625 0.31766666666666665 0.79052734375 0.32566666666666666 0.794677734375 0.32966666666666666 0.806640625 0.3313333333333333 0.810546875 0.32966666666666666
1 0.810302734375 0.22066666666666668 0.82177734375 0.22733333333333333 0.825927734375 0.225 0.826171875 0.21933333333333332 0.82470703125 0.21333333333333335 0.821044921875 0.20966666666666667 0.81982421875 0.20566666666666666 0.819580078125 0.19666666666666666 0.818115234375 0.19466666666666665 0.8095703125 0.18966666666666668 0.80615234375 0.18933333333333333 0.803466796875 0.19166666666666668 0.802978515625 0.19333333333333333 0.8056640625 0.201 0.808837890625 0.20633333333333334 0.810302734375 0.22066666666666668
1 0.841552734375 0.124 0.85009765625 0.12733333333333333 0.856689453125 0.12733333333333333 0.864990234375 0.11933333333333333 0.861572265625 0.108 0.857177734375 0.10433333333333333 0.845458984375 0.099 0.841552734375 0.09866666666666667 0.837158203125 0.099 0.833251953125 0.104 0.832275390625 0.10733333333333334 0.833984375 0.112 0.837158203125 0.11866666666666667 0.841552734375 0.124
1 0.845458984375 0.037333333333333336 0.850830078125 0.03766666666666667 0.8515625 0.03266666666666666 0.849853515625 0.024333333333333332 0.84814453125 0.020666666666666667 0.845703125 0.017333333333333333 0.841552734375 0.018 0.8388671875 0.02 0.837890625 0.021333333333333333 0.8388671875 0.028 0.841552734375 0.03333333333333333 0.845458984375 0.037333333333333336
1 0.751953125 0.027666666666666666 0.75244140625 0.025 0.75146484375 0.021666666666666667 0.748046875 0.017333333333333333 0.740234375 0.013333333333333334 0.73583984375 0.015333333333333332 0.736083984375 0.021 0.742919921875 0.029333333333333333 0.748779296875 0.030333333333333334 0.751953125 0.027666666666666666
1 0.982177734375 0.21133333333333335 0.98486328125 0.20866666666666667 0.985595703125 0.205 0.982421875 0.197 0.977783203125 0.195 0.9736328125 0.19733333333333333 0.97216796875 0.201 0.97265625 0.205 0.97802734375 0.20966666666666667 0.982177734375 0.21133333333333335
1 0.904296875 0.8836666666666667 0.916015625 0.8926666666666667 0.92333984375 0.8953333333333333 0.931640625 0.8953333333333333 0.934814453125 0.8923333333333333 0.935302734375 0.8803333333333333 0.930419921875 0.867 0.9287109375 0.8533333333333334 0.927734375 0.8516666666666667 0.923828125 0.8486666666666667 0.915771484375 0.8476666666666667 0.90673828125 0.8416666666666667 0.900634765625 0.841 0.894775390625 0.8533333333333334 0.89404296875 0.8593333333333333 0.893798828125 0.8653333333333333 0.89501953125 0.8726666666666667 0.897705078125 0.8773333333333333 0.904296875 0.8836666666666667
1 0.779296875 0.9703333333333334 0.783203125 0.9743333333333334 0.791015625 0.9653333333333334 0.796142578125 0.955 0.7958984375 0.9526666666666667 0.791259765625 0.941 0.78564453125 0.9316666666666666 0.783203125 0.93 0.77978515625 0.931 0.7763671875 0.9353333333333333 0.77685546875 0.938 0.77294921875 0.9543333333333334 0.7734375 0.9583333333333334 0.779296875 0.9703333333333334
1 0.64208984375 0.7333333333333333 0.646240234375 0.733 0.650634765625 0.7243333333333334 0.6494140625 0.7136666666666667 0.650146484375 0.7076666666666667 0.64892578125 0.701 0.646240234375 0.698 0.642578125 0.6963333333333334 0.630615234375 0.695 0.628173828125 0.697 0.626708984375 0.703 0.624755859375 0.7123333333333334 0.62548828125 0.7166666666666667 0.637451171875 0.7303333333333333 0.64208984375 0.7333333333333333
1 0.6416015625 0.935 0.639892578125 0.9313333333333333 0.635009765625 0.9273333333333333 0.630859375 0.928 0.62841796875 0.9303333333333333 0.630615234375 0.9423333333333334 0.638427734375 0.9423333333333334 0.641357421875 0.937 0.6416015625 0.935
1 0.837646484375 0.7773333333333333 0.84521484375 0.7703333333333333 0.8525390625 0.7556666666666667 0.85205078125 0.7476666666666667 0.845458984375 0.737 0.84228515625 0.7353333333333333 0.821044921875 0.7446666666666667 0.81787109375 0.751 0.82568359375 0.7676666666666667 0.830810546875 0.7756666666666666 0.83349609375 0.778 0.837646484375 0.7773333333333333
1 0.56591796875 0.567 0.568359375 0.5643333333333334 0.564453125 0.5576666666666666 0.56005859375 0.558 0.55615234375 0.5603333333333333 0.556640625 0.5683333333333334 0.560302734375 0.573 0.56396484375 0.5716666666666667 0.56591796875 0.567
1 0.521240234375 0.596 0.520263671875 0.59 0.518798828125 0.5876666666666667 0.513427734375 0.584 0.509765625 0.5836666666666667 0.509033203125 0.586 0.50927734375 0.5923333333333334 0.513671875 0.6023333333333334 0.517578125 0.6016666666666667 0.521240234375 0.596
1 0.732177734375 0.30633333333333335 0.739990234375 0.31433333333333335 0.74609375 0.31066666666666665 0.747802734375 0.30633333333333335 0.745361328125 0.301 0.7392578125 0.29533333333333334 0.732177734375 0.285 0.72802734375 0.285 0.7275390625 0.2876666666666667 0.72900390625 0.29433333333333334 0.731689453125 0.2976666666666667 0.732177734375 0.30633333333333335
1 0.768798828125 0.357 0.765380859375 0.351 0.763916015625 0.3496666666666667 0.759521484375 0.35033333333333333 0.759521484375 0.3556666666666667 0.763427734375 0.361 0.76806640625 0.3596666666666667 0.768798828125 0.357
1 0.669677734375 0.3436666666666667 0.675537109375 0.33766666666666667 0.673828125 0.3323333333333333 0.669677734375 0.332 0.665771484375 0.3343333333333333 0.663330078125 0.33766666666666667 0.66357421875 0.3416666666666667 0.66552734375 0.344 0.669677734375 0.3436666666666667
1 0.521728515625 0.259 0.518798828125 0.25566666666666665 0.513427734375 0.252 0.509765625 0.25166666666666665 0.50927734375 0.253 0.509765625 0.2633333333333333 0.519775390625 0.2643333333333333 0.522216796875 0.2633333333333333 0.521728515625 0.259
1 0.580810546875 0.17766666666666667 0.586181640625 0.17 0.58447265625 0.166 0.579833984375 0.16 0.57568359375 0.15866666666666668 0.572021484375 0.161 0.57177734375 0.166 0.57275390625 0.16966666666666666 0.576416015625 0.17633333333333334 0.580810546875 0.17766666666666667
1 0.525390625 0.8806666666666667 0.529052734375 0.8826666666666667 0.53662109375 0.8806666666666667 0.5380859375 0.877 0.537841796875 0.8726666666666667 0.53173828125 0.858 0.529541015625 0.856 0.52490234375 0.8573333333333333 0.524169921875 0.861 0.521240234375 0.8646666666666667 0.521240234375 0.869 0.525390625 0.8806666666666667
1 0.697998046875 0.7533333333333333 0.704833984375 0.756 0.709716796875 0.755 0.713134765625 0.7566666666666667 0.715576171875 0.752 0.7119140625 0.7406666666666667 0.705322265625 0.733 0.697265625 0.734 0.69140625 0.7376666666666667 0.690673828125 0.7396666666666667 0.691162109375 0.7446666666666667 0.69384765625 0.75 0.697998046875 0.7533333333333333
1 0.427490234375 0 0.427490234375 0.0016666666666666668 0.431640625 0.004 0.43359375 0.0036666666666666666 0.443603515625 0.009666666666666667 0.444580078125 0.005666666666666667 0.447998046875 0.0016666666666666668 0.447998046875 0 0.427490234375 0
1 0.556396484375 0.7826666666666666 0.557373046875 0.7796666666666666 0.566650390625 0.7686666666666667 0.567138671875 0.767 0.566162109375 0.7633333333333333 0.556884765625 0.7526666666666667 0.552734375 0.745 0.548583984375 0.7453333333333333 0.544677734375 0.752 0.54443359375 0.7603333333333333 0.545654296875 0.7676666666666667 0.552490234375 0.7826666666666666 0.556396484375 0.7826666666666666
1 0.590576171875 0.8223333333333334 0.588623046875 0.8176666666666667 0.582275390625 0.8133333333333334 0.577392578125 0.8146666666666667 0.57470703125 0.8193333333333334 0.57470703125 0.826 0.57763671875 0.828 0.58642578125 0.8263333333333334 0.590576171875 0.8223333333333334
1 0.487060546875 0.9866666666666667 0.489176513671875 0.9837776666666667 0.490234375 0.9823333333333333 0.49072265625 0.978 0.48974609375 0.9746666666666667 0.486328125 0.9696666666666667 0.481689453125 0.9686666666666667 0.470703125 0.9693333333333334 0.46728515625 0.979 0.467041015625 0.9823333333333333 0.469482421875 0.986 0.482177734375 0.9896666666666667 0.487060546875 0.9866666666666667
1 0.552734375 0.503 0.560302734375 0.511 0.564453125 0.511 0.572998046875 0.5036666666666667 0.58056640625 0.49966666666666665 0.58837890625 0.49 0.58984375 0.48433333333333334 0.58935546875 0.47833333333333333 0.579345703125 0.4656666666666667 0.57763671875 0.462 0.568603515625 0.45666666666666667 0.558349609375 0.4603333333333333 0.5478515625 0.45766666666666667 0.541015625 0.4633333333333333 0.535400390625 0.465 0.53369140625 0.4696666666666667 0.533447265625 0.48633333333333334 0.53564453125 0.49433333333333335 0.544921875 0.501 0.552734375 0.503
1 0.736083984375 0.9376666666666666 0.740234375 0.9386666666666666 0.741455078125 0.937 0.741943359375 0.935 0.73974609375 0.9276666666666666 0.739990234375 0.9233333333333333 0.73876953125 0.9166666666666666 0.736328125 0.9106666666666666 0.7333984375 0.9076666666666666 0.724365234375 0.908 0.720703125 0.911 0.718505859375 0.915 0.719482421875 0.9236666666666666 0.72802734375 0.9373333333333334 0.732666015625 0.94 0.736083984375 0.9376666666666666
1 0.936279296875 0.7376666666666667 0.939453125 0.737 0.94091796875 0.735 0.943359375 0.729 0.944580078125 0.7173333333333334 0.94287109375 0.7136666666666667 0.938720703125 0.7106666666666667 0.931640625 0.7026666666666667 0.928466796875 0.7013333333333334 0.922607421875 0.7026666666666667 0.92041015625 0.7053333333333334 0.91943359375 0.7086666666666667 0.919189453125 0.714 0.922607421875 0.7263333333333334 0.927734375 0.736 0.936279296875 0.7376666666666667
1 0.16259765625 0.6843333333333333 0.1650390625 0.6813333333333333 0.173583984375 0.6773333333333333 0.175537109375 0.6736666666666666 0.17578125 0.6696666666666666 0.173583984375 0.662 0.169921875 0.66 0.161865234375 0.6603333333333333 0.150634765625 0.665 0.1455078125 0.6653333333333333 0.142578125 0.664 0.138427734375 0.665 0.138916015625 0.6696666666666666 0.142578125 0.6746666666666666 0.158203125 0.684 0.16259765625 0.6843333333333333
1 0.767822265625 0.5166666666666667 0.771484375 0.5093333333333333 0.771728515625 0.5056666666666667 0.76708984375 0.49766666666666665 0.7646484375 0.4846666666666667 0.76318359375 0.482 0.760009765625 0.48033333333333333 0.75439453125 0.4796666666666667 0.739990234375 0.4846666666666667 0.734375 0.489 0.732666015625 0.49266666666666664 0.734619140625 0.5096666666666667 0.740478515625 0.518 0.759765625 0.52 0.767822265625 0.5166666666666667
1 0.352783203125 0.87 0.354248046875 0.867 0.353515625 0.8606666666666667 0.34765625 0.8543333333333333 0.345458984375 0.8533333333333334 0.343017578125 0.854 0.34033203125 0.86 0.340087890625 0.8646666666666667 0.341796875 0.869 0.350341796875 0.8713333333333333 0.352783203125 0.87