1 0.427001953125 0.17466666666666666 0.4208984375 0.183 0.41943359375 0.18933333333333333 0.41259765625 0.204 0.391357421875 0.23566666666666666 0.38720703125 0.24633333333333332 0.3876953125 0.25166666666666665 0.393310546875 0.2633333333333333 0.398681640625 0.27 0.40576171875 0.2833333333333333 0.420654296875 0.30233333333333334 0.423583984375 0.30333333333333334 0.4296875 0.3 0.436279296875 0.2876666666666667 0.437255859375 0.284 0.44580078125 0.277 0.448974609375 0.26366666666666666 0.45849609375 0.25 0.465576171875 0.24266666666666667 0.468017578125 0.23233333333333334 0.468017578125 0.23 0.464111328125 0.21966666666666668 0.458740234375 0.211 0.45263671875 0.19633333333333333 0.44970703125 0.195 0.445068359375 0.18933333333333333 0.435546875 0.17166666666666666 0.4296875 0.173 0.427001953125 0.17466666666666666
1 0.684326171875 0.267 0.678466796875 0.2683333333333333 0.6708984375 0.2733333333333333 0.667236328125 0.2783333333333333 0.6650390625 0.289 0.668212890625 0.30033333333333334 0.669921875 0.303 0.67578125 0.30733333333333335 0.6806640625 0.32366666666666666 0.68408203125 0.32766666666666666 0.6884765625 0.3273333333333333 0.704345703125 0.32 0.708984375 0.31566666666666665 0.709716796875 0.31133333333333335 0.708984375 0.289 0.706298828125 0.28 0.704345703125 0.2623333333333333 0.70166015625 0.25933333333333336 0.693115234375 0.259 0.684326171875 0.267
1 0.8179253471679687 1 0.8046875 0.9706666666666667 0.801513671875 0.9693333333333334 0.796142578125 0.9726666666666667 0.793212890625 0.973 0.788818359375 0.9766666666666667 0.787353515625 0.9803333333333333 0.7861328125 0.9986666666666667 0.7858072915039063 1 0.8179253471679687 1
1 0.759521484375 0.647 0.750732421875 0.6516666666666666 0.7490234375 0.6546666666666666 0.747314453125 0.6553333333333333 0.732421875 0.672 0.72900390625 0.68 0.7255859375 0.6816666666666666 0.724365234375 0.6893333333333334 0.73046875 0.69 0.73876953125 0.694 0.750244140625 0.6916666666666667 0.7587890625 0.687 0.759765625 0.6896666666666667 0.7587890625 0.7003333333333334 0.76123046875 0.706 0.764404296875 0.7086666666666667 0.7705078125 0.7063333333333334 0.796142578125 0.702 0.802490234375 0.6943333333333334 0.804443359375 0.689 0.810302734375 0.6886666666666666 0.8115234375 0.6843333333333333 0.810791015625 0.673 0.812744140625 0.6686666666666666 0.819091796875 0.661 0.821533203125 0.6473333333333333 0.820556640625 0.6416666666666667 0.81884765625 0.6403333333333333 0.8125 0.6406666666666667 0.805908203125 0.643 0.78564453125 0.6443333333333333 0.78125 0.644 0.77880859375 0.642 0.77685546875 0.643 0.77294921875 0.6403333333333333 0.771240234375 0.6426666666666667 0.764892578125 0.646 0.759521484375 0.647
1 0.385986328125 0.0036666666666666666 0.385498046875 0.01633333333333333 0.383544921875 0.023333333333333334 0.386474609375 0.034 0.3857421875 0.03833333333333333 0.3896484375 0.048666666666666664 0.39013671875 0.055 0.394775390625 0.06566666666666666 0.3955078125 0.06666666666666667 0.3984375 0.06633333333333333 0.402587890625 0.074 0.406982421875 0.07633333333333334 0.416015625 0.07233333333333333 0.41845703125 0.06866666666666667 0.420166015625 0.05433333333333333 0.41259765625 0.028666666666666667 0.4013671875 0.013666666666666667 0.398193359375 0.006333333333333333 0.392578125 0.0006666666666666666 0.38818359375 0.0003333333333333333 0.385986328125 0.0036666666666666666
1 0.330379486328125 0 0.328857421875 0.006333333333333333 0.329345703125 0.017333333333333333 0.337890625 0.02033333333333333 0.341064453125 0.019666666666666666 0.343017578125 0.014 0.344970703125 0.012 0.354248046875 0.007333333333333333 0.357900390625 0 0.330379486328125 0
1 0.4951171875 0.06966666666666667 0.493896484375 0.07533333333333334 0.497314453125 0.08733333333333333 0.497314453125 0.09766666666666667 0.495849609375 0.107 0.495849609375 0.13466666666666666 0.493896484375 0.15566666666666668 0.494140625 0.16966666666666666 0.495361328125 0.17433333333333334 0.497314453125 0.176 0.509765625 0.17766666666666667 0.5126953125 0.17566666666666667 0.513916015625 0.172 0.514404296875 0.16133333333333333 0.515869140625 0.15666666666666668 0.524658203125 0.145 0.526611328125 0.14066666666666666 0.528564453125 0.12766666666666668 0.528564453125 0.11266666666666666 0.519775390625 0.08233333333333333 0.5185546875 0.07033333333333333 0.51171875 0.065 0.50439453125 0.06433333333333334 0.499267578125 0.066 0.4951171875 0.06966666666666667
1 0.5244140625 0.625 0.5185546875 0.6276666666666667 0.513671875 0.6393333333333333 0.513916015625 0.6576666666666666 0.515625 0.668 0.518310546875 0.671 0.531982421875 0.6583333333333333 0.535400390625 0.6516666666666666 0.535400390625 0.6306666666666667 0.532958984375 0.6216666666666667 0.529052734375 0.62 0.5244140625 0.625
1 0.49072265625 0.588 0.489501953125 0.5986666666666667 0.490478515625 0.604 0.49267578125 0.606 0.50390625 0.6093333333333333 0.509765625 0.6096666666666667 0.51611328125 0.609 0.521240234375 0.6066666666666667 0.523193359375 0.5933333333333334 0.5185546875 0.5843333333333334 0.501220703125 0.5806666666666667 0.49267578125 0.586 0.49072265625 0.588
1 0.43701171875 0.5826666666666667 0.4365234375 0.592 0.438720703125 0.615 0.447265625 0.6283333333333333 0.453369140625 0.6323333333333333 0.461181640625 0.634 0.4619140625 0.63 0.4609375 0.6033333333333334 0.458984375 0.5953333333333334 0.4482421875 0.5813333333333334 0.441650390625 0.579 0.4384765625 0.5793333333333334 0.43701171875 0.5826666666666667
1 0.82470703125 0.22266666666666668 0.816650390625 0.24833333333333332 0.81201171875 0.255 0.810546875 0.26766666666666666 0.814208984375 0.27366666666666667 0.819091796875 0.2743333333333333 0.830810546875 0.268 0.8359375 0.2623333333333333 0.841552734375 0.25166666666666665 0.842529296875 0.23166666666666666 0.841796875 0.221 0.840087890625 0.21833333333333332 0.836669921875 0.21633333333333332 0.830810546875 0.217 0.82470703125 0.22266666666666668
1 0.65283203125 0.82 0.65234375 0.8383333333333334 0.653076171875 0.8403333333333334 0.655517578125 0.8413333333333334 0.6630859375 0.8416666666666667 0.665283203125 0.839 0.666259765625 0.8346666666666667 0.66748046875 0.8246666666666667 0.6669921875 0.8173333333333334 0.663818359375 0.812 0.655029296875 0.8113333333333334 0.65283203125 0.82
1 0.67626953125 0.8643333333333333 0.67626953125 0.8746666666666667 0.680419921875 0.8866666666666667 0.684326171875 0.891 0.686767578125 0.891 0.6904296875 0.886 0.692626953125 0.8763333333333333 0.6923828125 0.8693333333333333 0.688720703125 0.8563333333333333 0.683837890625 0.8496666666666667 0.681396484375 0.8493333333333334 0.68017578125 0.851 0.67626953125 0.8643333333333333
1 0.59521484375 0.897 0.592529296875 0.9116666666666666 0.59326171875 0.9223333333333333 0.595703125 0.9276666666666666 0.60107421875 0.927 0.604736328125 0.9233333333333333 0.606201171875 0.9193333333333333 0.60791015625 0.9076666666666666 0.607666015625 0.8963333333333333 0.60595703125 0.889 0.60205078125 0.8863333333333333 0.599853515625 0.8876666666666667 0.59521484375 0.897
1 0.5978285844726563 1 0.597900390625 0.9983333333333333 0.594482421875 0.9876666666666667 0.588623046875 0.977 0.5869140625 0.976 0.5849609375 0.9773333333333334 0.57861328125 0.9833333333333333 0.573486328125 0.9906666666666667 0.564697265625 0.9963333333333333 0.5631306967773437 1 0.5978285844726563 1
1 0.59912109375 0.9593333333333334 0.58984375 0.969 0.588623046875 0.972 0.5927734375 0.983 0.595703125 0.9843333333333333 0.604248046875 0.9823333333333333 0.618408203125 0.9716666666666667 0.61962890625 0.966 0.617431640625 0.955 0.61572265625 0.9516666666666667 0.612060546875 0.952 0.59912109375 0.9593333333333334
1 0.56494140625 0.07 0.56591796875 0.092 0.56982421875 0.09933333333333333 0.57568359375 0.10033333333333333 0.578369140625 0.09666666666666666 0.5791015625 0.08933333333333333 0.57763671875 0.071 0.57568359375 0.066 0.573486328125 0.06366666666666666 0.570068359375 0.062 0.567138671875 0.06233333333333333 0.56494140625 0.07
1 0.36669921875 0.8656666666666667 0.364013671875 0.8756666666666667 0.36474609375 0.8863333333333333 0.36669921875 0.891 0.369140625 0.8926666666666667 0.372802734375 0.8916666666666667 0.37939453125 0.8856666666666667 0.383544921875 0.8713333333333333 0.38330078125 0.8593333333333333 0.38037109375 0.8526666666666667 0.37841796875 0.8503333333333334 0.37548828125 0.85 0.371337890625 0.8556666666666667 0.36669921875 0.8656666666666667
1 0.29833984375 0.443 0.2978515625 0.465 0.30126953125 0.48233333333333334 0.303955078125 0.485 0.3125 0.4846666666666667 0.318115234375 0.4713333333333333 0.319091796875 0.4653333333333333 0.3193359375 0.44633333333333336 0.318115234375 0.435 0.3154296875 0.425 0.30810546875 0.42133333333333334 0.303466796875 0.421 0.29833984375 0.443
1 0.5595703125 0.22 0.5537109375 0.23066666666666666 0.552978515625 0.24133333333333334 0.5556640625 0.24433333333333335 0.567138671875 0.24166666666666667 0.575439453125 0.23033333333333333 0.57568359375 0.21866666666666668 0.572021484375 0.21566666666666667 0.56689453125 0.215 0.564697265625 0.21633333333333332 0.5595703125 0.22
1 0.3524105673828125 1 0.3525390625 0.9996666666666667 0.354248046875 0.982 0.3525390625 0.9683333333333334 0.346923828125 0.9526666666666667 0.34375 0.95 0.3388671875 0.953 0.33740234375 0.956 0.336669921875 0.9636666666666667 0.3349609375 0.9696666666666667 0.330322265625 0.9773333333333334 0.32861328125 0.9876666666666667 0.330810546875 0.993 0.331024169921875 1 0.3524105673828125 1
1 0.4814453125 0.6376666666666667 0.469482421875 0.639 0.466796875 0.6423333333333333 0.464599609375 0.681 0.465087890625 0.6843333333333333 0.46728515625 0.687 0.470703125 0.687 0.486328125 0.682 0.49072265625 0.6773333333333333 0.49267578125 0.6686666666666666 0.49267578125 0.6403333333333333 0.49169921875 0.6366666666666667 0.490234375 0.6353333333333333 0.487548828125 0.6366666666666667 0.484130859375 0.6356666666666667 0.4814453125 0.6376666666666667
1 0.41942342138671873 1 0.419677734375 0.9983333333333333 0.415771484375 0.985 0.408203125 0.968 0.403076171875 0.9603333333333334 0.4013671875 0.959 0.400634765625 0.9596666666666667 0.390625 0.9876666666666667 0.389404296875 0.993 0.3896484375 0.997 0.390380859375 1 0.41942342138671873 1
1 0.479736328125 0.638 0.469482421875 0.6386666666666667 0.467041015625 0.642 0.464599609375 0.6786666666666666 0.465087890625 0.684 0.467041015625 0.6873333333333334 0.470947265625 0.6876666666666666 0.481201171875 0.685 0.487060546875 0.6826666666666666 0.49072265625 0.678 0.49267578125 0.6683333333333333 0.492431640625 0.64 0.490234375 0.636 0.484130859375 0.6363333333333333 0.479736328125 0.638
1 0.150146484375 0.8556666666666667 0.15234375 0.8613333333333333 0.157958984375 0.858 0.175537109375 0.8206666666666667 0.1767578125 0.8166666666666667 0.17626953125 0.8143333333333334 0.17431640625 0.8123333333333334 0.17578125 0.808 0.175048828125 0.8013333333333333 0.173095703125 0.7963333333333333 0.166748046875 0.7886666666666666 0.163818359375 0.7893333333333333 0.1572265625 0.799 0.153564453125 0.808 0.1435546875 0.8216666666666667 0.141357421875 0.828 0.137939453125 0.8296666666666667 0.1337890625 0.8376666666666667 0.1337890625 0.863 0.139892578125 0.8613333333333333 0.140869140625 0.8623333333333333 0.14208984375 0.86 0.141845703125 0.8573333333333333 0.145263671875 0.8543333333333333 0.150146484375 0.8556666666666667
1 0.259765625 0.531 0.2578125 0.5396666666666666 0.2578125 0.5493333333333333 0.2587890625 0.554 0.260498046875 0.5553333333333333 0.261474609375 0.567 0.263427734375 0.5766666666666667 0.26708984375 0.5806666666666667 0.272216796875 0.579 0.2744140625 0.5733333333333334 0.27490234375 0.554 0.277099609375 0.5396666666666666 0.274169921875 0.528 0.26953125 0.5173333333333333 0.26708984375 0.5146666666666667 0.265625 0.5156666666666667 0.259765625 0.531
1 0.26953125 0.9386666666666666 0.26513671875 0.9503333333333334 0.268310546875 0.9603333333333334 0.2685546875 0.966 0.27099609375 0.971 0.27978515625 0.9823333333333333 0.281494140625 0.988 0.284912109375 0.991 0.28662109375 0.9943333333333333 0.292236328125 0.9716666666666667 0.291748046875 0.961 0.290283203125 0.956 0.28369140625 0.9443333333333334 0.278076171875 0.9386666666666666 0.2724609375 0.9343333333333333 0.27197265625 0.935 0.26953125 0.9386666666666666
1 0.29286328125 0.7913123333333333 0.30274365234375 0.7913123333333333 0.317564208984375 0.7710773333333333 0.32645654296875 0.7629833333333332 0.31064794921875 0.7467950000000001 0.29088720703125 0.7764733333333333 0.29286328125 0.7913123333333333
1 0.32421875 0.505 0.32275390625 0.513 0.32470703125 0.5283333333333333 0.32763671875 0.5343333333333333 0.33251953125 0.537 0.33544921875 0.5336666666666666 0.33642578125 0.5303333333333333 0.335693359375 0.5133333333333333 0.332275390625 0.504 0.32958984375 0.5016666666666667 0.326171875 0.5013333333333333 0.32421875 0.505
1 0.381051025390625 0.6382116666666666 0.36993525537109373 0.648924706 0.374427978515625 0.6603163333333334 0.3832587890625 0.6542876666666667 0.392089599609375 0.6432356666666667 0.38914599609375 0.6281643333333333 0.381051025390625 0.6382116666666666
1 0.383544921875 0.2783333333333333 0.383056640625 0.295 0.380126953125 0.306 0.382568359375 0.31333333333333335 0.38525390625 0.317 0.390869140625 0.319 0.3955078125 0.31866666666666665 0.39697265625 0.31566666666666665 0.3974609375 0.31033333333333335 0.400390625 0.305 0.4033203125 0.2833333333333333 0.397216796875 0.267 0.392578125 0.26066666666666666 0.3896484375 0.2643333333333333 0.383544921875 0.2783333333333333
1 0.25244140625 0.33166666666666667 0.252685546875 0.3433333333333333 0.25146484375 0.3596666666666667 0.2578125 0.38866666666666666 0.26416015625 0.402889 0.265380859375 0.4116666666666667 0.26513671875 0.41733333333333333 0.267333984375 0.4206666666666667 0.26953125 0.419 0.27099609375 0.414 0.2724609375 0.41233333333333333 0.278076171875 0.412 0.279541015625 0.4066666666666667 0.27734375 0.377 0.277587890625 0.36633333333333334 0.275634765625 0.35833333333333334 0.275390625 0.335 0.274658203125 0.332 0.263916015625 0.319 0.25537109375 0.323 0.25244140625 0.33166666666666667
1 0.3291015625 0.251 0.3291015625 0.25766666666666665 0.336669921875 0.273 0.34130859375 0.276 0.343994140625 0.273 0.34521484375 0.26766666666666666 0.345703125 0.26033333333333336 0.344482421875 0.251 0.34228515625 0.24533333333333332 0.339111328125 0.24133333333333334 0.333984375 0.24066666666666667 0.3291015625 0.251
1 0.36376953125 0.3476666666666667 0.362060546875 0.352 0.36279296875 0.3606666666666667 0.368896484375 0.371 0.37255859375 0.37233333333333335 0.37548828125 0.369 0.37548828125 0.35933333333333334 0.36962890625 0.3486666666666667 0.36669921875 0.345 0.36572265625 0.3456666666666667 0.36376953125 0.3476666666666667
1 0.18162255859375 0.6321833333333333 0.186773681640625 0.6462496666666667 0.19339697265625 0.633188 0.19486865234375 0.6191216666666667 0.18824560546875 0.602041 0.184566162109375 0.613093 0.18162255859375 0.622136 0.18162255859375 0.630174 0.18162255859375 0.6321833333333333
1 0.2265625 0.30933333333333335 0.2236328125 0.30866666666666664 0.21875 0.326 0.21484375 0.36433333333333334 0.216552734375 0.36666666666666664 0.2236328125 0.37066666666666664 0.22705078125 0.37066666666666664 0.2294921875 0.36833333333333335 0.232421875 0.359 0.236328125 0.3373333333333333 0.236572265625 0.33 0.23974609375 0.31033333333333335 0.239501953125 0.30533333333333335 0.235595703125 0.3 0.233642578125 0.30033333333333334 0.2265625 0.30933333333333335
1 0.244384765625 0.43333333333333335 0.24462890625 0.43866666666666665 0.242919921875 0.44366666666666665 0.24365234375 0.46266666666666667 0.24560546875 0.47 0.244873046875 0.476 0.24658203125 0.4776666666666667 0.252197265625 0.47633333333333333 0.255615234375 0.47833333333333333 0.260986328125 0.4846666666666667 0.2666015625 0.4846666666666667 0.26953125 0.476 0.269775390625 0.47 0.25830078125 0.453 0.25732421875 0.4483333333333333 0.259033203125 0.43833333333333335 0.25634765625 0.436 0.25634765625 0.433 0.255126953125 0.432 0.24609375 0.43133333333333335 0.244384765625 0.43333333333333335
1 0.3623046875 0.203 0.3603515625 0.21433333333333332 0.362548828125 0.223 0.365234375 0.226 0.366943359375 0.226 0.371826171875 0.221 0.376953125 0.194 0.375244140625 0.18866666666666668 0.37255859375 0.18833333333333332 0.3701171875 0.18633333333333332 0.367431640625 0.18666666666666668 0.3623046875 0.203
1 0.18310546875 0.4 0.18310546875 0.412 0.1865234375 0.42033333333333334 0.189453125 0.421 0.191650390625 0.4186666666666667 0.193115234375 0.41433333333333333 0.19384765625 0.40066666666666667 0.19091796875 0.3953333333333333 0.189453125 0.3893333333333333 0.18603515625 0.3903333333333333 0.18310546875 0.4
1 0.297880859375 0.08812199999999999 0.304664306640625 0.086358 0.309509521484375 0.08459366666666666 0.31273974609375 0.07489133333333334 0.313062744140625 0.06562966666666667 0.30304931640625 0.06386566666666667 0.295619873046875 0.06518866666666667 0.2940048828125 0.072686 0.2940048828125 0.08106566666666666 0.297880859375 0.08812199999999999
1 0.314677734375 0.050193999999999996 0.313708740234375 0.042255666666666664 0.31209375 0.034758 0.308217529296875 0.030789 0.3007880859375 0.03652233333333333 0.296911865234375 0.04137333333333333 0.29723486328125 0.04622466666666667 0.29723486328125 0.053722 0.302080078125 0.06342466666666667 0.306279296875 0.06166066666666667 0.310801513671875 0.05989633333333333 0.3117705078125 0.061219666666666665 0.314677734375 0.055927333333333336 0.314677734375 0.050193999999999996
1 0.22440608154296876 0 0.221003173828125 0.008296666666666667 0.218419189453125 0.015352999999999999 0.2174501953125 0.019322333333333334 0.217126953125 0.024614666666666663 0.216803955078125 0.031671000000000005 0.225525390625 0.034317 0.235216064453125 0.005209666666666666 0.22885666162109375 0 0.22440608154296876 0
1 0.318553955078125 0.06430666666666666 0.31693896484375 0.070922 0.31693896484375 0.08062466666666666 0.322107177734375 0.08327066666666667 0.3285673828125 0.08194766666666667 0.329859375 0.07312733333333334 0.331474609375 0.06254266666666666 0.329859375 0.054163 0.31952294921875 0.052840000000000005 0.318553955078125 0.06430666666666666
1 0.337934814453125 0.19484966666666667 0.337934814453125 0.20367033333333331 0.342134033203125 0.20367033333333331 0.34601025390625 0.19617300000000001 0.34471826171875 0.18691133333333335 0.34245703125 0.17720866666666665 0.338904052734375 0.17676766666666666 0.335996826171875 0.18602933333333332 0.337934814453125 0.19484966666666667
1 0.378957763671875 0.17456266666666667 0.382833984375 0.17015233333333332 0.386064208984375 0.163537 0.386064208984375 0.15736266666666668 0.38218798828125 0.15559866666666666 0.3773427734375 0.162214 0.37249755859375 0.16794733333333334 0.372174560546875 0.17323966666666668 0.378957763671875 0.17456266666666667
1 0.2584033203125 0.043015 0.2612353515625 0.03949966666666666 0.263552734375 0.03633566666666667 0.263552734375 0.028602 0.260463134765625 0.02684466666666667 0.257888427734375 0.030711333333333334 0.256343505859375 0.03422666666666667 0.25737353515625 0.039148 0.2584033203125 0.043015
1 0.245787353515625 0.032820666666666665 0.248362060546875 0.033172 0.25299658203125 0.033172 0.25299658203125 0.028250666666666664 0.250421875 0.021923 0.245530029296875 0.018759333333333333 0.242955322265625 0.024032333333333333 0.24424267578125 0.02895366666666667 0.245787353515625 0.032820666666666665
1 0.30320263671875 0.2799453333333333 0.303717529296875 0.28486666666666666 0.30397509765625 0.292952 0.30680712890625 0.292952 0.31195654296875 0.29189733333333334 0.3109267578125 0.282406 0.310669189453125 0.27432066666666666 0.30757958984375 0.2722116666666667 0.3034599609375 0.272563 0.30320263671875 0.2799453333333333
1 0.345254638671875 0.3495643333333333 0.344638671875 0.349985 0.34648681640625 0.3535596666666667 0.349259033203125 0.3550316666666667 0.353109619140625 0.3550316666666667 0.354957763671875 0.35208766666666663 0.354341796875 0.3489333333333333 0.3526474609375 0.34619966666666663 0.348797119140625 0.3438866666666667 0.346332763671875 0.34641 0.345254638671875 0.34935399999999994 0.345254638671875 0.3495643333333333
1 0.29304296875 0.38131733333333334 0.2978173828125 0.384682 0.299511474609375 0.3792143333333333 0.299511474609375 0.37395733333333336 0.298433349609375 0.3703823333333333 0.29304296875 0.365546 0.2913486328125 0.36806933333333336 0.290732666015625 0.37206466666666665 0.29211865234375 0.37584999999999996 0.29304296875 0.38131733333333334
1 0.282877685546875 0.42000966666666667 0.284572021484375 0.42379466666666665 0.28765234375 0.4235846666666666 0.287960205078125 0.4185376666666667 0.28734423828125 0.41370100000000004 0.286420166015625 0.411388 0.285033935546875 0.411388 0.284725830078125 0.41433200000000003 0.282877685546875 0.42000966666666667
1 0.28549609375 0.46480033333333337 0.290732666015625 0.46480033333333337 0.29643115234375 0.4633283333333333 0.29750927734375 0.4620666666666667 0.294428955078125 0.4500803333333333 0.28303173828125 0.451973 0.28549609375 0.46480033333333337
1 0.29812548828125 0.522839 0.301513916015625 0.5224183333333333 0.310600830078125 0.5112733333333334 0.304902099609375 0.5041236666666667 0.30182177734375 0.503703 0.29427490234375 0.514638 0.29812548828125 0.522839
1 0.315529296875 0.553961 0.317377685546875 0.5466013333333334 0.310600830078125 0.5447086666666666 0.305826416015625 0.5455496666666666 0.30567236328125 0.5529096666666666 0.315529296875 0.553961
1 0.28118359375 0.5152686666666667 0.286420166015625 0.5156893333333333 0.28657421875 0.513166 0.28549609375 0.5079086666666667 0.28041357421875 0.5068573333333333 0.28118359375 0.5152686666666667
1 0.328466796875 0.6149436666666667 0.32815869140625 0.6056913333333334 0.315991455078125 0.6073733333333333 0.315991455078125 0.616626 0.328466796875 0.6149436666666667
1 0.338785888671875 0.6250373333333333 0.33893994140625 0.6281916666666667 0.33955615234375 0.629874 0.343406494140625 0.629874 0.3483349609375 0.6300843333333334 0.35403369140625 0.62693 0.35618994140625 0.621883 0.351261474609375 0.6153643333333334 0.344792724609375 0.6168363333333333 0.341404296875 0.6195700000000001 0.338785888671875 0.6250373333333333
1 0.345870849609375 0.5932843333333333 0.34386865234375 0.5968593333333333 0.3418662109375 0.6002236666666667 0.344176513671875 0.603378 0.347410888671875 0.6071633333333334 0.352031494140625 0.6071633333333334 0.35772998046875 0.6061116666666667 0.3645068359375 0.600434 0.363274658203125 0.5955976666666666 0.361888671875 0.5918123333333333 0.357576171875 0.5918123333333333 0.3526474609375 0.5926536666666666 0.348489013671875 0.5928640000000001 0.345870849609375 0.5932843333333333
1 0.3731318359375 0.5993826666666666 0.373285888671875 0.604009 0.373747802734375 0.6065323333333333 0.37343994140625 0.6096866666666666 0.371899658203125 0.614313 0.3752880859375 0.6162053333333334 0.37790625 0.6178876666666667 0.379754638671875 0.6136820000000001 0.381602783203125 0.6111586666666667 0.38098681640625 0.6067426666666667 0.379138427734375 0.6016956666666666 0.37821435546875 0.596649 0.375904052734375 0.5970696666666667 0.373593994140625 0.5993826666666666 0.3731318359375 0.5993826666666666
1 0.35834619140625 0.6311356666666667 0.358962158203125 0.6336590000000001 0.35942431640625 0.637234 0.36312060546875 0.6393366666666667 0.365123046875 0.6359723333333333 0.365123046875 0.630715 0.364968994140625 0.6267196666666667 0.364044921875 0.6237756666666666 0.36096435546875 0.6237756666666666 0.358654296875 0.6273506666666666 0.35834619140625 0.6311356666666667
1 0.3871474609375 0.584242 0.38791748046875 0.5897096666666667 0.38899560546875 0.5924433333333333 0.390535888671875 0.5955976666666666 0.392845947265625 0.5958076666666666 0.39484814453125 0.5932843333333333 0.3946943359375 0.5880273333333333 0.393462158203125 0.5836113333333334 0.391921875 0.5815083333333334 0.389765625 0.5812983333333334 0.388071533203125 0.583401 0.3871474609375 0.584242
1 0.398852783203125 0.609266 0.40239501953125 0.612841 0.402857177734375 0.6105276666666667 0.40670751953125 0.6046396666666667 0.41209814453125 0.5991723333333333 0.408247802734375 0.595177 0.405013427734375 0.5911816666666667 0.403627197265625 0.5926536666666666 0.40085498046875 0.5968593333333333 0.398390625 0.6006443333333333 0.39515625 0.605481 0.398852783203125 0.609266
1 0.40562939453125 0.5682606666666666 0.406861572265625 0.5714146666666666 0.40947998046875 0.5705736666666666 0.410865966796875 0.5705736666666666 0.41163623046875 0.5680503333333333 0.411328125 0.5651063333333333 0.410404052734375 0.562793 0.409171875 0.561952 0.407477783203125 0.561952 0.406399658203125 0.5636343333333333 0.405783447265625 0.56784 0.40562939453125 0.5682606666666666
1 0.408247802734375 0.5791953333333333 0.41055810546875 0.5802466666666667 0.41317626953125 0.580457 0.415178466796875 0.579616 0.417334716796875 0.5791953333333333 0.41641064453125 0.5756203333333334 0.414716552734375 0.5720456666666667 0.41209814453125 0.5720456666666667 0.410095947265625 0.5714146666666666 0.40778564453125 0.5714146666666666 0.40624560546875 0.573097 0.40670751953125 0.5764616666666667 0.408247802734375 0.5791953333333333
1 0.43843505859375 0.5688913333333333 0.439667236328125 0.5703633333333333 0.44120751953125 0.5726763333333333 0.443209716796875 0.5724663333333333 0.4441337890625 0.5684706666666667 0.442593505859375 0.5648960000000001 0.439975341796875 0.5623726666666666 0.43843505859375 0.5648960000000001 0.4376650390625 0.5667886666666666 0.43843505859375 0.5688913333333333
1 0.45938134765625 0.5306196666666666 0.45938134765625 0.5329326666666667 0.45938134765625 0.5369280000000001 0.45999755859375 0.5411336666666667 0.461691650390625 0.5428160000000001 0.46431005859375 0.5421853333333333 0.466004150390625 0.539872 0.466004150390625 0.5344046666666666 0.466004150390625 0.5287270000000001 0.4656962890625 0.5230493333333333 0.462923828125 0.524311 0.45999755859375 0.5264136666666667 0.45938134765625 0.5306196666666666
1 0.522990478515625 0.48961400000000005 0.519602294921875 0.4805716666666666 0.512517333984375 0.4847773333333334 0.515751708984375 0.4950813333333333 0.522990478515625 0.48961400000000005
1 0.508051025390625 0.536087 0.508204833984375 0.5415543333333334 0.508204833984375 0.5451293333333334 0.508512939453125 0.549335 0.5097451171875 0.5535406666666667 0.512517333984375 0.556695 0.51436572265625 0.551648 0.51436572265625 0.5480733333333333 0.516829833984375 0.5438673333333334 0.517446044921875 0.5388206666666666 0.5172919921875 0.5320916666666667 0.51590576171875 0.5314606666666667 0.5140576171875 0.5287270000000001 0.51159326171875 0.5276756666666667 0.509282958984375 0.5293576666666667 0.507126708984375 0.5308296666666666 0.508051025390625 0.536087
1 0.512825439453125 0.5661576666666667 0.5151357421875 0.5680503333333333 0.51775390625 0.573097 0.520680419921875 0.5758306666666666 0.52237451171875 0.573728 0.522528564453125 0.56784 0.52098828125 0.5602696666666667 0.51806201171875 0.5562743333333333 0.51451953125 0.5548023333333333 0.51220947265625 0.558377 0.512517333984375 0.5623726666666666 0.512825439453125 0.5661576666666667
1 0.5484033203125 0.6588933333333333 0.54932763671875 0.6612063333333333 0.54932763671875 0.6641503333333333 0.552099853515625 0.6641503333333333 0.5548720703125 0.6620476666666667 0.56164892578125 0.658683 0.561186767578125 0.6532156666666666 0.560108642578125 0.6494303333333333 0.557182373046875 0.6487996666666667 0.55302392578125 0.6515333333333333 0.549635498046875 0.654898 0.5484033203125 0.6588933333333333
1 0.592914306640625 0.6246170000000001 0.597226806640625 0.6246170000000001 0.600461181640625 0.6244066666666667 0.60354150390625 0.618729 0.60415771484375 0.612841 0.606005859375 0.6044296666666666 0.606005859375 0.5998033333333334 0.60523583984375 0.596649 0.60246337890625 0.596649 0.599999267578125 0.5998033333333334 0.596148681640625 0.6029576666666667 0.5947626953125 0.6056913333333334 0.593530517578125 0.6109483333333333 0.592914306640625 0.6246170000000001
1 0.611242431640625 0.4500803333333333 0.61278271484375 0.451132 0.61601708984375 0.44860833333333333 0.6194052734375 0.44482333333333335 0.6194052734375 0.437884 0.61755712890625 0.4345193333333333 0.614476806640625 0.4345193333333333 0.6118583984375 0.437253 0.611396484375 0.440828 0.611550537109375 0.4458746666666667 0.611242431640625 0.4500803333333333
1 0.553073974609375 0.30672266666666664 0.556245849609375 0.31262833333333334 0.5614365234375 0.3098723333333333 0.56605029296875 0.30357300000000004 0.571240966796875 0.295305 0.5674921875 0.28743066666666667 0.55941796875 0.28900566666666666 0.55595751953125 0.299242 0.55278564453125 0.30672266666666664 0.553073974609375 0.30672266666666664
1 0.58104541015625 0.30672266666666664 0.58710107421875 0.30593533333333334 0.5905615234375 0.2988483333333333 0.58911962890625 0.29491133333333336 0.58508251953125 0.29412366666666667 0.580757080078125 0.29609233333333335 0.578161865234375 0.2988483333333333 0.577873291015625 0.30317933333333336 0.58104541015625 0.30672266666666664
1 0.645062744140625 0.30357300000000004 0.647081298828125 0.3016043333333333 0.647658203125 0.2929426666666667 0.64679296875 0.28506833333333337 0.642755859375 0.276013 0.63525830078125 0.2681386666666667 0.6326630859375 0.2779813333333333 0.6326630859375 0.2846746666666667 0.636988525390625 0.29136766666666664 0.64131396484375 0.2984546666666667 0.645062744140625 0.30357300000000004
1 0.59921240234375 0.322865 0.603249755859375 0.325621 0.605844970703125 0.32483366666666663 0.6075751953125 0.32129033333333334 0.6075751953125 0.3181406666666667 0.6075751953125 0.3110536666666667 0.60411474609375 0.3071163333333333 0.601231201171875 0.31223466666666666 0.597770751953125 0.31144733333333335 0.597482421875 0.3157783333333333 0.597482421875 0.32129033333333334 0.59921240234375 0.322865
1 0.65227197265625 0.32798333333333335 0.6568857421875 0.32916466666666666 0.658615966796875 0.320109 0.652560302734375 0.320109 0.64938818359375 0.317353 0.646504638671875 0.317353 0.645927978515625 0.3165656666666667 0.645062744140625 0.326015 0.65227197265625 0.32798333333333335
1 0.695238525390625 0.19097 0.696680419921875 0.19963199999999998 0.701005859375 0.20711266666666667 0.708215087890625 0.20711266666666667 0.70850341796875 0.19687600000000002 0.709368408203125 0.18309566666666668 0.704177978515625 0.17325300000000002 0.69754541015625 0.17404033333333332 0.695238525390625 0.19097
1 0.676206298828125 0.1519923333333333 0.679666748046875 0.14923633333333333 0.679955078125 0.142543 0.671592529296875 0.14451166666666668 0.67130419921875 0.15041733333333335 0.676206298828125 0.1519923333333333
1 0.672169189453125 0.17482766666666666 0.674187744140625 0.17876499999999998 0.677648193359375 0.179946 0.680243408203125 0.17758366666666667 0.679090087890625 0.16852833333333334 0.675629638671875 0.16262266666666667 0.671880859375 0.16301633333333332 0.67130419921875 0.16695333333333334 0.672169189453125 0.17482766666666666
1 0.656597412109375 0.152386 0.657462646484375 0.15868533333333332 0.659481201171875 0.16380366666666668 0.664671630859375 0.16655966666666666 0.66640185546875 0.15868533333333332 0.665536865234375 0.14884233333333333 0.6649599609375 0.14057433333333333 0.661499755859375 0.135456 0.658615966796875 0.135456 0.6568857421875 0.144118 0.6568857421875 0.15120466666666665 0.656597412109375 0.152386
1 0.688029296875 0.250815 0.691201416015625 0.25435833333333335 0.69552685546875 0.2547523333333333 0.700140869140625 0.245303 0.69552685546875 0.24097200000000002 0.691778076171875 0.23585366666666668 0.687164306640625 0.23467266666666667 0.684280517578125 0.2445156666666667 0.688029296875 0.250815
1 0.6496767578125 0.28624933333333336 0.650541748046875 0.29176166666666664 0.651118408203125 0.299242 0.651118408203125 0.30554166666666666 0.654578857421875 0.3094786666666667 0.66034619140625 0.3086913333333333 0.659481201171875 0.299636 0.659481201171875 0.290974 0.659192626953125 0.28309966666666664 0.6548671875 0.278769 0.650541748046875 0.278769 0.6496767578125 0.28624933333333336
1 0.6617880859375 0.348063 0.664094970703125 0.35042533333333337 0.666690185546875 0.35396866666666665 0.668132080078125 0.35436233333333333 0.67332275390625 0.35318133333333335 0.67245751953125 0.3429446666666667 0.66640185546875 0.337039 0.66121142578125 0.33664533333333335 0.659481201171875 0.3421573333333333 0.6617880859375 0.348063
1 0.7621396484375 0.33625133333333335 0.766465087890625 0.342551 0.769060302734375 0.337039 0.771078857421875 0.32955833333333334 0.76877197265625 0.32089666666666666 0.763869873046875 0.3153843333333333 0.76069775390625 0.3153843333333333 0.7572373046875 0.32050266666666666 0.756948974609375 0.32129033333333334 0.7572373046875 0.32955833333333334 0.7621396484375 0.33625133333333335
1 0.694085205078125 0.3460943333333333 0.696680419921875 0.349244 0.699275634765625 0.354756 0.702159423828125 0.353575 0.70244775390625 0.3460943333333333 0.70244775390625 0.3405823333333333 0.69956396484375 0.33546400000000004 0.696680419921875 0.33192066666666664 0.695815185546875 0.3334953333333333 0.6949501953125 0.3401886666666667 0.694085205078125 0.3460943333333333
1 0.647081298828125 0.37719800000000003 0.64679296875 0.37129233333333334 0.64621630859375 0.3642053333333333 0.643044189453125 0.36144933333333334 0.6407373046875 0.36144933333333334 0.63929541015625 0.37286700000000006 0.647081298828125 0.37719800000000003
1 0.77972998046875 0.33940133333333333 0.78174853515625 0.3488503333333333 0.7872275390625 0.3586933333333333 0.7903994140625 0.35515 0.79587841796875 0.340976 0.79587841796875 0.32680233333333336 0.79472509765625 0.31932166666666667 0.788957763671875 0.3086913333333333 0.786650634765625 0.31262833333333334 0.783478759765625 0.321684 0.77886474609375 0.33192066666666664 0.77972998046875 0.33940133333333333
1 0.82183154296875 0.30357300000000004 0.82586865234375 0.30632899999999996 0.83105908203125 0.30751033333333333 0.8284638671875 0.29766733333333334 0.824715087890625 0.29176166666666664 0.819236083984375 0.290974 0.820677978515625 0.29687966666666665 0.82183154296875 0.30357300000000004
1 0.842305419921875 0.30317933333333336 0.837019767578125 0.30849681733333334 0.8405751953125 0.3157783333333333 0.845189208984375 0.3181406666666667 0.8495146484375 0.317353 0.854416748046875 0.3153843333333333 0.856435302734375 0.31262833333333334 0.852398193359375 0.30632899999999996 0.84749609375 0.30436033333333334 0.842305419921875 0.30317933333333336
1 0.831347412109375 0.3004233333333333 0.83451953125 0.2988483333333333 0.837691650390625 0.292549 0.838844970703125 0.285462 0.835384765625 0.2838873333333333 0.831347412109375 0.28861166666666666 0.830482421875 0.29569866666666667 0.831347412109375 0.3004233333333333
1 0.822408203125 0.46617800000000004 0.826733642578125 0.463028 0.82788720703125 0.453579 0.822408203125 0.4512166666666667 0.818082763671875 0.4551536666666667 0.818082763671875 0.4606656666666667 0.822408203125 0.46617800000000004
1 0.846919189453125 0.38231633333333337 0.84605419921875 0.38822199999999996 0.848361083984375 0.38861566666666664 0.849226318359375 0.39294666666666667 0.851821533203125 0.40003366666666673 0.8535517578125 0.407514 0.85499365234375 0.4059393333333333 0.859607421875 0.3968836666666667 0.863932861328125 0.38625333333333334 0.86422119140625 0.3775916666666667 0.863356201171875 0.37089866666666665 0.86220263671875 0.36302433333333334 0.858742431640625 0.3586933333333333 0.8535517578125 0.3642053333333333 0.853263427734375 0.37326066666666663 0.85066796875 0.3740483333333333 0.846342529296875 0.3779853333333333 0.846342529296875 0.383891 0.846919189453125 0.38231633333333337
1 0.7903994140625 0.490982 0.792129638671875 0.49413166666666664 0.79789697265625 0.492163 0.802510986328125 0.4886196666666666 0.80539453125 0.48271400000000003 0.803087646484375 0.479958 0.799050537109375 0.479958 0.7953017578125 0.479958 0.792129638671875 0.48428866666666665 0.7903994140625 0.490982
1 0.83999853515625 0.47287100000000004 0.841152099609375 0.4677526666666667 0.841152099609375 0.4614533333333333 0.841152099609375 0.45397266666666664 0.842305419921875 0.4472793333333333 0.8405751953125 0.44334233333333334 0.834807861328125 0.44294866666666666 0.833365966796875 0.46499666666666667 0.83999853515625 0.47287100000000004
1 0.8486494140625 0.4626343333333333 0.852398193359375 0.45790966666666666 0.856435302734375 0.45318533333333333 0.853263427734375 0.45003533333333334 0.849226318359375 0.449248 0.846919189453125 0.45082300000000003 0.8446123046875 0.4567286666666666 0.846630859375 0.460272 0.8486494140625 0.4626343333333333
1 0.846919189453125 0.477202 0.846919189453125 0.481139 0.847207763671875 0.486651 0.847207763671875 0.49137566666666666 0.848361083984375 0.4961003333333333 0.8535517578125 0.5004313333333333 0.854416748046875 0.4929506666666667 0.854416748046875 0.4835013333333333 0.854705322265625 0.4775956666666667 0.853263427734375 0.47169 0.850379638671875 0.4697213333333333 0.84749609375 0.4697213333333333 0.846919189453125 0.477202
1 0.803664306640625 0.590986 0.80885498046875 0.593742 0.814045654296875 0.5846863333333333 0.815775634765625 0.5775996666666666 0.809719970703125 0.575631 0.8074130859375 0.5791743333333333 0.805682861328125 0.5831116666666667 0.8033759765625 0.5901983333333334 0.803664306640625 0.590986
1 0.7872275390625 0.5547639999999999 0.78982275390625 0.5606696666666666 0.7993388671875 0.5606696666666666 0.798185302734375 0.5567326666666667 0.795590087890625 0.550827 0.792129638671875 0.5484646666666667 0.787515869140625 0.5468896666666667 0.7872275390625 0.5547639999999999
1 0.85210986328125 0.550433 0.855858642578125 0.5551576666666667 0.860472412109375 0.5626383333333334 0.864798095703125 0.560276 0.8656630859375 0.553189 0.8616259765625 0.5457086666666666 0.856723876953125 0.539409 0.85412841796875 0.539409 0.8535517578125 0.5390153333333334 0.85095654296875 0.5441336666666667 0.85210986328125 0.550433
1 0.750893310546875 0.5968916666666666 0.7540654296875 0.5972853333333333 0.7572373046875 0.5933483333333334 0.760986083984375 0.5878363333333333 0.7572373046875 0.5878363333333333 0.754930419921875 0.5850803333333333 0.752046630859375 0.5850803333333333 0.751181640625 0.5842926666666667 0.745414306640625 0.5933483333333334 0.750893310546875 0.5968916666666666
1 0.717154296875 0.6307513333333333 0.72061474609375 0.6307513333333333 0.723786865234375 0.6339009999999999 0.727823974609375 0.6433503333333334 0.731284423828125 0.6390193333333334 0.7330146484375 0.635082 0.7330146484375 0.628389 0.73099609375 0.6197273333333333 0.72465185546875 0.620121 0.72147998046875 0.620121 0.716865966796875 0.6185459999999999 0.716865966796875 0.626814 0.717154296875 0.6307513333333333
1 0.735033203125 0.48389499999999996 0.7269168666992187 0.48313087000000005 0.725805419921875 0.49413166666666664 0.735033203125 0.4929506666666667 0.735033203125 0.48389499999999996
1 0.735898193359375 0.492557 0.7370517578125 0.5004313333333333 0.739935302734375 0.5059433333333333 0.745990966796875 0.509093 0.75377685546875 0.509093 0.7532001953125 0.5012186666666667 0.74973974609375 0.492557 0.7422421875 0.489407 0.7361865234375 0.49176933333333334 0.735898193359375 0.492557
1 0.820677978515625 0.7240620000000001 0.824715087890625 0.7279993333333333 0.82702197265625 0.7248493333333332 0.82500341796875 0.7193373333333334 0.82154296875 0.7126443333333333 0.82154296875 0.7122506666666667 0.817505859375 0.716975 0.820677978515625 0.7240620000000001
1 0.72061474609375 0.8409956666666667 0.725805419921875 0.836665 0.73272607421875 0.8248533333333333 0.73272607421875 0.8114669999999999 0.729842529296875 0.800443 0.72465185546875 0.797687 0.720326416015625 0.804774 0.717731201171875 0.813042 0.717731201171875 0.8260346666666666 0.72061474609375 0.8409956666666667
1 0.811738525390625 0.9035966666666666 0.81289208984375 0.8992656666666666 0.813180419921875 0.8937536666666667 0.80885498046875 0.8933599999999999 0.8074130859375 0.8980846666666666 0.807124755859375 0.904384 0.811738525390625 0.9035966666666666
1 0.815198974609375 0.9858833333333333 0.818082763671875 0.9925766666666667 0.82096630859375 0.992183 0.822119873046875 0.9815526666666666 0.821254638671875 0.9744656666666667 0.81692919921875 0.9736783333333333 0.8154873046875 0.976828 0.8154873046875 0.985096 0.815198974609375 0.9858833333333333
1 0.730419189453125 0.9091086666666667 0.733302978515625 0.9035966666666666 0.73359130859375 0.896116 0.72955419921875 0.8917853333333334 0.72667041015625 0.898872 0.727823974609375 0.9063526666666667 0.730419189453125 0.9091086666666667
1 0.719749755859375 0.9567483333333333 0.7166287924804687 0.963333726 0.716865966796875 0.9634416666666666 0.716865966796875 0.971316 0.721768310546875 0.9787966666666666 0.726382080078125 0.969741 0.72667041015625 0.9622603333333333 0.72667041015625 0.9591106666666667 0.725228759765625 0.9524176666666667 0.719749755859375 0.9567483333333333
1 0.738205078125 0.9874583333333333 0.739935302734375 0.9878520000000001 0.743395751953125 0.98234 0.743395751953125 0.975253 0.7402236328125 0.9732843333333333 0.7370517578125 0.9764343333333333 0.738205078125 0.9874583333333333
1 0.655155517578125 0.994939 0.662653076171875 0.9913953333333334 0.659481201171875 0.983521 0.656020751953125 0.9772216666666667 0.6496767578125 0.983521 0.655155517578125 0.994939
1 0.49281640625 0.9359606666666667 0.5034990234375 0.933424 0.50303466796875 0.9188386666666667 0.502570068359375 0.9118633333333334 0.49281640625 0.9074243333333334 0.48631396484375 0.911229 0.48399169921875 0.9359606666666667 0.49281640625 0.9359606666666667
1 0.54789453125 0.9656126666666668 0.548832275390625 0.9570786666666666 0.54695703125 0.9485443333333333 0.54195654296875 0.9511046666666666 0.54320654296875 0.9630523333333334 0.54789453125 0.9656126666666668
1 0.486542564453125 1 0.487711181640625 0.9872353333333334 0.487711181640625 0.9767233333333334 0.473082763671875 0.97357 0.46384375 0.968314 0.454604736328125 0.9672626666666667 0.452294921875 0.9672626666666667 0.448445556640625 0.9840816666666666 0.451525146484375 0.9987983333333333 0.4557497333984375 1 0.486542564453125 1
1 0.45845166015625 0.8185106666666667 0.460105224609375 0.82867 0.463412353515625 0.834314 0.471679931640625 0.8377006666666666 0.476640625 0.8185106666666667 0.47746728515625 0.7993210000000001 0.47581396484375 0.7823886666666667 0.467546142578125 0.7812600000000001 0.4617587890625 0.7914193333333333 0.4617587890625 0.7925479999999999 0.45845166015625 0.8094803333333332 0.45845166015625 0.8185106666666667
1 0.209914794921875 0.871131 0.21079296875 0.8783246666666668 0.2143056640625 0.89511 0.22045263671875 0.9106963333333333 0.230990234375 0.9011046666666667 0.234502685546875 0.8867173333333334 0.230112060546875 0.8639373333333333 0.222208740234375 0.8495496666666666 0.21079296875 0.8591413333333333 0.207280517578125 0.8699319999999999 0.209914794921875 0.871131
1 0.234295166015625 0.6854466666666668 0.23816845703125 0.7004306666666666 0.246560546875 0.6986676666666667 0.242687255859375 0.6828026666666667 0.240750732421875 0.666056 0.233649658203125 0.6695816666666666 0.234295166015625 0.6836840000000001 0.234295166015625 0.6854466666666668
1 0.299379638671875 0.6371853333333334 0.302822509765625 0.6371853333333334 0.303314208984375 0.629799 0.303314208984375 0.6224123333333333 0.30380615234375 0.6089826666666667 0.29987158203125 0.6062966666666667 0.292494140625 0.6103253333333334 0.291510498046875 0.6304703333333334 0.299379638671875 0.6371853333333334
1 0.291510498046875 0.6774753333333333 0.294953369140625 0.6694173333333333 0.299379638671875 0.6694173333333333 0.299379638671875 0.662031 0.291510498046875 0.656659 0.291018798828125 0.6573303333333333 0.284625244140625 0.6680743333333333 0.291510498046875 0.6774753333333333
1 0.40561279296875 0.663374 0.406596435546875 0.655316 0.4100390625 0.6546443333333334 0.40954736328125 0.6432289999999999 0.407088134765625 0.6358423333333334 0.3997109375 0.6351709999999999 0.396760009765625 0.662031 0.40561279296875 0.663374
1 0.37364453125 0.7016493333333332 0.377087158203125 0.7110503333333332 0.38200537109375 0.7056783333333333 0.384464599609375 0.6969486666666667 0.38397265625 0.6862046666666667 0.376595458984375 0.6902336666666666 0.37364453125 0.7016493333333332
1 0.287349853515625 0.935421 0.289297607421875 0.9433983333333333 0.3058525390625 0.9593533333333333 0.3116953125 0.9433983333333333 0.295140380859375 0.9301023333333333 0.287349853515625 0.935421
1 0.788736572265625 0.12290899999999999 0.79365673828125 0.10723466666666667 0.778896240234375 0.09603833333333334 0.77643603515625 0.10947366666666666 0.788736572265625 0.12290899999999999
1 0.778076171875 0.054612666666666664 0.787096435546875 0.05237366666666667 0.792836669921875 0.040058 0.792836669921875 0.036698999999999996 0.78381640625 0.036698999999999996 0.778076171875 0.054612666666666664
1 0.820068359375 0.08233333333333333 0.815673828125 0.088 0.807861328125 0.102 0.8037109375 0.11366666666666667 0.80126953125 0.12466666666666666 0.80078125 0.13466666666666666 0.8017578125 0.139 0.80712890625 0.142 0.81396484375 0.142 0.8193359375 0.13633333333333333 0.82568359375 0.12 0.82861328125 0.115 0.83056640625 0.108 0.83154296875 0.10233333333333333 0.830322265625 0.09633333333333334 0.832275390625 0.08633333333333333 0.831787109375 0.083 0.82666015625 0.07766666666666666 0.82470703125 0.07366666666666667 0.822509765625 0.07633333333333334 0.820068359375 0.08233333333333333
1 0.8369140625 0.09966666666666667 0.835205078125 0.104 0.835205078125 0.12466666666666666 0.832763671875 0.13433333333333333 0.8330078125 0.14533333333333334 0.836181640625 0.151 0.840576171875 0.15366666666666667 0.84375 0.15233333333333332 0.847412109375 0.15566666666666668 0.84814453125 0.15966666666666668 0.849365234375 0.161 0.85302734375 0.163 0.85888671875 0.16166666666666665 0.861083984375 0.15566666666666668 0.86181640625 0.145 0.8603515625 0.129 0.857421875 0.117 0.85693359375 0.10233333333333333 0.85546875 0.101 0.853271484375 0.105 0.8447265625 0.09566666666666666 0.840576171875 0.09533333333333334 0.8369140625 0.09966666666666667
1 0.15234375 0.20933333333333334 0.146484375 0.204 0.144287109375 0.20466666666666666 0.141357421875 0.20833333333333334 0.1357421875 0.22033333333333333 0.1337890625 0.22133333333333333 0.1337890625 0.242 0.140625 0.247 0.143798828125 0.245 0.147705078125 0.23266666666666666 0.152587890625 0.22266666666666668 0.154296875 0.21466666666666667 0.15234375 0.20933333333333334
1 0.351196533203125 0.03296933333333334 0.35676416015625 0.048183333333333335 0.36425927734375 0.05579066666666667 0.385673828125 0.056961000000000005 0.388885986328125 0.05432766666666667 0.381390869140625 0.03004333333333333 0.367043212890625 0.02624 0.35291162109375 0.02630266666666667 0.351196533203125 0.03296933333333334
1 0.36262543408203124 0 0.36511572265625 0.013366333333333332 0.36811376953125 0.029751 0.3745380859375 0.033262 0.38545947265625 0.024777 0.38485507080078124 0 0.36262543408203124 0
1 0.3948818359375 0.10026266666666667 0.402376953125 0.08095233333333333 0.388243408203125 0.059886666666666664 0.381819091796875 0.077149 0.3948818359375 0.10026266666666667
1 0.168543212890625 0.13903033333333334 0.18592431640625 0.14027033333333333 0.183848876953125 0.12663033333333334 0.16752294921875 0.12450433333333333 0.168543212890625 0.13903033333333334
1 0.85587109375 0.21728666666666668 0.865760498046875 0.1952203333333333 0.856546630859375 0.164023 0.8468173828125 0.19217666666666666 0.85587109375 0.21728666666666668
1 0.771434326171875 0.39209099999999997 0.783549560546875 0.407186 0.790138671875 0.37641600000000003 0.77554833984375 0.36291799999999996 0.771434326171875 0.39209099999999997
1 0.17963134765625 0.9763146666666667 0.182215576171875 0.9794026666666666 0.18722265625 0.9805056666666666 0.1928759765625 0.976094 0.198529296875 0.9460936666666666 0.19594482421875 0.9403583333333333 0.187707275390625 0.9385936666666667 0.18011572265625 0.9573436666666667 0.17963134765625 0.9763146666666667
1 0.18205419921875 0.9101376666666666 0.18899951171875 0.9105786666666666 0.190291748046875 0.8788136666666666 0.1816123046875 0.880468 0.18205419921875 0.9101376666666666
1 0.157987548828125 0.9081523333333333 0.1676787109375 0.9063873333333333 0.17155517578125 0.8995493333333334 0.17333203125 0.8871960000000001 0.159441162109375 0.8940343333333334 0.157664306640625 0.9070493333333334 0.157987548828125 0.9081523333333333
1 0.165902099609375 0.740283 0.17074755859375 0.7215330000000001 0.1676787109375 0.7151356666666667 0.160894775390625 0.714474 0.159602783203125 0.725283 0.165902099609375 0.740283
1 0.154595458984375 0.5371193333333333 0.15653369140625 0.5377810000000001 0.161056396484375 0.535134 0.1676787109375 0.529178 0.1709091796875 0.515722 0.1644482421875 0.5163840000000001 0.158633544921875 0.5218986666666666 0.15491845703125 0.5366783333333334 0.154595458984375 0.5371193333333333
1 0.190776123046875 0.7151356666666667 0.192068359375 0.7180033333333334 0.19675244140625 0.7215330000000001 0.19836767578125 0.7100620000000001 0.1977216796875 0.7067533333333335 0.19384521484375 0.6985913333333333 0.189367431640625 0.710393 0.190776123046875 0.7151356666666667
1 0.542116455078125 0.091182 0.544271728515625 0.10758133333333335 0.5508916015625 0.110735 0.558281005859375 0.110735 0.558126953125 0.085295 0.552892822265625 0.07625433333333334 0.540401123046875 0.070893 0.542116455078125 0.091182
1 0.15091879931640625 0 0.1492373046875 0.009579666666666667 0.1544111328125 0.022613333333333336 0.15449853515625 0.022780333333333333 0.159882080078125 0.013757 0.1639556953125 0 0.15091879931640625 0
1 0.164488525390625 0.332934 0.168740234375 0.34274533333333335 0.178710205078125 0.3301306666666667 0.171672607421875 0.310708 0.163340087890625 0.320119 0.164488525390625 0.332934
1 0.514375732421875 0.2263166666666667 0.518654541015625 0.240676 0.52513427734375 0.25002599999999997 0.52965771484375 0.24351433333333333 0.538460205078125 0.245685 0.53283642578125 0.225148 0.53222509765625 0.21813533333333332 0.527946044921875 0.2031086666666667 0.521466552734375 0.20026999999999998 0.517798828125 0.210956 0.5144765625 0.225816 0.514375732421875 0.2263166666666667
1 0.53736376953125 0.3805826666666667 0.537562255859375 0.3843733333333333 0.538256103515625 0.3950683333333333 0.54420361328125 0.39344366666666664 0.551935791015625 0.3847793333333333 0.551737548828125 0.3797703333333333 0.5493583984375 0.36663833333333334 0.545789794921875 0.3640663333333334 0.5425185546875 0.36907533333333337 0.537500244140625 0.37983799999999995 0.53736376953125 0.3805826666666667
1 0.64176806640625 0.6662683333333334 0.6439775390625 0.6766623333333334 0.650974365234375 0.6635863333333334 0.648519287109375 0.6479956666666667 0.64213623046875 0.6553716666666667 0.64176806640625 0.6662683333333334
1 0.534595458984375 0.6813263333333334 0.539259765625 0.6786443333333333 0.5348408203125 0.6655679999999999 0.530912841796875 0.6705973333333333 0.534595458984375 0.6813263333333334
1 0.63696826171875 0.40967566666666666 0.653000732421875 0.413592 0.64909033203125 0.40166499999999994 0.64465869140625 0.39970700000000003 0.63670751953125 0.4077173333333333 0.63696826171875 0.40967566666666666
1 0.47731494140625 0.38193 0.4827529296875 0.3628923333333333 0.47471435546875 0.3532123333333333 0.46973583984375 0.36991066666666667 0.47731494140625 0.38193
1 0.403784423828125 0.350631 0.41324169921875 0.3264303333333334 0.404966552734375 0.3173956666666667 0.39617724609375 0.34409666666666666 0.403784423828125 0.350631
1 0.535452392578125 0.44775533333333334 0.5437275390625 0.43710699999999997 0.538526123046875 0.43097633333333335 0.528523681640625 0.44130199999999997 0.535452392578125 0.44775533333333334
1 0.172239013671875 0.24164799999999997 0.179568359375 0.22454633333333335 0.172475341796875 0.21647966666666665 0.16963818359375 0.220997 0.166564697265625 0.22712766666666667 0.16538232421875 0.23519466666666664 0.172239013671875 0.24164799999999997
1 0.180340576171875 0.3167503333333333 0.17939501953125 0.324817 0.185778564453125 0.33482 0.18837939453125 0.32901166666666665 0.190034423828125 0.32255833333333334 0.188852294921875 0.3132006666666667 0.187197265625 0.30707 0.1805771484375 0.30803800000000003 0.176387939453125 0.309006 0.180340576171875 0.3167503333333333
1 0.307308349609375 0.6820823333333333 0.307308349609375 0.6861626666666666 0.30936376953125 0.6871826666666666 0.312727294921875 0.6823373333333334 0.31104541015625 0.676727 0.308939208984375 0.6786396666666668 0.307308349609375 0.6820823333333333
1 0.485719482421875 0.07031566666666667 0.490639404296875 0.06814966666666666 0.49000439453125 0.055587333333333336 0.484419677734375 0.05856533333333333 0.485719482421875 0.07031566666666667
1 0.7411064453125 0.08439433333333334 0.740630126953125 0.06251833333333334 0.729203369140625 0.061002 0.729362060546875 0.078113 0.7411064453125 0.08439433333333334
1 0.722934326171875 0.46267633333333336 0.7192841796875 0.458128 0.71484228515625 0.464409 0.717697021484375 0.4696073333333333 0.722934326171875 0.46267633333333336
1 0.498140869140625 0.715442 0.500045166015625 0.6989810000000001 0.493538330078125 0.6974646666666666 0.489253173828125 0.7143590000000001 0.498140869140625 0.715442
1 0.320474365234375 0.4856353333333333 0.324918212890625 0.488451 0.330948974609375 0.483686 0.331266357421875 0.4702573333333333 0.324759521484375 0.46700833333333336 0.321220458984375 0.4703656666666667 0.320474365234375 0.4856353333333333
1 0.7252321997070312 0 0.72425634765625 0.0025913333333333335 0.7197900390625 0.041897000000000004 0.7424560546875 0.04979666666666666 0.7461240234375 0.07523 0.760796630859375 0.080625 0.76827392578125 0.043052999999999994 0.7737044619140625 0 0.7252321997070312 0
1 0.7521962890625 0.09642433333333335 0.76080224609375 0.08023966666666667 0.747117431640625 0.074652 0.74053466796875 0.08958433333333334 0.7521962890625 0.09642433333333335
1 0.692027587890625 0.7559600000000001 0.69444091796875 0.7264326666666666 0.683882080078125 0.7249220000000001 0.680664306640625 0.7545866666666667 0.692027587890625 0.7559600000000001
1 0.67935693359375 0.7705176666666667 0.6815693359375 0.7499173333333333 0.656931884765625 0.7451103333333334 0.65453466796875 0.7657796666666666 0.67935693359375 0.7705176666666667
1 0.654820068359375 0.7552733333333334 0.66014990234375 0.7392049999999999 0.646875732421875 0.7225873333333334 0.64043994140625 0.7383810000000001 0.654820068359375 0.7552733333333334
1 0.65984814453125 0.7485436666666666 0.6807646484375 0.7536253333333334 0.68297705078125 0.7361836666666667 0.662380615234375 0.7313766666666667 0.65984814453125 0.7485436666666666
1 0.79704052734375 0.8171433333333333 0.800258544921875 0.8207143333333333 0.8029736328125 0.8146713333333334 0.80136474609375 0.8084913333333333 0.79704052734375 0.8080793333333333 0.795609619140625 0.8139846666666667 0.79704052734375 0.8171433333333333
1 0.616279296875 0.8527136666666667 0.618994384765625 0.8501043333333334 0.6196982421875 0.8431000000000001 0.61788818359375 0.8389800000000001 0.61436865234375 0.8421386666666667 0.61386572265625 0.8479066666666666 0.616279296875 0.8527136666666667
1 0.4829990234375 0.7928350000000001 0.494261962890625 0.7910493333333334 0.490440673828125 0.7620713333333333 0.478756591796875 0.7670156666666667 0.4829990234375 0.7928350000000001
1 0.463892578125 0.783496 0.480183349609375 0.7756676666666668 0.474451416015625 0.7645436666666666 0.459568359375 0.7733329999999999 0.463892578125 0.783496
1 0.424053955078125 0.92303 0.433506591796875 0.8922663333333333 0.40323779296875 0.8594430000000001 0.395469482421875 0.8916483333333334 0.424053955078125 0.92303
1 0.4017294921875 0.9412956666666668 0.4208359375 0.9175363333333333 0.408768798828125 0.9058626666666667 0.3938857421875 0.927974 0.4017294921875 0.9412956666666668
1 0.3812099609375 0.9231673333333333 0.390461669921875 0.9108069999999999 0.38794775390625 0.9020173333333333 0.3793251953125 0.911631 0.3812099609375 0.9231673333333333
1 0.225307861328125 0.996093 0.233654296875 0.9849686666666666 0.23586669921875 0.9757669999999999 0.2342578125 0.9632696666666667 0.227520263671875 0.944317 0.21665966796875 0.9660163333333334 0.225307861328125 0.996093
1 0.193208251953125 0.9955436666666666 0.195822998046875 0.9923850000000001 0.19662744140625 0.9874406666666667 0.19411328125 0.9831833333333334 0.191599365234375 0.9835953333333334 0.19019140625 0.987578 0.189967529296875 0.9950629999999999 0.193208251953125 0.9955436666666666
1 0.215538330078125 0.816619 0.2183798828125 0.8214699999999999 0.234126708984375 0.8237336666666667 0.2351923828125 0.802713 0.24679541015625 0.792041 0.25034716796875 0.7792669999999999 0.24655859375 0.7747396666666667 0.2392177734375 0.7716673333333334 0.233653076171875 0.7731226666666666 0.215387451171875 0.795275 0.215538330078125 0.816619
1 0.13858544921875 0.7853633333333334 0.1531123046875 0.7729946666666666 0.1480673828125 0.7631166666666667 0.134093017578125 0.775236 0.13858544921875 0.7853633333333334
1 0.14241455078125 0.820643 0.146122314453125 0.79823 0.138949951171875 0.7959056666666667 0.134999267578125 0.8171566666666666 0.14241455078125 0.820643
1 0.21572021484375 0.055633 0.22151611328125 0.05489666666666666 0.2232685546875 0.04550833333333334 0.220572509765625 0.037040333333333335 0.215046142578125 0.029677000000000002 0.207093505859375 0.03041333333333333 0.205206298828125 0.039433666666666665 0.212326904296875 0.053424 0.21572021484375 0.055633
1 0.30149421728515624 0 0.29706689453125 0.020840666666666667 0.312938232421875 0.03335866666666666 0.32030606494140623 0 0.30149421728515624 0
1 0.2816651708984375 0 0.275224609375 0.031886 0.297706787109375 0.05066266666666667 0.30829025 0 0.2816651708984375 0
1 0.458018798828125 0.11693400000000001 0.458288330078125 0.12926766666666667 0.462871337890625 0.127979 0.470419677734375 0.11914299999999999 0.475541748046875 0.104416 0.475272216796875 0.09152999999999999 0.473115478515625 0.079196 0.467993408203125 0.07440999999999999 0.455018798828125 0.10975433333333333 0.458018798828125 0.11693400000000001
1 0.45006591796875 0.1550396666666667 0.456266357421875 0.14951699999999998 0.453974853515625 0.13810366666666665 0.447774658203125 0.14454666666666666 0.45006591796875 0.1550396666666667
1 0.440361083984375 0.13147666666666666 0.441978515625 0.136263 0.44939208984375 0.13386966666666666 0.45276171875 0.11601333333333334 0.45437939453125 0.10110233333333334 0.447909423828125 0.097789 0.441439208984375 0.102391 0.43955224609375 0.11270000000000001 0.43863720703125 0.12577 0.440361083984375 0.13147666666666666
1 0.44157421875 0.08030066666666666 0.44507861328125 0.07459400000000001 0.441708984375 0.065758 0.437828125 0.07109633333333333 0.44157421875 0.08030066666666666
1 0.7791878198242187 0 0.778986572265625 0.0012543333333333332 0.784701416015625 0.007978333333333332 0.7862556811523438 0 0.7791878198242187 0
1 0.611465576171875 0.117669 0.6118271484375 0.10631 0.603509765625 0.103717 0.603033447265625 0.11495266666666666 0.611465576171875 0.117669
1 0.4580556640625 0.35429299999999997 0.460751220703125 0.3405416666666667 0.457342041015625 0.335669 0.453139892578125 0.33631866666666665 0.45061865234375 0.34860833333333335 0.4580556640625 0.35429299999999997
1 0.432446533203125 0.3389173333333333 0.43886865234375 0.3423823333333333 0.4428330078125 0.33989166666666665 0.444260009765625 0.33036333333333334 0.435986572265625 0.32570699999999997 0.432446533203125 0.3389173333333333
1 0.411080078125 0.536713 0.413738525390625 0.547921 0.419055908203125 0.563076 0.430036865234375 0.5430273333333334 0.431655029296875 0.5340293333333334 0.432001953125 0.5082976666666666 0.423794921875 0.4852496666666667 0.413045166015625 0.5081396666666667 0.411773681640625 0.5185586666666666 0.411080078125 0.536713
1 0.414316650390625 0.6298516666666667 0.436972412109375 0.6189593333333333 0.432233154296875 0.5967006666666667 0.40891162109375 0.610119 0.414316650390625 0.6298516666666667
1 0.426106689453125 0.490775 0.432117431640625 0.4903013333333333 0.433042236328125 0.4835133333333333 0.432117431640625 0.4713576666666667 0.426337890625 0.46646400000000005 0.42382666015625 0.47656733333333334 0.426106689453125 0.490775
1 0.4336201171875 0.510192 0.435931884765625 0.5120863333333333 0.4418271484375 0.5119283333333333 0.444601318359375 0.5076663333333333 0.444485595703125 0.49977299999999997 0.442520751953125 0.4866703333333333 0.43755029296875 0.48572333333333334 0.432233154296875 0.487144 0.43119287109375 0.4970893333333333 0.4336201171875 0.510192
1 0.4108505859375 0.6971320000000001 0.4135654296875 0.6988433333333334 0.414087646484375 0.6961336666666667 0.41419189453125 0.691713 0.4122080078125 0.6875773333333334 0.4081357421875 0.6857236666666666 0.40817041015625 0.6937093333333334 0.4108505859375 0.6971320000000001
1 0.58891259765625 0.7452146666666666 0.59510205078125 0.7526843333333333 0.59841259765625 0.7543553333333333 0.60193896484375 0.7391206666666666 0.600427490234375 0.7270313333333334 0.592079345703125 0.7132713333333333 0.587780029296875 0.7283093333333333 0.58891259765625 0.7452146666666666
1 0.47028955078125 0.2587083333333333 0.473336181640625 0.2601486666666667 0.480015625 0.25886833333333337 0.482007568359375 0.247506 0.482007568359375 0.23694366666666666 0.481070068359375 0.229902 0.473687744140625 0.22814166666666666 0.46993798828125 0.23390299999999997 0.46807958984375 0.25254699999999997 0.47028955078125 0.2587083333333333
1 0.4948974609375 0.22782166666666667 0.50462353515625 0.21869966666666668 0.490093017578125 0.19597466666666666 0.4780234375 0.20541666666666666 0.4948974609375 0.22782166666666667
1 0.6159658203125 0.27147666666666664 0.618372314453125 0.27864733333333336 0.627342041015625 0.27551 0.63992138671875 0.24891866666666665 0.64353125 0.224867 0.641562255859375 0.205596 0.632373779296875 0.16854733333333333 0.626576416015625 0.17512066666666665 0.616403564453125 0.19976966666666665 0.614234375 0.265053 0.6159658203125 0.27147666666666664
1 0.60448046875 0.28432399999999997 0.60940283203125 0.2644553333333333 0.602511474609375 0.26087 0.598314453125 0.27917 0.60448046875 0.28432399999999997
1 0.6344521484375 0.3248086666666667 0.640468505859375 0.324211 0.641015380859375 0.306583 0.634093505859375 0.308077 0.6344521484375 0.3248086666666667
1 0.635983642578125 0.201413 0.642656005859375 0.179901 0.63882763671875 0.157194 0.627779541015625 0.14359933333333333 0.624279296875 0.16361766666666666 0.625482421875 0.18019966666666667 0.635983642578125 0.201413
1 0.652221923828125 0.20802266666666666 0.65652880859375 0.210827 0.656779296875 0.19858366666666666 0.650819580078125 0.191265 0.65013037109375 0.200328 0.652221923828125 0.20802266666666666
1 0.73419921875 0.267365 0.745762939453125 0.26577433333333333 0.74409912109375 0.24918666666666664 0.73272607421875 0.2519133333333333 0.73419921875 0.267365
1 0.73220263671875 0.3044036666666667 0.733866455078125 0.307244 0.737693359375 0.301336 0.737693359375 0.293724 0.7364453125 0.2884976666666667 0.734282470703125 0.28611166666666665 0.731103515625 0.2958826666666667 0.73220263671875 0.3044036666666667
1 0.8099892578125 0.521634 0.815253173828125 0.5231746666666667 0.81556640625 0.517355 0.811555908203125 0.5083686666666667 0.806371826171875 0.5083686666666667 0.8099892578125 0.521634
1 0.81938916015625 0.545854 0.821770263671875 0.5467096666666666 0.82383837890625 0.5453403333333333 0.825279541015625 0.5426016666666666 0.824903564453125 0.539863 0.821018310546875 0.537809 0.81863720703125 0.5422593333333333 0.81938916015625 0.545854
1 0.792689697265625 0.5951336666666667 0.806906005859375 0.5768356666666666 0.7840986328125 0.5374463333333334 0.77022021484375 0.557979 0.792689697265625 0.5951336666666667
1 0.771109619140625 0.5586773333333334 0.766916259765625 0.566779 0.77819970703125 0.5877306666666666 0.784405517578125 0.5803276666666667 0.771109619140625 0.5586773333333334
1 0.7998798828125 0.7811413333333334 0.801160400390625 0.784289 0.803516357421875 0.784639 0.805155517578125 0.7798823333333333 0.804950439453125 0.771838 0.8043359375 0.7670113333333334 0.801211669921875 0.763444 0.7989580078125 0.7699493333333333 0.798701904296875 0.7723276666666667 0.7987529296875 0.775965 0.799177734375 0.780337 0.7998798828125 0.7811413333333334
1 0.2083413740234375 0 0.20431494140625 0.0027493333333333332 0.206060546875 0.005567 0.209552001953125 0.010985333333333335 0.21351953125 0.012285666666666667 0.21653466796875 0.010768666666666666 0.21716943359375 0.0047 0.21463037109375 0.0016656666666666666 0.211479431640625 0 0.2083413740234375 0
1 0.144803466796875 0.069937 0.147025146484375 0.06798633333333333 0.148929443359375 0.06646933333333332 0.15162744140625 0.06300166666666666 0.15146875 0.05975066666666667 0.149564208984375 0.05649933333333333 0.144962158203125 0.057800000000000004 0.14194677734375 0.06300166666666666 0.1405185546875 0.06972033333333333 0.144803466796875 0.069937
1 0.857974365234375 0.053283 0.8636875 0.026191333333333334 0.85448291015625 0.02359066666666667 0.849868896484375 0.047647999999999996 0.857974365234375 0.053283
1 0.8622965200195313 0 0.857022216796875 0.001917 0.85480029296875 0.007769 0.853440673828125 0.019689333333333333 0.860037353515625 0.018172333333333335 0.86511572265625 0.014487666666666668 0.8658950385742188 0 0.8622965200195313 0
1 0.769255859375 0.125239 0.781158203125 0.12242133333333334 0.776714599609375 0.11353533333333334 0.76719287109375 0.11526900000000001 0.769255859375 0.125239
1 0.8332374702148437 0 0.83146533203125 0.004518 0.82940234375 0.014487666666666668 0.831306640625 0.022940333333333333 0.835432861328125 0.022507 0.837813232421875 0.012320333333333332 0.837178466796875 0.0012670000000000001 0.8356798466796875 0 0.8332374702148437 0
1 0.634843505859375 0.09637866666666667 0.637895263671875 0.12993066666666667 0.658037841796875 0.10242200000000001 0.6581904296875 0.11700999999999999 0.661699951171875 0.12576266666666666 0.669177001953125 0.10825733333333333 0.681537109375 0.114926 0.6868779296875 0.137433 0.692676513671875 0.134307 0.699390625 0.14535199999999998 0.722432373046875 0.13138933333333333 0.71999072265625 0.10971600000000001 0.71403955078125 0.09304433333333333 0.713581787109375 0.07866466666666666 0.707935791015625 0.07282966666666667 0.699848388671875 0.05553266666666667 0.688251220703125 0.061159333333333336 0.68748828125 0.05761666666666666 0.686420166015625 0.054282000000000004 0.675738525390625 0.054490666666666666 0.67940087890625 0.01906266666666667 0.667345947265625 0.025523 0.66505712890625 0.03344233333333333 0.662310302734375 0.014478 0.654222900390625 0.029065999999999998 0.605697998046875 0.010101666666666667 0.59657958984375 0.08179066666666668 0.634843505859375 0.09637866666666667
1 0.85141162109375 0.07762266666666666 0.855531494140625 0.06845333333333334 0.85537890625 0.059909000000000004 0.849580322265625 0.06261800000000001 0.8440869140625 0.06887 0.8436201171875 0.08054033333333334 0.85141162109375 0.07762266666666666
1 0.5800216025390625 0 0.58123974609375 0.019271333333333335 0.585238037109375 0.022605666666666663 0.59225732421875 0.03781866666666667 0.600497314453125 0.008017666666666668 0.6001494326171875 0 0.5800216025390625 0
1 0.29264599609375 0.186615 0.2972236328125 0.17598666666666668 0.2972236328125 0.16119033333333335 0.292493408203125 0.15452166666666667 0.28974658203125 0.163066 0.2888310546875 0.176612 0.29264599609375 0.186615
1 0.229111572265625 0.18062899999999998 0.23231591796875 0.19834266666666667 0.231858154296875 0.215223 0.236130859375 0.231895 0.2451337890625 0.23939733333333332 0.256578369140625 0.20501166666666665 0.25139013671875 0.18792266666666668 0.250932373046875 0.16416533333333333 0.248490966796875 0.15312033333333333 0.236130859375 0.16749966666666669 0.225601806640625 0.15437066666666668 0.229111572265625 0.18062899999999998
1 0.27250341796875 0.24705033333333332 0.302564453125 0.20516233333333334 0.26411083984375 0.136391 0.241702392578125 0.17338166666666666 0.27250341796875 0.24705033333333332
1 0.2447314453125 0.14285133333333333 0.2470205078125 0.14931166666666668 0.256786376953125 0.15077066666666666 0.2625849609375 0.14222633333333332 0.261974609375 0.132223 0.257701904296875 0.11992766666666667 0.249004150390625 0.11909399999999999 0.2426181640625 0.12930533333333333 0.2447314453125 0.14285133333333333
1 0.273724365234375 0.1482696666666667 0.277691650390625 0.12347033333333333 0.269909423828125 0.118052 0.265513427734375 0.14118433333333333 0.273724365234375 0.1482696666666667
1 0.28074365234375 0.30686066666666667 0.29569775390625 0.2701826666666667 0.28135400390625 0.26205533333333336 0.269604248046875 0.28998066666666666 0.270321533203125 0.2977953333333333 0.28074365234375 0.30686066666666667
1 0.264263427734375 0.30686066666666667 0.268078369140625 0.29873333333333335 0.259532958984375 0.283937 0.25521044921875 0.2962323333333333 0.264263427734375 0.30686066666666667
1 0.283947998046875 0.266223 0.2876103515625 0.2680986666666667 0.294019287109375 0.263514 0.29691845703125 0.24975966666666666 0.296155517578125 0.243091 0.287 0.23913133333333333 0.28318505859375 0.255178 0.283642822265625 0.265181 0.283947998046875 0.266223
1 0.181837890625 0.23142066666666664 0.19236669921875 0.22912833333333332 0.191298583984375 0.21579066666666666 0.18153271484375 0.21787466666666666 0.181837890625 0.23142066666666664
1 0.154828857421875 0.16515 0.15342597998046875 0.1830521313333333 0.1609326171875 0.1818216666666667 0.165052490234375 0.178279 0.1658154296875 0.16077366666666668 0.154828857421875 0.16515
1 0.181837890625 0.18015466666666669 0.183821533203125 0.17640333333333336 0.18397412109375 0.1707766666666667 0.181074951171875 0.168901 0.177107421875 0.17035999999999998 0.17436083984375 0.172027 0.17439013671875 0.182447 0.181837890625 0.18015466666666669
1 0.329272705078125 0.40324499999999996 0.333392578125 0.3626073333333333 0.319506591796875 0.36177366666666666 0.316798828125 0.40189033333333335 0.329272705078125 0.40324499999999996
1 0.33781787109375 0.4088716666666667 0.34498974609375 0.422626 0.35216162109375 0.389074 0.339801513671875 0.36177366666666666 0.3303408203125 0.38115466666666664 0.328933349609375 0.402203 0.33308740234375 0.41533200000000003 0.33781787109375 0.4088716666666667
1 0.437938232421875 0.4403396666666667 0.451976806640625 0.428878 0.461895263671875 0.437214 0.469830322265625 0.39824333333333334 0.455333740234375 0.384906 0.447551513671875 0.41491533333333336 0.430156005859375 0.42429333333333336 0.437938232421875 0.4403396666666667
1 0.55579052734375 0.44700866666666667 0.575932861328125 0.44304899999999997 0.56891357421875 0.3913663333333333 0.54922900390625 0.3955343333333334 0.55579052734375 0.44700866666666667
1 0.553501708984375 0.391783 0.567235107421875 0.4007443333333333 0.5721181640625 0.38386400000000004 0.558802490234375 0.37657 0.553501708984375 0.391783
1 0.569676513671875 0.3936586666666667 0.58142626953125 0.38719833333333337 0.5817314453125 0.3730273333333334 0.569563232421875 0.381259 0.569676513671875 0.3936586666666667
1 0.628291259765625 0.4338793333333333 0.64385595703125 0.439923 0.649654541015625 0.4180413333333333 0.633021728515625 0.410539 0.6300068359375 0.4281486666666666 0.628291259765625 0.4338793333333333
1 0.724132568359375 0.35322933333333334 0.7319150390625 0.34906133333333333 0.7284052734375 0.33947499999999997 0.72059619140625 0.3407253333333333 0.724132568359375 0.35322933333333334
1 0.794052001953125 0.38052966666666665 0.832505615234375 0.41554033333333334 0.84318701171875 0.37469433333333335 0.804885986328125 0.34197600000000006 0.79374658203125 0.378654 0.794052001953125 0.38052966666666665
1 0.84257666015625 0.36239899999999997 0.857836181640625 0.3280133333333333 0.830216552734375 0.32134433333333334 0.8150009765625 0.3515623333333333 0.84257666015625 0.36239899999999997
1 0.83189501953125 0.44409099999999996 0.834336669921875 0.4328373333333333 0.8332685546875 0.4259603333333334 0.82701220703125 0.42866966666666667 0.82533349609375 0.43783900000000003 0.82640185546875 0.44846733333333333 0.83189501953125 0.44409099999999996
1 0.844560302734375 0.5028593333333333 0.847154541015625 0.49306466666666665 0.84318701171875 0.48472866666666664 0.84135595703125 0.4934813333333333 0.844560302734375 0.5028593333333333
1 0.738489013671875 0.5182806666666667 0.7410830078125 0.49681566666666666 0.720330322265625 0.4993166666666667 0.71804150390625 0.519948 0.738489013671875 0.5182806666666667
1 0.5104453125 0.45555300000000004 0.5194482421875 0.4322123333333333 0.50373095703125 0.40157766666666667 0.49332177734375 0.4240846666666666 0.5104453125 0.45555300000000004
1 0.48282568359375 0.453052 0.490150146484375 0.4426323333333333 0.484198974609375 0.4353383333333334 0.475958984375 0.44700866666666667 0.48282568359375 0.453052
1 0.382998291015625 0.38719833333333337 0.3787255859375 0.40324499999999996 0.384524169921875 0.41491533333333336 0.395663330078125 0.40637100000000004 0.406650146484375 0.38157166666666664 0.396426513671875 0.3699013333333333 0.390475341796875 0.3759446666666667 0.3836533203125 0.38844866666666666 0.382998291015625 0.38719833333333337
1 0.37460546875 0.448884 0.387575927734375 0.42429333333333336 0.37903076171875 0.4099136666666667 0.367168701171875 0.431587 0.37460546875 0.448884
1 0.36361865234375 0.5180723333333334 0.365755126953125 0.5293260000000001 0.37460546875 0.5301593333333333 0.374758056640625 0.5057769999999999 0.36556591796875 0.5003586666666667 0.36361865234375 0.5180723333333334
1 0.180614990234375 0.48201933333333336 0.18702392578125 0.47910200000000003 0.18748193359375 0.473475 0.1861083984375 0.4672233333333334 0.180004638671875 0.47285 0.180614990234375 0.48201933333333336
1 0.184124755859375 0.5645453333333333 0.194196044921875 0.544539 0.18671875 0.533077 0.17741064453125 0.5516243333333334 0.184124755859375 0.5645453333333333
1 0.17924169921875 0.5735063333333333 0.181683349609375 0.570172 0.17924169921875 0.5605856666666666 0.17741064453125 0.5459976666666666 0.171001708984375 0.540996 0.168865478515625 0.5453726666666666 0.1700400390625 0.568192 0.17924169921875 0.5735063333333333
1 0.185650634765625 0.5368283333333334 0.1908388671875 0.5428716666666666 0.202130859375 0.5262 0.202130859375 0.5141126666666667 0.19831591796875 0.4982746666666667 0.19175439453125 0.50015 0.186066650390625 0.5191143333333333 0.185650634765625 0.5368283333333334
1 0.26127587890625 0.7705466666666666 0.26661669921875 0.773256 0.265395751953125 0.7567926666666667 0.25837646484375 0.7480396666666668 0.25612646484375 0.7629403333333333 0.26127587890625 0.7705466666666666
1 0.22495849609375 0.6759339999999999 0.226331787109375 0.6650973333333333 0.225263671875 0.6542606666666666 0.220990966796875 0.6519683333333334 0.21839697265625 0.6580116666666667 0.21687109375 0.6773926666666668 0.219035888671875 0.681665 0.22495849609375 0.6759339999999999
1 0.198864990234375 0.6723913333333333 0.2031376953125 0.673225 0.20771533203125 0.6655139999999999 0.20588427734375 0.663847 0.1984072265625 0.6625966666666666 0.19520263671875 0.6653056666666667 0.1948974609375 0.6688483333333334 0.198864990234375 0.6723913333333333
1 0.16178466796875 0.7169883333333333 0.17155078125 0.7165716666666667 0.163768310546875 0.686979 0.155375732421875 0.685937 0.153555419921875 0.6944813333333333 0.16178466796875 0.7169883333333333
1 0.267387939453125 0.6889773333333332 0.26970703125 0.6886603333333334 0.272837890625 0.6853346666666666 0.27306982421875 0.6816923333333333 0.272837890625 0.6758326666666666 0.26970703125 0.674566 0.26677197265625 0.6822466666666667 0.267387939453125 0.6889773333333332
1 0.195247314453125 0.7355366666666667 0.2008134765625 0.735695 0.200697509765625 0.7263513333333333 0.19466748046875 0.7271433333333333 0.195247314453125 0.7355366666666667
1 0.33977001953125 0.6696566666666667 0.354380615234375 0.6753576666666667 0.35449658203125 0.6536616666666666 0.3407158203125 0.649465 0.33977001953125 0.6696566666666667
1 0.38997998046875 0.750898 0.39287890625 0.752165 0.393922607421875 0.750423 0.39311083984375 0.7442466666666666 0.389632080078125 0.7417130000000001 0.3866171875 0.74393 0.386648193359375 0.7480476666666667 0.38997998046875 0.750898
1 0.362497802734375 0.7385456666666668 0.372818115234375 0.7489976666666667 0.381167236328125 0.7458303333333334 0.383834228515625 0.739971 0.3776884765625 0.7311023333333333 0.36783203125 0.7223923333333334 0.359854248046875 0.731419 0.362497802734375 0.7385456666666668
1 0.32317822265625 0.7562826666666667 0.33175927734375 0.7550156666666666 0.33152734375 0.7453553333333333 0.32236669921875 0.7475723333333334 0.32317822265625 0.7562826666666667
1 0.30601171875 0.8443336666666668 0.324797119140625 0.8367323333333334 0.320506591796875 0.8134523333333333 0.302532958984375 0.821529 0.30601171875 0.8443336666666668
1 0.186886474609375 0.8137693333333333 0.18966943359375 0.8183616666666667 0.195119384765625 0.8202623333333333 0.197670654296875 0.813611 0.193380126953125 0.8055343333333334 0.185520751953125 0.8050590000000001 0.186886474609375 0.8137693333333333
1 0.1983662109375 0.8828166666666666 0.20358447265625 0.8779073333333334 0.2014970703125 0.8696723333333333 0.194887451171875 0.8744233333333333 0.1983662109375 0.8828166666666666
1 0.80751806640625 0.45802266666666663 0.808349365234375 0.451778 0.80803759765625 0.4463853333333333 0.80627099609375 0.44411466666666666 0.804296630859375 0.448656 0.803967529296875 0.4534103333333333 0.80751806640625 0.45802266666666663
1 0.228613525390625 0.5842073333333334 0.233896728515625 0.5917366666666667 0.2336669921875 0.5976973333333334 0.239869140625 0.6005206666666666 0.239179931640625 0.608991 0.2502060546875 0.6105593333333333 0.248827880859375 0.587031 0.245841552734375 0.5851486666666667 0.240558349609375 0.5773056666666666 0.227650634765625 0.580129 0.228613525390625 0.5842073333333334
1 0.3352919921875 0.3637823333333333 0.33938525390625 0.3404896666666667 0.31908935546875 0.33746133333333334 0.310902587890625 0.3542323333333333 0.311926025390625 0.36145299999999997 0.3352919921875 0.3637823333333333
1 0.6804033203125 0.7038606666666666 0.682672119140625 0.6844426666666666 0.671025146484375 0.6745266666666666 0.670608154296875 0.693945 0.6804033203125 0.7038606666666666
1 0.705512451171875 0.7331946666666667 0.710806640625 0.7327816666666666 0.712470458984375 0.7278236666666666 0.709899169921875 0.7245186666666666 0.705058837890625 0.7259646666666666 0.701927734375 0.7305093333333332 0.705512451171875 0.7331946666666667
1 0.152531005859375 0.39119266666666663 0.1590048828125 0.3841756666666667 0.157258056640625 0.378983 0.150989501953125 0.379404 0.1481796875 0.388035 0.152531005859375 0.39119266666666663
1 0.725379638671875 0.210508 0.73127392578125 0.21481166666666665 0.733741455078125 0.20564266666666667 0.727298583984375 0.19946733333333336 0.7248935546875 0.20955566666666667 0.725379638671875 0.210508
1 0.760471923828125 0.3173566666666667 0.763076416015625 0.26702 0.744844970703125 0.26683266666666666 0.741804443359375 0.3176946666666666 0.760471923828125 0.3173566666666667
1 0.517095947265625 0.21911566666666665 0.518740966796875 0.20807533333333333 0.5062666015625 0.20713966666666667 0.506763427734375 0.21657 0.517095947265625 0.21911566666666665
1 0.21052734375 0.27151566666666666 0.212755615234375 0.2839873333333333 0.2267939453125 0.2894626666666667 0.228799560546875 0.2626943333333333 0.227016845703125 0.24322666666666665 0.2143154296875 0.234101 0.210468017578125 0.249196 0.21052734375 0.27151566666666666
1 0.198458984375 0.2514396666666667 0.201133056640625 0.24079333333333333 0.19533935546875 0.22893 0.19043701171875 0.23927233333333334 0.18910009765625 0.25265633333333337 0.198458984375 0.2514396666666667
1 0.18419775390625 0.28490000000000004 0.193779541015625 0.2727326666666667 0.188877197265625 0.26147766666666666 0.178802490234375 0.272951 0.18419775390625 0.28490000000000004
1 0.220331787109375 0.4956993333333333 0.233033203125 0.4789693333333333 0.235261474609375 0.45372199999999996 0.228353759765625 0.4333416666666667 0.21476123046875 0.4515926666666667 0.212087158203125 0.4817066666666666 0.220331787109375 0.4956993333333333
1 0.23788623046875 0.12417566666666666 0.2545986328125 0.07672333333333332 0.257495361328125 0.056038666666666674 0.242343017578125 0.04782566666666667 0.231869873046875 0.06911866666666666 0.228304443359375 0.08432766666666666 0.224038818359375 0.11521899999999999 0.23788623046875 0.12417566666666666
1 0.249919189453125 0.10014533333333332 0.25905517578125 0.10014533333333332 0.2746533203125 0.08524033333333333 0.279332763671875 0.07276866666666668 0.273761962890625 0.06120966666666666 0.260392333984375 0.06668500000000001 0.24791357421875 0.08006933333333334 0.24317724609375 0.09478966666666667 0.249919189453125 0.10014533333333332
1 0.658562744140625 0.674192 0.668412353515625 0.6844106666666666 0.671170166015625 0.6650493333333333 0.66821533203125 0.6524103333333333 0.659350830078125 0.6462256666666666 0.655622314453125 0.6619596666666666 0.658562744140625 0.674192
1 0.66315625 0.7263606666666667 0.6625654296875 0.7147976666666667 0.655670654296875 0.7110326666666666 0.655007080078125 0.72202 0.66315625 0.7263606666666667
1 0.608330078125 0.871034 0.62625634765625 0.8616223333333334 0.622513427734375 0.8479080000000001 0.604981201171875 0.8583953333333334 0.608330078125 0.871034
1 0.560989501953125 0.8836729999999999 0.5696572265625 0.8723786666666666 0.5751728515625 0.844681 0.569460205078125 0.8290843333333334 0.559610595703125 0.8409163333333333 0.55389794921875 0.8694206666666667 0.560989501953125 0.8836729999999999
1 0.531637939453125 0.8804460000000001 0.54680615234375 0.8831350000000001 0.55448876953125 0.8635046666666667 0.53242578125 0.8581266666666667 0.528880126953125 0.8683449999999999 0.531637939453125 0.8804460000000001
1 0.548382080078125 0.8632356666666666 0.55626171875 0.8629669999999999 0.557640625 0.8425296666666666 0.55114013671875 0.8320423333333333 0.54764794921875 0.845081 0.548382080078125 0.8632356666666666
1 0.24409912109375 0.8037586666666666 0.24879443359375 0.8240926666666666 0.263852294921875 0.8205563333333333 0.2669287109375 0.799559 0.2653095703125 0.7736993333333333 0.258347412109375 0.7575646666666667 0.246203857421875 0.7588906666666667 0.2444228515625 0.7759093333333333 0.24409912109375 0.8037586666666666
1 0.230984130859375 0.770826 0.24361328125 0.754249 0.24717529296875 0.7334726666666667 0.24247998046875 0.7111493333333333 0.229364990234375 0.7283893333333333 0.226925537109375 0.7459533333333334 0.230984130859375 0.770826
1 0.21446923828125 0.7325886666666667 0.2316318359375 0.733694 0.2332509765625 0.7126966666666668 0.233089111328125 0.680427 0.212462646484375 0.677492 0.21446923828125 0.7325886666666667
1 0.249375244140625 0.568163 0.25730908203125 0.558659 0.257470947265625 0.5491546666666667 0.257470947265625 0.5411980000000001 0.25245166015625 0.541861 0.248241943359375 0.5471656666666667 0.247911376953125 0.5567773333333333 0.249375244140625 0.568163
1 0.213055419921875 0.560427 0.2193701171875 0.5445133333333333 0.2177509765625 0.533241 0.213541259765625 0.523958 0.2072265625 0.5378826666666666 0.207456787109375 0.5505636666666667 0.213055419921875 0.560427
1 0.170310546875 0.5900443333333334 0.17549169921875 0.5893813333333333 0.175815673828125 0.5849606666666667 0.171444091796875 0.5761196666666667 0.166586669921875 0.5747936666666666 0.167002197265625 0.582323 0.170310546875 0.5900443333333334
1 0.3470009765625 0.5560066666666666 0.354125244140625 0.550923 0.358496826171875 0.5301466666666667 0.352020263671875 0.51578 0.346029541015625 0.5266103333333333 0.343115234375 0.5469446666666666 0.3470009765625 0.5560066666666666
1 0.604861083984375 0.5531333333333334 0.6134423828125 0.5482706666666667 0.613280517578125 0.5312520000000001 0.60492236328125 0.531922 0.604861083984375 0.5531333333333334
1 0.616518798828125 0.532357 0.61878564453125 0.5177693333333333 0.608908935546875 0.513128 0.606966064453125 0.5279363333333333 0.616518798828125 0.532357
1 0.618137939453125 0.5051709999999999 0.627366943359375 0.5285996666666667 0.633843505859375 0.5204216666666667 0.625424072265625 0.5005293333333333 0.618575927734375 0.5049956666666667 0.618137939453125 0.5051709999999999
1 0.765445068359375 0.5025186666666667 0.76512109375 0.495446 0.7643115234375 0.48417366666666667 0.75767333984375 0.4797533333333333 0.757025634765625 0.488152 0.754273193359375 0.4932356666666667 0.75536279296875 0.5046503333333333 0.765445068359375 0.5025186666666667
1 0.735815185546875 0.5935806666666666 0.741320068359375 0.5849606666666667 0.7403486328125 0.578993 0.737758056640625 0.5752356666666667 0.73311279296875 0.5830133333333333 0.735815185546875 0.5935806666666666
1 0.8213046875 0.6718233333333333 0.82454296875 0.6722653333333334 0.830857666015625 0.669171 0.83134326171875 0.659667 0.816771240234375 0.660772 0.816802978515625 0.6696616666666666 0.8213046875 0.6718233333333333
1 0.369632568359375 0.31510733333333335 0.378431884765625 0.305745 0.383349365234375 0.29461633333333337 0.382572998046875 0.28260433333333335 0.382184814453125 0.27288866666666667 0.38050244140625 0.27006233333333335 0.371055908203125 0.2803076666666667 0.368856201171875 0.294793 0.368985595703125 0.3020353333333333 0.3696845703125 0.3136796666666667 0.369632568359375 0.31510733333333335
1 0.362903564453125 0.30662833333333334 0.369503173828125 0.302742 0.369761962890625 0.2935563333333333 0.36769140625 0.2803076666666667 0.362385986328125 0.272712 0.356174560546875 0.285254 0.35776220703125 0.30402333333333337 0.362903564453125 0.30662833333333334
1 0.32949658203125 0.3200533333333333 0.33376708984375 0.328886 0.34010791015625 0.3315356666666667 0.34217822265625 0.3204066666666667 0.34062548828125 0.31404733333333334 0.33635498046875 0.30839466666666665 0.32897900390625 0.3124576666666667 0.32949658203125 0.3200533333333333
1 0.309827392578125 0.2734183333333333 0.32056787109375 0.27129866666666663 0.316427001953125 0.24727466666666664 0.305424560546875 0.2510503333333333 0.309827392578125 0.2734183333333333
1 0.1384609375 0.28154433333333334 0.1384609375 0.29373299999999997 0.141825439453125 0.30344866666666664 0.15075439453125 0.29549933333333334 0.150107421875 0.27801133333333333 0.148295654296875 0.26440933333333333 0.140790283203125 0.269709 0.1384609375 0.28154433333333334
1 0.824580322265625 0.8736093333333333 0.830871826171875 0.8763576666666666 0.830116943359375 0.8679406666666667 0.827600341796875 0.8641616666666667 0.822063720703125 0.8627876666666666 0.822441162109375 0.8715479999999999 0.824580322265625 0.8736093333333333
1 0.812751953125 0.8634746666666666 0.81401025390625 0.858665 0.813129638671875 0.854199 0.810487060546875 0.8555733333333333 0.808851318359375 0.8584933333333333 0.808347900390625 0.8636463333333333 0.812751953125 0.8634746666666666
1 0.69548388671875 0.9479553333333334 0.700101806640625 0.9248416666666667 0.69253369140625 0.9125843333333333 0.6869189453125 0.9419276666666666 0.69548388671875 0.9479553333333334
1 0.440251708984375 0.9544343333333333 0.441791015625 0.9617886666666666 0.44666552734375 0.9635396666666667 0.449359130859375 0.9563603333333334 0.448845947265625 0.9411263333333333 0.447691650390625 0.932546 0.442560791015625 0.9344723333333333 0.440737060546875 0.9400133333333334 0.440251708984375 0.9544343333333333
1 0.791097900390625 0.8081993333333333 0.80432373046875 0.8017516666666668 0.794876708984375 0.7708013333333333 0.783065185546875 0.7740659999999999 0.791097900390625 0.8081993333333333
1 0.53539892578125 0.7287513333333333 0.5344093798828125 0.7355807606666667 0.535088134765625 0.741695 0.538663330078125 0.7514556666666667 0.54254931640625 0.7535776666666667 0.546901611328125 0.7412706666666666 0.5484560546875 0.7270536666666667 0.544880859375 0.7179293333333333 0.540062255859375 0.7136856666666666 0.53539892578125 0.7287513333333333
1 0.527160888671875 0.6927123333333334 0.53323583984375 0.6935023333333333 0.53338037109375 0.6852096666666666 0.52687158203125 0.6859993333333333 0.527160888671875 0.6927123333333334
1 0.53338037109375 0.7286473333333333 0.53974462890625 0.724106 0.53858740234375 0.716998 0.536996337890625 0.7075206666666667 0.530718017578125 0.716887 0.53338037109375 0.7286473333333333
1 0.54498779296875 0.601001 0.548259033203125 0.592264 0.54086328125 0.585857 0.53765234375 0.593943 0.54498779296875 0.601001
1 0.697353515625 0.6431326666666667 0.702615966796875 0.6314833333333334 0.702900390625 0.6165333333333333 0.698491455078125 0.6143976666666666 0.69522021484375 0.6202223333333333 0.69134765625 0.6376103333333333 0.697353515625 0.6431326666666667
1 0.7535791015625 0.6357546666666666 0.756139404296875 0.6477923333333333 0.76652197265625 0.6450743333333333 0.760121826171875 0.614592 0.750871337890625 0.6203253333333334 0.7535791015625 0.6357546666666666
1 0.78263916015625 0.6291533333333333 0.788897216796875 0.624688 0.784488037109375 0.6099323333333333 0.778087890625 0.6140093333333333 0.773394287109375 0.6202223333333333 0.78263916015625 0.6291533333333333
1 0.786906005859375 0.6217756666666666 0.79131494140625 0.6231346666666666 0.798853271484375 0.6221639999999999 0.80127099609375 0.613621 0.787962646484375 0.612441 0.786906005859375 0.6217756666666666
1 0.65824951171875 0.5844646666666666 0.66379638671875 0.569515 0.65824951171875 0.5640786666666667 0.652035400390625 0.5793873333333334 0.65824951171875 0.5844646666666666
1 0.660951904296875 0.562137 0.665503173828125 0.5652436666666667 0.6656455078125 0.5535943333333333 0.66280078125 0.5467989999999999 0.656400634765625 0.543304 0.656115966796875 0.5555356666666666 0.660951904296875 0.562137
1 0.143407470703125 0.5867946666666667 0.140989501953125 0.5739803333333333 0.13686474609375 0.5613603333333334 0.1337890625 0.5588363333333334 0.133869140625 0.6039503333333334 0.145540771484375 0.6003856666666666 0.143407470703125 0.5867946666666667
1 0.78451953125 0.5101036666666666 0.79063525390625 0.5135983333333334 0.793337646484375 0.504085 0.7896396484375 0.49573633333333333 0.783808349609375 0.48641666666666666 0.77755029296875 0.4844753333333333 0.776857421875 0.49933066666666664 0.78451953125 0.5101036666666666
1 0.343764892578125 0.13795366666666667 0.351423583984375 0.133017 0.35844384765625 0.12720866666666666 0.353976318359375 0.10978433333333333 0.345041259765625 0.10775166666666666 0.337595458984375 0.110946 0.331426025390625 0.12459500000000001 0.326590576171875 0.139827 0.343764892578125 0.13795366666666667
1 0.36376220703125 0.08277666666666667 0.38163232421875 0.06825633333333334 0.37759033203125 0.05605933333333333 0.3741865234375 0.057221 0.35881494140625 0.06906899999999999 0.36376220703125 0.08277666666666667
1 0.719417724609375 0.7063953333333334 0.726415283203125 0.6837880000000001 0.70728857421875 0.650355 0.699124755859375 0.676783 0.719417724609375 0.7063953333333334
1 0.711720458984375 0.7799483333333332 0.713119873046875 0.7684853333333334 0.70425634765625 0.7710326666666667 0.702856689453125 0.7758090000000001 0.703090087890625 0.782177 0.711720458984375 0.7799483333333332
1 0.176117431640625 0.5261746666666667 0.181715576171875 0.52108 0.179383056640625 0.5108906666666667 0.1743515625 0.5150703333333333 0.176117431640625 0.5261746666666667
1 0.547828125 0.5739363333333333 0.547128173828125 0.5634286666666667 0.5382646484375 0.565339 0.53786962890625 0.5752456666666667 0.547828125 0.5739363333333333
1 0.696218994140625 0.36610566666666666 0.701042724609375 0.355722 0.69417822265625 0.3486306666666667 0.685829345703125 0.3590143333333333 0.683490478515625 0.3711216666666667 0.696218994140625 0.36610566666666666