1 0.610417796875 0.618148148 0.6120455776367187 0.6233333333333333 0.6134020620117188 0.6244444446666666 0.6234400434570313 0.624074074 0.6337493217773438 0.616296296 0.6416169287109375 0.6074074073333333 0.645957677734375 0.5970370373333334 0.645957677734375 0.5922222220000001 0.6437873032226562 0.5903703706666666 0.6296798696289062 0.5911111113333333 0.6223548564453125 0.593703704 0.617471513671875 0.598148148 0.6125881713867187 0.6107407406666667 0.610417796875 0.618148148
1 0.70889853515625 0.6625925926666666 0.715409658203125 0.66 0.7175800327148437 0.6577777779999999 0.7129679868164063 0.6470370373333334 0.7034725991210937 0.64 0.6937059140625 0.6374074073333333 0.6776994033203125 0.6392592593333333 0.6771568095703125 0.644074074 0.6831253393554687 0.6540740740000001 0.6953336948242187 0.6625925926666666 0.70889853515625 0.6625925926666666
1 0.8667932719726562 0.6048148146666666 0.867878458984375 0.5966666666666667 0.8665219750976563 0.5703703706666667 0.8651654912109376 0.568148148 0.8524145415039063 0.5655555553333333 0.8391209985351562 0.5655555553333333 0.8366793271484375 0.5785185186666667 0.8347802495117187 0.6 0.8358654370117188 0.6051851853333333 0.8651654912109376 0.6088888886666667 0.8667932719726562 0.6048148146666666
1 0.1701030927734375 0.46851851866666666 0.16820401513671876 0.47481481466666664 0.16820401513671876 0.48444444466666664 0.1695604990234375 0.488148148 0.17471513818359374 0.4907407406666667 0.1918068369140625 0.49444444466666665 0.19696147607421874 0.49444444466666665 0.20021703759765624 0.49185185200000003 0.20591427001953125 0.471851852 0.2051003798828125 0.4692592593333333 0.201030927734375 0.4666666666666667 0.18258274560546875 0.46148148133333333 0.17471513818359374 0.461851852 0.17145957666015624 0.46481481466666663 0.1701030927734375 0.46851851866666666
1 0.47015735205078124 0.10888888866666667 0.4663591967773438 0.105925926 0.4571351059570313 0.10259259266666668 0.4454693432617188 0.09962962933333333 0.43977211083984374 0.09962962933333333 0.42132392822265624 0.105925926 0.41888225732421874 0.10888888866666667 0.41833966357421876 0.11037037066666666 0.42105263134765625 0.11629629600000001 0.43027672265625 0.12296296266666668 0.4338035810546875 0.12777777799999998 0.43109061328125 0.14074074066666667 0.43217580029296876 0.14296296266666667 0.4338035810546875 0.14518518533333333 0.44194248486328125 0.14925925933333334 0.45360824755859375 0.15111111133333333 0.4571351059570313 0.14925925933333334 0.465816603515625 0.13555555533333333 0.48426478564453124 0.12703703733333332 0.48399348876953124 0.12259259266666667 0.47015735205078124 0.10888888866666667
1 0.437330439453125 0.043703703999999996 0.43109061328125 0.06333333333333334 0.43054801953125 0.06740740733333334 0.43136191015625 0.06962962933333333 0.4362452524414063 0.073703704 0.44357026611328126 0.075925926 0.4617471513671875 0.076296296 0.46744438427734375 0.07 0.4804666303710938 0.064074074 0.49077590869140625 0.04074074066666667 0.48806294091796876 0.036296296 0.4731416166992187 0.03 0.47015735205078124 0.029259259333333332 0.46093326123046874 0.03111111133333333 0.45333695068359375 0.034074074 0.437330439453125 0.043703703999999996
1 0.2596310361328125 0.117777778 0.256104177734375 0.12296296266666668 0.25800325537109375 0.13185185200000002 0.26261530126953125 0.13851851866666667 0.2661421596679687 0.14703703733333334 0.2873033100585938 0.17481481466666665 0.29218665234375 0.17444444466666667 0.2948996201171875 0.17222222199999998 0.30737927294921874 0.15888888866666667 0.3106348344726563 0.153703704 0.30737927294921874 0.14555555533333334 0.27916440576171875 0.10333333333333333 0.2615301137695312 0.11111111133333333 0.2596310361328125 0.117777778
1 0.4137276181640625 1 0.4199674443359375 0.9866666666666667 0.4164405859375 0.9825925926666667 0.4058600107421875 0.975925926 0.40151926220703127 0.9744444446666667 0.396635919921875 0.9751851853333333 0.39039609326171876 0.9866666666666667 0.3857840478515625 0.9911111113333333 0.382257189453125 1 0.4137276181640625 1
1 0.46717308740234376 0.8540740739999999 0.4682582744140625 0.8525925926666668 0.4685295712890625 0.848148148 0.4525230600585938 0.8322222220000001 0.43922951708984376 0.8322222220000001 0.41779706982421877 0.8455555553333334 0.4080303852539062 0.8559259260000001 0.409386869140625 0.8592592593333334 0.42620727099609373 0.8744444446666666 0.44004340771484374 0.8751851853333332 0.46717308740234376 0.8540740739999999
1 0.45984807373046876 0.9292592593333334 0.45740640283203127 0.9303703706666667 0.45903418359375 0.9314814813333334 0.4617471513671875 0.9374074073333333 0.46364622900390623 0.9392592593333334 0.478838849609375 0.9451851853333333 0.4959305478515625 0.9388888886666666 0.5054259360351563 0.9266666666666666 0.5051546391601562 0.921851852 0.49213239306640627 0.9185185186666666 0.47124253955078127 0.9233333333333333 0.465816603515625 0.9225925926666667 0.46310363525390624 0.9248148146666667 0.45984807373046876 0.9292592593333334
1 0.6196418881835938 0.9774074073333333 0.62425393359375 0.9792592593333334 0.6310363540039062 0.978148148 0.6370048833007812 0.9614814813333334 0.6353771025390625 0.9566666666666667 0.6136733588867187 0.942222222 0.604991861328125 0.9385185186666666 0.6014650029296875 0.9425925926666667 0.5963103637695313 0.955925926 0.59739555078125 0.9611111113333333 0.6147585458984375 0.9714814813333335 0.6196418881835938 0.9774074073333333
1 0.8781877373046875 0.827777778 0.87438958203125 0.836296296 0.87466087890625 0.843703704 0.881172001953125 0.848148148 0.9215952250976562 0.8655555553333334 0.93054801953125 0.8655555553333334 0.9319045034179687 0.8618518519999999 0.9386869233398437 0.8525925926666668 0.938144330078125 0.848148148 0.9338035810546875 0.84 0.9221378188476562 0.8274074073333333 0.9164405859375 0.8218518519999999 0.90287574609375 0.816296296 0.8917525771484375 0.8166666666666667 0.8855127509765625 0.8207407406666666 0.8781877373046875 0.827777778
1 0.826098751953125 0.8659259260000001 0.8304395009765625 0.8796296293333333 0.8442756376953126 0.8855555553333334 0.8516006508789062 0.8874074073333333 0.8564839936523437 0.8870370373333334 0.8627238198242188 0.8825925926666667 0.8667932719726562 0.8733333333333333 0.867335865234375 0.8651851853333332 0.8659793813476563 0.863703704 0.8453608247070312 0.8559259260000001 0.840477482421875 0.8548148146666668 0.832881171875 0.8559259260000001 0.826370048828125 0.8607407406666666 0.826098751953125 0.8659259260000001
1 0.7525773198242187 0.99 0.7607162236328125 0.997777778 0.7647856752929687 0.9992592593333334 0.7726532827148438 0.9992592593333334 0.7818773740234375 0.9959259260000001 0.7897449809570313 0.9914814813333334 0.7902875747070313 0.9881481480000001 0.785404232421875 0.9774074073333333 0.7734671728515625 0.9722222220000001 0.7609875205078125 0.9729629626666666 0.7487791645507812 0.9807407406666666 0.7474226801757813 0.9825925926666667 0.7525773198242187 0.99
1 0.47829625634765627 0.2855555553333333 0.479652740234375 0.30111111133333335 0.48372219189453125 0.3092592593333333 0.48697775390625 0.312222222 0.4967444384765625 0.315925926 0.507325013671875 0.31888888866666665 0.5113944653320313 0.318148148 0.5122083559570313 0.31481481466666666 0.5113944653320313 0.30111111133333335 0.506782419921875 0.29259259266666665 0.493760173828125 0.28481481466666664 0.48372219189453125 0.28222222199999997 0.479381443359375 0.28296296266666665 0.47829625634765627 0.2855555553333333
1 0.5434074877929688 0.38666666666666666 0.5274009765625 0.4007407406666667 0.5317417255859375 0.40518518533333336 0.5561584375 0.414074074 0.563212154296875 0.412222222 0.56999457421875 0.40740740733333336 0.575963103515625 0.40703703733333335 0.5781334780273437 0.408148148 0.5786760717773437 0.41 0.5873575693359375 0.4096296293333333 0.5884427563476563 0.405925926 0.5873575693359375 0.4011111113333333 0.5781334780273437 0.39407407400000005 0.5599565922851563 0.38518518533333335 0.5529028759765625 0.38333333333333336 0.5434074877929688 0.38666666666666666
1 0.6790558872070313 0.25814814799999997 0.6825827456054687 0.25740740733333334 0.6839392294921876 0.25518518533333334 0.687737384765625 0.24481481466666666 0.6888225717773437 0.236296296 0.6836679326171875 0.23222222199999998 0.6568095498046875 0.2214814813333333 0.6546391752929688 0.22333333333333333 0.6489419423828126 0.23777777800000002 0.6500271298828125 0.24481481466666666 0.6551817690429688 0.24962962933333332 0.6790558872070313 0.25814814799999997
1 0.7197504067382813 0.26925925933333333 0.722192078125 0.2711111113333333 0.743353228515625 0.26518518533333335 0.7498643515625 0.262222222 0.7509495385742188 0.2592592593333333 0.7487791645507812 0.247777778 0.7455236030273438 0.24629629599999997 0.7341291372070312 0.24925925933333334 0.7181226259765625 0.256296296 0.7170374389648437 0.257777778 0.7175800327148437 0.26296296266666663 0.7197504067382813 0.26925925933333333
1 0.8735756918945312 0.481851852 0.881985892578125 0.48481481466666665 0.9009766684570313 0.48296296266666666 0.9169831796875 0.4707407406666667 0.9188822573242188 0.4666666666666667 0.9039609331054688 0.4533333333333333 0.8914812807617187 0.4514814813333333 0.8738469887695313 0.45296296266666664 0.8610960390625 0.46518518533333336 0.8602821484375 0.46851851866666666 0.8613673359375 0.47148148133333334 0.8735756918945312 0.481851852
1 0.8241996743164063 0.43777777799999995 0.8239283774414062 0.4403703706666667 0.8361367333984375 0.4488888886666667 0.8426478569335938 0.4514814813333333 0.8486163862304688 0.4514814813333333 0.8526858383789062 0.45 0.8638090068359375 0.44 0.867335865234375 0.43592592599999996 0.867335865234375 0.43407407400000003 0.8662506782226562 0.4311111113333333 0.8600108520507812 0.427777778 0.8586543676757813 0.42481481466666665 0.8499728701171875 0.42333333333333334 0.8364080302734375 0.42592592599999995 0.8241996743164063 0.43777777799999995
1 0.5385241455078125 0.587777778 0.5379815517578125 0.5922222220000001 0.5401519262695312 0.5929629626666667 0.5442213784179688 0.6051851853333333 0.548019533203125 0.6088888886666667 0.5792186650390625 0.5985185186666667 0.5879001625976562 0.5948148146666666 0.590613130859375 0.5922222220000001 0.590613130859375 0.5885185186666667 0.5870862724609375 0.576296296 0.5832881171875 0.5692592593333333 0.56972327734375 0.5722222220000001 0.555887140625 0.5796296293333333 0.54205100390625 0.5844444446666667 0.5385241455078125 0.587777778
1 0.7392295170898437 0 0.7379272924804687 0.010370370666666667 0.73548562109375 0.015925926 0.7306022788085937 0.018518518666666667 0.7232772651367187 0.02 0.7167661420898438 0.018518518666666667 0.7135105805664063 0.020740740666666667 0.7110689091796875 0.025555555333333334 0.70808464453125 0.028148148 0.70808464453125 0.032222222 0.7121540966796875 0.043703703999999996 0.715680955078125 0.047777778 0.7194791103515625 0.061925926000000006 0.7183939228515624 0.08259259266666667 0.7194791103515625 0.08851851866666667 0.743081931640625 0.08777777799999999 0.7607162236328125 0.096296296 0.770211611328125 0.09666666666666666 0.7740097666015625 0.094074074 0.77807921875 0.08703703733333333 0.7813347802734375 0.08444444466666667 0.7873033100585938 0.07407407399999999 0.7897449809570313 0.060370370666666666 0.7930005424804687 0.050370370666666664 0.7940857299804688 0.04 0.7970699946289063 0.031851852 0.7995116655273438 0.012962962666666668 0.797883884765625 0.006666666666666667 0.7959848076171875 0.0040740740000000004 0.785404232421875 0.0029629626666666667 0.7823657080078125 0 0.7392295170898437 0
1 0.667118828125 0.08629629600000001 0.6663049375 0.08851851866666667 0.6687466088867188 0.10148148133333333 0.6787845903320312 0.122222222 0.6918068369140625 0.12925925933333335 0.7002170375976563 0.13037037066666665 0.7051003798828125 0.12777777799999998 0.7059142700195312 0.11444444466666666 0.701573521484375 0.105925926 0.7002170375976563 0.09740740733333333 0.6975040693359374 0.09333333333333334 0.6909929462890625 0.08888888866666668 0.6828540424804688 0.08629629600000001 0.6709169833984375 0.084074074 0.667118828125 0.08629629600000001
1 0.3803581118164063 0.7237037040000001 0.3716766142578125 0.7255555553333334 0.36923494287109376 0.7348148146666668 0.368692349609375 0.7444444446666666 0.37059142724609373 0.7466666666666667 0.3996201845703125 0.7529629626666666 0.40504612060546874 0.7514814813333334 0.4080303852539062 0.7355555553333334 0.40748779150390624 0.7314814813333333 0.4061313076171875 0.73 0.395822029296875 0.727777778 0.38985349951171877 0.7233333333333334 0.389582203125 0.7214814813333335 0.3925664677734375 0.717777778 0.38822571875 0.7133333333333334 0.38062940869140627 0.717777778 0.3803581118164063 0.7237037040000001
1 0.4487249052734375 0.7044444446666667 0.4614758544921875 0.71 0.4663591967773438 0.7103703706666666 0.4734129135742188 0.7066666666666667 0.4829083017578125 0.6970370373333333 0.48453608251953123 0.6914814813333334 0.4818231142578125 0.6870370373333333 0.47015735205078124 0.6825925926666666 0.465002712890625 0.6825925926666666 0.45632121533203124 0.686296296 0.44601193701171876 0.6966666666666667 0.4454693432617188 0.7007407406666666 0.4487249052734375 0.7044444446666667
1 0.5529028759765625 0.7211111113333333 0.562940857421875 0.7170370373333333 0.5651112314453125 0.7148148146666667 0.5670103090820312 0.7092592593333333 0.5572436245117187 0.6929629626666667 0.5439500815429688 0.6970370373333333 0.54123711328125 0.6992592593333333 0.5406945200195312 0.7007407406666666 0.5442213784179688 0.7125925926666667 0.549104720703125 0.7207407406666666 0.5529028759765625 0.7211111113333333
1 0.29164405859375 0.891851852 0.29679869775390627 0.8911111113333333 0.3024959306640625 0.8785185186666666 0.2965274008789063 0.8733333333333333 0.2878459033203125 0.872222222 0.27618014111328126 0.8774074073333333 0.2680412373046875 0.886296296 0.2680412373046875 0.8914814813333334 0.26966901806640625 0.8959259260000001 0.28350515478515625 0.8959259260000001 0.29164405859375 0.891851852
1 0.167118828125 0.974074074 0.1695604990234375 0.9774074073333333 0.186923494140625 0.9825925926666667 0.1975040693359375 0.982222222 0.201030927734375 0.9796296293333333 0.20048833447265624 0.9696296293333333 0.1975040693359375 0.963703704 0.1904503525390625 0.9603703706666666 0.18312533935546876 0.9592592593333333 0.17498643505859374 0.9525925926666667 0.1706456865234375 0.954074074 0.166033640625 0.9607407406666666 0.167118828125 0.974074074
1 0.0661964189453125 0.9592592593333333 0.07135105810546875 0.9618518519999999 0.07786218115234375 0.9603703706666666 0.08138903955078125 0.9574074073333333 0.0800325556640625 0.947777778 0.0729788388671875 0.9366666666666666 0.07107976123046875 0.9351851853333333 0.06483993505859376 0.9351851853333333 0.0583288115234375 0.938148148 0.05778621826171875 0.9407407406666666 0.0588714052734375 0.9448148146666667 0.0661964189453125 0.9592592593333333
1 0.25176342919921874 0.644074074 0.2539338037109375 0.6396296293333333 0.2536625068359375 0.6311111113333333 0.2495930546875 0.6288888886666667 0.242539337890625 0.6285185186666666 0.2403689638671875 0.6270370373333334 0.23792729248046876 0.6285185186666666 0.23168746630859374 0.6285185186666666 0.22816060791015624 0.634074074 0.22816060791015624 0.6403703706666667 0.23602821484375 0.644074074 0.25176342919921874 0.644074074
1 0.0103092783203125 0.6370370373333334 0.0035268583984375 0.645925926 0.0029842646484375 0.6485185186666667 0.00515463916015625 0.6570370373333333 0.0179055888671875 0.6588888886666667 0.0274009765625 0.6633333333333333 0.03635377099609375 0.663703704 0.04150841015625 0.6614814813333333 0.0455778623046875 0.6577777779999999 0.04693434619140625 0.6514814813333333 0.04693434619140625 0.648148148 0.04367878466796875 0.644074074 0.03689636474609375 0.638148148 0.0279435703125 0.6344444446666666 0.01953336962890625 0.6344444446666666 0.0103092783203125 0.6370370373333334
1 0.20320130224609376 0.5748148146666666 0.20998372216796876 0.5874074073333334 0.215138361328125 0.587777778 0.221649484375 0.5851851853333333 0.22761801416015626 0.58 0.229517091796875 0.5751851853333333 0.228974498046875 0.566296296 0.22300596875 0.556296296 0.21758003271484375 0.5555555553333333 0.21405317431640625 0.5566666666666666 0.2045577861328125 0.566296296 0.20265870849609374 0.5703703706666667 0.20320130224609376 0.5748148146666666
1 0.3925664677734375 0.5125925926666667 0.3941942485351563 0.5114814813333334 0.396364623046875 0.5055555553333334 0.395008138671875 0.4996296293333333 0.3925664677734375 0.49666666666666665 0.37520347265625 0.4911111113333333 0.37059142724609373 0.49296296266666667 0.37059142724609373 0.5044444446666666 0.37357569189453127 0.5070370373333334 0.38768312548828127 0.512222222 0.3925664677734375 0.5125925926666667
1 0.8658046665039062 0.9877674073333332 0.859923494140625 0.9837525926666667 0.8560542592773438 0.9867107406666668 0.856827998046875 0.9896688886666667 0.8616258818359375 0.9907251853333334 0.8658046665039062 0.9877674073333332
1 0.9427254477539062 0.8041559260000001 0.9363800869140625 0.7868303706666667 0.9092951708984375 0.8007751853333333 0.9165694521484375 0.8159881480000001 0.9427254477539062 0.8041559260000001
1 0.892734671875 0.742247778 0.8839129135742188 0.7623203706666667 0.8712216494140625 0.7506996293333333 0.85543516015625 0.7707722220000001 0.8916513837890625 0.808381852 0.9032590883789062 0.7836607406666667 0.8981516547851562 0.7777448146666667 0.9040328271484375 0.7606303706666666 0.892734671875 0.742247778
1 0.8673524145507813 0.7325285186666667 0.867816603515625 0.7223866666666666 0.8631736298828125 0.7240770373333333 0.8603876831054688 0.7247107406666667 0.8579112861328125 0.7253448146666667 0.8551256103515625 0.7310496293333334 0.8560542592773438 0.738022222 0.8572921865234375 0.7395011113333333 0.8645664677734375 0.737388148 0.8673524145507813 0.7325285186666667
1 0.87973412890625 0.6549851853333333 0.87447178515625 0.6431529626666667 0.8535778623046875 0.653505926 0.8563635375976563 0.6647044446666667 0.87973412890625 0.6549851853333333
1 0.933748779296875 0.6302640740000001 0.941951708984375 0.6097688886666667 0.9322013022460938 0.6051207406666667 0.923533912109375 0.6247707406666667 0.933748779296875 0.6302640740000001
1 0.904497287109375 0.8973351853333333 0.9144026044921875 0.8897285186666667 0.9142476938476563 0.8730366666666667 0.9018662504882813 0.8772625926666666 0.8995444926757813 0.8890948146666666 0.904497287109375 0.8973351853333333
1 0.9348323383789062 0.8836011113333334 0.9436540966796875 0.8823333333333333 0.9397848618164063 0.8724025926666666 0.9331296796875 0.8688107406666666 0.9266294086914062 0.8700785186666667 0.928641345703125 0.8797977779999999 0.9348323383789062 0.8836011113333334
1 0.9503092783203125 0.8417655553333334 0.959440857421875 0.8510625926666666 0.963155181640625 0.8417655553333334 0.9622265327148437 0.827397778 0.950618828125 0.820847778 0.9479877915039062 0.8307785186666666 0.9503092783203125 0.8417655553333334
1 0.8765236103515625 1 0.8775672817382812 0.9938948146666666 0.8723049375 0.9934722220000001 0.8704479111328125 0.9991770373333334 0.87515042578125 1 0.8765236103515625 1
1 0.8000271298828125 0.658788148 0.8042059140625 0.6651270373333333 0.8097778081054687 0.6598448146666667 0.8145756918945313 0.650548148 0.812254205078125 0.6473785186666666 0.8199926748046875 0.6372366666666667 0.806991861328125 0.6311092593333334 0.7998724907226562 0.6410399999999999 0.8096228974609375 0.6450544446666667 0.8008011396484375 0.6539285186666667 0.8000271298828125 0.658788148
1 0.7621085185546875 0.698722222 0.7721684750976563 0.7014688886666666 0.7693827998046875 0.6900592593333335 0.7604061313476562 0.6778044446666667 0.75282230078125 0.6756914813333333 0.752203201171875 0.6858333333333333 0.7621085185546875 0.698722222
1 0.7913600107421875 0.7861962960000001 0.783621541015625 0.7971833333333334 0.7724780249023437 0.8001414813333334 0.768299240234375 0.8071140740000001 0.7816096040039062 0.8115511113333334 0.7919791103515625 0.8109174073333334 0.7947650571289062 0.8164107406666667 0.8025035268554688 0.8075366666666667 0.7913600107421875 0.7861962960000001
1 0.8343333461914062 1 0.8295884428710938 0.987555926 0.8286597939453125 0.9831188886666667 0.8229332612304687 0.9826962960000001 0.8206117744140625 0.986288148 0.8148852412109375 0.986922222 0.8168971787109375 0.999388148 0.8184068735351563 1 0.8343333461914062 1
1 0.78439555078125 0.8747270373333335 0.7834669018554687 0.8664866666666666 0.7780499184570312 0.865007778 0.7778950083007813 0.8743044446666666 0.78439555078125 0.8747270373333335
1 0.9609883344726563 0.871346296 0.9591313076171875 0.8698674073333333 0.950618828125 0.8781077780000001 0.960214595703125 0.8890948146666666 0.9656315791015625 0.8895174073333333 0.969036625 0.8986025926666666 0.966095767578125 0.902405926 0.9549525229492187 0.9028285186666667 0.9566549106445312 0.9129703706666666 0.9670244165039062 0.9127592593333334 0.9761559956054687 0.9104351853333332 0.9804894194335938 0.904096296 0.9831207270507812 0.8918414813333334 0.9801798696289062 0.8795866666666667 0.9724413999023438 0.873247778 0.9609883344726563 0.871346296
1 0.8110160063476562 0.533281852 0.799717580078125 0.5394092593333333 0.8003366791992188 0.5493399999999999 0.8189091157226562 0.5563125926666667 0.8292788930664062 0.5457481479999999 0.818135376953125 0.5360285186666667 0.8145756918945313 0.5337044446666667 0.8110160063476562 0.533281852
1 0.936070537109375 0.3048770373333333 0.931582203125 0.304031852 0.9283317958984375 0.3072014813333333 0.9272485078125 0.31269481466666665 0.9304986435546875 0.31544148133333333 0.933748779296875 0.31861111133333336 0.9385466630859375 0.314807778 0.9391657622070313 0.309948148 0.936070537109375 0.3048770373333333
1 0.9851326640625 0.6733674073333333 0.9950379814453125 0.6283625926666667 0.9812634291992187 0.6230803706666667 0.9684175258789063 0.6693529626666667 0.9851326640625 0.6733674073333333
1 0.8362436245117187 0.7509107406666667 0.8362436245117187 0.7477414813333333 0.8365531743164063 0.742881852 0.83268366796875 0.7424592593333333 0.8294335322265625 0.7437270373333335 0.8263383071289062 0.7500655553333333 0.82695740625 0.7549255553333334 0.833457677734375 0.7564044446666667 0.8362436245117187 0.7509107406666667
1 0.5269281064453125 0.4692903706666667 0.5188852412109375 0.4594085186666667 0.5100382529296875 0.464624074 0.5156682041015626 0.47862370400000004 0.497169560546875 0.4928974073333333 0.52974308203125 0.5047011113333333 0.5558825283203125 0.5077207406666666 0.5651318500976562 0.501955926 0.58584210546875 0.47862370400000004 0.5683488876953126 0.47148666666666667 0.5599039609375 0.46489851866666665 0.549850244140625 0.46489851866666665 0.5438182309570313 0.4638003706666667 0.5269281064453125 0.4692903706666667
1 0.44086950634765626 0.4928974073333333 0.4477059140625 0.4893288886666667 0.44891237109375 0.4824666666666667 0.442075962890625 0.4662711113333333 0.4382555615234375 0.46352592600000003 0.43342973388671874 0.467643704 0.44086950634765626 0.4928974073333333
1 0.594689365234375 0.4874074073333334 0.58584210546875 0.4863096293333333 0.583429462890625 0.48878 0.5767940859375 0.49399555533333334 0.5784026044921875 0.5036029626666667 0.591271025390625 0.507445926 0.6027322299804687 0.506073704 0.603536625 0.4948188886666667 0.594689365234375 0.4874074073333334
1 0.54200841015625 0.6691266666666668 0.539595767578125 0.6589703706666666 0.524113130859375 0.661166296 0.526123982421875 0.6715970373333334 0.54200841015625 0.6691266666666668
1 0.45916684765625 0.7580648146666668 0.47364405859375 0.7583392593333333 0.4808827998046875 0.7495551853333333 0.47283993505859373 0.7393988886666666 0.46258518701171875 0.7396733333333333 0.45192837744140624 0.7473592593333332 0.45916684765625 0.7580648146666668
1 0.4249848076171875 0.7053607406666667 0.42619126416015624 0.6913611113333333 0.4147300595703125 0.690812222 0.4125181767578125 0.7056351853333334 0.4249848076171875 0.7053607406666667
1 0.5333624526367188 0.8187292593333333 0.5257216494140625 0.8211999999999999 0.5233087358398437 0.8228466666666666 0.5206950625 0.8269644446666666 0.5231077045898438 0.8313562959999999 0.5287379272460937 0.8324544446666667 0.5361774282226562 0.8288859259999999 0.537584916015625 0.8222977779999999 0.5333624526367188 0.8187292593333333
1 0.5860431362304688 0.8294348146666666 0.592477482421875 0.8242192593333333 0.5940862724609375 0.8209251853333334 0.58684753125 0.8121414813333334 0.5818206728515625 0.8088474073333334 0.57337574609375 0.817082222 0.5860431362304688 0.8294348146666666
1 0.6127859467773438 0.8050044446666668 0.6172094409179687 0.8022592593333334 0.615801953125 0.7967692593333333 0.6111771567382812 0.7934751853333334 0.6089655454101562 0.7912792593333333 0.6055472055664063 0.7981418520000001 0.6127859467773438 0.8050044446666668
1 0.5894614760742187 0.727046296 0.5854400434570313 0.727046296 0.5852390126953125 0.7388496293333333 0.593683939453125 0.7443396293333333 0.5952924580078125 0.7330851853333333 0.5894614760742187 0.727046296
1 0.6306812260742187 0.7668488886666668 0.6387240913085938 0.7509277780000001 0.62947476953125 0.7484574073333333 0.6234427563476562 0.7479081479999999 0.6190189907226562 0.7481825926666668 0.6113781875 0.7525748146666666 0.6061505698242188 0.7657507406666667 0.6172094409179687 0.7709662960000001 0.6254533369140625 0.7701429626666666 0.6306812260742187 0.7668488886666668
1 0.6670751494140625 0.7945733333333332 0.65863022265625 0.7907303706666666 0.6479734130859375 0.7986907406666666 0.66084210546875 0.8096707406666667 0.6741125883789062 0.8022592593333334 0.6670751494140625 0.7945733333333332
1 0.752472056640625 0.7645725926666668 0.7413711337890625 0.7351211113333334 0.7057647856445313 0.7660025926666667 0.72042620703125 0.7894492593333333 0.7470263159179688 0.7897351853333333 0.7474451982421875 0.8031744446666667 0.7568705913085938 0.8106085186666666 0.7656673901367187 0.7891633333333332 0.752472056640625 0.7645725926666668
1 0.7208821206054687 1 0.722101736328125 0.9938948146666666 0.7153993491210937 0.9918933333333333 0.7134660576171875 1 0.7208821206054687 1
1 0.64690938671875 0.3688348146666666 0.6575914272460938 0.364831852 0.6678543134765625 0.3576833333333333 0.6726717309570313 0.34996296266666665 0.6689015190429688 0.3393833333333333 0.659895279296875 0.34195666666666663 0.6420919697265625 0.33223481466666666 0.6332951708984375 0.34367222199999997 0.6473282690429687 0.3505348146666667 0.641254205078125 0.35653962933333333 0.64690938671875 0.3688348146666666
1 0.6020870864257812 0.32766 0.6075328271484375 0.318224074 0.5968507866210937 0.3047848146666666 0.593499728515625 0.31450666666666666 0.6020870864257812 0.32766
1 0.5191448725585938 0.290201852 0.5411372763671874 0.27561925933333337 0.5367387412109375 0.263037778 0.5143277265625 0.2750474073333333 0.5191448725585938 0.290201852
1 0.5216584375 0.30621444466666664 0.5296174716796875 0.3050707406666667 0.5312930004882812 0.3016396293333333 0.527313619140625 0.29677851866666666 0.5183071079101562 0.29677851866666666 0.5160032553710937 0.301353704 0.5216584375 0.30621444466666664
1 0.6087894736328126 0.38999444466666666 0.6251266958007813 0.38713481466666666 0.630991318359375 0.3762692593333334 0.6219848076171876 0.37026444466666664 0.6060667387695312 0.37255222200000004 0.6002021162109376 0.383131852 0.6087894736328126 0.38999444466666666
1 0.553075962890625 0.15552518533333334 0.5499340747070313 0.16410333333333332 0.5524476396484375 0.17353925933333333 0.5541231689453125 0.17811444466666668 0.5583119912109376 0.17811444466666668 0.5631294086914063 0.16581925933333333 0.55915002734375 0.162387778 0.553075962890625 0.15552518533333334
1 0.5511907216796875 0.2638955553333333 0.5645954965820312 0.263037778 0.570460119140625 0.254173704 0.5625010849609375 0.24816925933333334 0.5541231689453125 0.24788333333333332 0.5409278349609375 0.2576051853333333 0.5511907216796875 0.2638955553333333
1 0.4891937060546875 0.261036296 0.48102523046875 0.243308148 0.4739039609375 0.24931296266666667 0.4732756376953125 0.2516003706666667 0.48081578955078125 0.26561148133333334 0.4891937060546875 0.261036296
1 0.4657352143554688 0.27590518533333336 0.470971513671875 0.2664692593333333 0.4657352143554688 0.261322222 0.4607086274414062 0.26990037066666667 0.45568176904296875 0.26875666666666664 0.4531682041015625 0.27876444466666667 0.4697148671875 0.29048777800000003 0.4713903959960937 0.279622222 0.4657352143554688 0.27590518533333336
1 0.4502360283203125 0.27390370399999997 0.445209169921875 0.27647703733333334 0.44541861083984374 0.28963 0.4496077045898437 0.291631852 0.4514926748046875 0.2873425926666667 0.4502360283203125 0.27390370399999997
1 0.5174693432617188 0.39085222199999997 0.5206112314453125 0.3754114813333333 0.49505832861328125 0.36283 0.4877276181640625 0.3794144446666667 0.5174693432617188 0.39085222199999997
1 0.5989454692382813 0.5501192593333334 0.605228974609375 0.5521211113333333 0.6020870864257812 0.557553704 0.60648562109375 0.5595551853333333 0.60962723828125 0.5549803706666666 0.6200998374023438 0.557553704 0.6234508955078125 0.555266296 0.62407921875 0.5455444446666667 0.6200998374023438 0.5429711113333333 0.6173768310546875 0.5455444446666667 0.6106744438476562 0.5418270373333333 0.6054384155273438 0.5418270373333333 0.6027154096679688 0.5418270373333333 0.5989454692382813 0.5501192593333334
1 0.6869142700195312 0.5581255553333333 0.6944544223632813 0.5535507406666667 0.6877520346679687 0.5341070373333333 0.6802118828125 0.5406833333333333 0.6869142700195312 0.5581255553333333
1 0.6785363540039062 0.4886429626666666 0.6929883344726563 0.491216296 0.7011568095703125 0.4846396293333333 0.6923600107421874 0.473774074 0.6827251762695312 0.4706288886666667 0.6722528486328125 0.47663333333333335 0.6785363540039062 0.4886429626666666
1 0.6806307651367187 0.44489444466666667 0.6709962016601563 0.45175666666666664 0.6751850244140625 0.46948481466666664 0.6990623984375 0.455188148 0.6944544223632813 0.43974740733333334 0.6806307651367187 0.44489444466666667
1 0.619680955078125 0.325372222 0.62386977734375 0.326515926 0.626802224609375 0.32051148133333335 0.6213564838867187 0.31507851866666664 0.6175862724609374 0.315936296 0.6129785673828125 0.32051148133333335 0.619680955078125 0.325372222
1 0.6307818774414062 0.23072703733333333 0.64418665234375 0.23615962933333332 0.6515173627929688 0.23301444466666665 0.6494226801757812 0.22014740733333335 0.636855669921875 0.2150003706666667 0.6249172543945313 0.21871740733333336 0.6307818774414062 0.23072703733333333
1 0.14496581640625 0.948241852 0.176805208984375 0.9291562959999999 0.1700127509765625 0.9089711113333333 0.1391766142578125 0.9324466666666668 0.14496581640625 0.948241852
1 0.5824742265625 0.9129629626666667 0.5803038525390625 0.9103703706666667 0.5667390126953125 0.9044444446666666 0.5610417797851562 0.903703704 0.548290830078125 0.9096296293333334 0.534183396484375 0.924074074 0.5333695063476562 0.926296296 0.534725990234375 0.9307407406666667 0.5447639716796875 0.9470370373333333 0.5572436245117187 0.9496296293333333 0.56918068359375 0.9574074073333333 0.5792186650390625 0.9566666666666667 0.5805751494140625 0.9525925926666667 0.5805751494140625 0.947777778 0.5832881171875 0.9444444446666667 0.5830168203125 0.9418518519999999 0.5773195874023438 0.9374074073333333 0.576505697265625 0.934074074 0.5827455234375 0.9174074073333333 0.5824742265625 0.9129629626666667
1 0.141592265625 1 0.1418882255859375 0.9955555553333334 0.13429191552734376 0.9814814813333333 0.1288659794921875 0.9755555553333334 0.12750949560546876 0.9696296293333333 0.1288659794921875 0.9648148146666667 0.132392837890625 0.9607407406666666 0.132392837890625 0.9511111113333333 0.131850244140625 0.947777778 0.12669560498046875 0.9392592593333334 0.12316874658203125 0.9370370373333333 0.118285404296875 0.938148148 0.104449267578125 0.9518518519999999 0.09658166015625 0.9622222220000001 0.08817145947265626 0.9688888886666667 0.08545849169921875 0.9733333333333334 0.0841020078125 0.9807407406666666 0.0800325556640625 0.9870370373333334 0.0803038525390625 0.9911111113333333 0.0862723818359375 1 0.141592265625 1
1 0.04042322314453125 0.328148148 0.04367878466796875 0.33 0.05805751513671875 0.32962962933333334 0.075963103515625 0.32740740733333334 0.08111774267578124 0.3255555553333333 0.0835594140625 0.3214814813333333 0.0865436787109375 0.3096296293333333 0.0865436787109375 0.30111111133333335 0.0841020078125 0.29925925933333336 0.06972327734375 0.30037037066666666 0.0450352685546875 0.305925926 0.04286489404296875 0.3096296293333333 0.04042322314453125 0.32296296266666663 0.04042322314453125 0.328148148
1 0.2742810634765625 0.2996296293333333 0.278350515625 0.2985185186666667 0.28214867041015623 0.2888888886666667 0.2805208896484375 0.27518518533333336 0.27943570263671874 0.274074074 0.26994031494140625 0.2744444446666667 0.2542051005859375 0.2725925926666667 0.25149213232421874 0.27518518533333336 0.2493217578125 0.283703704 0.24850786767578126 0.288148148 0.25094953857421876 0.291851852 0.2742810634765625 0.2996296293333333
1 0.034183396484375 0.7570370373333334 0.033912099609375 0.7618518519999999 0.03608247412109375 0.767777778 0.04069452001953125 0.7751851853333332 0.049104720703125 0.7825925926666667 0.05317417236328125 0.7933333333333333 0.0661964189453125 0.791851852 0.06918068359375 0.7870370373333333 0.07135105810546875 0.773703704 0.06728160595703125 0.7651851853333332 0.06348345068359375 0.7607407406666666 0.05018990771484375 0.752222222 0.04069452001953125 0.75 0.03608247412109375 0.752222222 0.034183396484375 0.7570370373333334
1 0.0735214326171875 0.7703703706666667 0.1011937060546875 0.7829629626666667 0.10580575146484375 0.7833333333333333 0.1082474228515625 0.7803703706666667 0.1112316875 0.7659259260000001 0.10906131298828126 0.7614814813333334 0.08437330419921875 0.7492592593333334 0.0794899619140625 0.75 0.07542051025390625 0.7533333333333333 0.07080846435546875 0.7611111113333333 0.07135105810546875 0.7655555553333333 0.0735214326171875 0.7703703706666667
1 0.2128682744140625 0 0.207881171875 0.014359259333333334 0.1923065654296875 0.04880888866666667 0.2593038525390625 0.06475111133333333 0.2646741723632812 0.060169999999999994 0.28964704296875 0.0675 0.2912582744140625 0.05595555533333334 0.28830439501953126 0.05742148133333333 0.29676315771484374 0.04257888866666667 0.280248779296875 0.035432222 0.28817010302734375 0.021505926 0.29904557763671874 0.021688888666666666 0.3012782431640625 0 0.2128682744140625 0
1 0.16961638623046876 0.031217778 0.13551356494140626 0.042212222 0.1113461748046875 0.04976518533333334 0.0828825283203125 0.08014370400000001 0.07455832861328125 0.09040518533333333 0.083062126953125 0.106826296 0.08932718408203125 0.11202814800000001 0.1065127509765625 0.11495999999999999 0.10664704296875 0.126137778 0.09066983203125 0.14537851866666668 0.097517091796875 0.15692259266666667 0.14518041259765624 0.15985444466666668 0.17230141064453125 0.14867666666666665 0.18666766162109374 0.129985926 0.1592780791015625 0.10598111133333334 0.187070537109375 0.0675 0.16961638623046876 0.031217778
1 0.05911801416015625 0.18369111133333335 0.06113212158203125 0.16500037066666665 0.0231356484375 0.16276555533333334 0.02125610400390625 0.18589 0.05911801416015625 0.18369111133333335
1 0.11416576220703124 0.256453704 0.10731850244140625 0.25737 0.0991283232421875 0.2537051853333333 0.09402631591796876 0.24674185199999998 0.08194275634765626 0.24344370399999998 0.08033152490234376 0.24634703733333332 0.083285404296875 0.26011888866666666 0.090401248046875 0.263233704 0.09268366796875 0.2657992593333333 0.09348941943359375 0.270563704 0.09362371142578126 0.274778148 0.10154503515625 0.280641852 0.1082582744140625 0.280641852 0.1116147587890625 0.280092222 0.1148372216796875 0.283574074 0.11671676611328125 0.2832074073333333 0.1202075419921875 0.269464074 0.12074470947265625 0.2628674073333333 0.11940206201171875 0.25462148133333334 0.11416576220703124 0.256453704
1 0 0.2966386193333333 0.0247468798828125 0.291101852 0.02568665234375 0.27479333333333333 0 0.279836226 0 0.2966386193333333
1 0.0734842646484375 0.28523814799999997 0.08623928369140625 0.27937444466666667 0.07308138916015625 0.26916740733333333 0.05629869775390625 0.27607592599999997 0.0577753662109375 0.2824892593333333 0.05119668994140625 0.2894525926666667 0.055358654296875 0.2929344446666666 0.06569696142578126 0.2931174073333333 0.0734842646484375 0.28523814799999997
1 0.12235594140625 0.3000807406666667 0.100068095703125 0.29308703733333336 0.0928179599609375 0.3050285186666667 0.11040640283203125 0.3132744446666667 0.1181937060546875 0.309426296 0.12235594140625 0.3000807406666667
1 0.16874362451171876 0.3049096293333333 0.15833830712890626 0.3083266666666667 0.16290314697265626 0.32023740733333333 0.177672001953125 0.32720074066666666 0.1850564296875 0.32243666666666665 0.184787845703125 0.3151066666666667 0.17189880615234376 0.3066774073333334 0.16874362451171876 0.3049096293333333
1 0.125443841796875 0.226401852 0.1428979921875 0.208444074 0.13027726513671875 0.20038148133333333 0.12410119384765625 0.20386296266666667 0.11758952783203125 0.20483111133333334 0.11940206201171875 0.21247555533333332 0.11443434619140624 0.22383666666666666 0.12262425390625 0.24454296266666664 0.13229137255859375 0.2412448146666667 0.125443841796875 0.226401852
1 0.2039875205078125 0.15254 0.19969126416015626 0.12908481466666666 0.1894872490234375 0.13417148133333334 0.189889853515625 0.14466037066666668 0.1948575693359375 0.15822037066666667 0.2039875205078125 0.15254
1 0.2199647314453125 0.27241111133333334 0.2331226259765625 0.282855926 0.2433263701171875 0.2806570373333333 0.24158111767578125 0.27387703733333335 0.2270808466796875 0.2612333333333334 0.2190919697265625 0.26366851866666663 0.2199647314453125 0.27241111133333334
1 0.177672001953125 0.27882444466666667 0.191635376953125 0.26728037066666666 0.18653336962890624 0.256102222 0.1710930546875 0.2698455553333333 0.177672001953125 0.27882444466666667
1 0.2265436787109375 0.237228148 0.2307059140625 0.23319703733333333 0.2333909384765625 0.22476777799999997 0.22842322314453126 0.22183592600000002 0.22305290283203125 0.22311851866666665 0.2199647314453125 0.222752222 0.21633966357421874 0.22348518533333334 0.20976071630859375 0.23063148133333333 0.21432582763671876 0.23942740733333334 0.21875637548828125 0.23704518533333332 0.2265436787109375 0.237228148
1 0.06166901806640625 0.46138 0.06583125341796875 0.44415518533333337 0.05361340185546875 0.4384744446666667 0.04676587109375 0.43957407400000004 0.04287221923828125 0.43963 0.0344137275390625 0.4736574073333334 0.0432750947265625 0.4780551853333333 0.05858111767578125 0.4809870373333333 0.06247476953125 0.46852666666666665 0.06166901806640625 0.46138
1 0 0.224649936 0.00031090625 0.22475259266666667 0.00984373291015625 0.22347 0.0064872490234375 0.21339148133333333 0 0.20980519933333336 0 0.224649936
1 0.3929877915039062 0.7046499999999999 0.4086511123046875 0.6905788886666666 0.4032978837890625 0.6781314813333333 0.38406592529296874 0.691201852 0.3929877915039062 0.7046499999999999
1 0.380497015625 0.7558370373333334 0.37177346728515626 0.7547548146666666 0.35908437353515626 0.75719 0.3523431904296875 0.7655785186666667 0.3531361909179688 0.7736966666666667 0.36205832861328124 0.7750496293333334 0.37653174169921877 0.772614074 0.3832729248046875 0.7685551853333333 0.380497015625 0.7558370373333334
1 0.341020076171875 0.9311111113333334 0.339663591796875 0.9211111113333333 0.3358654370117187 0.9170370373333333 0.31416169287109375 0.926296296 0.313347802734375 0.9277777779999999 0.312533912109375 0.9314814813333334 0.31470428662109373 0.942222222 0.31823114501953126 0.9455555553333334 0.33423765576171877 0.937777778 0.341020076171875 0.9311111113333334
1 0.41806836669921876 0.9007407406666667 0.4158979921875 0.9133333333333333 0.41454150830078124 0.922222222 0.4172544765625 0.9266666666666666 0.423223005859375 0.9288888886666667 0.42593597412109374 0.9351851853333333 0.43109061328125 0.9396296293333333 0.43570265869140623 0.9407407406666666 0.44004340771484374 0.9392592593333334 0.4405860009765625 0.9188888886666667 0.43298969091796874 0.9088888886666667 0.4338035810546875 0.8992592593333334 0.4316332065429688 0.8940740739999999 0.4218665219726562 0.8940740739999999 0.4202387412109375 0.8951851853333332 0.41806836669921876 0.9007407406666667
1 0.02792566455078125 0.9652755553333333 0.03266142138671875 0.9493133333333333 0.0101649482421875 0.9424951853333333 0.00536082470703125 0.9580544446666667 0.02792566455078125 0.9652755553333333
1 0.3867639716796875 0.09082703733333333 0.3950067822265625 0.07708259266666667 0.3926736298828125 0.06814777799999999 0.3785208896484375 0.06583740733333333 0.35745577880859375 0.07520851866666667 0.3526473139648437 0.08270518533333333 0.3535632119140625 0.09426296266666666 0.36775935986328123 0.09801148133333333 0.3867639716796875 0.09082703733333333
1 0.35127346728515624 0.079894074 0.37714704296875 0.06708666666666667 0.38493217578125 0.06083925933333333 0.3711939770507813 0.04865666666666667 0.3496709169921875 0.051468148000000005 0.33343977197265623 0.065217778 0.35127346728515624 0.079894074
1 0.03738171435546875 0.02088444466666667 0.0354563212890625 0.026137037333333335 0.0380691806640625 0.03307851866666667 0.03105588720703125 0.03964444466666667 0.0338062939453125 0.05521555533333334 0.04343217578125 0.05821703733333334 0.051132935546875 0.04414703733333333 0.04700759619140625 0.033453704 0.04893271826171875 0.029514073999999998 0.0518204013671875 0.01732 0.04741996728515625 0.013942962666666666 0.0369110146484375 0.016613704 0.03738171435546875 0.02088444466666667
1 0.0809731416015625 0.3988503706666667 0.089361638671875 0.3930348146666667 0.079460662109375 0.37671333333333334 0.0710721650390625 0.381215926 0.0809731416015625 0.3988503706666667
1 0.0680469345703125 0.6199403706666667 0.0758852412109375 0.5979911113333334 0.0552582744140625 0.5914248146666666 0.04824525244140625 0.611873704 0.0680469345703125 0.6199403706666667
1 0.1196144873046875 0.568162222 0.10985105810546875 0.566286296 0.10036245263671875 0.5754788886666666 0.09609956591796875 0.5916125926666667 0.1088884970703125 0.5914248146666666 0.115076505859375 0.5818574073333334 0.1200268583984375 0.5687251853333333 0.1196144873046875 0.568162222
1 0.16375610400390625 0.5509029626666666 0.1590805751953125 0.5373955553333334 0.131260173828125 0.5462585186666666 0.13474091162109375 0.5612211113333334 0.16375610400390625 0.5509029626666666
1 0.08716142138671874 0.6727111113333334 0.08289853515625 0.645884074 0.0611427021484375 0.6356470373333333 0.06845957666015624 0.667458148 0.08716142138671874 0.6727111113333334
1 0 0.8254434693333332 0.00616603369140625 0.8407096293333334 0.0247303310546875 0.8303918520000001 0.01840477490234375 0.8125696293333333 0 0.8216999326666667 0 0.8254434693333332
1 0.28790043408203125 0.9548159260000001 0.2818288115234375 0.9387103706666666 0.26918882275390627 0.9460348146666667 0.2752514921875 0.9626388886666667 0.28790043408203125 0.9548159260000001
1 0.2959956591796875 0.9561966666666667 0.3067892021484375 0.9741429626666667 0.319943841796875 0.9670103706666667 0.30594601171875 0.948834074 0.2998746606445313 0.9495240739999999 0.2943090068359375 0.9504444446666667 0.29582691259765626 0.9564266666666668 0.2959956591796875 0.9561966666666667
1 0.230559142578125 0.9310844446666666 0.22364460107421874 0.912217778 0.211838849609375 0.9202703706666666 0.2194281064453125 0.940747778 0.230559142578125 0.9310844446666666
1 0.21318827978515625 0.8286648146666666 0.2064422138671875 0.81509 0.18789066748046876 0.8279748146666668 0.19413076513671876 0.8415496293333334 0.21318827978515625 0.8286648146666666
1 0.24624362451171874 0.8624870373333333 0.262265599609375 0.848681852 0.233779435546875 0.8230259259999999 0.21689853515625 0.837638148 0.24624362451171874 0.8624870373333333
1 0.2707696689453125 0.7936762959999999 0.26546988623046874 0.7946129626666667 0.262265599609375 0.7999048146666667 0.2619281064453125 0.809568148 0.2647951708984375 0.8157803706666666 0.27086679345703124 0.8107185186666667 0.2744083017578125 0.803125926 0.2707696689453125 0.7936762959999999
1 0.13703608251953125 0.8497855553333333 0.1288629951171875 0.8571948146666667 0.123972056640625 0.8680088886666667 0.130212154296875 0.8721503706666668 0.14201763427734376 0.8686988886666667 0.148932447265625 0.8521333333333334 0.142186380859375 0.849372222 0.13703608251953125 0.8497855553333333
1 0.12532121533203125 0.881583704 0.11941861083984374 0.8680088886666667 0.10542051025390625 0.878703704 0.11435892578125 0.8910170373333334 0.12532121533203125 0.881583704
1 0.12650189892578126 0.8896362959999999 0.11537086279296875 0.8905566666666667 0.10626370068359375 0.8903266666666667 0.108118828125 0.8983796293333333 0.1067696689453125 0.906202222 0.135946283203125 0.9089633333333333 0.13864460107421875 0.8972292593333333 0.134765599609375 0.8907866666666667 0.12650189892578126 0.8896362959999999
1 0.0772558330078125 0.9140248146666666 0.068991861328125 0.9025211113333333 0.0600534453125 0.9068925926666668 0.0674742265625 0.918166296 0.0772558330078125 0.9140248146666666
1 0.13291047216796875 0.755465926 0.1288629951171875 0.728086296 0.11553743896484375 0.732387778 0.12043027685546875 0.7584570373333333 0.13291047216796875 0.755465926
1 0.40283966357421874 0.3123144446666667 0.4047417255859375 0.2908392593333333 0.3974785673828125 0.288154074 0.3941937060546875 0.3101907406666667 0.40283966357421874 0.3123144446666667
1 0.161794298828125 0 0.15619858935546874 0.0007329626666666667 0.1567444384765625 0.010422592666666666 0.161240369140625 0.022458148 0.16833016796875 0.02411 0.17714894189453126 0.020806296000000002 0.18129896923828126 0.01585037066666667 0.17835946826171875 0.003106666666666667 0.17416591162109374 0 0.161794298828125 0
1 0 0.162538914 0.0049221376953125 0.16373851866666667 0.0178909384765625 0.1592548146666667 0.01944736865234375 0.14981518533333335 0.01443271826171875 0.14179148133333333 0.002479923828125 0.14152148133333334 0 0.14391035933333335 0 0.162538914
1 0.23888090087890626 0.18360074066666668 0.23169587646484374 0.18030481466666667 0.22781416162109375 0.18855666666666665 0.224355669921875 0.199412222 0.23109956591796876 0.20130037066666667 0.23888090087890626 0.18360074066666668
1 0.16348833447265626 0.43335925933333336 0.17265301123046875 0.4267514813333333 0.186313619140625 0.415187778 0.188734400390625 0.406692222 0.1778404775390625 0.403624074 0.16539039599609376 0.400792222 0.15736625048828126 0.4050348146666667 0.1461964189453125 0.41259185200000004 0.1396256103515625 0.4239196293333334 0.15172978857421876 0.43123518533333327 0.16348833447265626 0.43335925933333336
1 0.1461964189453125 0.184033704 0.12740070556640626 0.18030481466666667 0.12492756396484375 0.19583333333333333 0.1356483994140625 0.20078925933333336 0.14636950634765625 0.20055333333333333 0.1461964189453125 0.184033704
1 0.2674989150390625 0.7110507406666667 0.2646456865234375 0.7198944446666666 0.2629164404296875 0.7300418519999999 0.2686228974609375 0.731221852 0.27208111767578125 0.726974074 0.2758855126953125 0.7132866666666667 0.274847802734375 0.7090388886666666 0.2674989150390625 0.7110507406666667
1 0.1826823115234375 0.6884685186666667 0.178186380859375 0.7016840739999999 0.1754196962890625 0.7113596293333333 0.1842384697265625 0.7115955553333333 0.191155181640625 0.7066396293333334 0.1956511123046875 0.692244074 0.19668882275390626 0.6858725926666666 0.1826823115234375 0.6884685186666667
1 0.27995198046875 0.3949407406666667 0.2743290830078125 0.40185518533333336 0.2808998916015625 0.4094066666666667 0.28850841015625 0.4134185186666667 0.2964625610351562 0.4061029626666667 0.29048100927734377 0.399377778 0.285223005859375 0.3938314813333333 0.27995198046875 0.3949407406666667
1 0.7169031469726562 0.8735651853333334 0.7127531201171875 0.8756888886666667 0.708807650390625 0.8784029626666667 0.70739256640625 0.8879603706666667 0.7070469345703125 0.8962199999999999 0.712234400390625 0.898815926 0.7160385239257813 0.895512222 0.7182864892578125 0.8808807406666667 0.7169031469726562 0.8735651853333334
1 0.7189782963867187 0.2873196293333333 0.7172490502929687 0.271036296 0.7141364624023437 0.2672603706666667 0.7086030927734375 0.266552222 0.7045268583984375 0.270621852 0.70652821484375 0.28377962933333334 0.7080843735351563 0.2948711113333333 0.7111969614257813 0.29935518533333333 0.7181136733398438 0.29911925933333333 0.7189782963867187 0.2873196293333333
1 0.768878458984375 0.45652666666666664 0.7659386870117187 0.46195444466666663 0.7676679326171875 0.47210222199999996 0.7714723276367188 0.478237778 0.7771785131835938 0.48201370400000004 0.7792536625976563 0.471158148 0.7766597939453125 0.45912259266666666 0.768878458984375 0.45652666666666664
1 0.7621226259765626 0.526166296 0.7604053173828125 0.5344833333333333 0.7621345629882812 0.5392033333333333 0.7655930546875 0.5351914813333334 0.76974308203125 0.527167778 0.7669763969726563 0.521267778 0.7645553447265625 0.521975926 0.7621226259765626 0.526166296
1 0.35923657080078125 0.502505926 0.33814026025390626 0.49755000000000005 0.33571947900390625 0.5100574073333333 0.35353011376953125 0.5159574073333333 0.35837194775390624 0.5173733333333334 0.35923657080078125 0.502505926
1 0.24959115576171875 0.594074074 0.26065789453125 0.6047507406666667 0.28422219189453124 0.6126929626666666 0.3027303310546875 0.6037088886666666 0.28841996728515623 0.588996296 0.26409224072265625 0.582225926 0.24959115576171875 0.594074074
1 0.11430141064453125 0.33707222200000003 0.10766847509765624 0.3388151853333333 0.10555995654296875 0.3445703706666666 0.10969262060546875 0.35159185200000004 0.11374091162109375 0.35596555533333335 0.12133125341796876 0.35366370399999997 0.1212468798828125 0.346642222 0.11430141064453125 0.33707222200000003
1 0.04416087890625 0.37925518533333336 0.0414620185546875 0.37603222199999997 0.0408716767578125 0.376837778 0.03336543701171875 0.37925518533333336 0.037076234375 0.38742740733333336 0.0421367333984375 0.39364296266666665 0.04863076513671875 0.391686296 0.05014894189453125 0.3880029626666667 0.04416087890625 0.37925518533333336
1 0.01489500830078125 0.59774 0.01135268603515625 0.5963588886666666 0.01109983740234375 0.5957833333333333 0.004858654296875 0.5983155553333334 0.007135919921875 0.607753704 0.01666630517578125 0.6129333333333333 0.0239194248046875 0.610516296 0.02079869775390625 0.6025740740000001 0.01489500830078125 0.59774
1 0.3771147587890625 0.8475037040000001 0.3725493759765625 0.8546292593333332 0.3789308193359375 0.8575062960000001 0.3859959306640625 0.858905926 0.39095279443359376 0.8548622220000001 0.385768041015625 0.8506633333333332 0.37887384716796874 0.8480196293333333 0.3771147587890625 0.8475037040000001
1 0.410251763671875 0.8106688886666668 0.41179028759765623 0.842083704 0.4234704287109375 0.8423170373333334 0.42147639697265626 0.8120685186666666 0.410251763671875 0.8106688886666668
1 0.4325298427734375 0.8364848146666667 0.43965192626953126 0.8266874073333333 0.4218665219726562 0.8172188886666666 0.41218909375 0.8262207406666666 0.4325298427734375 0.8364848146666667
1 0.4589099296875 0.8216588886666667 0.4685960390625 0.8139607406666667 0.4580553447265625 0.7996529626666667 0.44905290283203125 0.8084396293333332 0.4589099296875 0.8216588886666667
1 0.4854248505859375 0.7716855553333333 0.49294574072265623 0.7635985186666667 0.48599457421875 0.752167778 0.47818882275390623 0.7589329626666667 0.4854248505859375 0.7716855553333333
1 0.5015493759765625 0.7815607406666666 0.5028027670898437 0.768886296 0.4898277265625 0.7652274073333333 0.48872951708984375 0.777206296 0.5015493759765625 0.7815607406666666
1 0.5049017905273437 0.8924329626666666 0.5200575151367187 0.885512222 0.51983315234375 0.863083704 0.50518665234375 0.8721377779999999 0.5049017905273437 0.8924329626666666
1 0.53168068359375 0.8746388886666667 0.5389167119140625 0.864063704 0.5335040693359375 0.857531852 0.523931904296875 0.867251852 0.53168068359375 0.8746388886666667
1 0.5633597397460938 0.8805485186666666 0.569912099609375 0.8725392593333333 0.5644991860351563 0.8586207406666667 0.5582889311523438 0.8643748146666667 0.5633597397460938 0.8805485186666666
1 0.657033912109375 0.385512222 0.6661502983398437 0.38986666666666664 0.667118828125 0.3826351853333333 0.6623328813476562 0.3696492593333333 0.6558836137695313 0.36557481466666664 0.6541280522460937 0.375325926 0.657033912109375 0.385512222
1 0.2817813349609375 0.2631466666666667 0.28429001611328125 0.29378111133333334 0.29472110693359377 0.2995474073333333 0.2996066196289062 0.2943214813333333 0.29828621826171875 0.2793648146666666 0.2963057514648437 0.26657074066666664 0.2879872490234375 0.26242592600000003 0.2817813349609375 0.2631466666666667
1 0.3673429189453125 0.20527111133333334 0.3748692348632813 0.18743111133333332 0.355200759765625 0.18628814800000001 0.34595252294921874 0.19752259266666666 0.3673429189453125 0.20527111133333334
1 0.324562126953125 0.09763037066666667 0.317960119140625 0.10718074066666666 0.32007270751953126 0.12015555533333333 0.3248260986328125 0.12610185200000001 0.330768041015625 0.12574148133333332 0.3339367880859375 0.113487778 0.33103201318359377 0.10015296266666666 0.324562126953125 0.09763037066666667
1 0.3497075419921875 0.11979296266666667 0.3426622353515625 0.124136296 0.3389959306640625 0.12940333333333331 0.3408290830078125 0.13625 0.34632854052734374 0.13453851866666666 0.35115246875 0.12966666666666668 0.3518277265625 0.12532148133333335 0.3497075419921875 0.11979296266666667
1 0.04921839404296875 0.8888011113333334 0.0549107431640625 0.8786548146666667 0.03924253955078125 0.8727366666666667 0.03492973388671875 0.8803985186666667 0.04921839404296875 0.8888011113333334
1 0.046853228515625 0.7042240740000001 0.0532669560546875 0.7051755553333334 0.05703147021484375 0.713738148 0.0587045576171875 0.7131674073333334 0.0787821484375 0.7127870373333334 0.08073412890625 0.7084103706666667 0.075714595703125 0.6939488886666666 0.06665192626953124 0.684054074 0.05577672265625 0.6859570373333332 0.0403543134765625 0.694556296 0.04030005419921875 0.698896296 0.046853228515625 0.7042240740000001
1 0.0345835595703125 0.729944074 0.0337471513671875 0.7029237039999999 0.00395496484375 0.6919862960000001 0.01157813330078125 0.7229033333333333 0.0345835595703125 0.729944074
1 0.24557162255859374 0.7185455553333333 0.24062723828125 0.7209540740000001 0.23797802490234374 0.723427778 0.23351627783203124 0.7245692593333333 0.2303095498046875 0.7262818520000001 0.22612669580078126 0.732941852 0.22919397705078126 0.7375085186666667 0.2342135107421875 0.7376988886666667 0.2376991318359375 0.7394114813333333 0.2400694521484375 0.7415044446666668 0.24425230615234375 0.7390307406666667 0.24843516015625 0.7331322220000001 0.24620428662109375 0.72514 0.24606483984375 0.7196218520000001 0.24557162255859374 0.7185455553333333
1 0.16854313623046874 0.809023704 0.17300488330078126 0.809214074 0.178163591796875 0.8095948146666666 0.17830303857421875 0.8029348146666666 0.17593271826171875 0.7976066666666667 0.1741201845703125 0.7869511113333333 0.172307650390625 0.7802911113333333 0.165336408203125 0.78638 0.16673060205078125 0.795513704 0.16575474755859376 0.802554074 0.16854313623046874 0.809023704
1 0.3475550732421875 0.8301137040000001 0.34532419970703127 0.8251666666666667 0.3397471513671875 0.824976296 0.3382132392578125 0.831636296 0.339189365234375 0.8390574073333333 0.3412807919921875 0.843624074 0.34685784033203126 0.8440044446666667 0.34880982080078127 0.838486296 0.3475550732421875 0.8301137040000001
1 0.8220028642578125 0 0.8205293002929688 0.004212222 0.8189953881835937 0.012204074 0.824712154296875 0.013345926000000001 0.8276399892578125 0.013155555333333332 0.830568095703125 0.0015485186666666668 0.8309706918945312 0 0.8220028642578125 0
1 0.8198035810546875 0.03399666666666667 0.8135577861328125 0.03446740733333333 0.8123030385742187 0.044362222 0.8120241455078125 0.047026296 0.819971513671875 0.045504074000000005 0.824293814453125 0.03789259266666667 0.8240149213867187 0.032754814666666666 0.8198035810546875 0.03399666666666667
1 0.833610146484375 0.13423703733333334 0.8293130766601563 0.13560407400000002 0.827779435546875 0.14131259266666665 0.8295919697265625 0.14378629599999998 0.8387940859375 0.14606962933333334 0.84074606640625 0.14416666666666667 0.8397702114257812 0.13522333333333333 0.833610146484375 0.13423703733333334
1 0.5879276982421875 0 0.5602897451171875 0.016368888666666664 0.56821730859375 0.029201111333333335 0.5820447641601563 0.03700111133333333 0.575960662109375 0.04505259266666667 0.5820447641601563 0.05536851866666667 0.5914473686523437 0.059394444666666664 0.611358654296875 0.05612333333333334 0.6521033642578125 0.03423333333333333 0.6559750405273438 0.03196888866666667 0.6360634833984375 0.004291481333333334 0.6282705815429688 0 0.5879276982421875 0
1 0.28899647314453125 0.5197255553333333 0.28033532275390627 0.5230407406666666 0.2745263159179688 0.5296714813333333 0.27611068896484375 0.5459603706666667 0.28139175244140624 0.5459603706666667 0.287728974609375 0.542068148 0.2892075419921875 0.5280859259999999 0.28899647314453125 0.5197255553333333
1 0.25245143798828124 0.45103888866666664 0.24864894189453124 0.4589670373333333 0.24854340771484376 0.47035444466666665 0.2504446552734375 0.479724074 0.25604259375 0.48159814800000006 0.2599506240234375 0.4709311113333333 0.25868312548828126 0.4591111113333333 0.25245143798828124 0.45103888866666664
1 0.25107840478515625 0.14371555533333333 0.251183939453125 0.144292222 0.2527683125 0.15567962933333332 0.2686115029296875 0.15351740733333333 0.26766087890625 0.14169740733333333 0.25107840478515625 0.14371555533333333
1 0.42094112841796877 0.13874296266666666 0.4249620185546875 0.13231481466666667 0.42128567529296873 0.12588666666666667 0.4166904501953125 0.122594074 0.4122821484375 0.12139592599999999 0.39922816064453126 0.12886555533333335 0.399113130859375 0.13623444466666665 0.4017555615234375 0.14078111133333335 0.40979734130859374 0.14140851866666665 0.42094112841796877 0.13874296266666666
1 0.3256315791015625 0.19593333333333332 0.32647368408203126 0.186306296 0.3151763427734375 0.18731777800000002 0.31457677685546875 0.195502222 0.3256315791015625 0.19593333333333332
1 0.142827455078125 0.27395074066666664 0.15133152490234375 0.26310555533333335 0.1351597939453125 0.24242888866666665 0.1267951708984375 0.2511185186666667 0.142827455078125 0.27395074066666664
1 0.5535841020507812 0.3284529626666667 0.5553494301757812 0.3431507406666666 0.565765328125 0.34290962933333335 0.582889853515625 0.3361633333333333 0.5894218666992187 0.326766296 0.5920699946289063 0.31761037066666664 0.593923494140625 0.31081259266666666 0.5835960390625 0.30990037066666665 0.5730035268554687 0.31351444466666667 0.5617048291015625 0.320983704 0.5535841020507812 0.3284529626666667
1 0.91972029296875 0.516383704 0.9180775908203125 0.505622222 0.9104389580078125 0.5055640739999999 0.91216386328125 0.517056296 0.91972029296875 0.516383704
1 1 0.5839971653333333 0.9833752036132812 0.5842792593333334 0.9647306020507812 0.6186366666666667 0.9965990234375 0.6195337040000001 1 0.614266538 1 0.5839971653333333
1 0.9138065654296875 0.6749381480000001 0.9271125883789062 0.6682122220000001 0.917584916015625 0.655594074 0.906742810546875 0.6605896293333333 0.9138065654296875 0.6749381480000001
1 0.8922870322265625 0.6592444446666667 0.8967224633789063 0.6695574073333334 0.905757189453125 0.67023 0.908878458984375 0.6605896293333333 0.9054286489257812 0.649828148 0.8952438959960938 0.6493796293333333 0.8922870322265625 0.6592444446666667
1 0.8867018447265625 0.6303225926666667 0.8978722192382812 0.6126111113333333 0.8771741723632812 0.5836892593333334 0.8673179599609375 0.5989348146666666 0.8867018447265625 0.6303225926666667
1 0.9739297338867188 0.8563611113333333 0.9839503525390625 0.8518770373333333 0.980172001953125 0.8439725926666667 0.9708084643554687 0.8489625926666666 0.9739297338867188 0.8563611113333333
1 0.7531627783203125 0.827532222 0.7571874663085938 0.8246974073333334 0.7536172001953125 0.8201329626666667 0.748618828125 0.8229251853333334 0.7531627783203125 0.827532222
1 0.754980466796875 0.628452222 0.7509557788085938 0.6281525926666667 0.7473206728515625 0.62957 0.7444644599609375 0.6324051853333333 0.7483591967773437 0.6354170373333333 0.7542013022460937 0.63524 0.75848562109375 0.6329366666666667 0.754980466796875 0.628452222
1 0.7717278891601562 0.6242325926666666 0.7787384697265625 0.6176766666666667 0.7749734130859375 0.6132470373333333 0.7664050458984375 0.618208148 0.7717278891601562 0.6242325926666666
1 0.7382327724609375 0.6192714813333333 0.7313521430664063 0.6155503706666666 0.7262889311523437 0.6151959260000001 0.7173309819335938 0.613424074 0.7221345629882813 0.6341551853333334 0.7384924038085937 0.6394707406666666 0.7405697231445313 0.6389392593333334 0.7382327724609375 0.6192714813333333
1 0.7774403149414062 0.554236296 0.77094899609375 0.545554074 0.7674435703125 0.5396566666666667 0.7477102548828125 0.5370488886666667 0.7352468798828125 0.5420103706666667 0.742517091796875 0.5545907406666667 0.7532927290039062 0.5623866666666667 0.7664050458984375 0.562564074 0.7774403149414062 0.554236296
1 0.733039880859375 0.37487148133333337 0.7375838305664062 0.37274518533333334 0.7329099296875 0.362468148 0.7286258818359375 0.365657778 0.733039880859375 0.37487148133333337
1 0.7235626694335937 0.4039303706666667 0.72693814453125 0.394893704 0.7218749321289063 0.3913103706666667 0.718239826171875 0.400918148 0.7235626694335937 0.4039303706666667
1 0.7172010307617187 0.43546962933333333 0.7246011938476562 0.4299766666666667 0.7153836137695313 0.4228892593333333 0.7103204013671875 0.42802777799999997 0.7172010307617187 0.43546962933333333
1 0.7826332065429688 0.25061925933333334 0.773934888671875 0.24760703733333334 0.7669243081054687 0.25079666666666667 0.7638084643554688 0.2584155553333333 0.7744541508789062 0.26125074066666665 0.7826332065429688 0.25061925933333334
1 0.8428724907226562 0.23839333333333332 0.84533912109375 0.232191852 0.8385881713867187 0.227762222 0.8356020078125 0.233432222 0.8428724907226562 0.23839333333333332
1 0.8589706997070312 0.2275848146666667 0.8615672817382812 0.22226925933333333 0.8554655454101563 0.21877074066666669 0.8524793813476562 0.22368666666666664 0.8589706997070312 0.2275848146666667
1 0.5003659794921875 0.11332703733333334 0.49704883349609374 0.15927888866666667 0.533039609375 0.13596333333333332 0.5345322841796875 0.11604333333333333 0.5361909931640625 0.081568148 0.5060051547851563 0.099971852 0.5003659794921875 0.11332703733333334
1 0.5575716225585937 0.08699111133333334 0.5791966899414063 0.07842740733333332 0.568327998046875 0.06282925933333333 0.54098860546875 0.07001666666666667 0.5575716225585937 0.08699111133333334
1 0.5483836137695313 0.09800148133333332 0.558692078125 0.11405851866666666 0.5633979921875 0.099377778 0.5632859467773438 0.08301481466666667 0.553313890625 0.06665222200000001 0.5470390668945313 0.08179148133333333 0.5483836137695313 0.09800148133333332
1 0.550624525390625 0.05716481466666666 0.56171730859375 0.05120074066666667 0.5566752578125 0.046154073999999996 0.5461427021484375 0.051047778 0.550624525390625 0.05716481466666666
1 0.5339297338867187 0.053035926 0.536618828125 0.046154073999999996 0.5265344545898437 0.04003740733333334 0.5223887685546875 0.04829518533333334 0.5339297338867187 0.053035926
1 0.609785404296875 0.18456851866666665 0.6028385786132813 0.187168148 0.607096310546875 0.19267333333333334 0.6079926748046875 0.19863740733333335 0.614827455078125 0.20016666666666666 0.6228950083007813 0.19450851866666669 0.6166201845703125 0.18426259266666667 0.609785404296875 0.18456851866666665
1 0.6215501899414062 0.29409888866666667 0.6129226801757812 0.29104037066666666 0.6126985893554687 0.29883925933333333 0.6175165493164062 0.30082740733333335 0.6218865981445313 0.29883925933333333 0.6215501899414062 0.29409888866666667
1 0.5481595224609375 0.3643029626666666 0.5421090615234375 0.3571155553333333 0.5380754204101562 0.3620092593333333 0.5418849702148437 0.36827888866666664 0.5479354311523438 0.3678203706666667 0.5481595224609375 0.3643029626666666
1 0.17961231689453125 0.5434785186666666 0.1924278349609375 0.5338944446666667 0.18487900146484376 0.5272455553333334 0.1732921865234375 0.5343737040000001 0.17961231689453125 0.5434785186666666
1 0.19032121533203125 0.5863674073333334 0.1996256103515625 0.5791792593333333 0.19874796533203126 0.5590525926666666 0.1887411826171875 0.56672 0.19032121533203125 0.5863674073333334
1 0.163109875 0.7749825926666667 0.190847802734375 0.7627629626666667 0.16960553466796874 0.7458218520000001 0.1445010849609375 0.7519807406666668 0.163109875 0.7749825926666667
1 0.108336408203125 0.8279640739999999 0.1148320673828125 0.8260470373333333 0.10798535009765625 0.8123292593333334 0.09973412890625 0.814785926 0.108336408203125 0.8279640739999999
1 0.14379869775390625 0.8334748146666667 0.1314221376953125 0.8292259260000001 0.129754205078125 0.8435381479999999 0.13835648388671876 0.8512051853333334 0.14309658154296875 0.8500074073333334 0.14379869775390625 0.8334748146666667
1 0.065325013671875 0.8299448146666667 0.055669560546875 0.8294014813333334 0.049700759765625 0.8308392593333334 0.05005181787109375 0.8365896293333334 0.05602061865234375 0.8401837040000001 0.06620293017578124 0.8382666666666667 0.0669050458984375 0.8337144446666667 0.065325013671875 0.8299448146666667
1 0.20050352685546874 0.9571285186666667 0.20050352685546874 0.945388148 0.18909224072265626 0.9478607406666667 0.1899701572265625 0.9595248146666666 0.20050352685546874 0.9571285186666667
1 0.24175908837890625 0.7925566666666667 0.2378969072265625 0.7963070373333333 0.23701926220703126 0.803015926 0.23807243603515624 0.8085266666666666 0.24175908837890625 0.8056514813333333 0.24351464990234375 0.8010992593333334 0.24369017919921876 0.7963070373333333 0.24175908837890625 0.7925566666666667
1 0.325850515625 0.7828892593333333 0.3286595224609375 0.7867229626666667 0.330415083984375 0.781451852 0.33006402587890626 0.7759411113333334 0.32549945751953124 0.7709866666666667 0.32427048291015625 0.7757014813333334 0.325850515625 0.7828892593333333
1 0.33375067822265625 0.795588148 0.3518328813476562 0.7972655553333334 0.34761964208984375 0.784647778 0.3323461748046875 0.7821707406666666 0.33375067822265625 0.795588148
1 0.06098562109375 0.3612170373333333 0.0657881171875 0.35375185200000003 0.05498209423828125 0.3447107406666666 0.05124660888671875 0.3515666666666667 0.06098562109375 0.3612170373333333
1 0.02563239306640625 0.37978888866666666 0.0218969072265625 0.36758962933333333 0.014759630859375 0.3682051853333333 0.01562669580078125 0.37960666666666665 0.02563239306640625 0.37978888866666666
1 0 0.5535591666666667 0.000951708984375 0.557555926 0.02936787841796875 0.5460851853333334 0.02176342919921875 0.531846296 0 0.541834544 0 0.5535591666666667
1 0 0.7848666620000001 0.01082392822265625 0.7841122220000001 0.01122409130859375 0.7615348146666667 0 0.7610428253333333 0 0.7848666620000001
1 0.0967390126953125 0.663655926 0.09073548583984375 0.663291852 0.08633315234375 0.6678437039999999 0.09180276708984375 0.6716674073333334 0.097539337890625 0.672577778 0.10300922412109376 0.6651633333333333 0.0967390126953125 0.663655926
1 0.11594981005859376 0.333831852 0.12302034716796875 0.3309188886666667 0.12622219189453124 0.325314074 0.12048562109375 0.32199703733333335 0.11514921337890625 0.3210866666666667 0.1107468798828125 0.324364074 0.10594411279296875 0.329826296 0.109412642578125 0.334378148 0.11594981005859376 0.333831852
1 0.2062672275390625 0.35313222200000005 0.2080016279296875 0.32946222199999997 0.16664487255859375 0.32367518533333334 0.164110146484375 0.34694148133333336 0.2062672275390625 0.35313222200000005
1 0.2150721650390625 0.19301888866666664 0.2156058056640625 0.17808888866666667 0.19986353759765624 0.175721852 0.197595767578125 0.19047 0.2150721650390625 0.19301888866666664
1 0.2031988603515625 0.209224074 0.21640613134765624 0.21086259266666665 0.2233434619140625 0.20722111133333332 0.218807650390625 0.19920962933333333 0.21280412353515624 0.19138037066666666 0.197595767578125 0.194293704 0.2031988603515625 0.209224074
1 0.30699050439453124 0.21015777800000002 0.3013874116210937 0.21234259266666666 0.2896473139648437 0.21689444466666666 0.28817986962890624 0.22654444466666665 0.2957840478515625 0.23328148133333332 0.307123982421875 0.22363148133333335 0.30899158984375 0.21507370399999998 0.30699050439453124 0.21015777800000002
1 0.2530268583984375 0.39482444466666666 0.2476904501953125 0.38596259266666666 0.2354169833984375 0.3966451853333333 0.23088090087890625 0.4019251853333333 0.23675094970703126 0.41102925933333334 0.2530268583984375 0.39482444466666666
1 0.2713038525390625 0.44054814800000003 0.2671682041015625 0.43927370400000004 0.26289907763671877 0.438141852 0.2590301137695312 0.44073 0.2588966357421875 0.4476492593333333 0.26316576220703125 0.4503803706666667 0.27036977734375 0.450562222 0.27223765576171877 0.4451 0.2713038525390625 0.44054814800000003
1 0.2283461748046875 0.5124911113333334 0.2212756376953125 0.5113570373333334 0.21460526318359374 0.5225051853333333 0.220341833984375 0.5250544446666667 0.22661204541015625 0.519956296 0.2283461748046875 0.5124911113333334
1 0.21046961474609374 0.5172251853333333 0.21073629931640625 0.5026588886666666 0.204466087890625 0.500474074 0.20406592529296874 0.5150399999999999 0.21046961474609374 0.5172251853333333
1 0.18779001611328125 0.93066 0.186189365234375 0.9370325926666666 0.19072517626953125 0.9426770373333334 0.19846283251953126 0.9421307406666667 0.20686760693359374 0.939763704 0.20780141064453125 0.9297496293333334 0.20846852978515626 0.9263337039999999 0.203932447265625 0.9233766666666667 0.19699538818359374 0.9231948146666666 0.18979137255859374 0.926472222 0.18779001611328125 0.93066
1 0.20411618115234376 1 0.2059335322265625 0.9958659259999999 0.1917924580078125 0.9947733333333334 0.19039142041015625 1 0.20411618115234376 1
1 0.26083125341796876 0.9480566666666667 0.2620317416992187 0.955703704 0.26710146484375 0.9589811113333333 0.2720374389648437 0.9582529626666666 0.2708366791992188 0.9535188886666667 0.26790179052734375 0.9495133333333333 0.26523358642578126 0.9486029626666667 0.26083125341796876 0.9480566666666667
1 0.2572292456054687 0.9272996293333334 0.2621652197265625 0.9171033333333333 0.2574959306640625 0.9110348146666667 0.25122571875 0.9240222220000001 0.2572292456054687 0.9272996293333334
1 0.3711597939453125 0.9259951853333334 0.37129327197265627 0.9183481480000001 0.3603537709960937 0.9178018520000001 0.36022029296875 0.926723704 0.3711597939453125 0.9259951853333334
1 0.35501736279296875 0.8287451853333334 0.35328323388671873 0.8218259259999999 0.34474498095703127 0.8227944446666667 0.34607921875 0.8312940740000001 0.35501736279296875 0.8287451853333334
1 0.40759793798828126 0.479843704 0.406799783203125 0.47533037066666667 0.4066855668945312 0.471905926 0.4029224091796875 0.4695714813333333 0.3976766142578125 0.46832629600000003 0.395395822265625 0.4691044446666666 0.3976766142578125 0.48295666666666665 0.40759793798828126 0.48482407400000005 0.40759793798828126 0.479843704
1 0.40303635400390625 0.5081703706666666 0.40223819873046873 0.5036566666666666 0.4007555615234375 0.5007392593333333 0.39779055908203126 0.5042792593333334 0.395623982421875 0.5081703706666666 0.396308193359375 0.5129951853333333 0.39870293017578123 0.5156411113333333 0.4025803037109375 0.5129951853333333 0.40303635400390625 0.5081703706666666
1 0.39972924560546874 0.530864074 0.3943695063476563 0.5315225926666667 0.3916326640625 0.5319896293333334 0.39174660888671875 0.539771852 0.39585214306640626 0.541483704 0.39836082470703127 0.539771852 0.39961530126953126 0.5357251853333334 0.39972924560546874 0.530864074
1 0.4217387412109375 0.6070211113333334 0.43188795458984375 0.5993948146666667 0.42812479638671874 0.5939155553333333 0.4174053173828125 0.6004840739999999 0.4217387412109375 0.6070211113333334
1 0.4356513837890625 0.7026037039999999 0.43975664697265626 0.6932651853333334 0.4363355942382813 0.6884929626666667 0.43120374365234376 0.6994907406666666 0.4356513837890625 0.7026037039999999
1 0.41044899609375 0.7678551853333333 0.40805398828125 0.7658318519999999 0.4034926748046875 0.7641548146666667 0.39801871923828125 0.777816296 0.4007555615234375 0.7834192593333333 0.4056592514648438 0.7826411113333334 0.40862425390625 0.7804618520000001 0.4112471513671875 0.7722129626666666 0.41044899609375 0.7678551853333333
1 0.38353581103515627 0.7974266666666667 0.3893518720703125 0.7971155553333333 0.3967642431640625 0.7966485186666667 0.4034926748046875 0.7936914813333333 0.40657162255859375 0.79089 0.4082821484375 0.7879325926666667 0.40930846435546875 0.7859092593333333 0.40805398828125 0.7824851853333333 0.4079400434570313 0.7804618520000001 0.378404232421875 0.7891777780000001 0.37965870849609373 0.7949366666666666 0.38353581103515627 0.7974266666666667
1 0.4325721650390625 0.9847070373333333 0.430861638671875 0.9675862959999999 0.4192297885742188 0.9659200000000001 0.421624525390625 0.983461852 0.4325721650390625 0.9847070373333333
1 0.46416087890625 0.9688314813333333 0.457432447265625 0.9756796293333333 0.46552930029296874 0.9814385186666666 0.4756785131835938 0.9851737039999999 0.48172273486328127 0.9797262959999999 0.47602061865234374 0.9749014813333333 0.47031877392578125 0.9722555553333333 0.46416087890625 0.9688314813333333
1 0.49793348046875 1 0.503389853515625 0.9963799999999999 0.497801953125 0.9899985186666667 0.48993326123046876 0.9952903706666666 0.49371261083984375 1 0.49793348046875 1
1 0.6062159521484375 0.8635911113333333 0.6041266958007813 0.8547203706666666 0.5955379814453124 0.85377 0.5973950083007813 0.8635911113333333 0.6062159521484375 0.8635911113333333
1 0.6591766142578125 0.2813733333333333 0.6620165493164063 0.269973704 0.660847259765625 0.258801852 0.6593437329101562 0.24945370400000003 0.6533298969726562 0.24813518533333334 0.647482908203125 0.259713704 0.6456454150390625 0.268833704 0.64765002734375 0.28251333333333334 0.6519934887695312 0.2902655553333333 0.6591766142578125 0.2813733333333333
1 0.6202531201171875 0.247173704 0.6225916982421875 0.24443777800000002 0.619751763671875 0.23821444466666666 0.6100626694335938 0.234633704 0.6027124252929688 0.23714185200000001 0.595194791015625 0.24352592599999998 0.5990371674804688 0.250821852 0.6078909384765625 0.2533296293333333 0.6202531201171875 0.247173704
1 0.6906855668945312 0.40600814799999996 0.692502712890625 0.394381852 0.6862558330078125 0.392172222 0.6851199130859374 0.40476814800000005 0.6906855668945312 0.40600814799999996
1 0.7081768857421875 0.36725370399999996 0.7036337495117188 0.36508370399999995 0.7005670102539062 0.36647888866666667 0.6981817690429688 0.36988925933333333 0.7007940859375 0.37515962933333336 0.70181633203125 0.37934518533333333 0.7056782421875 0.3808951853333333 0.711129951171875 0.37593481466666673 0.7139696147460938 0.37128444466666666 0.7139696147460938 0.36926888866666663 0.7148781875 0.3654244446666667 0.7103350517578125 0.36415333333333333 0.7081768857421875 0.36725370399999996
1 0.8573638090820312 0.42347037066666665 0.86966684765625 0.42949333333333334 0.8758182309570313 0.43004074066666664 0.8853130766601562 0.4176296293333333 0.8681958764648438 0.40525555533333335 0.85549158984375 0.4192725926666667 0.8573638090820312 0.42347037066666665
1 0.6479384155273438 0.8630725926666667 0.6513621811523438 0.857768148 0.6444682583007812 0.8473214813333334 0.6402577319335937 0.8536003706666667 0.6479384155273438 0.8630725926666667
1 0.534384427734375 0.7585240739999999 0.5283963647460937 0.7592925926666667 0.5232498642578125 0.7628048146666667 0.5236456865234375 0.769694074 0.530376017578125 0.7723955553333334 0.543143787109375 0.7700992593333333 0.5400756918945312 0.7651011113333334 0.534384427734375 0.7585240739999999
1 0.5003863266601563 0.8603566666666668 0.5051372763671875 0.8511711113333335 0.5000895278320312 0.8450925926666667 0.49385404248046877 0.8558988886666666 0.5003863266601563 0.8603566666666668
1 0.6159659907226562 1 0.6121790556640625 0.9863359260000001 0.6058941943359375 0.9885948146666667 0.6085205151367188 1 0.6159659907226562 1
1 0.5389867065429688 0.60092 0.5362154096679688 0.5905188886666667 0.5299305478515625 0.589286296 0.5313657080078125 0.598353704 0.5389867065429688 0.60092
1 0.5049392294921875 0.38447851866666666 0.49474470947265625 0.38569444466666664 0.4873217578125 0.39177296266666667 0.49355724365234377 0.399337778 0.5044443842773437 0.400823704 0.5127582744140625 0.3929888886666667 0.50860146484375 0.38623481466666665 0.5049392294921875 0.38447851866666666
1 0.51424308203125 0.35379814800000003 0.51147178515625 0.34988074066666663 0.5071166577148437 0.3493403706666666 0.4943488876953125 0.3558244446666667 0.49870374365234377 0.36352407400000003 0.503355669921875 0.3674414813333334 0.5125604990234375 0.36730666666666667 0.5189937602539062 0.360011852 0.51424308203125 0.35379814800000003
1 0.524833423828125 0.36230851866666663 0.5312666845703125 0.35893148133333336 0.527406673828125 0.3542033333333333 0.522062126953125 0.35704037066666666 0.524833423828125 0.36230851866666663
1 0.5208743896484375 0.38122 0.5252292456054688 0.384191852 0.527307650390625 0.3837866666666666 0.5272088984375 0.37635703733333337 0.5244373305664063 0.37201370400000006 0.5200824741210938 0.376492222 0.5208743896484375 0.38122
1 0.3314365166015625 0.059625926 0.36126234423828124 0.056146666666666664 0.3629194248046875 0.033357778 0.33283857861328126 0.03822888866666667 0.3314365166015625 0.059625926
1 0.33385838330078127 0.04275185200000001 0.33334834521484374 0.031270370666666665 0.31805317431640623 0.02486851866666667 0.3177981552734375 0.03770703733333333 0.33385838330078127 0.04275185200000001
1 0.34915355419921873 0.028661111333333333 0.358075962890625 0.020484814666666667 0.3476877373046875 0.015472221999999999 0.3388293544921875 0.02466 0.34915355419921873 0.028661111333333333
1 0.23596825830078125 0.08937333333333333 0.2373703203125 0.08658962933333333 0.2387723818359375 0.07737000000000001 0.23686055322265626 0.07041148133333333 0.23086977734375 0.06345296266666667 0.22806565380859375 0.06153962933333333 0.22589880615234376 0.059583333333333335 0.22487927294921875 0.07162925933333333 0.22755588720703124 0.07823962933333332 0.23265436767578124 0.08658962933333333 0.23596825830078125 0.08937333333333333
1 0.24501790576171875 0.07737000000000001 0.249988876953125 0.07458666666666666 0.24387086279296874 0.067106296 0.2388998916015625 0.07058555533333333 0.24501790576171875 0.07737000000000001
1 0.25546988623046873 0.09163481466666668 0.25266576220703124 0.08345851866666666 0.24444438427734375 0.08464037066666666 0.24540043408203124 0.092852222 0.25546988623046873 0.09163481466666668
1 0.3138288115234375 0.3181674073333333 0.32011828564453126 0.3167551853333333 0.31677455224609374 0.30678592600000004 0.3112813349609375 0.3081711113333333 0.3138288115234375 0.3181674073333333
1 0.31788903955078124 0.33066296266666667 0.3229842646484375 0.3313148146666667 0.32155127490234375 0.323251852 0.3165355400390625 0.32349148133333333 0.31788903955078124 0.33066296266666667
1 0.2898657080078125 0.494138148 0.28620347265625 0.4930514813333333 0.2819842646484375 0.501417778 0.2863627236328125 0.502721852 0.28835295703125 0.501743704 0.2898657080078125 0.494138148
1 0.320595767578125 0.561621852 0.33229869775390625 0.5574929626666667 0.32967145947265625 0.5495333333333333 0.318446283203125 0.5529292593333333 0.320595767578125 0.561621852
1 0.6514395009765624 0.9139470373333334 0.6481285947265625 0.9130433333333333 0.6419484536132812 0.9172607406666666 0.6416174716796875 0.920423704 0.6442661420898438 0.92193 0.6498944653320312 0.919971852 0.6511082475585938 0.916658148 0.6514395009765624 0.9139470373333334
1 0.04081280517578125 0.09937518533333334 0.0598941943359375 0.09470074066666666 0.05924199658203125 0.078451852 0.0396711884765625 0.083126296 0.04081280517578125 0.09937518533333334
1 0.025971513671875 0.12986962933333332 0.02646093310546875 0.10382703733333333 0.01357677685546875 0.105162222 0.01161964208984375 0.12586296266666666 0.015533912109375 0.12986962933333332 0.025971513671875 0.12986962933333332
1 0.01816766162109375 0.158403704 0.05287357568359375 0.15103555533333335 0.05144112841796875 0.13163740733333332 0.01662506787109375 0.137501852 0.01816766162109375 0.158403704
1 0.08989310888671875 0.13795296266666665 0.083062126953125 0.12588111133333332 0.07645143798828125 0.13073518533333334 0.080858654296875 0.14065962933333334 0.0863673359375 0.14126148133333333 0.08989310888671875 0.13795296266666665
1 0.082070537109375 0.095422222 0.0687390126953125 0.09599925933333332 0.0606961474609375 0.10712703733333333 0.07028160595703126 0.122915926 0.084053716796875 0.12216407400000001 0.089231958984375 0.11524703733333333 0.08295198046875 0.09645037066666666 0.082070537109375 0.095422222
1 0.03006673876953125 0.4234325926666667 0.041194791015625 0.4225303706666667 0.05044953857421875 0.41651555533333334 0.05232257177734375 0.4091474073333333 0.05364460107421875 0.40203888866666665 0.043728703125 0.400726296 0.03227021142578125 0.4055385186666667 0.0251087900390625 0.4123051853333333 0.0234560498046875 0.419974074 0.03006673876953125 0.4234325926666667
1 0.07314622900390624 0.449898148 0.07678187744140624 0.4305 0.06917986962890625 0.427533704 0.0640013564453125 0.448093704 0.07314622900390624 0.449898148
1 0.0288548564453125 0.47626740733333334 0.0258800869140625 0.48600555533333334 0.02973629931640625 0.496531852 0.03348209423828125 0.49578 0.03634671728515625 0.4908174073333333 0.03414324462890625 0.48269740733333333 0.03227021142578125 0.4798403706666666 0.0288548564453125 0.47626740733333334
1 0.0622384697265625 0.5410540739999999 0.0642216494140625 0.5308674073333334 0.04791535546875 0.5330844446666667 0.048356212890625 0.5394 0.05298372216796875 0.5413548146666667 0.0622384697265625 0.5410540739999999
1 0.048135919921875 0.562857778 0.0628996201171875 0.565113704 0.0622384697265625 0.5536851853333333 0.048135919921875 0.5509785186666666 0.048135919921875 0.562857778
1 0 0.6097939259999999 0.00053906689453125 0.623187778 0.02081172021484375 0.6246914813333334 0.02059142724609375 0.6107366666666667 0 0.609504772 0 0.6097939259999999
1 0.00946364599609375 0.8863937040000001 0.02059142724609375 0.8931603706666666 0.03061774267578125 0.8943633333333334 0.04295740625 0.8854914813333333 0.03249050439453125 0.875613704 0.01530303857421875 0.878424074 0.00946364599609375 0.8863937040000001
1 0.0262105263671875 0.911505926 0.03116847509765625 0.8955662959999999 0.0242273466796875 0.8914070373333334 0.01970998388671875 0.9062429626666667 0.0262105263671875 0.911505926
1 0.5010518178710938 0.62373 0.4965404233398438 0.6276003706666667 0.493575962890625 0.6378033333333334 0.505305208984375 0.6353403706666666 0.5130387954101563 0.6276003706666667 0.510203201171875 0.6226744446666667 0.5055629409179687 0.624257778 0.5010518178710938 0.62373
1 0.7452048291015625 0.7005048146666666 0.7422940859375 0.6990151853333334 0.7356234399414062 0.7062985186666666 0.738655453125 0.7112644446666666 0.7459327182617187 0.7061329626666667 0.7452048291015625 0.7005048146666666
1 0.8123100922851563 0.7397814813333333 0.8149050458984375 0.7416133333333333 0.8187525771484375 0.7388044446666666 0.8183947368164063 0.734285926 0.8166049916992187 0.733806296 0.8128469887695312 0.734408148 0.8123100922851563 0.7397814813333333
1 0.10716006494140624 0.698437778 0.10532691259765625 0.6890544446666667 0.10034237646484374 0.6892551853333333 0.10177482373046876 0.6992196293333333 0.10716006494140624 0.698437778
1 0.1612441669921875 0.3861929626666667 0.16181714599609376 0.3657066666666666 0.15402523046875 0.3672703706666667 0.15287954443359375 0.3847855553333333 0.1612441669921875 0.3861929626666667
1 0.5143372216796875 0.4321029626666667 0.5207780791015625 0.43190333333333336 0.5234131850585938 0.4283070373333333 0.520338849609375 0.4241114813333334 0.5163865981445313 0.42291296266666667 0.5127268041992188 0.4259096293333334 0.5143372216796875 0.4321029626666667
1 0.46412669580078125 0.22986740733333333 0.47203174169921874 0.23206481466666665 0.474520076171875 0.22726999999999997 0.4729099296875 0.223673704 0.468884427734375 0.22113148133333335 0.4604671728515625 0.22487259266666668 0.46412669580078125 0.22986740733333333
1 0.5256310361328125 0.18845666666666666 0.5317528486328125 0.17965 0.5334074877929688 0.16993962933333334 0.5272856752929688 0.16790740733333334 0.5231492133789063 0.167004074 0.50527970703125 0.17106888866666667 0.497999728515625 0.1780692593333333 0.49651058056640623 0.18800518533333332 0.5032943569335937 0.191618148 0.5256310361328125 0.18845666666666666
1 0.49783423779296876 0.19500555533333333 0.5016397177734375 0.1780692593333333 0.477482908203125 0.149841852 0.4660664677734375 0.169036296 0.49783423779296876 0.19500555533333333
1 0.4973377646484375 0.162035926 0.49915789453125 0.14555148133333334 0.49336679345703127 0.144422222 0.48972680419921877 0.160003704 0.4973377646484375 0.162035926